111 176 112 190 114 204 119 216 129 226 141 233 155 239 169 241 182 238 192 231 201 222 207 211 209 197 209 184 209 170 210 157 120 145 126 137 135 134 145 135 155 137 172 136 182 133 191 132 200 135 204 143 165 148 166 158 167 167 168 176 155 187 161 188 167 189 172 188 177 187 131 152 137 149 144 149 150 154 144 155 136 155 176 153 183 149 190 148 195 151 191 155 183 155 146 209 153 205 161 203 167 205 173 203 180 206 186 209 181 214 174 216 168 217 162 216 154 214 149 209 162 208 167 208 173 207 183 209 173 210 167 210 162 210
111 177 112 191 114 205 120 217 129 227 142 234 155 239 169 241 182 239 192 232 201 223 207 211 209 198 209 185 209 172 209 158 120 145 126 137 135 134 145 134 155 137 172 136 181 133 191 132 199 135 204 143 165 148 166 158 166 166 167 176 155 187 161 188 167 189 172 188 177 187 131 152 136 149 144 149 150 154 144 155 136 155 176 153 182 149 189 148 195 151 190 155 183 155 146 208 154 205 162 203 167 205 173 203 180 205 186 209 180 213 174 216 168 217 162 216 154 213 149 208 162 208 167 208 173 207 183 208 173 210 168 210 162 210
111 177 112 191 114 205 119 217 129 227 141 235 155 240 169 242 182 239 193 232 202 222 207 210 209 197 209 184 209 171 209 158 120 144 126 136 135 133 145 135 155 137 172 136 181 133 191 132 199 135 204 142 165 148 166 157 166 166 167 176 155 187 161 188 167 189 172 188 177 187 131 152 136 149 143 149 150 154 144 155 136 155 176 153 182 148 189 148 195 151 190 154 183 154 146 209 154 206 162 204 167 205 173 203 180 205 186 208 181 213 174 216 168 217 163 216 154 214 149 209 162 208 167 208 173 208 183 208 173 210 168 211 162 210
111 177 112 191 114 205 119 218 128 228 141 235 154 241 168 242 182 240 193 233 202 223 207 211 209 197 209 183 209 170 209 157 120 145 126 137 135 134 145 134 155 137 172 136 181 133 191 132 200 135 204 143 165 148 166 157 167 166 168 175 155 187 161 188 167 189 172 188 177 187 131 152 136 149 143 149 150 153 144 155 136 155 176 153 182 148 189 148 195 151 190 154 183 154 146 208 154 206 162 204 167 205 172 204 180 205 186 208 180 213 174 216 168 216 162 216 154 214 149 209 162 208 167 208 173 208 183 208 173 210 168 211 162 210
111 177 112 191 114 206 119 218 129 228 141 236 154 241 169 243 182 240 193 233 201 223 206 210 208 196 208 182 208 169 208 156 120 145 125 137 135 133 145 134 155 137 172 136 181 133 191 132 199 135 203 143 165 148 166 157 167 166 168 175 154 187 161 188 167 189 172 188 177 187 130 152 136 148 143 149 150 153 143 155 136 155 176 153 182 148 189 148 195 151 190 154 183 154 146 208 155 206 162 204 167 205 172 204 179 205 186 207 180 212 174 215 168 216 163 216 155 213 150 208 162 208 167 208 172 208 183 207 173 210 168 211 163 210
111 177 112 191 114 205 119 217 128 228 140 236 154 241 168 243 182 240 193 233 201 223 206 211 208 197 208 182 208 169 209 156 120 145 125 136 135 133 145 134 155 137 172 136 181 132 190 132 199 135 203 143 165 148 166 157 167 166 168 175 154 187 160 188 167 189 172 188 178 187 130 152 136 148 143 149 150 153 143 155 136 155 176 153 182 148 189 148 195 151 190 154 183 154 146 208 154 206 162 204 167 206 172 204 179 206 186 207 180 212 173 215 168 215 163 215 155 213 149 208 162 208 167 209 172 208 183 207 173 210 168 211 163 210
111 179 112 193 114 207 119 219 128 230 140 237 154 243 169 244 182 241 193 234 201 224 206 212 208 198 208 184 208 170 208 157 120 145 125 136 135 133 145 134 155 136 171 135 181 132 190 131 199 134 203 142 165 148 165 157 166 166 167 175 154 187 160 188 166 189 172 188 177 187 130 152 136 148 143 148 150 153 143 155 136 155 176 153 182 148 189 147 194 151 190 154 182 154 146 209 154 206 162 205 167 206 172 205 179 206 186 208 179 213 173 216 168 216 163 216 155 214 149 209 162 209 167 209 172 208 183 208 172 211 167 212 163 211
111 179 112 193 114 207 119 220 128 230 140 238 153 243 168 244 182 242 194 236 203 225 208 213 210 199 210 184 209 171 209 158 120 144 125 136 135 133 145 134 155 136 171 135 180 132 190 131 199 134 203 142 164 148 165 157 166 165 167 175 154 187 160 188 166 189 172 188 177 187 130 152 136 148 143 148 150 153 143 155 136 155 176 153 182 148 189 147 194 151 190 154 183 154 145 208 154 205 162 203 167 205 172 203 180 205 186 207 180 212 173 214 168 214 162 214 154 213 149 208 162 208 167 208 172 208 183 207 173 208 167 209 162 209
111 177 112 192 114 206 119 219 128 230 140 238 154 243 168 245 183 242 194 235 203 225 207 212 209 198 209 184 209 171 209 157 120 144 125 136 135 133 145 134 155 136 171 135 181 132 190 131 199 134 203 142 165 147 165 157 166 165 167 175 154 187 160 188 166 189 172 188 177 187 130 152 136 148 143 148 150 153 143 154 136 154 176 153 182 148 189 147 195 151 190 154 183 154 145 208 153 205 161 203 166 205 172 203 179 205 186 207 180 212 173 214 167 215 162 214 154 213 149 208 161 208 167 208 172 208 183 207 173 208 167 209 162 209
111 178 112 193 114 207 119 220 128 230 140 238 153 243 168 245 181 242 192 235 202 225 207 213 209 199 209 184 209 171 209 158 120 144 126 136 135 133 145 133 155 136 172 135 181 132 190 131 199 134 203 142 165 147 165 156 166 165 167 175 154 186 161 187 166 188 172 187 177 186 130 152 136 148 143 148 150 153 143 154 136 154 176 152 182 148 189 147 194 150 190 153 183 154 146 209 154 205 162 203 167 204 172 203 180 205 186 207 180 212 174 214 168 215 162 215 154 213 149 208 162 207 167 208 173 207 183 207 173 208 167 209 162 209
111 179 112 193 115 207 120 220 129 230 141 238 155 243 169 245 183 242 194 235 203 224 208 212 210 198 210 183 209 170 209 157 120 144 126 136 135 133 145 133 155 136 172 135 181 132 190 131 199 134 203 142 165 147 166 156 167 165 168 174 155 186 161 187 167 188 172 187 177 186 131 152 136 148 143 148 150 152 144 154 136 154 176 152 182 148 189 147 194 150 190 153 183 153 146 209 154 205 161 203 167 204 172 202 179 204 186 208 180 214 173 217 168 218 162 217 154 215 149 209 162 207 167 207 172 206 183 208 172 210 167 211 162 211
111 177 113 191 115 205 120 218 129 229 141 237 155 243 169 245 183 242 194 234 203 224 208 212 209 198 209 184 209 170 209 157 120 144 126 136 135 133 145 133 155 136 172 135 181 132 191 131 199 134 204 142 165 147 166 156 166 165 167 174 155 186 161 187 167 188 172 187 177 186 131 152 136 148 143 148 150 153 144 154 136 154 176 152 182 148 189 147 195 151 190 154 183 154 147 209 154 205 162 203 167 205 172 203 179 205 186 208 180 214 174 217 168 218 163 218 155 215 150 209 162 207 167 207 172 206 183 208 173 212 168 213 163 212
111 177 113 191 115 205 120 217 129 228 141 236 155 241 169 243 183 240 194 233 203 223 208 211 210 197 209 183 209 170 209 157 120 144 126 136 135 133 145 133 155 136 172 135 181 132 191 131 199 134 204 142 165 147 166 157 166 165 167 175 155 186 161 187 167 188 172 187 177 186 131 151 136 148 143 148 150 153 144 154 136 154 176 152 182 148 189 147 195 150 190 153 183 154 147 208 155 206 163 203 167 205 172 203 179 205 186 207 180 213 174 216 168 217 163 216 155 214 150 208 163 207 167 208 173 207 183 208 173 211 168 211 163 211
112 177 113 191 115 205 120 217 129 227 141 235 155 240 169 242 182 240 193 232 201 222 206 210 208 197 209 183 209 170 209 157 120 143 126 136 135 133 145 134 155 136 172 135 181 132 191 131 199 134 204 142 165 148 166 157 167 166 168 175 155 187 161 188 167 188 172 188 177 186 131 152 136 148 143 149 150 153 144 154 136 155 176 152 182 148 189 148 195 151 190 154 183 154 147 208 155 206 163 204 167 205 173 204 179 206 186 207 180 213 174 216 168 217 163 216 155 214 150 208 163 208 167 208 173 207 183 208 173 211 168 211 163 211
111 176 113 190 115 204 120 217 129 227 141 235 154 241 169 243 182 240 193 233 202 223 207 211 209 197 209 183 209 170 210 157 121 144 126 136 136 133 146 134 156 136 172 135 181 132 191 131 200 134 204 142 165 147 166 157 167 165 168 175 155 186 161 187 167 189 173 188 178 186 131 152 137 148 144 149 151 152 144 154 137 154 176 152 182 148 189 148 195 151 190 154 183 154 147 208 155 206 162 204 167 205 173 203 180 205 186 208 180 213 174 216 168 217 163 216 155 214 150 208 163 207 168 208 173 207 183 208 173 210 168 211 163 211
112 177 113 191 114 205 119 218 128 229 141 237 154 243 169 245 182 243 194 236 203 225 208 213 210 199 210 184 210 170 210 157 121 144 126 136 136 132 146 133 156 136 172 135 182 132 191 131 200 134 204 142 165 147 166 156 166 165 167 175 155 186 161 187 167 188 172 187 177 185 133 153 139 151 145 150 151 153 145 154 139 154 176 152 182 150 188 150 193 152 189 154 183 154 146 208 153 205 162 202 167 204 173 202 180 204 186 208 181 214 174 217 168 218 162 218 154 215 149 209 162 207 167 207 173 206 183 208 173 211 168 212 162 211
112 177 113 191 115 206 120 218 130 229 142 238 154 243 169 245 183 243 194 235 203 226 209 213 211 199 211 184 211 170 211 157 122 144 127 135 136 132 146 133 156 136 172 135 182 132 191 131 199 134 204 142 165 147 166 156 167 165 167 174 155 186 161 187 167 188 172 187 178 185 135 154 140 153 146 152 152 153 147 155 141 155 176 152 182 151 188 151 193 152 188 154 182 154 147 208 154 205 162 203 167 204 173 202 180 204 186 208 180 213 174 216 168 217 162 216 155 214 150 208 162 207 167 207 173 206 183 208 173 210 168 211 162 211
112 177 113 191 115 205 121 218 130 229 142 237 155 243 169 244 183 241 194 235 203 225 209 212 211 199 211 184 210 171 210 158 121 143 126 135 136 132 146 133 156 135 172 134 182 132 191 131 200 134 204 142 165 147 166 156 167 165 168 174 155 186 161 187 167 188 172 187 177 186 133 153 138 151 144 150 151 152 145 154 139 154 176 152 183 150 189 150 194 152 189 154 183 154 147 208 154 205 162 203 167 205 172 203 180 205 187 207 180 212 174 215 168 216 163 215 155 213 150 208 162 207 167 207 173 207 183 207 173 210 168 211 162 210
112 177 113 191 115 205 120 218 130 228 142 236 155 242 169 243 183 241 194 234 203 224 208 212 210 198 210 183 210 170 210 157 121 143 126 135 136 132 146 133 156 136 173 135 182 132 192 131 200 134 204 142 165 147 166 156 167 165 168 174 155 186 161 187 167 188 172 187 177 186 132 152 138 150 144 150 151 152 145 154 138 154 177 152 183 149 189 149 194 151 190 154 183 154 146 208 155 206 162 204 167 205 173 204 180 205 186 207 180 213 174 215 168 216 163 215 155 213 150 208 162 207 167 208 173 207 183 208 173 210 168 211 163 210
112 175 112 189 115 204 120 216 129 228 141 236 155 242 169 243 183 240 194 233 203 223 208 211 209 197 209 183 209 170 209 157 121 143 126 135 136 132 146 133 156 136 173 135 182 132 192 131 200 134 204 142 165 147 166 156 167 165 168 175 155 186 161 188 167 189 172 188 177 186 132 152 137 149 144 149 151 152 144 153 137 154 177 152 183 149 189 149 195 151 190 154 183 154 146 208 154 206 162 204 167 206 172 204 180 206 186 208 180 214 174 216 168 217 163 216 155 214 149 208 162 208 167 208 173 208 183 208 173 211 168 211 163 211
112 176 112 190 115 205 120 217 129 228 141 236 154 242 169 244 182 241 193 234 202 224 207 211 209 197 209 183 209 170 209 157 121 143 126 135 136 132 146 133 155 136 173 135 182 132 191 131 200 134 204 142 165 147 166 157 167 166 167 176 155 187 161 188 167 189 172 188 177 187 132 152 137 149 144 149 151 152 144 154 137 154 176 152 182 149 189 149 195 151 190 154 183 154 146 209 154 207 162 204 167 206 172 204 179 207 185 210 180 216 173 218 168 219 162 218 154 215 150 209 162 209 167 209 173 209 182 210 173 212 168 212 163 212
111 175 113 189 115 204 120 217 129 228 141 236 154 242 168 244 181 241 192 233 200 222 205 209 207 196 208 181 209 168 210 154 120 143 126 136 135 133 145 134 155 136 172 136 181 133 191 132 199 134 204 142 165 148 166 157 166 167 167 176 155 187 161 188 167 189 172 188 177 187 131 152 137 149 144 149 150 152 144 154 137 154 176 153 182 149 189 149 195 151 190 154 183 154 148 210 155 207 162 204 167 205 173 204 179 207 185 211 180 217 174 220 168 221 162 220 155 217 151 210 163 209 167 209 173 209 181 211 173 213 168 214 163 213
111 177 113 192 115 206 121 218 130 229 142 237 155 243 169 244 182 242 193 234 202 224 207 212 209 198 209 184 209 170 210 156 120 143 126 136 135 133 146 134 155 137 171 136 181 133 190 132 199 135 204 142 164 148 165 157 166 167 167 176 155 187 161 189 166 190 172 189 177 187 131 152 137 149 144 149 150 153 144 154 137 154 176 153 182 149 189 149 194 152 189 154 183 154 150 211 155 206 162 204 167 205 172 203 179 206 184 211 180 217 174 220 168 220 163 220 156 217 153 211 163 208 167 209 173 208 181 211 173 213 168 214 163 213
112 178 113 191 115 205 121 217 130 228 142 236 154 242 168 244 181 241 192 234 201 224 206 212 208 198 209 184 209 170 210 157 120 144 126 136 135 133 146 134 155 137 171 136 180 133 190 133 199 135 204 143 164 148 165 158 166 167 166 176 155 188 160 189 166 190 172 189 177 187 131 152 137 149 143 149 150 153 144 154 137 154 176 153 182 149 189 149 194 152 190 155 183 154 151 212 155 207 162 204 167 206 172 204 179 207 183 212 179 217 173 220 168 221 162 220 156 217 154 211 162 209 167 209 172 208 179 211 173 213 167 214 162 213
111 176 112 190 114 204 120 217 129 228 141 236 154 242 168 244 181 241 192 233 200 223 206 210 208 197 208 183 209 169 209 156 120 143 126 136 136 133 146 134 155 137 172 136 181 134 190 133 199 135 204 142 165 148 165 158 166 167 166 177 154 188 160 189 166 190 171 189 176 188 131 152 137 149 143 149 150 153 144 154 136 155 176 153 182 149 189 149 194 152 189 155 182 155 148 211 154 207 162 204 167 206 172 204 179 207 184 211 179 217 173 220 167 221 162 220 155 217 152 211 162 209 167 210 172 209 180 211 172 213 167 214 162 213
111 177 112 191 114 205 119 218 128 229 140 238 153 244 167 247 181 244 192 236 202 225 207 212 209 198 210 184 209 171 210 157 121 143 126 136 136 134 145 135 155 138 171 137 181 134 191 133 200 136 204 143 165 149 165 158 166 167 166 177 154 188 160 189 166 190 171 189 176 188 131 152 137 149 143 150 150 153 144 155 137 155 176 153 182 150 189 150 194 152 190 155 183 155 145 211 152 207 160 204 166 206 172 204 179 207 184 211 179 218 173 221 167 222 161 221 152 218 148 211 160 209 166 209 172 209 181 211 172 215 166 215 161 215
111 177 111 192 114 206 119 219 129 230 141 238 154 245 168 247 181 244 191 236 200 225 206 212 209 198 210 184 210 170 210 157 121 143 127 136 136 134 146 135 156 138 172 137 181 134 191 133 200 136 204 144 165 149 166 159 166 168 167 178 154 188 160 190 166 191 171 190 177 188 131 152 137 150 144 150 150 154 144 155 137 155 176 154 182 150 189 150 195 152 190 155 183 155 146 211 152 207 161 204 166 206 172 204 180 207 185 212 180 220 173 224 167 225 161 224 152 220 149 212 161 209 166 209 172 209 181 212 172 216 166 217 161 216
111 177 112 191 114 206 120 219 129 229 141 238 154 245 168 247 181 243 192 235 201 225 207 212 209 198 209 184 209 171 210 157 121 143 127 136 136 134 146 135 156 138 173 137 182 134 192 133 200 136 204 144 165 149 166 159 166 168 167 178 155 188 161 190 166 191 172 190 176 189 131 153 137 150 144 150 150 154 144 155 137 155 176 154 183 150 190 150 195 153 190 156 183 156 146 211 153 207 161 204 166 206 172 205 180 207 185 212 180 220 173 223 167 224 161 223 153 219 149 212 161 209 167 210 172 209 182 212 173 216 167 216 161 216
111 178 112 192 115 206 120 219 130 229 141 238 154 244 167 246 181 243 191 236 201 226 207 213 209 199 210 185 210 171 210 157 121 144 127 137 136 134 146 135 156 138 173 137 182 134 192 134 200 136 205 144 165 149 166 158 167 168 167 178 155 188 161 189 167 191 172 190 177 188 133 153 138 152 144 152 151 154 145 155 138 155 176 154 182 152 189 152 194 153 189 156 183 156 146 210 153 207 161 205 166 206 172 205 179 208 185 211 179 218 173 221 167 221 161 220 153 217 149 211 161 209 166 209 172 209 181 212 172 214 167 214 161 214
111 177 112 191 115 205 120 217 129 228 141 236 153 242 167 244 181 242 192 235 201 225 207 212 210 198 210 184 210 170 210 156 122 144 128 136 137 134 147 135 157 138 172 137 182 134 191 133 199 136 203 144 166 149 166 159 167 168 167 177 155 188 161 189 167 190 172 189 177 188 135 155 140 155 146 154 152 154 147 156 141 157 176 154 182 154 187 154 192 155 188 157 182 156 146 209 153 206 161 204 166 205 171 204 179 207 185 210 179 217 172 219 167 220 161 219 153 216 150 210 161 208 166 208 172 208 181 211 172 212 166 213 161 212
111 175 112 189 114 203 119 216 128 227 140 235 152 242 167 244 180 241 192 234 201 224 207 212 210 198 210 184 210 171 211 157 121 144 127 136 136 134 146 135 156 137 173 137 182 134 192 133 200 136 204 144 165 149 166 159 166 168 167 178 154 187 160 189 166 190 172 189 177 188 134 155 140 154 145 153 152 154 146 156 140 156 176 154 182 153 188 153 193 154 188 156 182 156 146 209 153 206 161 203 166 205 172 204 179 207 185 210 179 216 172 218 166 219 160 218 153 215 149 209 161 207 166 208 172 208 182 210 172 212 166 212 161 211
111 175 112 189 114 204 119 216 128 227 140 235 153 241 167 243 180 241 191 233 201 224 207 211 209 197 210 183 210 169 210 155 120 144 126 136 136 134 146 135 156 138 172 137 182 134 191 133 200 136 204 144 165 149 166 158 166 168 167 178 154 187 160 189 166 190 171 189 177 188 132 153 138 152 144 152 150 154 144 155 138 155 176 154 182 152 188 152 194 154 188 155 182 155 145 208 152 205 160 203 166 204 172 203 179 206 185 210 179 216 172 219 166 219 160 218 152 215 149 209 160 207 166 207 172 207 181 210 172 211 166 212 160 211
111 177 112 191 114 205 120 217 129 228 140 236 153 242 167 244 180 242 192 234 201 225 207 212 210 199 210 184 210 170 210 157 121 143 126 136 136 133 145 135 155 137 172 137 182 134 191 133 200 136 204 143 164 148 165 158 165 167 166 177 154 187 160 188 165 189 171 188 176 187 131 153 137 151 143 151 150 153 144 154 137 155 176 154 182 151 188 151 194 153 189 155 182 155 145 208 152 204 160 202 166 204 171 203 179 206 186 210 179 216 172 219 166 219 160 218 152 214 148 208 160 205 166 206 171 206 182 210 172 212 166 212 160 212
111 177 112 191 115 205 120 217 129 228 141 236 154 242 167 245 180 242 191 234 200 225 206 212 209 199 210 185 210 171 210 157 120 143 126 136 136 133 146 135 155 137 172 137 181 134 191 133 199 135 204 143 164 148 165 158 165 167 166 177 154 187 160 188 165 189 171 188 176 187 131 152 137 150 143 150 150 153 144 154 137 154 175 153 182 150 188 150 194 152 189 155 182 155 145 208 151 204 160 201 165 203 171 202 179 205 185 209 179 217 172 220 166 221 159 220 151 215 148 208 160 205 165 205 171 205 181 209 171 213 165 214 160 213
111 175 113 189 115 203 120 216 129 227 141 236 154 242 168 244 181 241 192 233 201 223 207 211 209 197 209 183 209 170 210 156 120 144 126 136 135 133 145 134 155 137 172 136 181 134 191 133 200 135 204 143 165 148 165 158 165 167 166 177 154 186 160 188 166 189 171 188 176 187 131 152 137 150 143 150 150 153 144 154 137 154 176 153 182 150 188 150 194 152 189 155 182 154 144 208 151 204 160 201 165 203 171 202 179 205 185 209 179 216 172 219 166 220 160 219 152 215 148 208 160 204 165 205 171 205 181 209 172 213 166 213 160 212
110 175 112 189 114 203 119 216 129 226 141 235 154 240 168 243 181 240 192 232 201 223 207 211 209 197 209 183 209 170 210 157 120 143 126 135 136 133 145 134 155 137 172 136 181 133 191 132 199 135 204 142 164 148 165 157 165 167 166 177 154 186 160 188 165 189 171 188 176 187 131 152 137 149 143 150 150 153 143 154 137 154 176 153 182 150 188 150 194 152 189 154 182 154 144 208 152 203 160 201 165 202 171 201 179 204 185 208 179 215 172 218 166 219 160 218 152 214 148 208 160 204 165 205 171 204 181 209 172 212 166 212 160 211
111 176 112 190 114 204 120 217 129 227 141 235 153 241 167 243 181 241 192 233 201 224 207 212 210 198 210 184 210 170 210 157 121 144 126 136 135 133 145 134 155 137 172 136 181 133 191 132 199 135 203 143 164 148 165 158 165 167 166 177 154 186 159 188 165 189 171 188 176 187 133 154 138 152 144 152 150 153 145 155 139 155 175 153 181 152 187 152 192 153 188 155 181 155 144 207 151 203 159 201 165 203 171 202 178 204 185 208 178 215 172 217 165 218 159 217 152 214 148 208 160 204 165 205 171 205 181 208 171 211 165 211 160 211
111 177 112 192 115 206 120 218 129 229 141 237 153 242 167 244 180 242 192 235 202 226 208 214 211 200 211 185 210 171 210 158 122 144 127 136 136 133 145 134 155 136 172 136 181 133 190 133 198 136 202 144 164 149 164 158 165 166 165 176 153 186 159 187 165 188 170 187 176 186 134 155 140 154 145 154 151 154 146 156 140 157 175 154 181 153 186 154 192 154 187 156 181 156 145 208 152 203 159 201 165 203 170 202 178 204 185 208 179 215 171 218 165 219 159 218 152 214 148 208 160 204 165 205 171 205 181 208 171 212 165 212 159 212
110 177 112 191 114 206 119 219 128 229 140 238 152 244 167 246 181 243 192 235 201 225 207 213 209 199 209 184 209 170 210 156 121 144 126 136 135 133 145 134 155 137 171 136 181 133 190 132 198 135 202 143 164 148 165 158 165 166 166 176 154 186 160 187 166 188 171 187 176 186 134 155 139 154 145 153 150 154 145 155 140 156 175 154 181 153 186 153 191 154 186 156 181 156 145 209 152 204 160 201 165 203 171 202 179 204 185 209 179 216 172 219 166 220 160 219 152 216 148 209 160 205 165 205 171 205 181 209 171 212 165 213 160 212
110 176 111 190 114 205 119 217 128 228 140 237 152 243 166 245 180 242 191 234 201 225 207 212 209 198 209 184 209 170 210 157 120 143 125 136 135 133 145 134 155 136 172 136 181 133 191 132 199 135 203 142 164 148 164 157 165 166 165 175 153 186 159 187 165 188 170 187 175 186 132 154 138 153 144 152 150 153 144 154 138 155 175 153 181 152 187 152 192 153 187 155 181 155 144 209 151 204 159 202 165 203 171 202 178 204 185 208 179 216 172 220 166 221 160 220 151 216 148 209 160 205 165 205 171 205 181 209 171 213 165 214 160 214
110 176 111 190 113 205 119 217 128 228 140 236 153 242 167 243 181 240 192 233 201 223 207 211 209 197 209 183 209 170 209 156 120 143 125 135 134 132 144 133 154 136 172 135 181 132 190 131 198 134 203 142 164 147 164 157 165 166 166 175 153 186 159 187 165 188 170 187 175 186 132 152 137 151 143 151 149 152 144 154 137 154 175 152 181 150 187 151 192 152 187 154 181 154 144 208 151 204 159 202 165 203 170 202 178 204 184 208 178 215 171 218 165 218 160 218 151 215 147 208 160 205 165 206 171 205 181 208 171 211 165 212 160 212
110 175 111 190 113 204 118 216 127 226 139 234 152 240 167 242 181 239 192 233 202 224 207 211 209 198 209 184 209 171 209 157 119 143 125 135 134 132 144 133 154 136 171 134 181 132 190 131 199 134 203 142 164 146 164 156 165 165 166 175 153 185 159 187 165 188 170 187 175 186 131 152 136 150 142 149 149 152 143 153 136 154 175 152 181 150 187 150 193 152 188 154 181 153 144 208 152 204 160 202 165 203 171 201 178 204 185 207 179 213 172 216 166 216 160 216 152 213 148 208 160 206 165 206 171 206 181 208 171 209 166 210 160 209
110 175 111 189 113 203 118 215 127 226 139 233 152 239 167 241 180 238 191 231 200 221 206 209 207 196 208 182 208 169 209 156 119 142 125 135 134 132 144 133 154 136 171 135 180 132 190 131 198 134 203 142 163 147 164 156 165 165 165 174 153 185 159 186 165 187 170 186 175 186 130 151 135 149 142 149 148 152 142 153 136 153 175 152 181 149 187 149 193 151 188 153 181 153 144 207 151 203 160 201 165 203 171 201 178 204 184 207 178 212 172 215 166 215 160 215 152 212 147 207 160 206 165 206 171 206 181 207 171 208 165 209 160 208
110 175 112 189 113 202 118 215 127 225 139 232 152 238 166 240 180 237 190 231 199 221 205 210 207 197 208 183 208 170 209 157 119 142 125 135 134 132 144 132 153 135 171 134 180 131 190 131 198 134 203 141 163 146 164 156 164 165 165 175 153 185 159 186 164 187 170 186 175 185 130 151 135 149 142 149 149 152 142 153 135 153 175 152 181 148 187 148 193 151 188 153 181 153 144 207 151 203 159 201 165 202 171 201 178 203 184 207 178 212 172 215 165 215 159 215 152 212 147 207 159 205 165 206 171 205 181 207 171 208 165 209 160 208
110 174 112 188 114 202 118 214 127 224 139 231 152 237 166 239 180 236 190 229 200 220 205 209 207 196 207 182 208 169 208 156 119 142 124 134 134 132 144 132 153 135 171 134 180 131 190 130 198 133 203 141 163 146 164 156 164 164 165 174 153 185 159 186 164 187 170 186 175 185 129 151 135 148 142 148 149 151 142 153 135 153 175 151 181 148 187 148 193 150 188 153 181 153 144 207 151 203 159 201 165 202 171 200 178 203 184 207 178 212 172 214 166 215 160 214 152 211 147 207 160 205 165 206 171 205 181 207 171 208 165 208 160 208
110 174 112 188 113 202 118 214 127 224 140 231 153 237 167 239 180 236 191 230 200 221 206 209 207 196 208 183 208 169 208 156 119 143 124 135 134 131 144 132 154 135 170 134 180 131 190 130 198 134 203 142 163 146 164 155 164 164 165 174 153 184 159 185 165 187 170 186 175 185 129 151 135 148 142 148 149 151 142 153 135 153 174 151 181 148 187 148 193 150 188 153 181 153 144 206 151 203 159 200 165 202 171 200 178 203 185 206 179 211 172 214 166 214 160 214 152 211 147 206 159 205 165 205 171 205 181 206 171 207 165 208 160 207
111 174 112 188 114 202 118 214 128 224 140 231 153 237 167 239 180 236 191 229 200 220 205 209 207 196 208 183 208 169 209 156 119 142 125 134 134 131 144 132 154 135 171 134 180 131 190 130 198 133 203 141 163 146 164 155 164 164 165 174 153 184 159 186 164 187 170 186 175 185 129 151 135 147 142 148 149 151 142 152 135 153 174 151 181 147 188 147 193 150 188 152 181 152 144 206 152 203 159 200 165 202 171 200 178 203 184 207 178 211 172 213 166 214 160 213 152 211 147 206 159 205 165 205 171 205 181 206 171 207 165 207 160 207
111 175 112 188 114 202 119 214 128 224 140 231 153 237 167 239 180 236 191 229 200 221 205 209 207 196 208 183 208 169 209 156 119 142 125 134 134 131 144 132 154 134 171 134 180 131 190 130 198 133 203 141 163 146 164 155 164 164 165 173 153 184 159 185 165 187 170 186 175 185 130 150 135 147 142 147 149 151 142 152 135 153 175 151 181 147 188 147 194 150 189 152 182 152 144 206 151 202 159 200 165 201 171 200 178 203 185 206 179 211 172 214 166 214 160 213 152 211 147 206 159 205 165 205 171 205 181 206 171 207 165 207 160 207
111 174 113 188 114 202 119 214 128 224 140 231 153 237 167 239 180 236 191 229 200 220 205 208 207 195 208 182 208 169 209 155 119 142 125 134 134 131 144 132 154 134 171 134 180 131 190 130 198 133 203 141 163 146 164 155 164 164 165 174 153 184 159 185 165 186 170 185 175 185 130 150 135 147 142 147 149 151 142 152 135 153 175 151 181 147 188 147 193 150 188 152 181 152 144 206 151 202 159 200 165 202 171 200 178 203 185 206 179 211 172 213 166 214 159 213 151 211 147 206 159 205 165 205 171 205 181 206 171 207 165 207 159 207
111 175 112 188 114 202 118 214 127 224 139 232 152 237 167 239 180 236 191 230 200 221 205 209 207 196 208 182 208 169 209 155 120 142 125 134 134 131 144 132 154 134 171 134 180 131 190 130 198 133 203 141 163 146 164 155 165 164 165 173 153 184 159 185 165 186 170 186 175 185 129 150 135 147 142 147 149 151 142 152 135 153 175 151 181 147 188 147 194 150 189 153 181 153 144 206 152 202 160 200 165 201 171 200 178 203 185 206 179 211 172 213 166 214 160 213 152 211 147 206 160 205 165 205 171 205 181 206 171 207 166 207 160 207
110 175 112 188 113 202 118 214 127 224 140 231 153 237 167 239 180 236 191 229 200 220 205 209 207 196 208 183 208 169 209 156 119 142 125 134 134 131 144 132 154 135 171 134 180 131 190 130 198 133 203 141 163 146 164 155 164 164 165 173 153 184 159 185 165 186 170 185 175 185 129 150 135 147 142 147 149 151 142 153 135 153 175 151 181 147 188 147 194 150 189 153 182 153 144 206 152 202 160 200 165 201 171 200 178 203 185 206 179 211 172 214 166 214 160 213 152 211 148 206 160 205 165 205 171 205 181 206 172 207 166 207 160 207
110 176 112 189 114 202 118 214 127 224 139 231 152 236 167 239 180 236 191 230 199 221 205 209 207 196 208 183 208 169 209 156 120 142 125 135 134 131 144 132 154 135 170 134 180 131 189 130 198 133 203 141 163 146 164 155 165 164 165 173 153 184 159 185 165 186 170 186 175 185 130 150 135 147 142 147 149 151 143 152 135 153 174 151 181 147 188 147 193 150 188 153 181 152 145 206 152 202 160 200 165 202 171 200 178 203 185 206 179 211 172 214 166 214 160 213 152 211 148 206 160 205 165 205 171 205 181 206 171 207 166 207 160 207
110 175 112 189 114 203 119 215 128 225 140 232 153 237 167 239 180 237 191 230 200 221 206 210 208 196 209 183 209 169 209 156 120 142 125 134 134 131 144 132 154 135 171 134 180 131 190 130 199 133 203 141 163 146 164 155 165 164 165 173 153 184 159 186 165 187 170 186 176 185 129 150 135 147 142 147 149 151 142 152 135 153 175 151 181 147 188 147 194 150 189 153 181 153 144 206 152 203 160 200 165 202 171 200 178 203 185 207 179 211 172 214 166 214 160 213 152 211 148 206 160 205 165 205 171 205 181 207 171 207 166 207 160 207
110 175 112 189 114 203 118 215 127 224 140 232 153 237 167 239 180 236 191 229 200 220 205 208 207 195 208 182 208 169 209 156 120 142 125 134 134 131 144 132 154 135 171 134 180 131 190 130 198 133 203 141 164 146 164 155 165 164 165 174 154 184 159 186 165 187 170 186 175 185 130 151 135 147 142 147 149 151 143 153 136 153 175 151 181 147 188 147 194 150 189 153 182 153 145 206 152 203 160 200 166 202 172 200 179 203 185 207 179 211 172 214 166 214 160 214 152 211 148 206 160 205 166 206 172 205 181 207 172 207 166 207 160 207
111 175 112 189 114 203 119 215 128 225 141 232 153 237 167 239 180 236 191 229 200 220 205 209 207 196 207 183 208 170 208 156 120 142 125 135 135 132 144 132 154 135 171 134 180 131 190 131 198 133 203 141 164 146 164 155 165 164 166 174 153 185 159 186 165 187 170 186 176 185 130 150 135 147 142 147 149 151 143 152 135 153 175 151 181 147 188 147 194 150 189 153 181 153 144 206 152 203 160 200 165 202 171 200 179 203 185 207 179 211 172 214 166 214 160 214 152 211 148 206 160 205 166 206 171 205 182 207 172 207 166 207 160 207
110 176 112 190 114 204 119 215 128 225 140 232 153 238 167 239 181 237 192 230 201 221 206 210 208 197 208 183 208 170 209 157 119 143 125 135 134 132 144 133 154 135 171 134 180 131 190 131 198 133 203 142 163 146 164 155 165 164 165 174 153 185 159 186 165 187 170 186 176 185 130 151 135 147 142 147 149 151 143 153 135 153 175 151 181 147 188 147 194 150 189 153 182 153 144 206 152 203 160 200 165 202 171 200 179 203 185 207 179 211 172 214 166 214 160 213 152 211 147 206 160 205 165 206 171 205 181 207 172 207 166 207 160 207
110 175 112 189 113 203 118 215 127 224 140 232 153 237 167 239 181 236 191 229 200 220 206 208 207 195 208 181 208 168 209 155 119 143 125 135 134 132 144 133 154 135 171 134 180 131 189 130 198 133 203 141 163 146 164 156 165 164 165 174 153 185 159 186 165 187 170 186 176 185 129 151 135 147 142 147 149 152 142 153 135 153 175 152 181 147 188 147 194 150 189 153 181 153 144 206 152 203 160 200 166 202 172 200 179 203 185 207 179 212 173 214 166 214 160 213 152 211 147 206 160 205 166 206 172 205 182 207 172 207 166 207 160 207
110 175 112 189 114 203 118 215 128 225 140 232 153 237 167 239 181 236 191 229 201 220 206 209 208 196 208 182 208 169 209 156 120 143 125 135 134 132 144 133 154 135 171 134 180 132 189 131 198 134 203 141 163 146 164 156 165 164 165 174 153 185 159 186 165 187 170 186 176 185 130 151 135 148 142 148 149 152 143 153 135 153 174 151 181 147 188 147 194 150 189 153 181 153 144 207 152 203 160 201 165 202 171 201 178 203 185 207 179 212 172 214 166 214 160 214 152 211 148 207 160 205 166 206 171 205 181 207 172 207 166 208 160 207
111 176 112 190 114 203 119 215 128 225 140 232 153 238 167 240 180 237 191 230 200 222 205 210 208 197 208 184 208 170 208 157 120 143 125 135 135 132 145 133 154 135 170 134 180 132 189 131 198 134 203 142 164 147 164 156 165 165 166 174 154 185 159 186 165 187 170 187 176 186 130 151 135 148 142 148 149 152 143 153 135 154 175 152 181 148 188 147 194 150 189 153 182 153 144 207 152 203 160 201 165 202 171 201 179 204 185 207 179 212 172 214 166 215 160 214 152 212 148 207 160 206 165 206 171 206 181 207 171 208 166 208 160 208
111 176 112 190 114 203 119 215 127 225 140 232 152 237 167 239 180 237 191 230 200 221 205 209 207 197 207 183 208 170 208 157 120 143 125 135 135 132 145 133 155 135 171 134 180 132 190 131 198 134 203 142 164 146 165 156 165 165 166 174 154 185 160 186 165 188 171 187 176 185 130 151 135 148 142 148 149 152 143 153 135 153 175 152 181 147 188 147 194 150 189 153 182 153 145 207 152 203 160 201 166 202 172 201 179 203 185 207 179 212 172 214 166 215 160 214 152 211 148 207 160 205 166 206 172 205 181 207 172 208 166 208 160 208
111 175 112 189 114 202 119 214 128 224 140 232 153 237 167 239 181 237 192 230 201 221 206 209 208 196 208 182 209 169 209 156 119 143 125 135 134 132 144 133 154 135 171 134 180 132 190 131 199 134 203 142 164 146 164 156 165 165 166 174 154 185 160 186 165 188 171 187 176 186 130 151 135 148 142 148 149 152 143 153 135 153 175 152 181 148 188 147 194 150 189 153 182 153 145 207 152 203 160 201 166 203 172 201 179 204 185 208 179 212 173 214 166 215 160 214 152 212 148 207 160 206 166 206 172 206 182 207 172 208 166 208 160 208
111 176 112 190 114 203 119 215 128 224 140 232 153 237 167 239 181 237 191 230 200 221 206 209 208 196 208 183 208 170 209 156 120 143 125 135 135 132 145 133 154 135 171 134 180 132 190 131 199 134 203 142 164 147 164 156 165 165 166 174 154 185 160 187 165 188 171 187 176 186 130 151 135 148 142 148 149 152 143 153 135 154 175 152 181 148 189 148 194 150 189 153 182 153 145 207 152 204 160 201 166 203 172 201 179 204 185 208 179 212 173 214 167 215 161 214 153 212 148 207 160 206 166 206 172 206 182 207 172 208 166 208 161 208
111 176 112 190 114 204 119 215 128 225 140 232 153 237 167 239 180 237 191 230 200 221 205 210 207 197 208 183 208 170 208 157 120 143 125 135 135 132 145 133 154 136 171 135 180 132 190 131 199 134 203 142 164 147 164 156 165 165 166 175 154 186 160 187 165 188 171 187 176 186 130 152 135 148 142 149 149 153 143 154 136 154 175 152 181 148 188 148 194 151 189 154 182 154 145 207 152 204 160 201 166 203 172 201 179 204 185 208 179 212 173 214 167 215 161 214 153 212 148 207 161 206 166 206 172 206 182 208 172 208 166 208 161 208
111 175 112 189 114 203 119 215 128 225 140 232 153 237 167 239 180 237 191 230 200 221 206 210 208 197 209 183 209 170 209 156 120 143 125 135 135 132 145 133 155 136 171 135 181 132 190 131 199 134 203 142 164 147 165 156 166 165 166 175 154 186 160 187 166 188 171 187 176 186 130 152 136 149 142 149 150 152 143 154 136 154 175 153 181 149 188 149 194 151 189 154 182 154 145 207 153 204 161 201 166 203 172 201 179 204 186 208 180 212 173 215 167 215 161 215 153 212 149 207 161 206 166 206 172 206 182 208 172 208 167 209 161 208
111 177 113 191 115 204 119 216 128 226 140 233 153 238 168 240 181 238 192 231 201 223 207 211 208 198 209 185 209 172 209 159 120 144 125 135 135 133 145 133 155 136 171 135 181 132 190 132 199 134 204 142 164 147 165 156 166 165 166 175 154 186 160 187 166 188 171 187 176 186 130 152 136 149 143 149 150 153 143 154 136 154 175 153 181 149 188 149 194 151 189 154 182 154 145 207 152 204 160 201 166 203 172 201 180 204 186 208 180 213 173 215 167 215 160 215 153 212 148 207 160 206 166 207 172 206 182 208 172 209 166 209 161 208
111 176 113 190 115 204 120 216 129 226 141 233 154 238 168 240 181 238 192 231 201 222 206 211 208 198 208 184 209 171 209 157 120 144 126 136 135 133 145 134 155 136 172 135 181 132 191 132 199 135 204 143 164 147 165 156 166 165 166 175 154 186 160 187 166 188 171 187 176 186 130 152 136 149 143 149 150 153 143 154 136 154 175 153 182 149 188 149 194 151 189 154 182 154 145 207 153 204 161 201 166 203 172 201 180 204 186 208 180 213 173 215 167 215 161 215 153 212 148 208 161 206 166 207 172 206 182 208 173 208 167 209 161 208
111 176 112 190 114 204 119 216 128 226 141 233 154 238 168 240 181 237 192 231 201 222 206 210 208 197 208 184 208 171 209 158 120 144 126 136 135 133 145 133 155 136 172 135 181 132 191 132 199 135 204 142 164 147 165 156 166 165 166 175 154 186 160 187 166 188 171 187 176 186 131 152 136 149 143 149 150 153 143 154 136 154 175 153 182 149 188 149 194 151 189 154 182 154 145 208 153 204 161 202 166 203 172 201 179 204 186 208 180 213 173 215 167 215 161 215 153 212 148 208 161 207 166 207 172 206 182 208 173 208 167 209 161 208
112 176 113 189 115 203 119 215 129 225 141 233 154 238 168 240 182 237 193 231 201 221 206 210 208 196 208 183 209 170 209 157 120 144 126 136 135 133 145 133 155 136 172 135 182 132 191 132 199 135 204 143 164 147 165 157 166 166 167 175 154 186 160 187 166 188 171 187 176 186 131 152 136 149 143 149 150 153 143 154 136 155 176 153 182 149 189 149 194 152 189 154 182 154 146 208 153 204 161 202 166 203 172 202 180 204 186 208 180 213 173 215 167 216 161 215 153 213 149 208 161 207 166 207 172 206 182 208 173 209 167 209 161 209
111 176 113 190 115 204 120 216 129 226 142 233 155 238 169 240 182 237 193 231 201 222 206 210 208 197 208 183 208 170 209 157 120 145 125 136 135 133 145 134 155 136 172 135 181 133 191 132 200 135 204 143 165 148 165 157 166 166 167 175 154 186 160 187 166 188 171 187 177 186 130 152 136 149 143 149 150 153 143 154 136 155 176 153 182 149 189 149 194 152 189 154 182 154 146 208 153 204 161 202 166 203 172 202 180 205 186 208 180 213 174 215 167 216 161 215 153 212 149 208 161 207 166 207 173 207 183 208 173 209 167 209 161 209
111 177 113 191 115 204 120 216 129 226 142 233 155 238 169 240 182 238 192 231 201 222 207 210 209 197 209 184 209 171 209 158 120 144 126 136 135 133 145 134 155 136 172 135 181 133 191 132 199 135 204 143 165 147 165 157 166 166 167 175 154 186 160 187 166 188 171 187 177 186 131 152 136 149 143 149 150 153 143 155 136 155 176 153 182 149 189 149 194 152 189 155 182 155 146 208 153 204 161 202 166 204 173 202 180 205 186 209 180 213 174 215 167 216 161 215 153 213 149 208 161 207 167 207 173 207 183 209 173 209 167 209 161 209
112 176 113 190 115 204 120 216 129 225 142 233 155 238 169 240 182 237 193 231 202 222 207 210 209 197 209 184 209 171 210 157 120 144 126 136 135 133 145 134 155 136 171 136 181 133 190 132 199 135 204 142 165 148 165 157 166 166 167 176 155 186 160 188 166 189 172 188 177 187 130 152 136 149 143 149 150 153 143 154 136 155 176 153 182 149 189 149 195 152 190 155 182 155 146 208 153 205 161 202 166 204 172 202 180 205 186 209 180 213 173 216 167 216 161 215 154 213 149 208 161 207 167 207 172 207 182 209 173 209 167 210 161 209
111 177 113 190 115 204 119 216 128 226 141 233 154 238 168 240 182 238 193 231 202 222 206 210 208 197 208 184 209 171 209 158 120 144 126 136 135 133 145 134 155 137 172 136 181 133 191 132 199 135 204 143 165 148 165 157 166 166 167 175 155 186 161 187 166 189 172 188 177 187 130 152 136 148 143 149 150 153 143 155 136 155 175 153 182 149 189 148 195 151 190 155 182 155 146 208 153 205 161 202 167 204 172 202 180 205 186 209 180 213 174 216 167 216 161 215 153 213 149 208 161 207 167 208 173 207 182 209 173 209 167 209 161 209
111 176 113 190 114 204 119 216 128 225 140 233 154 238 168 240 181 237 192 230 201 221 206 210 208 197 208 183 208 170 209 157 120 144 126 136 135 133 145 134 155 136 172 136 181 133 190 132 199 134 204 142 165 148 165 157 166 166 167 175 154 187 160 188 166 189 171 188 176 187 130 151 136 147 143 148 150 153 143 154 136 154 175 153 182 148 189 147 195 151 190 154 182 154 145 208 153 205 161 202 166 204 172 202 180 205 186 209 180 213 173 216 167 216 161 216 153 213 148 208 161 207 166 207 172 207 182 209 173 209 167 210 161 209
