103 175 105 189 108 203 113 215 121 225 133 232 147 237 161 238 174 235 185 228 193 219 198 207 200 193 200 180 200 166 200 153 110 145 115 136 124 133 135 133 144 135 161 134 170 130 180 129 189 132 194 140 154 146 155 155 156 164 157 173 146 184 151 185 157 186 162 185 167 184 122 152 127 149 133 148 140 152 134 154 127 154 166 151 172 147 178 146 184 148 179 152 172 152 138 206 145 203 153 200 158 201 164 200 171 202 178 204 172 210 166 212 160 213 154 213 146 211 141 206 153 205 159 205 164 204 174 205 165 206 159 207 154 206
103 176 105 190 108 203 113 215 122 225 134 232 147 237 161 238 174 235 185 228 193 219 198 207 200 193 200 180 200 167 200 154 110 145 115 137 125 133 135 133 144 135 161 134 170 130 180 129 188 132 193 140 154 146 155 155 156 164 157 173 146 185 151 185 157 186 162 185 168 184 122 152 127 149 134 148 140 152 134 154 127 154 166 151 172 147 178 146 184 148 179 151 172 152 138 206 145 203 153 200 158 202 164 200 170 202 177 205 171 210 165 212 160 213 154 213 146 211 141 206 153 205 159 205 164 204 174 205 164 206 159 207 154 207
103 176 105 189 108 203 113 215 122 224 134 232 147 237 161 238 175 235 185 228 193 219 198 206 200 193 200 180 200 167 200 154 111 144 116 136 125 133 135 133 145 135 162 134 171 131 180 129 188 132 194 139 154 146 155 155 156 164 157 173 146 184 151 185 157 186 162 184 168 183 122 152 127 149 134 148 141 152 134 154 127 154 166 151 172 147 179 146 184 148 179 152 172 152 138 206 145 203 153 200 158 201 164 199 171 201 177 205 172 210 166 213 160 214 154 213 146 211 141 206 153 205 159 205 164 204 174 205 165 206 159 207 154 206
103 176 106 190 108 203 113 215 122 225 134 232 146 237 161 239 174 236 185 229 193 219 198 207 200 194 200 180 200 167 200 154 110 145 115 136 124 133 134 133 144 135 162 134 171 130 180 129 189 132 194 140 154 146 155 155 155 164 156 173 146 184 151 185 157 186 162 185 167 184 122 152 127 149 134 148 141 152 134 154 127 154 166 151 172 147 179 146 184 148 179 151 173 152 138 207 145 203 153 200 158 201 164 199 171 201 177 205 172 210 166 213 160 214 154 213 146 211 141 207 153 205 159 205 164 204 174 205 165 206 159 207 154 207
103 176 106 190 108 203 113 216 122 226 134 233 147 238 161 239 175 236 185 229 194 219 198 207 200 194 200 180 200 167 200 154 111 144 116 136 125 132 135 133 144 135 161 133 170 130 180 129 188 132 193 139 154 146 155 155 156 164 157 173 146 184 151 185 157 185 162 184 167 183 122 152 127 149 134 148 140 152 134 154 127 154 166 151 172 147 179 146 184 149 179 152 173 152 138 207 145 203 153 200 158 201 164 199 170 202 177 205 172 210 165 212 160 213 154 213 146 211 141 207 153 205 159 205 164 204 174 205 164 206 159 207 154 207
104 177 106 190 109 204 114 216 123 226 134 233 147 238 161 240 175 236 185 229 194 219 198 207 200 193 200 180 200 167 200 154 111 145 115 136 125 132 135 133 144 135 162 133 171 130 180 129 189 132 193 140 154 146 155 155 156 163 157 172 146 184 151 185 157 185 162 184 168 183 122 152 127 148 134 148 141 152 134 153 127 154 166 150 172 146 179 146 184 148 179 151 173 151 139 207 146 203 153 200 158 201 164 199 170 202 177 205 172 210 165 213 160 214 154 214 147 212 142 207 153 204 159 205 164 204 174 205 164 207 159 207 154 207
103 176 106 189 108 203 113 215 122 225 133 233 146 238 161 240 174 237 185 229 193 219 198 207 200 193 200 180 201 167 200 153 111 144 116 136 125 132 135 133 145 135 161 133 170 130 180 129 189 131 194 139 154 146 155 155 156 163 157 172 146 184 151 185 157 185 162 184 168 183 122 152 127 148 134 148 141 152 134 153 127 154 166 150 172 146 179 146 184 148 179 151 173 152 138 207 146 203 153 200 158 201 164 199 171 202 177 205 172 211 166 214 160 215 154 214 146 212 142 207 153 205 159 205 164 204 174 206 165 207 159 208 154 207
104 175 106 189 108 202 113 215 122 225 134 233 147 239 161 240 174 237 184 230 193 219 198 207 200 193 201 180 201 167 201 154 111 143 116 135 125 132 135 132 145 134 162 133 171 130 180 129 189 131 194 139 154 146 155 155 156 163 157 172 146 184 152 184 157 185 163 184 168 183 122 152 127 148 134 148 141 152 134 153 127 154 166 150 172 146 179 146 185 148 180 151 173 151 139 207 146 203 153 200 158 201 164 199 170 202 177 205 172 212 166 215 160 216 154 216 147 213 142 207 153 205 159 205 164 204 173 206 165 208 159 208 154 208
103 175 106 188 108 202 113 214 122 225 134 233 147 238 161 240 174 237 185 229 193 219 198 207 200 193 201 179 201 166 201 152 111 143 116 135 125 132 135 132 145 134 161 133 171 130 180 129 189 131 194 139 154 146 155 154 156 163 157 172 146 183 152 184 157 185 162 184 168 183 122 151 127 148 134 148 141 151 134 153 127 153 166 150 172 146 179 146 185 148 180 151 173 151 140 207 146 203 153 200 159 201 164 199 171 202 177 206 172 212 166 215 160 216 154 215 147 213 143 207 154 205 159 205 164 204 174 206 165 208 160 208 154 208
104 175 106 189 109 202 115 215 123 225 135 233 147 239 161 240 175 237 185 230 194 219 198 207 200 194 201 180 201 167 201 154 111 144 116 135 125 132 135 132 145 134 162 133 171 130 180 129 189 131 194 139 154 145 155 154 156 163 157 172 146 183 152 184 157 185 162 184 168 183 122 151 127 148 134 147 141 151 134 153 127 153 167 150 172 146 179 146 185 148 180 151 173 151 139 207 146 202 153 199 159 200 164 199 171 201 177 205 172 212 166 216 160 216 154 216 147 213 143 207 154 204 159 204 164 204 174 205 165 208 160 208 154 208
104 175 106 189 109 202 114 215 123 225 135 233 147 239 161 240 175 237 185 230 194 219 199 207 201 193 201 180 201 167 201 153 111 143 116 135 125 132 135 132 145 134 162 133 171 130 180 128 189 131 194 139 155 146 155 154 156 163 157 172 146 183 152 184 158 185 163 184 168 182 122 151 128 148 134 147 141 151 135 153 128 153 167 150 173 146 179 145 185 148 180 151 173 151 139 207 146 202 153 199 159 200 164 199 171 201 177 205 172 212 166 215 160 216 154 216 147 213 143 207 154 204 159 204 164 204 174 205 165 208 160 208 154 208
104 175 106 189 109 202 114 215 123 225 134 233 147 239 161 241 175 238 185 230 194 220 199 208 201 194 202 181 202 168 201 155 112 143 117 135 126 131 136 132 145 134 162 133 171 130 181 129 189 131 194 139 155 145 155 154 156 163 157 172 147 183 152 184 158 185 163 184 168 182 123 152 129 149 135 149 141 151 135 153 129 153 167 150 173 147 179 147 184 149 179 151 173 151 140 207 146 203 153 199 159 201 164 199 171 201 177 205 173 212 166 215 160 216 155 216 147 213 144 207 154 204 159 205 165 204 174 205 165 208 160 208 154 208
104 175 106 189 108 203 113 216 122 226 134 234 147 239 161 241 175 238 186 230 194 220 199 208 201 194 201 180 201 167 201 154 112 144 117 135 126 131 136 132 145 134 163 133 172 130 181 129 190 131 194 139 155 146 156 154 157 163 157 172 147 183 152 184 158 185 163 184 168 182 125 153 130 151 136 150 142 152 136 154 130 154 167 150 172 148 178 148 183 149 178 152 173 152 140 207 147 203 154 200 159 201 164 199 171 201 177 205 172 211 166 213 161 214 155 214 147 212 143 207 154 204 159 204 165 204 174 205 165 207 160 208 155 208
104 175 106 189 109 203 114 215 123 226 135 233 148 239 162 240 176 237 186 229 194 219 199 207 201 193 201 180 201 167 201 154 112 143 117 135 126 132 136 132 146 134 163 133 172 130 182 129 190 132 195 139 155 145 156 154 157 163 158 172 147 183 153 184 158 185 163 184 168 183 124 152 129 150 135 149 142 151 136 153 130 154 167 150 173 147 179 147 184 149 179 151 173 151 141 206 147 203 155 200 160 202 165 200 172 202 178 205 173 210 167 213 161 214 156 214 148 212 144 207 155 205 160 205 165 204 174 205 166 207 161 207 156 207
104 175 106 188 109 202 114 214 123 225 135 232 148 238 162 239 176 236 186 228 194 218 199 206 201 193 201 179 202 167 202 154 112 143 117 135 126 131 136 132 146 134 163 133 172 130 182 129 190 131 195 139 156 145 157 154 158 163 158 172 148 184 153 184 159 185 164 184 169 183 124 152 129 149 135 149 142 151 136 153 129 153 168 150 173 147 180 147 185 149 180 151 174 151 140 206 147 203 155 200 160 201 165 199 172 202 178 204 173 210 167 214 161 214 156 214 148 212 143 206 155 205 160 205 165 204 175 204 166 207 161 207 156 207
105 174 107 188 109 202 114 214 123 225 135 233 148 238 162 240 176 237 187 229 195 219 200 206 201 193 202 179 202 166 202 153 112 143 117 135 127 131 137 132 146 134 163 133 173 130 182 128 190 131 195 139 156 145 157 154 158 162 159 172 148 183 153 184 159 185 164 184 169 183 124 151 129 149 136 148 142 151 136 153 130 153 168 150 174 147 180 146 186 148 181 151 174 151 140 206 147 203 155 200 160 201 166 199 172 201 179 204 174 210 168 213 162 214 156 214 148 212 143 206 155 205 161 205 166 204 176 204 167 206 161 207 156 207
104 173 107 187 109 201 114 214 123 225 135 233 148 239 163 240 177 237 187 229 195 218 200 205 202 192 202 178 203 165 203 152 113 142 118 134 127 131 137 131 147 134 164 133 173 129 182 128 191 131 196 139 156 145 157 154 158 162 159 172 148 183 154 183 159 184 165 183 170 181 124 151 129 148 136 148 143 150 136 152 130 152 168 149 174 146 180 146 186 148 181 150 175 150 140 206 147 201 155 197 160 198 166 196 174 198 179 203 175 210 168 215 162 216 156 216 148 213 144 206 155 203 161 202 167 202 176 203 167 207 162 208 156 208
105 174 107 188 110 202 114 214 123 225 135 233 149 238 163 240 177 236 187 228 195 218 200 206 202 192 202 179 202 166 203 153 113 142 118 134 127 130 138 131 148 133 164 132 173 129 182 128 191 131 196 138 157 144 157 153 158 162 159 171 148 182 154 183 159 184 165 182 170 181 124 150 130 148 136 147 143 150 136 152 130 152 169 149 174 146 181 146 186 148 181 150 175 150 140 206 147 200 155 197 160 198 166 196 174 198 179 203 175 210 169 214 162 216 156 215 148 213 144 206 155 202 161 202 167 201 176 203 167 207 161 208 155 208
105 174 108 187 110 201 115 214 123 224 135 232 148 237 162 239 176 236 187 229 196 218 201 206 202 192 202 179 203 166 203 153 113 142 118 134 127 131 137 131 147 133 164 132 173 129 182 128 191 131 196 139 157 145 157 153 158 162 159 171 148 183 153 184 159 184 164 183 169 182 124 151 130 148 136 148 143 150 137 152 130 152 168 149 174 146 181 146 186 148 181 151 175 150 141 206 147 201 155 198 160 199 166 198 173 200 179 204 174 210 168 213 162 214 156 214 148 211 144 206 155 203 161 204 166 203 175 204 167 206 161 206 156 206
105 173 107 186 109 200 114 212 123 223 134 231 148 237 162 238 176 236 187 229 195 219 200 206 202 193 202 179 203 166 203 153 113 142 119 134 128 130 138 131 148 133 164 132 173 129 183 128 191 131 196 139 157 145 158 154 158 163 159 172 148 183 154 184 159 185 164 184 170 182 125 151 131 149 137 148 143 150 137 152 131 153 169 150 174 147 180 147 186 149 181 151 175 151 141 205 148 202 155 199 160 200 166 198 173 201 179 204 174 210 168 212 162 213 156 212 148 210 144 206 155 204 160 205 166 204 176 204 167 205 161 206 156 205
105 173 107 187 109 201 114 213 123 224 135 232 148 237 163 238 176 236 187 228 196 218 200 206 202 192 203 179 203 166 203 153 113 142 118 134 128 130 138 131 148 133 163 132 173 129 182 128 191 131 196 139 157 145 157 154 158 162 159 172 148 183 154 184 159 185 164 183 169 182 125 151 130 149 136 149 143 150 137 152 131 153 168 150 174 148 180 147 186 149 181 151 175 151 142 206 148 202 156 199 161 200 166 198 173 201 179 204 174 210 168 212 162 213 156 213 149 211 145 206 156 204 161 205 167 204 176 204 167 205 162 206 156 205
105 173 107 186 109 200 114 213 123 224 135 232 148 237 162 239 176 237 187 229 196 219 201 207 203 193 203 179 203 166 203 153 113 142 118 134 128 130 138 130 147 133 163 132 173 129 182 128 191 131 196 139 156 145 157 154 158 162 159 171 148 183 153 184 159 184 164 183 169 182 125 151 130 149 136 148 143 150 137 152 131 152 168 149 174 147 180 147 186 149 180 151 174 151 141 206 148 202 155 199 160 200 166 198 173 200 179 204 174 210 168 213 162 214 156 213 148 211 145 206 155 204 161 204 166 203 176 204 167 205 161 206 156 206
106 173 108 187 110 200 114 213 123 224 135 233 147 239 162 240 176 237 187 229 196 219 202 206 203 193 204 179 204 166 204 154 114 143 119 134 128 130 138 130 148 133 164 132 174 129 183 128 192 131 196 140 157 145 158 153 158 162 159 170 148 182 153 183 159 184 164 182 169 181 127 153 132 152 138 151 144 151 139 153 133 154 168 150 174 149 180 149 186 150 180 152 174 152 141 206 147 201 155 198 160 199 165 197 173 200 179 204 174 212 167 215 161 216 156 216 148 213 144 206 155 202 160 202 166 202 175 204 166 208 161 209 156 208
105 173 107 187 110 201 115 214 124 225 135 233 148 239 162 240 176 237 186 230 195 220 200 207 202 193 203 180 204 166 204 153 114 142 119 134 128 130 138 131 148 133 164 132 174 129 184 128 192 132 196 140 157 145 158 153 159 162 159 171 148 181 153 183 159 183 164 182 169 181 126 152 132 151 138 150 144 150 138 152 132 153 169 150 175 149 180 149 186 150 181 151 175 151 141 206 147 200 154 196 160 197 165 196 173 199 179 204 174 212 167 216 161 217 155 216 147 213 144 206 155 200 160 200 166 199 175 204 166 209 161 209 155 209
106 173 108 187 110 202 115 214 124 225 136 233 148 239 162 240 176 237 187 229 195 219 201 207 203 193 203 179 204 166 204 153 114 142 119 134 128 130 138 130 148 133 164 132 174 129 183 128 192 131 197 139 157 144 157 153 158 162 159 171 148 181 153 182 159 183 164 182 169 181 125 151 131 149 137 149 143 150 137 151 131 152 169 149 175 148 180 148 186 149 181 150 175 150 140 206 146 199 154 196 160 197 165 195 173 198 179 204 174 211 167 215 161 216 155 215 147 212 143 205 154 199 160 199 166 199 175 204 166 208 160 209 155 209
105 171 107 184 109 198 114 211 122 223 134 231 147 237 161 239 175 236 186 228 195 218 200 206 202 192 203 178 203 165 203 152 114 141 119 133 128 130 138 130 148 133 165 132 174 129 183 128 192 131 197 139 157 144 158 153 158 162 159 171 148 181 153 182 159 183 164 182 169 181 126 150 131 148 137 148 143 150 137 151 131 152 169 149 175 147 181 147 186 149 181 151 175 150 141 205 147 200 155 197 160 199 165 197 172 200 178 204 173 210 167 213 161 214 155 214 148 211 144 205 155 202 160 202 165 202 175 204 166 206 161 207 155 206
105 172 108 186 110 200 114 213 123 224 134 232 147 237 161 239 175 236 186 229 194 219 199 206 201 193 202 179 203 166 203 153 113 142 118 133 128 130 138 130 148 133 164 132 173 129 183 128 192 131 196 139 157 144 158 153 158 161 159 171 148 182 153 183 159 183 164 183 169 182 125 150 130 148 137 147 143 150 137 151 131 152 169 149 175 146 181 146 186 148 181 151 175 151 140 204 148 201 155 199 160 200 165 198 172 201 178 203 172 209 166 212 161 213 156 212 148 210 144 204 155 203 160 203 165 203 175 204 165 206 160 206 156 206
106 172 107 185 110 199 114 212 123 223 134 231 147 237 161 239 175 236 185 229 194 218 199 206 201 193 202 179 203 166 203 152 113 141 118 133 127 130 138 130 147 133 164 132 173 129 183 128 192 131 197 139 157 144 157 153 158 162 159 171 147 182 153 183 158 183 164 183 169 182 125 150 130 147 136 147 143 150 137 151 130 152 168 149 175 146 181 146 186 148 181 150 175 150 140 204 147 202 154 199 159 200 164 199 171 201 178 203 172 210 166 212 160 213 155 213 147 210 143 205 155 203 159 204 164 203 175 204 165 206 160 207 155 206
105 172 107 186 109 200 114 213 122 224 134 232 146 238 161 240 174 237 186 229 194 219 200 207 202 193 202 179 203 166 203 153 113 141 118 133 127 129 137 130 147 133 164 132 173 129 183 128 192 131 196 139 156 144 157 153 158 161 158 170 147 182 153 183 158 183 163 182 168 182 125 149 130 147 136 147 143 149 137 151 130 151 168 149 174 146 181 146 186 148 181 150 175 150 139 205 146 202 154 199 159 200 164 199 171 201 178 204 172 210 166 213 160 214 155 214 147 211 142 205 154 204 159 204 164 203 174 204 165 206 160 207 155 206
105 172 107 185 109 199 114 212 122 223 133 232 146 238 160 241 174 238 185 229 194 219 200 206 202 193 202 179 203 166 203 153 113 141 118 133 127 129 137 130 147 133 163 132 173 129 182 128 191 131 196 139 156 144 156 153 157 161 158 170 147 182 152 183 158 184 163 183 168 181 124 150 129 147 136 147 142 149 136 151 129 151 168 149 174 146 180 146 186 148 181 150 174 150 139 206 145 201 153 198 158 200 164 198 171 200 177 204 172 212 165 215 160 216 154 216 146 212 142 206 153 203 158 203 164 203 174 205 165 208 159 209 154 208
105 173 107 186 109 200 113 213 122 224 133 233 146 239 160 241 174 238 184 230 193 220 199 207 201 194 202 181 202 167 203 154 113 141 118 133 127 130 137 130 147 133 163 132 172 129 182 128 191 131 196 139 156 145 156 153 157 162 157 171 146 182 152 183 157 184 162 183 168 182 124 150 129 147 135 147 142 150 136 151 129 151 168 149 174 146 180 146 186 148 180 150 174 150 138 206 144 201 152 198 158 199 163 197 171 200 177 205 172 213 165 217 159 218 153 217 145 214 141 206 152 202 158 202 164 202 174 205 164 210 159 211 153 210
104 172 106 186 108 200 113 213 122 224 133 233 146 239 160 241 174 238 184 230 193 220 199 208 201 194 202 181 202 167 202 154 112 141 118 133 127 130 137 130 146 132 163 132 172 129 182 128 191 131 195 139 155 144 156 153 156 161 157 170 146 182 151 183 157 183 162 182 167 181 123 150 129 147 135 147 142 149 135 151 129 151 167 149 173 146 180 146 185 148 180 150 174 150 137 206 144 201 152 197 158 199 163 197 171 199 177 204 172 213 165 217 159 218 152 217 144 214 141 206 152 202 158 202 163 202 174 205 164 209 158 210 152 209
104 171 106 185 108 199 113 212 122 223 133 231 146 237 160 239 174 236 185 229 194 218 199 206 202 192 202 179 202 166 202 152 112 140 118 132 127 129 136 130 146 133 163 132 172 129 181 128 190 130 195 138 155 144 156 153 156 161 157 170 146 182 151 183 157 183 162 182 167 181 123 149 129 147 135 147 142 149 135 151 129 151 167 149 173 146 180 146 185 148 180 150 173 150 138 204 145 201 152 199 157 200 162 198 170 200 177 203 171 210 164 213 159 213 153 213 145 210 141 205 152 203 158 203 163 202 174 203 163 206 158 207 153 207
105 172 107 185 109 199 113 212 122 223 133 231 145 236 160 238 174 235 185 228 194 219 200 206 202 193 202 179 203 165 203 152 113 141 118 133 127 129 136 130 146 132 163 132 173 129 182 128 191 131 195 139 155 144 156 153 156 161 157 170 146 181 151 182 157 183 162 182 167 181 126 151 131 150 137 149 143 150 137 152 132 153 167 150 172 149 178 149 183 149 178 152 173 151 138 204 145 201 152 198 157 200 162 198 169 200 176 203 170 208 164 210 158 211 153 210 146 208 141 204 153 202 158 203 163 202 173 203 163 205 158 205 153 205
104 170 106 183 108 197 112 210 120 221 132 229 144 235 159 237 173 235 185 228 194 218 200 206 202 192 202 179 202 166 202 152 112 141 118 133 127 129 136 130 146 132 163 131 172 128 182 128 190 131 195 139 155 144 156 152 156 161 157 170 146 181 151 182 157 183 162 182 167 181 125 151 130 150 136 150 142 150 137 152 131 153 167 149 173 149 179 149 184 149 179 151 173 151 137 203 144 200 151 197 157 199 162 197 170 199 177 202 170 208 164 210 158 211 152 210 144 208 140 203 152 202 157 202 163 202 173 202 163 204 158 204 152 204
104 171 106 185 108 199 112 211 120 222 132 230 144 235 158 237 173 235 184 228 194 219 200 206 202 193 203 179 202 166 202 153 112 141 117 133 126 129 136 130 146 132 163 131 172 128 181 128 190 130 195 139 155 144 155 153 156 161 156 170 145 181 151 182 156 183 162 182 168 181 124 150 129 148 135 148 142 149 136 151 130 151 167 149 173 147 179 147 184 148 179 150 173 150 137 203 144 199 151 196 157 197 163 196 170 198 177 202 171 208 164 211 158 212 152 211 144 208 140 203 151 201 157 201 163 200 173 202 163 204 157 205 152 204
104 171 106 185 108 199 112 211 121 222 133 230 145 236 159 238 173 235 184 228 193 218 199 206 201 193 202 179 202 166 202 153 112 141 117 133 126 129 136 130 145 133 162 132 171 129 181 128 190 131 195 139 154 144 155 153 155 162 156 171 145 181 150 182 156 183 161 182 167 181 123 150 129 148 135 147 141 149 135 151 129 151 167 149 173 147 179 147 185 148 179 150 173 150 137 203 143 199 151 196 157 197 163 196 170 198 177 203 171 209 164 212 158 213 151 212 144 209 140 203 151 200 157 200 163 200 173 203 163 205 157 206 151 205
104 172 106 185 108 199 113 212 121 223 132 231 145 237 159 239 172 236 183 229 192 219 198 207 201 193 201 180 201 167 202 154 111 141 117 133 126 130 135 130 145 133 162 132 171 129 181 128 190 131 195 139 154 144 155 153 155 162 156 171 145 181 150 182 156 183 161 182 166 181 123 150 128 147 134 147 141 149 135 151 128 151 166 149 172 146 178 146 184 148 179 150 172 150 136 204 143 199 151 196 156 197 162 196 170 199 176 203 170 210 163 213 157 214 151 213 143 210 140 204 151 200 157 200 162 199 173 203 163 207 157 207 151 207
104 173 106 186 108 200 113 212 121 223 133 231 145 237 159 239 172 236 184 229 193 219 199 207 201 194 202 180 202 167 202 154 112 142 117 133 126 130 136 130 145 133 162 132 171 129 181 129 190 131 194 140 154 144 155 153 155 162 155 171 145 181 150 182 156 183 161 182 167 181 124 151 129 149 135 149 141 150 135 152 129 152 166 150 172 148 178 148 183 149 178 151 172 151 136 204 143 199 150 196 156 197 162 196 170 199 176 204 170 211 164 214 157 215 151 214 143 211 140 204 151 200 156 200 162 200 173 204 163 208 157 208 151 208
104 173 106 186 108 200 113 212 121 223 132 231 144 237 158 239 172 236 184 228 193 218 198 206 201 193 201 179 202 166 202 153 112 142 117 134 126 130 136 131 145 133 162 133 171 129 181 129 189 132 194 140 154 145 155 154 155 162 156 171 145 182 150 183 156 184 161 183 167 181 125 153 130 152 136 151 142 151 136 154 130 154 166 151 171 150 177 150 183 151 177 153 171 153 136 204 143 199 151 197 157 198 162 196 170 199 176 203 170 211 163 214 157 215 151 214 143 211 140 204 151 200 157 200 162 200 173 204 163 208 157 208 151 208
104 172 106 185 108 199 113 212 121 222 132 231 144 236 159 238 173 235 184 228 193 218 199 206 201 193 202 179 202 166 202 153 112 143 117 134 126 131 136 131 145 134 162 133 171 130 181 129 190 132 194 140 154 146 155 154 155 163 156 172 145 182 150 183 156 184 161 183 167 182 124 153 130 152 135 151 142 152 136 154 130 155 166 151 172 150 178 151 183 151 178 153 172 153 136 204 143 200 151 197 157 198 162 197 170 199 177 203 171 210 164 213 158 214 151 214 144 210 140 204 151 200 157 201 162 200 173 204 163 207 157 208 151 207
104 173 106 186 108 200 113 212 121 223 132 231 144 237 159 239 173 236 184 229 193 219 199 207 201 193 201 180 202 167 202 154 112 142 117 134 126 131 135 132 145 134 163 134 172 131 181 130 189 132 194 140 154 146 155 155 155 164 156 173 145 183 150 184 156 185 161 184 167 183 124 152 129 151 135 151 141 151 135 153 130 154 166 151 172 150 178 150 183 150 178 152 172 152 137 205 143 200 151 198 157 199 162 197 170 200 176 204 171 210 164 214 158 214 152 214 144 211 140 205 151 201 157 201 162 201 173 204 163 207 157 208 151 207
104 174 106 188 108 202 113 214 121 225 132 233 145 239 159 241 173 238 184 230 193 221 199 209 201 195 201 181 201 167 201 154 111 142 116 134 125 131 135 132 145 134 162 133 171 130 181 129 189 132 194 140 154 146 155 155 155 164 156 173 145 183 151 184 156 185 161 184 166 183 123 152 128 150 134 149 141 151 135 152 129 153 166 150 172 148 178 148 184 150 178 152 172 152 137 206 143 201 151 198 157 199 162 198 170 200 176 204 171 211 164 214 158 215 152 215 144 212 140 206 151 202 157 202 163 201 173 205 163 208 158 209 152 209
104 174 106 188 108 202 113 215 121 226 133 235 145 240 160 242 174 239 185 231 194 221 199 208 201 195 201 181 201 168 201 154 112 142 117 134 126 131 136 132 145 134 162 134 171 131 181 130 189 132 194 140 154 146 155 155 155 164 156 173 145 183 151 184 156 185 161 184 166 183 123 151 128 149 134 149 141 151 135 152 128 153 167 150 172 148 178 148 184 149 179 151 173 151 137 207 143 202 151 199 157 200 163 198 170 200 176 205 171 213 164 216 158 217 152 217 144 214 140 207 152 202 157 202 163 201 173 205 164 210 158 211 152 211
104 174 106 187 108 201 113 214 121 225 132 234 145 240 159 242 173 238 184 231 193 221 198 208 200 195 201 181 201 167 201 154 111 142 116 135 125 131 135 132 145 135 162 134 171 131 181 130 189 132 194 140 154 146 155 155 155 164 156 173 145 183 151 184 156 185 161 184 166 183 123 151 128 148 134 148 141 151 135 152 128 153 167 150 172 147 179 147 184 149 179 151 173 151 137 207 144 202 152 199 157 200 163 198 170 201 176 205 171 213 165 216 159 217 152 217 144 214 141 207 152 202 157 202 163 202 173 205 164 210 158 211 152 210
104 173 106 187 108 201 113 213 122 224 133 232 146 238 160 240 174 237 185 229 193 219 199 206 201 193 201 180 201 167 201 154 112 142 117 134 126 131 136 132 145 135 162 134 171 130 180 129 189 132 194 140 154 146 155 155 155 163 156 173 145 183 151 184 156 185 161 184 166 183 122 151 128 148 134 148 141 151 134 152 128 153 167 150 172 147 179 147 185 149 179 151 173 151 137 206 144 202 151 199 157 200 163 198 170 201 177 205 171 212 165 216 159 217 152 216 144 213 140 206 152 203 157 203 163 202 173 205 164 208 158 209 152 209
103 172 106 186 108 200 113 213 121 223 133 232 146 237 160 239 173 236 184 229 193 219 198 206 200 193 201 179 201 166 201 153 111 142 117 135 126 131 136 132 145 134 162 134 171 131 180 130 189 132 194 140 154 146 155 155 155 163 156 173 145 183 151 184 156 185 161 184 167 183 122 151 128 148 134 148 141 151 134 152 128 153 167 150 172 147 179 147 184 149 179 151 173 151 137 206 144 202 151 199 157 200 163 198 170 201 176 205 171 211 165 214 158 215 152 215 145 212 141 206 152 204 157 204 163 203 173 205 164 207 158 208 152 207
103 173 106 186 108 200 112 212 121 223 133 230 146 236 160 237 174 234 185 227 194 218 199 206 201 193 201 180 201 167 201 154 111 142 117 134 126 131 136 132 145 134 162 133 171 130 180 129 189 132 194 140 154 145 155 154 156 163 156 172 146 183 151 184 156 185 162 184 167 183 122 151 128 148 134 148 141 151 134 152 128 153 167 150 172 147 179 146 185 149 180 151 173 151 137 206 144 202 152 199 158 200 163 198 170 201 177 205 171 210 165 213 159 213 153 213 145 211 141 206 152 204 158 204 163 203 173 204 164 206 158 206 153 206
104 173 106 187 108 200 113 212 122 223 133 230 146 235 160 237 174 234 185 227 193 218 199 206 201 193 201 180 201 167 201 154 111 142 117 134 126 131 136 131 145 134 161 133 171 130 180 129 189 132 194 140 154 145 155 154 155 163 156 172 145 183 151 184 156 185 162 184 167 183 122 151 127 148 134 148 141 151 134 152 127 153 166 150 172 146 179 146 185 149 180 151 173 151 137 205 144 202 152 199 157 200 163 198 170 200 177 204 171 209 165 212 159 213 153 213 145 210 140 205 152 204 158 204 163 203 173 204 164 205 158 206 152 205
103 173 106 186 108 200 112 212 121 222 133 230 146 235 160 237 174 234 185 227 194 217 199 205 201 192 201 179 201 166 201 153 111 142 116 134 125 131 135 131 145 134 162 133 171 130 180 129 189 131 194 139 154 145 155 154 155 163 156 172 145 183 151 184 156 185 161 184 167 182 122 151 127 148 134 147 141 151 134 152 127 153 166 150 172 146 179 146 185 148 179 151 173 151 137 205 144 201 152 199 157 200 163 198 170 200 177 204 171 209 165 212 158 212 152 212 145 210 140 205 152 203 158 204 163 203 173 204 164 205 158 205 152 205
103 173 105 187 108 200 112 212 121 222 133 230 146 235 160 236 173 234 184 227 193 218 199 206 201 193 201 180 201 167 201 153 111 143 116 135 125 131 135 132 145 134 161 133 170 130 180 129 189 131 194 139 154 145 155 154 155 163 156 172 145 183 151 184 156 185 162 184 167 182 122 151 127 147 134 147 141 151 134 152 127 152 166 150 172 146 179 146 185 148 179 151 172 151 137 205 144 201 152 199 157 200 163 198 170 200 177 204 171 209 165 211 159 212 152 212 145 209 140 205 152 203 157 204 163 203 173 204 164 205 158 205 152 205
104 174 106 187 109 201 113 213 122 222 134 230 146 235 160 236 173 234 184 227 193 218 199 206 201 193 202 180 202 167 202 154 111 143 116 135 125 131 135 132 145 134 161 133 170 130 180 129 189 131 194 139 154 145 155 154 155 163 156 172 145 183 151 184 156 185 162 184 167 183 122 151 127 148 134 148 141 151 134 153 127 153 166 150 172 146 179 146 185 148 179 151 173 151 137 205 144 201 152 199 158 200 163 198 170 200 177 204 172 209 165 212 159 213 153 212 145 210 141 205 152 204 158 204 163 203 174 204 164 205 158 206 153 205
104 174 106 188 108 201 113 213 122 223 134 230 147 235 160 237 173 234 184 227 193 218 199 206 201 194 202 180 201 167 201 155 111 143 116 135 125 131 135 132 145 134 161 133 170 130 180 129 189 132 194 139 154 145 155 154 155 163 156 172 146 183 151 184 157 185 162 184 167 183 122 151 127 148 134 148 141 151 134 152 128 153 166 150 172 146 179 146 185 148 180 151 173 151 138 205 144 202 152 199 158 200 163 198 171 201 177 204 172 209 165 212 159 213 153 212 145 210 141 205 152 204 158 204 164 203 174 204 164 205 159 206 153 205
104 174 106 187 109 200 114 212 122 222 134 230 147 235 161 236 174 234 185 227 194 217 199 205 201 192 202 179 202 166 202 153 111 143 116 135 126 131 135 132 145 134 162 133 171 130 180 129 189 131 194 139 154 145 155 154 156 163 156 172 146 183 151 184 157 185 162 184 167 182 122 151 128 148 134 148 141 151 135 152 128 153 167 150 173 146 179 146 185 148 180 151 173 151 138 205 145 202 152 199 158 200 164 198 171 201 178 204 172 209 165 212 159 213 153 212 145 210 141 205 152 204 158 204 164 203 174 204 164 205 159 206 153 205
104 175 106 188 109 201 114 213 123 223 135 230 148 235 161 237 174 234 185 227 194 218 200 206 202 193 202 179 202 166 202 153 112 143 117 135 126 131 136 132 145 134 162 133 171 130 180 129 189 131 194 139 154 145 155 154 156 163 157 172 146 183 152 184 157 185 162 184 167 182 123 151 128 148 135 148 141 151 135 153 128 153 167 150 173 146 179 146 185 148 180 151 173 151 138 205 145 201 153 199 158 200 164 198 171 200 178 204 172 209 166 212 160 212 154 212 146 210 142 205 153 203 159 204 164 203 174 204 165 205 159 205 154 205
105 175 107 188 109 201 114 213 123 223 135 230 148 235 161 236 175 233 186 226 194 217 200 205 202 192 202 179 202 166 202 153 112 142 117 134 126 131 136 131 146 134 162 132 171 129 181 128 190 131 195 139 155 145 155 154 156 163 157 172 146 183 152 184 157 184 162 183 168 182 123 151 128 148 135 148 142 151 135 153 128 153 167 150 173 147 179 146 185 148 180 151 173 151 138 205 145 201 153 198 158 200 164 198 171 200 178 204 172 209 166 211 160 212 154 212 146 209 142 205 153 203 159 204 164 203 175 204 165 205 159 205 153 205
105 174 107 187 109 201 114 213 123 222 135 230 148 235 161 236 174 233 185 226 194 217 200 206 201 193 202 179 202 167 202 154 112 142 117 135 126 131 136 131 146 133 162 132 172 129 181 128 190 131 195 139 155 145 156 154 157 163 157 171 147 183 152 184 158 185 163 183 168 182 123 151 128 148 135 148 142 151 135 153 128 153 167 150 173 146 180 146 186 148 180 151 174 151 139 205 146 201 153 198 159 200 164 198 172 200 178 204 172 208 166 211 160 212 154 211 146 209 142 205 153 203 159 203 165 203 175 204 165 204 160 205 154 205
105 174 107 187 109 201 114 212 123 222 135 229 148 234 161 236 175 233 186 226 195 217 200 205 202 192 202 179 202 166 202 153 112 142 117 134 127 131 137 131 146 134 163 133 172 129 181 128 190 131 195 139 155 145 156 154 157 162 158 172 147 183 152 184 158 184 163 183 168 182 123 151 129 148 135 148 142 151 136 153 129 153 168 150 173 146 180 146 186 148 180 151 174 151 139 205 146 201 153 198 159 200 165 198 172 200 178 204 173 208 166 211 160 211 154 211 147 209 142 205 154 203 159 204 165 203 175 204 166 204 160 205 154 204
105 174 107 187 110 201 114 213 123 223 135 230 148 235 162 236 176 233 186 226 195 217 200 205 202 192 203 179 203 167 203 154 113 142 118 134 127 131 137 131 146 133 163 132 172 129 182 128 190 131 196 138 156 145 157 154 157 162 158 171 147 183 153 184 158 184 164 183 169 182 123 151 129 148 135 148 142 151 136 153 129 153 168 150 174 146 181 146 186 148 181 151 174 151 139 205 146 201 154 198 159 200 165 198 172 200 179 204 173 209 167 211 161 212 155 211 147 209 143 205 154 203 160 204 165 203 176 204 166 204 160 205 155 205
105 175 107 188 110 201 114 213 123 223 135 230 148 234 162 236 175 233 186 226 195 217 201 205 202 192 203 179 203 167 203 154 113 142 118 134 127 131 137 131 147 134 163 132 172 129 182 128 191 131 196 139 156 145 157 154 158 162 158 171 148 183 153 184 159 184 164 183 169 182 124 151 129 148 136 148 143 151 136 153 129 153 168 150 174 146 181 146 186 148 181 151 174 151 139 205 146 201 154 198 160 199 165 198 172 200 179 204 173 208 167 211 161 212 155 211 147 209 142 205 154 203 160 203 165 202 175 204 166 204 160 205 155 205
105 174 107 187 110 201 114 213 123 223 136 230 149 234 163 236 176 233 187 226 196 217 201 205 203 192 203 179 203 166 203 153 113 142 118 134 127 131 137 131 147 133 163 132 172 129 182 128 191 131 196 139 156 145 157 154 158 162 159 171 148 183 153 184 159 184 164 183 169 182 124 151 129 148 136 148 143 151 136 153 130 153 168 150 174 146 181 146 186 148 181 151 174 151 140 205 147 201 154 198 160 199 165 198 173 200 179 204 174 208 167 211 161 212 155 211 147 209 143 205 155 203 160 203 166 202 176 204 166 204 161 205 155 204
105 174 108 187 110 200 114 212 123 222 135 230 149 234 163 236 176 233 187 226 196 217 201 205 203 192 203 179 203 166 203 153 113 143 118 135 127 131 137 131 147 134 163 132 173 129 182 128 191 131 196 139 156 145 157 154 158 162 159 171 148 183 153 184 159 185 164 183 169 182 124 151 129 148 136 148 143 151 136 153 130 153 168 150 174 147 181 146 187 148 181 151 175 151 140 205 147 201 155 198 160 200 166 198 173 200 179 204 174 209 168 211 161 212 155 212 148 209 143 205 155 203 160 204 166 203 176 204 167 205 161 205 155 205
105 174 108 187 110 201 115 213 124 223 136 230 149 235 163 236 176 233 187 226 196 217 201 205 203 192 203 179 203 166 203 153 113 143 119 135 128 131 138 132 147 134 163 133 173 130 182 128 191 131 196 139 157 145 157 154 158 163 159 172 148 183 154 184 159 185 164 183 170 182 124 151 130 148 136 148 143 151 137 153 130 153 168 150 174 147 181 146 187 148 181 151 175 151 140 205 147 201 155 198 160 200 166 198 173 200 180 204 174 209 167 211 161 212 156 212 148 209 143 205 155 203 160 204 166 203 176 204 167 205 161 205 155 205
105 174 108 188 110 201 115 213 124 223 136 230 149 235 163 236 176 233 187 226 196 217 201 205 202 192 203 179 203 166 203 154 113 143 118 135 127 132 137 132 147 134 163 133 173 130 182 129 191 131 196 139 156 146 157 154 158 163 159 172 148 184 154 184 159 185 164 184 169 183 124 152 130 149 136 149 143 152 136 153 130 154 168 150 174 147 181 147 186 149 181 152 175 152 140 205 147 202 155 199 160 200 166 198 173 201 179 204 174 209 168 212 161 212 155 212 148 210 143 205 155 204 161 204 166 203 176 204 167 205 161 205 155 205
106 174 108 187 110 201 115 213 124 223 136 230 149 235 163 237 177 233 187 226 196 217 201 205 202 192 203 179 203 166 203 153 113 143 119 135 128 132 138 132 148 135 164 133 173 130 183 129 192 131 196 140 157 146 158 155 159 163 159 172 148 184 154 185 159 185 165 184 170 183 124 152 130 149 136 149 143 152 137 153 130 154 168 151 174 147 181 147 187 149 181 152 175 152 140 206 147 202 155 199 160 200 166 199 173 201 179 205 174 209 168 212 161 212 155 212 148 210 143 205 155 204 160 204 166 204 176 205 167 205 161 206 155 205
106 175 108 188 110 202 115 214 124 223 136 230 149 235 163 237 176 234 187 227 195 218 201 206 202 193 203 180 203 167 203 154 113 143 118 135 128 132 137 132 147 134 163 133 173 130 182 129 191 131 196 139 156 146 157 155 158 163 159 172 148 184 154 185 159 185 164 184 169 183 124 152 129 149 136 149 143 152 136 154 130 154 168 151 174 147 181 147 186 149 181 152 175 152 140 206 147 202 155 199 160 200 166 199 173 201 180 205 174 209 167 212 162 213 156 212 148 210 143 206 155 204 161 205 166 204 176 205 167 205 161 206 155 206
105 174 108 188 110 201 115 213 124 223 136 230 149 235 163 237 176 234 187 227 196 217 201 206 203 192 203 179 203 166 203 153 113 143 118 135 128 132 138 132 147 135 163 133 173 130 182 129 191 131 196 139 156 146 157 155 158 164 159 173 148 184 153 185 159 185 164 184 169 183 124 152 129 149 136 149 143 152 136 154 130 154 168 151 174 147 180 147 186 149 181 152 174 152 140 206 147 202 155 199 160 201 166 199 173 201 179 205 174 210 167 212 161 213 155 213 148 210 143 206 155 204 160 205 166 204 176 205 167 205 161 206 155 206
105 175 108 188 110 201 115 213 124 223 136 230 149 235 163 236 176 234 187 226 196 217 201 206 203 193 203 180 203 167 203 154 113 143 118 135 128 132 138 132 147 135 163 133 172 130 182 129 191 132 196 139 156 146 157 155 158 163 159 172 148 184 154 184 159 185 164 184 169 183 124 152 129 149 136 149 143 152 136 154 130 154 168 151 174 147 180 147 186 149 181 152 174 152 140 206 147 202 155 199 160 201 166 199 173 201 179 205 174 210 168 212 162 213 156 213 148 210 143 206 155 204 160 205 166 204 176 205 167 205 161 206 155 206
106 175 108 188 110 202 115 214 124 224 136 231 149 235 163 237 176 234 187 227 195 218 201 206 203 193 203 180 203 167 203 154 113 143 118 135 128 132 137 132 147 134 163 133 173 130 182 129 191 132 196 140 156 146 157 155 158 163 159 173 148 184 153 185 159 185 164 184 169 183 124 152 129 149 136 149 143 152 136 153 129 154 168 151 174 148 181 147 186 149 181 152 174 152 140 206 147 202 154 199 160 201 166 199 173 201 179 205 174 210 167 212 161 213 155 212 148 210 143 206 155 204 160 205 166 204 176 205 166 205 161 206 155 206
106 176 108 189 110 202 115 214 124 224 136 231 149 235 163 237 176 234 187 227 195 218 201 207 203 194 203 181 203 168 203 155 113 144 118 136 128 132 138 132 147 135 163 133 173 130 182 129 191 132 196 140 156 146 157 155 158 163 159 172 148 184 153 185 159 186 164 185 169 183 124 152 129 149 136 149 143 152 136 154 130 154 168 151 174 147 181 147 186 149 181 152 174 152 140 206 147 202 154 199 160 201 165 199 173 201 179 205 174 210 167 212 161 213 155 212 148 210 143 206 155 204 160 205 166 204 176 205 166 205 161 206 155 206
105 175 108 188 110 202 115 213 124 223 136 230 149 235 163 237 176 234 187 227 196 218 201 206 203 193 203 180 203 167 203 155 113 144 118 136 127 132 137 132 147 135 163 134 172 130 182 129 191 132 196 140 156 146 157 155 158 164 159 173 148 184 153 185 159 186 164 184 169 183 124 152 129 149 136 149 143 152 136 154 129 154 168 151 174 147 181 147 187 149 181 152 174 152 140 206 147 202 154 199 160 201 166 199 173 201 179 205 174 210 167 212 161 213 155 212 148 210 143 206 155 204 160 205 166 204 176 205 166 205 161 206 155 205
106 175 108 189 111 202 116 214 124 224 136 231 149 236 163 237 176 234 187 227 196 218 201 206 203 193 204 179 204 167 204 154 113 144 118 136 127 132 137 133 147 135 163 133 172 130 182 130 191 132 196 139 156 146 157 155 158 164 159 173 148 184 153 185 159 186 164 185 169 184 124 152 129 150 136 149 143 152 136 154 130 154 168 151 174 148 180 148 186 149 181 152 174 152 140 206 147 202 155 200 160 201 166 199 173 201 179 205 174 210 167 212 161 213 155 213 148 211 143 206 155 204 160 205 166 204 176 205 166 206 161 206 155 206
106 176 108 189 110 203 116 214 125 224 137 231 150 235 163 237 177 234 187 227 196 218 201 206 203 193 203 180 204 167 204 154 113 144 118 136 127 132 137 133 147 135 163 134 173 130 182 129 191 132 197 140 156 147 157 155 158 164 159 173 148 184 154 185 159 186 164 185 169 184 124 152 130 149 136 149 143 152 136 154 130 154 168 151 174 148 181 147 186 149 181 152 175 152 140 206 148 202 155 200 160 201 166 199 173 201 179 205 174 210 168 212 162 213 156 213 148 210 144 206 155 204 161 205 166 204 176 205 167 206 161 206 156 206
106 175 108 189 111 202 116 214 125 224 137 231 150 235 163 237 176 234 187 227 196 218 201 206 203 193 204 180 204 167 204 154 113 144 119 136 128 132 137 133 147 135 164 134 173 131 182 130 191 132 197 140 156 147 157 155 158 164 159 173 148 184 154 185 159 186 164 185 170 184 124 152 130 149 136 149 143 152 136 154 130 154 169 151 174 148 181 147 187 150 182 152 175 152 140 206 147 202 155 200 160 201 166 199 173 201 180 205 174 210 168 213 162 213 156 213 148 211 144 206 155 205 161 205 166 204 176 205 167 206 161 206 156 206
