99 179 100 193 102 208 107 222 117 233 130 241 144 247 159 248 173 246 183 238 192 228 197 216 199 202 200 189 200 175 200 162 110 149 117 142 127 139 138 140 148 143 165 144 174 141 183 140 192 142 196 150 157 155 158 165 159 175 160 185 146 195 152 196 158 197 164 196 169 195 121 157 127 153 135 154 141 159 135 160 127 160 168 159 174 154 181 154 187 158 182 161 175 161 136 216 144 213 152 211 158 213 164 211 171 213 177 217 171 222 165 225 159 225 152 225 144 222 139 216 152 216 158 217 164 216 174 217 164 217 159 218 153 217
99 178 100 193 102 208 107 221 117 232 129 241 143 247 158 249 172 246 182 238 191 229 196 216 198 203 199 189 200 175 200 161 110 149 117 141 127 139 137 140 147 143 165 143 173 140 183 140 191 142 196 150 157 155 158 165 158 175 159 185 146 195 152 196 158 197 163 196 168 195 121 157 127 153 134 154 141 159 134 160 127 160 168 160 174 154 181 154 187 158 182 161 175 161 135 216 143 213 151 211 157 213 163 211 170 213 176 217 171 222 165 224 158 225 152 224 143 221 139 216 151 216 157 217 163 216 173 217 164 217 158 218 152 217
100 178 101 193 103 208 108 221 117 232 130 241 143 247 158 249 172 246 183 239 192 228 197 216 199 202 199 188 200 175 200 161 110 149 117 141 127 139 137 140 147 143 165 143 174 140 183 139 192 142 196 150 157 155 157 165 158 175 159 185 146 195 152 196 158 197 163 196 168 195 121 157 127 153 135 153 141 159 134 160 127 160 168 159 174 154 181 154 187 157 182 161 174 161 135 216 143 213 151 211 157 213 163 211 170 213 176 216 171 221 164 224 158 225 152 224 143 221 139 216 151 216 157 217 163 216 173 217 164 217 158 218 152 217
99 177 100 192 103 207 108 220 117 232 129 241 143 247 158 248 172 246 182 238 191 228 196 216 198 202 198 188 199 174 200 161 110 149 117 141 127 139 137 140 147 143 164 143 173 140 183 139 192 142 196 150 156 155 157 165 158 175 159 185 145 194 151 196 157 197 163 196 168 195 121 156 127 153 134 153 141 159 134 160 126 160 168 159 174 154 181 154 187 157 182 160 174 161 135 216 143 213 151 211 157 213 163 211 170 213 176 217 171 222 164 225 158 225 152 224 143 222 139 216 151 216 157 217 163 216 173 217 164 217 158 218 152 217
99 178 100 192 102 207 108 221 117 232 129 241 143 247 158 249 172 246 183 238 191 228 196 216 198 202 199 188 200 175 200 162 110 149 117 141 127 139 137 140 147 143 164 143 173 140 183 139 192 142 196 150 156 155 157 165 158 175 159 185 145 194 151 195 157 197 163 196 168 195 121 157 127 153 134 153 141 159 134 160 126 160 168 159 174 154 181 154 187 157 182 161 174 161 135 216 143 213 151 211 157 213 163 211 170 213 176 217 171 222 164 225 158 225 151 225 143 222 138 216 151 216 157 217 163 216 173 217 164 217 158 218 151 217
99 178 100 193 102 207 108 221 117 232 129 241 142 247 157 249 171 247 182 239 191 229 196 216 198 203 199 189 200 175 200 162 110 149 116 141 126 139 137 140 147 143 165 143 174 140 183 139 192 142 196 150 156 155 157 165 158 174 158 185 145 194 151 196 157 197 163 196 168 195 121 157 127 153 134 153 141 159 134 160 126 160 168 159 174 154 181 154 187 157 182 161 174 161 136 216 143 213 151 211 157 213 163 211 170 213 176 217 170 222 164 224 158 225 152 224 143 221 139 216 151 216 157 217 163 216 172 217 163 217 158 218 152 217
99 178 100 193 102 208 108 221 117 233 129 242 143 248 157 250 171 247 182 239 191 229 196 216 198 202 198 189 199 175 200 162 110 148 117 141 127 139 137 140 147 142 165 142 174 140 183 139 192 142 196 150 157 155 157 165 158 174 159 185 145 194 151 195 157 197 163 196 168 195 121 157 127 153 134 153 140 159 134 160 126 160 168 159 174 154 181 154 186 157 181 160 174 160 135 216 143 213 151 211 157 213 163 211 169 213 175 217 170 222 164 225 158 225 151 225 143 222 138 216 151 216 157 217 163 216 172 217 163 218 158 218 152 217
99 178 101 193 103 208 108 221 117 233 129 242 143 248 157 251 171 248 181 239 190 229 196 216 198 203 199 188 200 175 200 161 110 149 116 141 126 139 137 140 147 143 164 142 174 140 183 139 192 142 196 150 156 154 157 164 158 174 158 184 145 194 151 195 157 197 163 196 168 194 121 156 127 153 134 153 141 159 134 160 126 160 167 159 174 154 181 153 186 157 181 161 174 160 135 216 143 213 151 211 157 213 162 211 169 213 175 217 170 223 163 226 158 226 151 225 143 222 139 217 151 216 157 216 162 216 172 217 163 218 157 219 151 218
99 178 100 193 103 208 108 221 117 233 129 242 142 249 157 251 171 248 181 240 190 229 196 217 198 203 199 188 199 175 200 161 110 148 116 141 126 139 136 140 147 142 165 142 174 140 183 139 192 142 196 150 156 155 157 164 158 174 158 184 145 194 151 195 157 197 162 196 168 194 121 156 127 153 134 153 141 158 134 160 126 160 167 159 174 154 181 153 186 157 181 161 174 161 135 217 143 213 151 211 157 212 163 211 169 213 175 217 170 224 164 227 157 228 151 227 143 224 139 217 151 216 157 216 163 216 172 217 163 219 157 220 151 219
98 178 100 193 102 208 108 222 117 233 129 243 142 249 157 251 170 248 181 240 189 230 195 217 197 203 198 189 199 175 200 161 109 148 116 141 126 139 136 140 146 142 164 142 173 139 183 139 192 142 196 150 156 155 157 164 157 174 158 184 145 194 151 195 157 196 162 195 167 194 121 156 126 153 134 153 140 158 134 160 126 160 167 159 174 154 181 153 186 157 181 160 174 160 135 217 142 213 151 210 157 212 162 210 169 213 175 217 170 224 163 228 157 228 151 228 142 224 138 217 151 215 157 216 162 215 171 217 163 220 157 220 151 220
98 177 100 191 102 207 107 221 116 233 129 242 142 249 156 251 170 248 181 240 190 229 195 217 198 203 199 189 200 175 200 161 110 148 117 141 126 138 137 139 147 142 164 142 173 140 183 139 191 142 196 150 156 154 157 164 157 174 158 184 145 194 151 195 157 196 162 195 167 194 121 156 127 153 134 153 140 158 134 159 126 159 167 159 173 154 181 153 186 157 181 160 174 160 134 217 142 212 150 210 156 212 162 210 169 213 175 217 170 224 163 228 157 228 150 228 142 224 138 217 150 215 156 215 162 215 171 217 163 220 157 221 150 220
99 177 101 192 103 207 108 221 118 233 130 242 142 249 157 251 170 248 181 240 190 229 195 217 198 203 199 189 200 174 200 161 110 148 117 141 126 138 137 139 147 142 164 142 173 139 183 139 191 141 196 149 156 154 157 164 158 174 158 184 145 194 151 195 157 196 162 195 168 194 121 156 127 152 134 153 141 158 134 159 126 159 167 159 174 154 181 153 187 157 181 160 174 160 134 216 142 212 150 210 157 212 162 210 169 213 175 217 170 224 163 227 157 228 150 227 142 224 138 217 150 214 157 215 162 214 172 217 163 220 157 220 151 220
99 178 101 192 103 207 108 221 117 233 129 242 142 249 157 251 171 248 181 240 190 229 196 217 198 203 199 188 200 174 200 161 110 148 117 141 127 138 137 139 147 142 164 142 173 139 183 138 191 141 196 149 156 154 157 164 158 173 158 183 145 193 151 194 157 196 162 195 168 194 121 156 127 152 134 153 141 158 134 159 127 159 168 158 174 153 181 153 187 157 182 160 174 160 134 216 142 212 150 209 157 211 163 209 170 212 175 217 170 224 164 228 157 228 150 228 142 224 138 216 150 214 157 215 163 214 172 217 163 220 157 221 151 220
99 177 101 192 104 207 109 221 118 233 130 243 143 250 157 252 171 249 182 240 191 229 196 216 198 202 199 188 200 174 201 160 110 147 117 140 127 137 137 138 147 141 164 141 173 138 183 138 191 140 196 148 157 153 157 163 158 173 158 183 146 193 151 194 157 195 162 194 168 193 121 156 127 152 134 152 141 158 134 159 126 159 168 158 174 153 181 153 187 156 182 159 174 159 134 215 142 211 151 209 157 211 162 209 170 212 176 216 170 224 163 228 157 229 150 228 142 224 138 216 151 213 157 214 163 213 172 216 163 221 157 222 151 221
99 177 101 193 103 208 109 222 118 234 130 243 143 251 157 253 171 250 182 240 190 229 196 216 198 202 199 188 200 174 201 160 110 147 117 140 127 137 137 138 147 141 164 141 174 138 183 138 192 140 196 149 157 153 157 163 158 173 159 183 145 192 151 193 158 195 163 194 168 193 121 155 127 152 134 152 141 157 134 158 127 158 168 158 174 153 181 152 187 156 182 159 174 159 133 215 141 211 150 208 157 210 163 208 170 211 176 215 171 224 164 229 157 229 150 229 141 224 137 215 150 212 157 213 163 212 173 216 163 221 157 222 150 221
99 177 101 192 104 207 109 221 118 233 130 243 142 251 157 253 171 250 182 240 191 229 196 216 199 202 200 188 200 174 201 160 110 147 117 140 127 137 137 138 147 141 165 141 174 138 183 138 192 140 196 148 157 153 157 163 158 173 158 183 145 192 151 194 157 195 163 194 168 192 121 155 127 151 134 152 141 157 134 158 127 158 168 158 174 153 181 152 187 156 182 159 174 159 133 215 141 210 150 208 157 210 163 208 170 211 176 215 171 224 163 228 157 229 150 229 141 224 137 215 150 212 157 213 163 212 173 215 163 221 157 222 150 221
99 177 101 192 104 208 109 221 118 233 129 243 142 250 157 252 171 249 182 240 190 229 195 216 198 202 199 188 200 174 200 160 110 147 117 140 127 137 137 138 147 141 165 141 174 139 183 138 192 141 196 149 156 153 157 163 158 173 158 183 145 193 151 194 157 195 163 194 168 193 121 156 127 152 134 152 141 158 134 159 127 159 168 158 174 153 181 153 187 156 182 159 174 159 134 215 141 211 150 208 157 210 163 208 170 211 176 216 171 224 164 228 157 229 150 228 141 224 137 215 150 212 157 213 163 212 173 216 163 221 157 222 150 221
99 176 101 191 103 206 108 220 117 232 129 241 143 248 158 250 172 247 183 239 192 228 197 215 199 201 199 187 200 173 201 160 110 147 117 140 127 137 137 138 147 141 164 141 173 139 183 138 191 141 196 148 157 153 157 163 158 173 158 183 146 193 151 194 157 196 163 194 168 193 121 155 127 151 134 152 141 157 134 158 127 158 168 158 174 153 181 152 187 156 182 159 174 159 135 215 143 212 151 209 157 211 163 209 170 212 176 216 171 223 164 226 158 226 152 226 143 222 139 216 151 214 157 215 163 214 173 216 164 219 158 219 152 219
99 176 101 190 103 205 108 219 117 231 129 240 142 247 158 249 172 246 183 238 192 228 197 215 199 201 199 187 200 173 201 160 110 147 117 140 127 137 137 138 147 141 164 141 173 139 183 138 191 141 196 148 157 153 157 163 158 173 159 183 146 193 152 194 158 196 163 195 168 193 121 155 127 151 134 152 141 157 134 158 127 158 168 158 174 153 181 152 187 156 182 159 174 159 136 215 144 212 151 210 157 212 163 210 170 213 176 216 171 222 164 224 158 224 152 223 144 221 140 215 151 215 158 216 163 215 173 216 164 217 158 217 152 216
99 176 101 191 103 206 108 220 117 231 129 241 143 247 158 249 172 246 183 238 192 228 197 215 199 201 199 187 200 173 200 160 110 147 117 139 126 137 137 138 147 141 164 141 173 138 183 137 192 140 196 148 156 153 157 163 158 173 158 183 146 193 152 194 157 195 163 194 168 193 121 155 127 151 134 152 141 157 134 158 126 158 168 157 174 152 181 152 187 156 182 159 174 159 136 215 144 211 152 209 158 211 164 209 171 212 176 216 171 221 165 224 159 224 152 224 144 221 140 215 152 214 158 215 164 214 173 216 164 216 158 217 152 216
99 175 101 190 103 205 108 219 117 231 129 241 143 248 158 250 172 247 183 239 192 228 197 215 199 200 199 186 200 172 201 159 110 146 117 139 127 137 137 138 147 141 164 141 173 138 183 137 191 140 196 148 156 153 157 163 157 173 158 183 146 192 151 193 157 195 163 194 168 192 121 155 127 151 134 152 141 157 134 158 126 158 168 157 174 152 181 152 187 156 181 159 174 159 136 215 143 211 151 208 157 210 163 208 170 211 176 216 171 223 165 226 158 226 152 226 143 222 140 215 151 213 157 213 163 213 172 216 164 218 158 219 152 218
99 175 101 189 103 205 108 219 116 231 128 241 142 248 157 250 172 247 183 239 192 228 198 215 199 201 200 186 200 172 201 159 110 146 117 139 127 137 137 138 147 141 164 140 173 138 183 137 191 140 196 147 156 152 157 162 157 172 158 182 145 192 151 193 157 195 162 193 167 192 121 155 127 151 134 152 141 157 134 158 127 158 168 157 174 152 181 152 187 155 181 159 174 158 136 215 143 211 151 209 157 211 162 209 169 211 175 215 170 221 164 224 158 224 151 224 143 221 139 215 151 214 157 215 162 214 172 215 163 217 157 218 151 217
99 174 101 189 103 204 108 219 117 231 128 241 142 248 157 250 172 247 183 238 192 228 197 215 199 200 199 186 200 172 200 159 110 146 117 139 127 136 137 138 147 141 164 140 173 138 183 137 192 140 196 147 156 152 157 162 157 172 158 183 146 192 151 193 157 194 162 193 167 192 121 154 127 151 134 152 141 157 134 158 127 158 168 157 174 152 181 152 186 155 181 158 174 158 136 214 144 211 152 210 157 211 162 209 169 211 175 214 170 220 163 223 158 224 152 223 144 220 140 214 152 214 157 214 162 213 172 215 163 217 158 217 152 217
100 175 102 190 104 205 109 219 117 231 129 241 143 248 158 250 172 247 183 239 192 228 197 215 199 201 199 186 200 172 200 159 110 146 117 139 126 136 137 137 146 140 164 140 173 137 183 137 191 139 196 147 156 152 157 162 157 172 158 182 146 192 151 193 157 195 162 194 167 192 121 155 127 151 134 151 141 156 134 158 126 158 167 157 173 152 181 152 186 155 181 158 174 158 136 214 144 212 151 210 157 211 162 210 169 212 176 215 170 221 163 224 158 224 152 224 144 221 139 215 151 214 157 215 162 214 173 215 163 217 158 218 152 217
99 177 100 192 102 207 107 221 117 233 129 243 142 250 157 252 171 248 182 239 191 228 197 216 199 201 199 187 200 173 200 159 110 147 117 139 127 137 137 138 147 141 164 141 174 138 183 137 192 140 196 148 156 153 157 163 158 172 158 183 145 193 151 194 157 195 162 194 167 193 121 155 127 152 134 152 141 157 134 158 126 158 168 157 174 152 181 152 186 156 181 159 174 159 135 215 142 212 151 209 157 211 162 209 169 212 175 215 170 223 163 227 157 228 151 227 142 223 138 216 151 215 157 215 162 215 172 216 163 219 157 220 151 220
100 177 101 192 104 207 109 221 118 233 130 243 142 250 157 253 171 250 182 241 190 230 196 216 198 202 199 188 200 174 201 160 110 148 117 140 127 138 137 139 147 141 164 142 173 139 183 138 192 141 196 149 156 154 157 163 157 173 158 183 145 193 151 194 157 196 162 195 168 193 121 156 127 152 134 152 141 158 134 159 126 159 168 158 174 153 181 153 187 156 182 159 174 159 134 216 141 212 150 209 157 211 162 209 170 212 176 216 171 225 164 229 157 230 150 229 141 225 137 216 150 214 157 215 163 214 173 216 163 221 157 222 150 221
99 178 100 193 102 208 108 222 117 234 129 244 142 251 157 254 171 250 181 241 190 230 196 217 199 203 200 189 200 174 201 161 110 148 117 140 127 138 138 139 148 142 164 142 174 139 183 138 192 141 196 149 157 154 157 164 158 174 158 184 145 193 151 195 157 196 163 195 168 194 121 156 127 152 134 153 141 158 134 159 126 159 168 159 174 153 181 153 187 157 182 160 174 160 133 216 141 212 150 209 157 211 163 209 171 212 176 216 171 225 164 230 157 231 150 230 141 225 137 216 150 214 157 215 163 214 173 217 163 222 157 223 150 222
99 178 100 193 102 209 108 223 118 235 129 245 142 252 157 255 171 251 181 242 190 231 196 218 199 204 200 189 200 175 201 161 111 148 117 141 127 138 137 139 147 142 165 142 174 139 183 139 192 142 196 149 157 154 157 164 158 174 158 184 145 193 151 195 157 196 163 195 168 194 121 156 127 152 134 153 141 158 134 159 127 159 168 158 174 154 181 153 187 157 182 160 174 160 133 216 141 211 150 209 156 211 163 209 171 212 176 216 171 226 164 231 157 232 150 231 140 226 136 216 150 214 156 214 163 214 173 216 163 223 157 224 150 223
100 177 101 192 103 208 109 222 118 234 130 244 143 251 157 253 171 250 182 241 190 230 196 217 199 203 200 189 200 175 201 161 110 148 117 141 127 138 137 139 147 142 165 142 174 140 184 139 192 142 196 150 157 154 157 164 158 174 158 184 145 193 151 195 157 196 163 195 168 194 121 156 127 152 135 153 141 158 135 159 127 159 168 159 174 154 181 153 187 157 182 160 175 160 134 216 141 211 150 208 156 210 163 209 170 211 176 216 171 225 164 230 157 231 150 230 141 225 137 216 150 212 156 213 163 213 173 216 163 222 156 223 150 222
100 177 101 192 103 207 109 221 118 233 129 242 142 249 157 251 171 248 181 240 190 230 196 217 198 203 200 189 200 175 201 161 111 148 117 140 127 138 138 139 148 142 165 143 174 140 184 139 193 142 197 150 157 154 157 164 158 174 158 184 145 193 151 194 157 196 163 195 168 194 122 156 128 152 135 153 142 158 135 159 127 159 168 159 174 154 182 154 187 157 182 160 175 160 133 215 141 210 150 208 156 210 162 208 170 211 176 216 170 224 163 227 157 228 150 227 141 223 136 215 150 211 156 212 162 212 173 216 163 221 156 221 150 221
100 177 101 191 103 207 108 221 117 232 129 242 142 249 156 251 171 248 182 240 191 229 197 217 199 203 200 189 201 175 201 161 110 147 117 140 127 138 137 139 147 142 165 142 174 140 184 139 192 142 197 149 156 154 157 164 157 174 158 185 145 193 150 195 157 196 162 195 168 194 121 156 127 152 135 153 141 158 134 159 127 159 168 159 174 154 181 154 187 157 182 160 174 160 133 215 141 210 149 208 156 210 162 208 170 211 176 216 170 223 163 227 156 227 149 226 141 222 136 215 149 211 156 212 162 212 172 216 162 220 156 220 149 220
99 177 101 192 103 207 108 221 117 232 129 242 142 249 156 251 171 248 182 239 191 229 197 217 199 203 200 189 201 175 201 161 110 148 117 140 127 138 137 139 147 142 164 143 173 140 183 139 192 142 197 150 156 154 157 164 157 174 158 185 144 193 150 195 157 196 162 195 168 194 121 156 127 152 134 153 141 158 134 159 127 159 168 159 174 154 181 154 187 157 182 160 174 160 133 215 141 210 150 208 156 210 162 208 170 211 176 216 170 223 163 227 156 227 149 227 141 223 136 215 150 211 156 212 162 212 172 216 162 220 156 220 149 220
99 177 101 192 103 207 108 221 117 233 129 242 142 249 156 251 170 248 182 240 191 230 197 217 199 203 200 189 201 175 202 161 110 148 117 141 127 138 137 139 147 142 164 143 174 140 183 139 192 142 197 150 156 155 157 165 157 174 158 185 144 193 150 195 157 197 162 195 168 194 121 156 127 152 134 153 141 158 134 159 126 159 168 159 174 154 181 154 187 157 182 160 174 160 133 215 141 211 150 208 156 210 162 209 170 212 176 216 170 223 163 227 156 228 149 227 141 223 136 215 150 212 156 213 162 212 172 216 162 220 156 221 150 220
100 177 101 192 104 207 109 221 118 232 130 242 142 249 156 251 170 249 181 240 190 230 196 217 199 203 200 189 201 175 201 161 110 148 117 141 127 138 137 139 147 142 164 142 174 140 183 139 192 142 197 150 157 154 157 164 157 174 158 184 145 193 151 195 157 196 163 195 168 194 121 156 127 152 134 153 141 158 134 159 127 159 168 159 174 154 181 154 187 157 182 160 174 160 134 215 142 211 150 208 156 210 162 209 170 212 175 216 170 224 163 228 156 229 150 228 141 223 138 215 150 212 156 213 162 213 172 217 163 221 156 221 150 220
99 177 100 192 102 207 108 221 117 233 129 243 142 251 156 253 170 251 182 242 191 231 197 218 200 204 201 189 201 175 202 161 111 148 118 140 128 138 138 139 148 142 165 142 174 140 184 139 192 142 197 150 157 154 157 164 158 174 158 184 145 193 151 195 157 196 163 195 168 194 123 158 129 156 135 156 142 159 135 160 129 159 168 159 174 157 180 157 186 159 180 161 174 161 135 216 142 211 150 209 157 211 163 209 170 212 176 217 171 225 164 230 157 230 150 229 142 224 138 216 150 213 157 214 163 214 172 217 163 222 157 222 150 221
99 176 101 191 103 207 108 220 117 233 129 243 141 250 156 253 170 250 181 241 190 231 196 218 199 203 200 189 201 175 202 161 112 148 118 141 128 138 138 139 148 142 165 143 174 140 184 139 192 142 196 150 157 155 157 165 158 174 158 184 145 193 151 195 157 196 163 195 168 194 125 159 130 158 136 158 142 159 137 161 130 161 168 159 174 158 180 159 185 159 180 161 174 161 135 216 142 211 150 209 157 211 163 209 170 212 176 217 171 225 163 229 157 230 150 229 141 224 138 216 150 213 157 214 163 214 172 217 163 222 157 222 150 221
99 177 101 192 103 208 108 222 118 234 129 243 142 250 157 252 171 249 182 240 191 229 197 217 199 203 200 188 201 174 202 160 110 148 117 141 127 138 138 139 148 142 165 142 174 139 184 139 192 142 197 150 157 154 158 164 158 174 159 184 145 193 151 195 157 196 163 195 168 194 123 158 129 156 135 156 142 158 135 159 128 160 168 159 174 157 180 157 186 159 181 161 174 160 134 215 142 211 150 208 157 210 163 209 170 211 176 216 171 225 164 229 157 230 150 229 141 224 138 216 150 213 157 213 163 213 172 217 163 221 157 222 150 221
100 176 101 191 103 207 108 220 117 232 129 242 142 250 157 252 171 249 182 240 191 229 197 217 199 203 200 189 201 175 201 162 110 148 117 140 127 138 137 139 148 142 165 142 174 139 184 139 192 142 197 150 157 154 157 164 158 174 158 184 145 193 151 195 157 196 163 195 168 194 122 157 128 154 135 155 142 158 135 159 128 159 168 159 174 156 181 156 187 158 181 160 174 160 134 215 142 211 150 208 157 210 163 209 170 212 176 216 171 224 164 228 157 229 150 228 141 224 137 215 150 212 157 213 163 213 172 216 163 221 157 221 150 220
99 176 101 191 102 206 107 220 117 232 129 242 142 249 156 251 171 248 182 240 191 229 196 217 199 203 200 188 200 174 201 160 110 148 116 140 127 137 138 139 148 142 164 142 174 139 183 138 192 141 197 149 157 154 157 164 158 174 158 184 145 193 151 194 157 196 163 195 168 194 122 156 128 154 134 154 141 158 134 159 127 159 168 159 174 155 181 155 186 158 181 160 174 160 134 215 141 211 150 208 156 210 162 209 170 211 176 216 170 224 163 227 157 228 150 227 141 223 137 215 150 212 156 213 162 213 172 216 163 220 157 221 150 220
99 177 100 192 103 207 108 221 117 233 129 242 142 249 157 251 171 248 182 240 190 229 196 217 198 203 199 188 200 174 201 161 110 148 116 140 127 137 137 139 147 142 164 142 174 139 183 138 192 141 196 149 156 154 157 164 157 173 158 184 145 193 151 194 157 196 162 195 168 193 122 157 128 155 134 155 141 158 134 159 128 159 168 159 174 156 180 156 186 158 181 160 174 160 134 215 141 210 150 208 156 210 162 208 170 211 176 216 170 223 163 227 157 227 150 227 141 223 137 215 150 212 156 213 162 212 172 216 163 220 157 220 150 220
99 177 100 192 103 207 108 221 117 232 129 242 141 249 155 251 170 249 181 241 190 230 196 217 199 203 200 188 200 174 201 160 110 148 116 140 127 138 137 139 147 142 164 142 173 139 183 138 192 141 196 149 156 154 157 164 157 174 158 184 145 193 151 194 157 196 162 194 168 193 123 158 129 157 135 157 141 158 135 160 129 160 167 159 173 157 179 158 185 159 179 161 173 161 134 215 142 210 150 208 156 210 163 209 170 211 176 216 170 224 163 227 156 228 150 227 141 223 137 215 150 212 156 213 163 213 172 216 163 220 156 221 150 220
98 177 100 192 103 207 108 221 117 233 129 243 142 249 157 251 171 248 182 240 191 229 197 217 199 202 200 188 200 174 201 161 110 148 116 140 126 137 137 138 147 142 164 142 173 139 183 138 191 141 196 149 156 154 157 164 157 173 158 183 145 193 151 194 157 196 162 195 167 193 122 157 128 156 134 156 141 158 134 159 128 159 167 159 174 156 180 157 185 158 180 160 174 160 134 215 141 210 150 208 156 210 162 208 170 211 175 216 170 224 163 228 157 229 150 228 141 224 137 215 150 212 156 213 162 212 172 216 163 221 156 221 150 220
99 176 100 191 103 206 108 220 117 232 129 242 142 249 156 251 170 248 181 239 190 229 196 216 198 202 199 188 200 174 201 161 110 147 117 140 127 137 137 138 147 141 164 142 173 139 183 138 192 141 196 149 156 153 157 163 157 173 158 184 145 193 151 194 157 195 162 194 167 193 122 156 127 154 134 154 141 158 134 159 127 159 168 158 173 155 180 155 186 157 180 160 174 160 134 215 141 210 150 208 156 210 162 208 170 211 176 216 170 224 163 227 157 228 150 227 141 223 137 215 150 212 156 213 162 212 172 216 163 220 156 221 150 220
99 176 100 191 102 206 107 220 116 232 128 241 142 248 157 249 171 247 182 239 191 228 197 216 199 202 199 187 200 173 201 160 110 147 116 139 127 137 137 138 147 141 164 141 173 138 183 138 192 141 196 149 156 153 157 163 157 173 158 183 145 192 151 193 157 195 162 194 167 192 121 156 127 153 134 154 140 157 134 158 127 158 167 158 173 154 180 154 185 157 180 159 174 159 134 215 142 210 150 208 156 210 162 208 170 211 175 215 170 222 163 225 157 226 150 225 142 222 137 215 150 212 156 213 162 212 172 215 163 218 157 219 150 218
98 175 100 190 102 205 107 219 116 231 128 240 141 247 156 249 170 247 182 239 191 228 197 215 199 201 200 187 200 173 201 159 110 147 116 139 126 136 137 137 147 140 164 141 173 138 183 137 191 140 196 149 156 153 156 163 157 172 157 182 145 192 150 193 157 195 162 193 167 192 124 157 129 156 135 156 141 158 135 159 129 159 167 158 173 157 179 157 184 158 179 160 173 160 134 214 142 210 150 208 156 210 162 208 170 210 175 215 170 221 163 224 157 224 150 224 142 220 138 214 150 213 156 213 162 213 172 215 163 217 157 217 150 216
98 176 100 191 102 206 107 219 116 231 128 240 141 247 156 248 171 246 182 238 191 228 197 215 199 201 200 187 200 174 200 160 110 147 116 139 126 136 136 137 146 140 164 140 173 137 183 137 191 140 195 148 156 153 156 162 157 172 157 182 145 192 150 193 157 194 162 193 167 192 124 158 129 157 135 157 141 158 135 160 129 160 167 158 173 158 178 158 184 158 179 160 173 160 134 213 142 210 150 208 156 210 162 208 169 210 175 214 169 220 163 223 157 223 150 223 142 220 138 214 150 213 156 214 162 213 172 214 162 216 157 216 150 215
98 175 100 190 102 205 106 219 116 231 128 240 141 247 156 248 171 246 182 238 192 228 197 215 199 201 200 187 200 173 201 159 110 147 116 139 126 136 136 137 146 140 164 140 174 137 183 136 191 140 195 148 156 152 157 162 157 172 158 182 145 191 151 192 157 194 162 193 167 191 123 157 129 156 135 156 141 157 135 158 129 159 167 158 173 156 179 157 184 158 179 160 173 159 134 213 142 210 150 208 156 210 162 208 169 210 175 214 170 219 163 222 157 223 150 222 142 219 138 213 150 213 156 213 162 213 172 214 163 215 157 216 151 215
99 177 100 191 102 206 107 220 117 231 129 240 142 246 157 248 171 245 182 238 191 228 197 215 199 202 199 188 200 174 200 160 110 147 116 139 126 136 137 137 147 140 164 140 173 137 183 136 191 140 195 148 156 152 157 162 157 171 158 182 145 191 151 192 157 194 162 193 167 191 122 156 128 154 134 154 141 156 134 158 128 158 167 157 173 155 179 155 184 157 179 159 173 159 135 213 143 210 151 208 157 210 162 208 169 210 176 213 170 218 163 221 157 222 151 221 143 219 138 213 151 213 157 213 162 213 173 213 163 215 157 215 151 215
99 175 100 190 102 205 107 219 116 230 128 239 142 245 157 247 172 244 183 237 192 227 197 214 199 200 199 186 200 173 200 159 110 146 116 138 127 136 137 137 147 140 164 140 173 137 183 136 192 139 196 148 156 152 157 162 158 172 158 182 145 191 151 192 157 194 163 193 168 192 122 155 128 153 134 154 141 157 134 158 128 158 167 157 173 154 180 154 185 156 180 158 173 158 135 213 143 210 151 208 157 209 163 208 170 210 176 213 170 218 164 221 158 221 151 221 143 218 138 213 151 212 157 213 163 212 173 213 163 214 157 215 151 215
99 175 100 190 102 205 107 218 116 230 128 239 142 245 157 247 171 244 183 237 192 227 197 215 199 201 199 187 200 173 200 160 110 146 117 138 127 136 137 137 147 140 164 140 173 137 183 136 192 139 196 147 156 152 157 162 157 172 158 182 145 192 151 193 157 194 163 193 168 192 122 155 128 153 134 153 141 157 134 158 127 158 168 157 174 154 180 154 186 156 181 159 174 158 135 213 143 210 151 208 157 210 163 208 170 210 177 213 171 218 164 221 158 222 151 221 143 218 138 213 151 213 157 214 163 213 173 213 164 214 158 215 151 215
99 176 100 191 103 206 108 219 117 230 129 239 143 245 158 246 172 244 183 237 192 227 197 215 199 201 199 187 199 174 200 160 110 147 117 139 127 136 137 137 147 140 164 140 173 137 183 137 192 140 196 148 156 152 157 162 158 172 158 182 146 192 151 193 157 194 163 193 168 192 122 155 127 152 134 153 141 157 134 158 127 158 167 157 174 153 180 153 186 156 181 159 174 159 135 213 143 210 151 208 157 210 163 208 170 210 177 213 171 218 165 221 158 222 152 221 143 218 139 213 151 213 157 214 163 213 173 213 164 214 158 215 152 214
99 177 100 192 103 207 108 220 117 231 130 239 144 245 158 247 172 244 183 237 192 228 197 215 199 202 199 188 200 174 200 161 110 148 116 139 126 137 137 138 147 141 164 141 173 138 183 137 192 140 196 149 156 153 157 162 158 172 159 182 146 192 152 193 158 194 163 193 168 192 121 155 127 152 134 153 141 157 134 158 127 158 167 157 174 153 181 153 186 156 181 159 174 159 135 213 143 210 152 208 158 210 163 208 171 210 177 213 171 219 165 221 159 222 152 221 144 219 139 213 152 213 158 214 164 213 174 214 164 215 158 215 152 215
99 176 101 191 103 206 108 219 117 230 130 239 143 245 158 247 172 244 183 237 192 227 197 215 199 201 199 187 200 173 200 160 110 148 116 140 127 137 137 138 147 141 164 141 173 138 183 137 192 140 196 148 157 153 157 163 158 172 159 182 146 193 152 194 158 195 163 194 168 193 122 156 127 153 134 153 141 157 134 158 127 158 168 158 174 154 181 153 186 156 181 159 174 159 135 213 143 211 151 209 158 210 164 208 171 211 177 214 171 219 165 222 158 222 152 222 143 219 139 214 151 213 158 214 164 213 174 214 164 215 158 215 152 215
99 177 100 192 102 207 107 220 117 231 130 240 144 245 159 247 173 244 183 237 192 227 197 215 199 201 199 187 200 174 200 161 110 148 117 140 127 137 137 138 147 141 165 141 174 138 183 137 192 140 196 148 157 153 158 163 159 172 159 182 146 193 152 194 158 195 163 194 169 193 122 157 128 154 134 154 141 158 134 159 128 159 168 158 174 155 181 155 186 157 181 160 174 159 135 214 143 211 152 209 158 210 164 208 171 211 177 214 171 219 165 222 159 222 152 222 144 219 139 214 152 214 158 214 164 213 173 214 164 215 158 216 152 215
99 177 101 192 103 206 108 220 117 231 130 239 144 245 159 247 173 244 184 237 192 227 197 215 199 201 199 187 200 174 200 161 110 148 116 140 126 137 137 138 147 141 165 140 174 138 184 137 192 140 196 149 157 153 158 163 158 173 159 183 146 193 152 194 158 195 163 194 169 193 122 157 127 154 134 154 141 158 134 159 127 159 168 158 174 155 181 155 186 157 181 160 174 160 136 214 144 211 152 209 158 211 163 209 170 211 177 214 171 219 165 222 159 222 152 222 144 219 139 214 152 214 158 215 164 214 174 215 164 215 158 216 152 215
99 177 101 191 103 206 107 219 117 231 130 239 144 245 159 247 172 244 183 237 192 227 197 215 199 201 199 187 200 173 201 160 110 147 117 140 127 137 137 139 147 142 165 142 174 139 183 138 192 141 196 149 157 154 158 163 159 173 160 183 146 193 152 194 158 195 164 194 169 193 122 156 128 154 134 154 141 158 135 159 128 159 168 158 174 155 181 155 186 157 181 160 174 160 136 214 144 211 152 209 158 211 164 209 171 212 177 215 171 220 165 222 159 223 152 222 144 219 139 214 152 214 158 215 164 214 174 215 164 216 159 216 152 215
99 176 101 191 102 206 107 219 117 231 129 239 143 246 157 248 171 245 182 238 191 228 197 215 199 202 199 188 200 174 201 160 110 148 117 140 127 138 137 139 147 142 165 141 174 139 184 138 193 141 197 149 157 154 158 164 158 173 159 184 146 193 152 195 158 196 164 195 169 194 122 157 128 154 134 155 141 158 135 159 128 159 168 159 174 155 181 155 187 157 181 160 174 160 136 214 144 212 152 209 158 211 164 209 171 212 177 215 171 220 165 222 159 223 152 222 144 220 139 215 152 214 158 215 164 214 174 215 164 216 158 216 152 216
99 177 101 192 103 206 108 220 117 231 130 240 143 246 158 248 172 245 183 238 192 228 197 216 199 202 200 188 200 174 201 161 110 148 117 141 127 138 137 139 148 142 165 142 174 139 184 138 193 141 197 149 157 154 158 164 158 174 159 184 146 194 152 195 158 196 164 195 169 194 122 157 128 155 135 155 142 158 135 160 128 160 168 159 174 155 181 155 187 158 181 160 174 160 136 215 144 212 152 210 158 211 164 209 171 212 177 215 171 220 165 222 159 223 152 223 144 220 139 215 152 214 158 215 164 214 174 215 164 216 159 216 152 216
99 177 101 192 103 207 108 220 117 231 129 240 143 246 158 248 172 245 183 238 192 228 197 216 199 202 200 188 201 174 201 161 111 149 117 141 127 138 137 139 148 142 165 142 174 139 184 138 192 141 196 149 157 154 158 164 158 174 159 184 146 194 152 195 158 196 164 195 169 194 122 157 128 155 135 155 142 159 135 160 128 160 168 159 174 155 181 155 187 158 182 160 175 160 135 215 144 212 152 210 158 211 164 210 171 212 177 215 171 220 165 223 159 224 152 223 144 220 139 215 152 215 158 215 164 215 174 215 165 216 159 217 152 216
99 178 101 192 103 207 108 220 118 232 130 240 144 246 158 248 172 245 183 238 192 228 197 216 199 202 199 188 200 175 201 162 111 148 117 141 127 138 138 139 148 142 165 142 174 139 184 138 192 141 197 149 157 154 158 164 159 174 159 184 146 194 152 195 158 196 164 195 169 194 122 157 128 154 135 155 141 159 135 160 128 160 168 159 175 155 181 155 187 158 182 161 175 161 136 215 144 212 152 210 158 212 164 210 171 212 177 215 172 220 165 223 159 223 152 223 144 220 139 215 152 215 158 216 164 215 174 216 165 216 159 217 152 216
99 178 101 193 103 208 108 221 118 232 130 240 144 246 158 248 172 245 183 238 192 228 197 216 199 202 200 188 201 175 201 161 110 149 117 141 127 138 137 139 148 142 165 142 174 139 184 139 192 141 197 149 157 154 158 164 159 174 159 184 146 194 152 195 158 196 164 195 169 194 122 157 128 154 135 155 141 159 135 160 128 160 168 159 174 155 181 155 187 158 182 161 175 160 136 215 144 212 152 210 158 212 164 210 171 212 177 215 171 220 165 223 159 223 152 223 144 220 139 215 152 215 158 216 164 215 174 215 164 216 159 217 152 216
100 178 101 192 103 207 109 221 118 232 130 240 144 246 158 248 172 245 183 238 191 228 197 216 199 202 200 188 200 174 201 161 110 148 117 141 127 138 137 139 147 142 165 142 174 139 184 138 192 141 197 149 157 154 158 164 159 174 160 184 146 194 152 195 158 196 164 195 169 194 122 157 128 154 134 154 141 158 134 160 127 160 168 159 174 155 181 155 187 158 182 161 175 160 136 215 144 212 152 210 158 212 164 210 171 212 177 216 171 220 165 223 159 223 152 223 144 220 139 215 152 215 158 216 164 215 174 216 165 216 159 217 152 216
99 178 101 193 103 207 108 221 117 232 130 240 143 246 158 248 172 245 182 238 191 228 196 216 198 202 199 188 200 175 201 161 110 149 116 141 127 138 137 139 147 142 165 142 174 139 183 138 192 141 197 149 157 154 157 164 158 174 159 184 146 194 152 195 158 196 163 195 169 194 121 157 127 154 134 154 141 159 134 160 127 160 168 159 174 154 181 154 187 157 182 160 174 160 135 215 144 212 152 210 158 212 164 210 170 212 177 215 171 221 165 223 159 224 152 223 144 221 139 215 152 215 158 216 164 215 173 216 164 216 158 217 152 216
99 178 101 192 103 207 108 221 117 232 129 240 143 246 158 248 171 246 182 238 191 228 196 216 198 202 199 188 200 174 201 161 110 148 117 141 127 138 137 139 147 142 164 142 174 139 183 138 192 141 196 149 157 154 157 164 158 174 159 184 146 194 152 195 158 196 163 195 168 194 121 156 127 153 134 153 141 158 134 159 127 159 168 159 174 154 181 154 187 157 182 160 174 160 135 215 143 212 151 210 158 212 164 210 170 212 177 215 171 220 165 223 158 224 152 223 144 220 139 215 151 215 158 216 164 215 173 215 164 216 158 217 152 216
99 178 101 192 103 207 108 221 117 232 130 240 143 246 158 248 172 246 183 238 191 228 197 216 199 202 199 188 200 174 200 161 110 148 116 141 127 138 137 139 147 142 164 142 173 139 183 138 192 141 196 150 156 154 157 164 158 174 159 184 146 194 152 195 158 196 163 195 168 194 121 156 127 153 134 153 141 158 134 159 126 159 168 159 174 154 181 153 187 157 182 160 174 160 135 215 143 212 151 210 158 212 163 210 170 212 177 215 171 220 164 223 158 224 151 223 143 220 138 215 151 215 158 216 164 215 173 215 164 216 158 217 152 216
99 178 101 192 103 207 108 221 117 232 129 240 143 246 157 248 171 245 182 238 191 228 196 216 198 202 199 188 200 174 200 161 110 148 117 141 127 138 137 139 147 142 164 142 174 139 183 138 192 141 196 149 156 154 157 164 158 174 159 184 146 194 152 195 158 196 163 195 168 194 121 156 127 153 134 153 141 158 134 160 127 159 168 159 174 154 181 153 187 157 181 160 174 160 136 215 143 212 152 210 158 212 163 210 170 212 176 215 171 220 164 223 158 224 152 223 143 220 139 215 151 215 158 216 163 215 173 216 164 216 158 217 152 216
99 178 101 192 103 207 108 220 117 232 129 240 142 246 157 248 171 245 182 238 191 228 196 216 198 202 199 188 199 175 200 161 110 149 116 141 126 138 137 139 147 142 165 142 173 139 183 139 192 141 196 149 156 154 157 164 158 174 158 184 145 194 151 195 157 196 163 195 168 194 121 156 127 153 134 153 141 159 134 160 126 159 167 159 174 154 181 153 187 157 182 160 174 160 135 215 143 212 151 210 157 212 163 210 170 212 176 215 170 221 164 223 158 224 151 223 143 220 138 215 151 215 157 216 163 215 173 216 163 216 158 217 151 216
99 178 101 192 103 207 107 220 116 232 129 240 142 246 157 248 171 245 182 238 191 228 197 216 198 202 199 189 200 175 200 162 110 149 116 141 126 138 137 139 147 142 164 142 174 139 183 139 192 141 196 150 156 154 157 164 158 174 158 184 146 194 151 195 157 196 163 195 168 194 121 156 127 153 134 153 141 158 134 160 126 159 168 159 174 154 181 153 187 157 182 160 174 160 135 215 143 212 151 210 157 212 163 210 170 212 176 215 170 221 164 223 158 224 151 223 143 220 138 215 151 215 157 216 163 215 173 216 164 216 158 217 151 216
99 177 101 192 103 207 108 220 117 231 129 240 142 246 157 248 170 245 181 238 190 228 196 216 198 203 199 189 199 175 200 162 110 149 116 141 126 138 137 139 147 142 164 142 173 139 183 139 192 142 196 150 156 154 157 164 158 174 158 184 145 194 151 195 157 196 162 195 168 194 121 156 127 153 134 153 141 158 134 160 126 159 167 159 173 154 181 153 186 157 181 160 174 160 135 215 143 212 151 210 157 212 163 210 170 212 176 216 170 221 164 223 158 224 151 223 143 220 138 215 151 215 157 216 163 215 173 216 163 216 158 217 152 216
99 177 101 192 103 207 108 220 117 231 129 240 142 246 157 248 171 245 182 238 191 228 196 216 198 202 199 188 200 174 200 161 110 149 116 141 126 138 137 139 146 142 164 142 173 139 182 139 191 141 196 150 156 154 156 164 157 174 158 184 145 194 151 195 157 196 162 195 168 194 121 157 127 153 134 153 141 159 134 160 126 160 167 159 173 154 181 153 186 157 181 160 174 160 135 215 143 212 151 210 157 212 163 210 170 212 176 216 170 221 164 223 158 224 151 223 143 220 138 215 151 215 157 216 163 215 173 216 163 217 158 217 151 216
99 178 101 192 103 207 108 221 117 232 129 240 142 246 157 248 171 245 182 238 191 228 196 216 199 202 199 189 200 175 200 161 109 149 116 141 126 138 136 139 146 142 164 142 173 139 183 139 191 141 195 150 156 154 157 164 157 174 158 184 145 194 151 195 157 196 162 195 168 194 121 157 127 153 134 153 140 158 133 160 126 159 167 159 173 154 181 153 186 157 181 160 174 160 135 215 143 212 151 210 157 212 163 210 169 212 176 216 170 221 164 223 157 224 151 223 143 221 138 215 151 215 157 216 163 215 173 216 163 216 157 217 151 216
99 178 101 193 103 208 108 221 117 232 129 241 143 246 157 248 171 246 182 238 191 228 196 216 198 202 199 188 200 175 200 161 109 148 116 141 126 138 137 139 147 142 164 142 173 139 183 139 191 141 196 150 156 154 157 164 157 174 158 184 145 194 151 195 157 196 162 195 168 194 121 156 126 153 134 153 140 159 133 160 126 160 167 159 173 154 181 154 186 157 181 160 174 160 135 215 143 212 151 210 157 212 163 210 170 212 176 215 170 221 164 224 158 224 151 224 143 221 138 215 151 215 157 216 163 215 173 216 163 217 158 217 151 217
99 178 100 193 102 207 107 221 116 232 129 240 142 246 157 248 170 246 181 238 190 228 195 216 197 202 198 189 199 175 200 162 109 149 116 141 126 139 137 139 147 142 164 142 173 139 183 139 191 142 196 150 156 154 157 164 157 174 158 184 145 194 151 195 157 196 162 195 168 194 120 157 126 153 134 153 140 159 133 160 126 160 167 159 173 154 181 153 186 157 181 160 174 160 135 215 143 212 151 210 157 212 163 210 169 212 176 216 170 221 164 223 158 224 151 223 143 220 138 215 151 215 157 216 163 215 173 216 163 216 157 217 151 216
99 178 100 193 102 207 107 221 116 232 129 240 143 246 157 248 171 246 182 238 191 228 196 216 198 203 199 189 199 175 200 162 110 148 116 141 126 138 137 140 147 142 164 142 173 139 183 139 191 141 196 150 156 155 157 164 158 174 158 184 145 194 151 195 157 197 163 196 168 194 121 156 127 153 134 153 140 159 134 160 126 159 167 159 173 154 181 153 186 157 181 160 174 160 135 215 143 212 151 210 157 212 163 210 170 212 176 216 170 221 164 223 158 224 151 223 143 221 138 215 151 215 157 216 163 215 173 216 163 216 158 217 151 216
