106 173 108 186 109 200 114 213 122 223 134 231 147 236 161 238 174 236 185 229 194 220 200 208 202 195 203 182 204 169 204 156 115 141 120 134 129 130 139 131 149 134 166 133 175 131 184 130 193 133 198 141 158 146 159 155 159 163 160 173 148 184 153 185 159 186 165 185 170 184 125 150 131 147 138 147 144 151 138 152 131 152 170 151 176 147 183 147 189 150 183 153 176 152 139 206 146 202 154 200 159 202 165 200 172 202 178 206 173 211 166 213 160 214 154 213 147 210 142 206 154 205 159 205 165 205 175 206 166 207 160 207 154 206
106 173 107 186 109 201 113 213 122 223 133 231 146 236 160 238 174 236 185 229 194 220 199 208 202 195 203 182 203 169 204 156 115 142 120 134 129 131 139 131 149 134 166 134 175 131 185 131 194 134 198 142 158 146 159 155 159 164 160 173 147 184 153 185 159 186 165 185 170 184 125 150 131 147 138 147 144 151 138 152 131 152 170 151 176 147 183 147 188 150 183 153 176 152 139 206 147 202 154 200 160 202 165 200 172 203 178 206 172 211 166 213 160 214 154 213 147 210 143 206 154 205 160 206 165 205 175 206 165 207 160 207 154 206
105 173 107 187 109 201 113 213 122 224 134 232 146 237 160 239 174 237 185 230 195 221 200 209 203 195 204 182 204 168 205 155 115 143 120 134 129 131 139 131 149 134 166 134 176 131 185 131 193 134 197 143 158 146 159 155 159 164 160 173 148 184 153 185 159 186 165 185 170 184 128 151 133 150 139 149 145 151 139 153 133 153 169 152 175 150 181 150 186 152 181 154 175 153 140 206 147 203 154 200 160 202 165 200 172 203 179 206 173 211 166 214 160 214 154 214 147 211 143 206 154 205 160 206 165 205 175 206 166 207 160 207 155 207
106 173 107 186 108 200 113 213 122 223 134 231 146 237 161 239 175 237 186 230 195 220 201 208 203 195 204 182 204 169 204 156 116 143 120 134 130 131 140 131 150 134 165 134 175 131 185 131 193 134 197 144 159 147 159 156 159 164 160 173 148 184 154 185 159 186 165 185 170 184 128 154 134 152 140 152 146 153 140 155 134 155 169 153 175 152 181 153 186 153 181 156 175 155 140 206 147 203 154 200 160 202 165 200 172 203 178 206 173 211 166 213 160 214 155 213 147 211 143 206 154 205 160 205 165 205 175 206 166 207 160 207 155 207
106 173 107 187 109 201 114 214 123 224 134 232 147 237 161 239 175 237 186 230 195 221 200 209 203 196 204 183 204 170 204 157 115 143 120 134 130 131 139 132 149 134 166 134 175 131 185 130 193 134 197 143 158 146 159 155 159 164 160 173 148 184 153 185 159 186 165 185 170 184 128 152 133 151 139 150 145 152 139 153 133 154 170 152 175 151 181 151 187 152 181 154 175 154 140 206 147 203 154 200 160 202 165 200 172 203 179 206 173 211 166 214 160 214 154 214 147 211 143 206 154 205 160 206 165 205 175 206 166 207 160 207 155 207
106 174 107 188 109 202 114 214 123 225 134 233 147 238 161 240 175 238 186 231 195 222 201 209 203 196 204 182 204 169 204 156 115 142 120 134 129 131 139 132 149 134 166 134 176 131 185 130 194 134 198 142 158 146 159 155 160 164 160 173 148 184 154 185 160 186 165 185 170 184 127 151 132 149 138 149 144 151 139 153 133 153 170 152 176 150 182 150 187 152 182 154 176 153 140 206 147 203 155 200 160 202 165 200 172 203 178 207 173 211 166 214 161 215 155 214 147 211 143 206 155 206 160 206 165 206 175 206 166 207 160 207 155 207
106 173 107 187 109 201 114 214 123 225 134 233 147 239 161 241 174 238 185 231 194 222 200 210 202 196 203 183 204 170 204 156 115 141 120 134 129 131 139 131 149 134 166 134 176 131 185 131 194 134 198 142 159 146 159 155 159 164 160 173 148 184 154 185 160 186 165 185 170 184 126 151 132 148 138 148 144 151 138 152 132 153 170 151 176 149 182 149 188 151 183 153 176 153 140 207 147 203 155 201 160 202 165 200 172 203 178 207 173 212 166 215 161 216 155 215 147 212 143 207 155 206 160 206 165 205 175 207 166 208 161 208 155 207
106 173 107 187 109 202 114 215 123 225 134 234 147 240 161 242 175 239 186 231 194 222 200 210 202 196 203 183 204 170 204 156 115 142 121 134 130 131 140 132 150 134 166 134 175 131 185 131 194 134 198 142 159 146 159 155 160 164 160 173 148 184 154 185 160 186 165 185 170 184 126 150 132 148 138 148 145 151 138 152 132 153 170 152 176 148 183 148 188 151 183 153 177 153 140 207 147 203 155 200 160 202 166 200 173 203 179 207 173 213 167 216 161 217 155 216 147 213 144 207 155 205 160 206 166 205 175 207 166 209 161 210 155 209
107 173 108 187 110 202 114 215 123 225 135 234 148 240 162 242 175 239 186 232 195 222 201 209 203 196 204 182 204 169 205 156 116 142 121 134 130 131 141 131 150 134 166 134 175 131 185 131 194 134 198 142 159 146 160 155 160 163 161 173 149 184 155 185 160 186 166 185 171 184 127 150 132 147 139 148 145 151 139 152 132 152 171 151 177 148 183 148 189 151 184 153 177 153 141 207 148 203 155 200 161 202 166 200 173 203 179 207 174 213 167 217 161 218 155 217 148 214 144 207 155 205 161 206 166 205 176 207 167 210 161 210 156 210
106 173 108 187 109 202 114 215 123 226 135 234 148 240 162 243 175 240 186 232 195 222 201 210 203 197 204 183 204 170 205 157 116 142 121 134 131 131 141 131 150 134 166 134 176 131 185 131 194 134 199 142 159 146 160 155 160 163 161 172 149 184 155 185 160 186 166 185 171 184 127 150 132 147 139 147 145 151 139 152 132 152 171 152 177 148 184 148 189 151 184 153 177 153 141 207 148 203 156 200 161 202 167 200 174 203 179 207 174 214 168 217 162 218 156 217 148 214 144 208 156 205 161 206 167 205 176 207 167 210 161 211 156 210
106 173 108 187 110 201 115 214 124 225 135 233 148 240 162 242 176 239 186 232 195 222 200 209 202 196 203 182 204 169 205 156 116 141 122 134 131 131 141 131 151 134 167 134 176 131 186 131 195 134 199 142 160 146 160 155 161 164 161 173 149 184 155 185 161 186 166 185 171 184 127 150 132 147 139 147 146 151 139 152 132 152 171 152 177 148 184 148 189 151 184 153 178 153 141 207 148 203 156 200 161 202 167 200 174 203 180 207 174 214 168 217 162 218 156 217 148 214 144 207 156 205 161 206 167 205 176 207 167 210 162 210 156 210
107 173 108 187 110 201 115 214 123 225 135 234 148 240 162 242 175 239 186 232 195 222 200 210 202 196 204 183 204 170 205 157 116 142 122 134 131 131 141 131 151 134 167 134 176 131 186 131 195 134 199 142 160 146 160 155 161 164 161 173 149 184 155 185 161 186 166 185 171 184 127 150 133 147 139 147 146 151 139 152 132 153 171 152 178 148 184 148 189 151 184 153 178 153 141 207 148 203 156 200 161 202 167 200 174 203 179 207 174 214 168 217 162 218 156 217 148 214 145 207 156 205 161 206 167 205 176 208 167 210 162 210 156 210
107 173 109 187 111 202 115 215 124 226 136 234 148 240 163 242 176 239 187 232 195 222 200 209 203 196 204 183 205 170 205 157 116 142 122 134 131 131 141 131 151 134 167 134 176 132 186 131 195 134 199 143 160 146 160 155 161 164 161 173 149 184 155 185 161 186 166 185 171 184 127 150 133 147 139 147 146 151 139 152 133 153 171 152 178 148 184 148 189 151 184 153 178 153 142 207 148 203 156 200 161 202 167 200 174 203 179 208 174 214 168 218 162 218 156 218 148 214 145 208 156 205 161 206 167 205 176 208 167 210 162 211 156 210
107 173 108 188 110 202 115 215 123 226 135 234 148 240 162 243 175 240 186 232 195 222 200 210 203 196 204 183 205 170 205 157 116 142 122 134 131 131 141 132 151 135 168 134 177 132 186 131 195 135 199 143 160 147 160 155 161 164 161 173 150 184 155 185 161 186 166 186 171 185 127 150 133 147 139 147 146 151 140 152 133 153 171 152 178 148 184 148 189 151 185 153 178 153 141 208 148 203 156 200 161 202 167 200 174 203 179 208 174 214 168 218 162 218 156 218 148 214 145 208 156 205 161 206 167 205 176 208 167 210 162 211 156 210
107 173 108 187 110 201 115 214 123 225 135 234 148 240 162 242 175 240 186 232 195 222 200 210 203 197 204 183 205 170 205 157 117 142 122 134 131 131 141 132 151 135 168 134 177 132 186 131 195 135 199 143 160 147 161 156 161 164 161 173 149 184 155 185 161 186 166 186 171 185 127 150 133 148 139 148 146 151 140 153 133 153 171 152 178 148 184 148 189 151 184 153 178 153 141 208 148 203 156 201 161 202 167 200 174 203 179 208 174 215 168 218 162 219 156 218 148 215 145 208 156 206 161 206 167 205 176 208 167 210 162 211 156 210
107 176 108 190 110 204 115 216 124 227 136 235 148 241 162 243 176 241 187 234 197 225 202 213 204 200 205 186 205 173 205 161 117 142 123 134 132 131 142 132 151 135 168 134 177 132 186 131 195 134 199 142 160 147 161 155 161 164 161 173 150 185 155 186 161 187 166 186 172 185 128 151 133 148 140 148 146 152 140 153 133 153 172 152 178 148 184 148 190 151 185 154 178 154 141 208 148 204 156 201 162 202 167 200 174 203 180 208 174 214 168 217 162 218 156 218 148 214 145 208 156 206 162 206 167 205 176 208 167 211 162 211 157 211
107 174 109 188 111 202 115 215 123 226 135 235 147 240 162 243 176 240 187 233 196 223 201 210 203 197 204 184 205 171 206 158 117 142 123 134 132 131 142 132 152 135 168 135 178 132 187 132 196 135 200 143 161 147 161 156 161 164 162 174 150 185 156 186 161 187 166 186 171 185 128 151 133 148 140 148 146 152 140 153 133 153 172 152 178 148 185 149 190 151 185 154 178 154 142 208 149 204 156 201 162 202 167 201 174 204 180 208 174 214 168 217 162 218 156 217 149 214 145 208 156 206 162 206 167 205 176 208 168 211 162 211 157 211
107 173 109 187 111 202 116 214 124 225 136 234 149 240 162 242 176 240 187 232 195 222 201 210 203 197 204 184 205 170 205 157 117 142 123 134 132 131 142 132 152 135 168 135 177 132 187 132 195 135 200 143 161 147 161 156 162 165 162 174 150 185 156 186 162 187 167 186 172 185 128 151 133 148 140 148 146 152 140 153 133 153 172 152 178 148 185 148 190 152 185 154 178 154 142 208 149 204 157 201 162 203 167 201 174 204 180 208 175 215 168 218 162 219 157 218 149 215 145 208 157 206 162 206 167 206 177 208 168 210 162 211 157 210
108 177 109 191 111 205 116 217 125 227 136 235 148 241 162 243 176 241 186 234 196 225 202 213 204 200 205 187 205 174 205 161 117 142 123 134 132 132 142 132 151 135 168 135 178 132 187 132 195 135 200 142 161 147 161 156 161 164 162 173 150 185 156 186 162 187 167 186 172 185 128 151 133 148 140 148 146 152 140 153 133 153 172 152 178 149 185 149 190 151 185 154 178 154 141 208 148 204 157 201 162 203 167 201 175 204 180 208 175 214 168 217 162 218 157 217 148 214 145 208 157 206 162 206 167 206 177 208 168 211 162 211 157 211
108 176 109 190 111 204 116 216 125 227 136 235 149 241 163 243 177 240 188 234 198 225 203 213 205 200 206 187 205 174 205 161 117 142 123 134 132 131 142 132 152 135 169 134 178 132 188 131 196 135 200 143 161 146 161 155 162 164 162 173 151 185 156 186 162 187 167 186 172 185 128 151 133 148 140 148 147 152 140 153 133 153 172 152 179 148 185 148 191 151 186 154 179 154 141 207 148 204 157 201 162 202 167 201 174 204 180 208 175 214 168 217 162 217 156 216 149 213 144 208 157 206 162 206 167 206 177 208 168 210 162 210 157 210
108 176 109 190 111 204 116 216 125 226 136 235 149 240 163 243 176 241 188 234 197 225 203 213 205 200 206 187 205 174 205 161 118 141 123 134 133 131 142 132 152 134 169 134 178 131 187 131 196 134 200 142 161 146 161 155 162 163 162 173 151 184 156 185 162 186 167 186 172 184 128 150 133 147 140 147 147 151 140 152 133 152 172 151 178 148 185 148 191 151 186 153 179 153 141 206 149 203 157 200 162 202 167 200 174 203 180 207 175 214 168 217 163 217 157 216 149 213 145 207 157 205 162 205 167 205 177 207 168 210 162 210 157 210
108 176 109 190 111 205 116 217 124 228 136 237 149 242 163 244 177 241 189 234 198 224 204 212 206 199 206 185 206 171 206 158 117 141 123 133 132 130 143 131 152 134 168 133 177 131 187 130 196 133 200 142 161 145 161 154 162 162 162 171 151 183 156 184 162 185 167 185 172 184 129 149 134 146 141 146 147 150 141 151 134 152 172 151 179 147 185 147 191 150 186 153 179 152 141 206 148 202 156 199 162 201 168 199 175 202 181 207 175 213 168 216 162 217 156 216 148 213 145 206 156 204 162 204 168 204 177 207 168 210 162 210 156 210
109 178 110 192 112 206 117 219 125 229 137 237 149 242 163 244 177 242 188 235 197 225 202 213 205 200 205 186 206 172 206 159 118 141 124 133 133 130 143 131 152 134 169 133 178 130 188 130 196 133 200 141 161 145 162 153 162 162 163 171 151 183 156 184 162 185 168 184 173 183 128 149 134 146 140 146 147 150 141 151 134 151 173 151 179 147 185 147 191 150 186 152 179 152 141 206 148 201 156 198 162 200 168 198 176 201 181 206 176 214 168 217 162 218 156 217 147 214 144 206 156 203 162 203 168 203 178 207 168 209 162 210 156 209
109 176 110 190 112 205 117 217 126 228 137 236 150 241 164 243 178 241 189 234 198 224 203 212 205 198 205 185 206 171 206 158 118 141 123 133 133 130 143 131 153 134 169 134 178 131 188 130 196 134 200 142 162 145 162 154 162 162 163 172 151 183 157 184 163 185 168 185 173 183 128 149 134 146 141 146 147 150 141 151 134 152 173 151 179 147 186 147 191 150 186 153 179 152 141 207 148 201 156 198 162 200 168 199 176 202 181 207 176 214 169 216 162 217 156 216 148 213 144 207 156 202 162 203 168 203 178 207 168 210 162 210 156 210
108 174 109 188 111 202 116 214 125 225 137 234 150 239 164 242 178 239 189 232 198 223 204 210 205 197 206 183 206 170 206 157 118 140 124 133 133 130 143 131 153 134 169 133 178 131 188 130 196 134 200 142 162 145 162 154 163 163 163 172 152 184 157 185 163 186 168 185 173 184 129 149 134 146 141 146 147 150 141 151 134 152 173 151 179 147 186 147 191 150 186 153 179 153 143 207 150 203 158 200 163 201 168 200 175 203 181 207 176 213 169 216 164 216 158 216 150 213 146 207 158 205 163 205 168 205 177 207 169 210 163 210 158 209
109 175 110 189 112 203 116 215 125 225 137 233 150 238 165 240 179 238 190 232 199 223 204 210 206 197 206 183 206 170 206 158 118 142 123 134 133 131 143 131 153 134 168 134 177 131 187 131 196 134 200 142 162 146 162 155 163 163 163 172 152 184 157 185 163 186 168 186 173 185 129 149 134 146 141 146 147 150 141 152 134 152 173 151 179 147 186 147 191 150 186 153 179 153 146 207 151 203 158 200 163 202 169 201 175 204 180 208 176 212 170 214 164 215 158 214 151 211 149 207 158 205 163 206 169 206 177 207 169 208 164 209 159 208
108 174 109 188 111 203 116 215 125 225 137 233 150 238 165 240 179 238 190 232 199 223 204 211 206 197 206 184 206 171 206 158 118 141 124 133 133 130 143 131 153 134 168 134 177 131 187 131 196 134 201 142 162 146 162 155 163 163 163 173 152 184 157 186 163 187 168 186 173 185 129 149 134 146 141 146 148 150 141 152 134 152 173 151 179 147 186 147 191 150 186 153 180 153 145 207 151 203 159 201 164 202 169 201 175 204 180 208 176 213 170 215 164 215 159 215 151 212 148 207 159 206 164 206 169 206 177 207 169 208 164 209 159 208
108 175 109 189 111 203 115 216 124 227 136 235 149 241 163 243 178 241 189 234 198 224 203 212 205 199 206 185 205 172 206 159 118 141 124 133 133 131 143 132 153 134 168 134 178 132 187 131 196 134 201 142 162 146 162 155 162 163 163 173 152 185 157 186 162 187 167 186 172 185 129 150 134 147 141 147 147 151 141 152 134 152 173 151 179 148 186 148 191 151 186 153 179 153 144 208 150 204 158 201 163 203 168 201 175 204 180 208 175 213 169 216 164 217 158 216 151 213 147 208 158 206 163 207 168 206 177 208 169 210 163 210 158 210
108 176 109 190 111 204 115 216 124 227 135 236 148 242 163 244 177 242 188 235 198 225 203 213 205 200 206 186 206 173 206 159 118 141 123 133 133 131 142 131 152 134 169 134 178 131 188 131 196 134 200 142 161 146 162 155 162 164 162 173 151 184 156 185 162 187 167 186 172 184 128 150 134 147 140 147 147 151 140 152 134 152 173 151 179 148 185 148 191 151 186 153 179 153 143 209 149 203 157 200 162 201 168 200 175 203 180 209 175 215 169 218 163 219 157 218 149 215 146 208 157 204 162 205 168 204 177 208 168 211 163 211 157 211
107 175 108 188 110 203 115 215 123 226 135 235 148 241 162 243 176 241 188 234 197 224 202 212 204 198 205 185 205 172 205 159 117 141 123 133 132 131 142 132 152 135 169 134 178 132 187 131 196 134 200 142 161 146 161 155 162 164 162 173 150 184 156 185 162 186 167 186 172 184 128 150 133 147 140 147 147 151 140 152 133 152 172 151 178 148 185 148 190 151 186 153 179 153 142 208 148 202 156 199 162 200 167 199 175 202 180 208 175 215 168 217 162 218 156 217 148 214 145 208 156 204 162 204 167 204 176 208 168 210 162 210 156 209
107 172 109 186 111 200 115 213 123 225 135 233 148 239 162 241 176 239 187 231 195 221 201 209 203 195 204 182 205 169 205 156 117 141 123 134 132 131 142 132 152 134 168 134 178 132 187 131 196 134 200 142 161 146 161 155 162 164 162 173 150 184 156 185 161 186 167 185 171 184 128 150 133 147 140 147 147 151 140 152 133 152 172 151 178 148 185 148 190 151 185 153 179 153 142 207 149 203 157 200 162 202 167 200 174 203 180 207 174 213 168 216 162 217 157 216 149 213 145 207 157 205 162 205 167 205 176 207 168 209 162 209 157 209
107 172 109 186 110 200 115 213 124 224 135 232 148 238 162 240 176 238 186 231 195 221 200 209 202 195 203 182 204 169 205 156 117 141 122 133 132 130 142 131 151 134 168 134 178 131 187 131 196 134 200 143 161 146 161 155 162 164 162 173 150 184 156 185 161 186 167 185 172 185 127 150 133 147 140 147 146 151 140 152 133 152 172 151 178 147 185 148 190 150 185 153 178 153 142 206 149 203 157 201 162 203 167 201 174 204 180 206 174 212 168 215 162 215 157 215 149 212 145 206 157 205 162 206 167 205 177 206 167 208 162 209 157 208
107 172 109 186 110 200 115 213 123 224 135 233 148 238 162 241 176 238 187 231 195 221 200 209 202 195 203 182 204 169 205 156 116 141 122 133 132 130 142 131 151 134 168 134 177 131 187 131 196 134 200 142 160 146 161 155 161 163 162 173 150 184 155 185 161 186 166 185 171 184 127 149 133 146 139 146 146 151 140 152 132 152 171 151 178 147 185 147 190 150 185 153 178 153 142 206 149 203 157 201 161 203 166 201 173 204 180 206 174 212 167 215 162 215 157 215 149 212 145 206 157 205 161 206 166 205 176 206 167 208 162 209 157 208
107 172 108 186 110 200 115 213 123 224 135 233 148 239 162 241 175 239 186 231 195 221 200 209 202 196 203 182 204 170 205 157 116 141 122 133 131 130 142 131 151 134 168 134 177 131 186 131 195 134 199 142 160 146 161 155 161 163 162 173 150 184 155 185 161 186 166 185 171 184 127 149 133 146 139 146 146 150 140 152 132 152 171 151 178 147 184 147 190 150 185 153 178 153 141 205 149 203 157 201 161 203 166 201 173 203 180 206 174 212 167 215 162 215 157 215 149 212 144 206 157 205 161 206 166 205 176 206 167 208 162 209 157 208
106 172 108 186 110 200 114 213 123 224 134 233 147 238 161 241 175 238 186 231 195 221 200 208 202 195 203 182 204 169 205 156 116 141 121 133 131 129 141 130 151 133 167 133 177 130 186 130 195 134 199 142 160 145 160 154 161 163 161 172 149 183 155 184 160 185 166 185 171 184 127 149 132 146 139 146 146 150 139 151 132 151 171 151 177 147 184 147 189 150 184 153 178 152 140 205 148 203 156 201 161 202 166 200 173 203 179 205 173 212 167 214 161 215 156 214 148 211 144 205 156 204 161 205 166 204 176 206 166 208 161 209 156 208
107 172 108 186 110 200 114 213 123 224 135 232 148 238 162 240 176 238 186 231 195 220 200 208 202 195 203 181 204 169 205 156 116 140 122 133 131 130 141 131 151 134 167 133 177 131 186 130 195 134 199 142 160 145 161 154 161 163 162 172 149 183 155 184 161 185 166 185 171 184 127 149 132 146 139 146 146 150 139 151 132 151 171 151 178 147 184 147 190 150 185 153 178 153 141 205 149 203 156 201 161 202 166 201 173 203 179 206 173 212 167 214 161 215 156 214 149 211 144 205 156 205 161 205 166 205 176 206 166 208 161 208 157 208
106 172 108 186 109 200 114 213 123 224 135 233 148 239 162 242 176 239 186 231 195 221 199 208 202 195 203 181 204 168 204 156 116 140 122 133 131 130 141 131 151 134 167 133 176 131 186 130 195 134 199 142 160 145 160 154 161 163 162 172 149 183 155 184 161 185 166 184 171 183 127 149 132 146 139 146 145 150 139 151 132 151 171 151 177 147 184 147 189 150 184 152 177 152 140 206 147 201 155 199 160 201 166 199 173 202 179 206 174 213 167 216 161 217 155 216 147 213 143 206 155 204 160 204 166 204 175 206 167 209 161 210 156 209
106 172 108 186 110 200 114 213 123 225 134 233 147 240 162 242 175 239 186 231 194 221 199 208 201 195 202 181 204 168 204 156 116 140 122 133 131 130 141 131 150 133 167 133 176 131 186 130 194 133 199 141 160 145 160 154 161 163 161 172 149 183 154 184 160 185 165 184 171 183 126 149 132 146 138 146 145 150 139 151 132 151 171 151 177 147 184 147 189 150 184 152 177 152 140 206 146 201 155 199 160 200 166 199 173 201 179 206 174 214 167 218 161 218 155 218 147 214 143 206 155 203 160 203 166 203 175 206 166 211 161 211 155 211
106 171 108 185 109 200 113 213 122 224 134 233 147 239 161 242 175 239 186 231 194 221 199 208 201 195 202 181 203 168 204 155 116 140 121 133 131 130 140 131 150 134 167 133 176 131 186 130 194 134 198 142 159 145 160 154 160 163 161 172 149 183 155 184 160 185 165 185 170 184 126 149 132 146 138 146 145 150 138 151 131 151 170 151 177 147 183 147 189 150 184 152 177 152 140 206 147 202 155 200 160 201 165 200 172 202 178 206 173 213 166 216 161 216 155 216 147 212 143 206 155 204 160 205 165 204 175 206 166 209 160 210 155 209
106 172 107 186 109 200 113 213 122 224 133 233 147 239 161 241 175 239 186 232 194 222 199 209 201 196 202 182 203 169 204 156 115 141 121 133 130 130 140 131 150 134 166 133 176 131 185 131 194 134 198 142 159 146 159 155 160 163 160 173 148 184 154 185 160 186 165 185 170 184 126 149 132 147 138 147 145 150 138 152 131 152 170 151 177 147 183 147 189 150 183 153 177 152 141 206 148 203 155 201 160 202 165 201 171 204 178 206 172 212 166 215 161 215 155 214 148 212 144 206 155 206 160 206 165 206 174 206 165 208 160 208 156 207
105 171 107 185 109 200 113 213 122 224 133 233 146 239 160 242 174 239 185 232 194 222 199 210 202 196 203 183 203 170 204 156 115 141 120 133 130 130 140 131 149 134 166 133 175 131 185 131 193 134 198 142 159 146 159 155 159 164 160 173 148 184 154 185 160 186 165 186 169 185 127 150 132 149 138 148 145 151 139 152 132 153 170 151 176 149 182 149 187 151 182 153 176 153 141 206 148 203 155 201 160 203 164 201 171 204 177 207 172 212 165 214 160 215 155 214 148 212 145 206 155 206 160 206 164 206 174 207 165 208 160 208 155 207
105 172 107 186 108 200 113 213 121 225 133 234 146 240 161 242 175 240 186 233 195 223 200 210 202 196 203 183 203 170 204 156 115 142 120 134 130 130 140 131 150 133 165 133 175 130 185 130 193 135 197 144 158 146 159 155 159 164 159 173 148 184 154 185 159 186 164 185 169 184 129 152 134 151 139 150 145 151 140 153 134 153 169 152 175 151 181 152 186 152 181 154 175 154 143 207 148 203 155 201 160 202 165 201 171 204 176 207 172 213 166 215 161 216 155 215 149 213 146 207 155 205 160 206 165 205 173 207 165 208 160 208 155 208
105 171 106 185 108 200 113 213 121 225 133 234 146 240 160 242 175 240 186 233 195 223 200 210 202 196 203 182 204 169 204 155 115 141 120 133 129 129 140 130 149 133 166 132 175 130 185 130 193 133 197 141 158 145 159 154 159 163 160 172 149 183 154 184 159 185 164 184 169 183 128 150 133 149 139 149 145 150 139 151 133 152 170 150 176 149 181 150 186 151 181 153 176 152 143 207 149 202 156 200 160 201 165 199 172 203 177 207 172 213 166 215 161 215 156 215 149 212 147 207 156 205 160 205 165 204 174 207 166 208 161 208 156 208
105 172 106 186 108 200 112 213 121 225 132 234 145 241 160 243 174 240 185 232 194 222 199 209 201 195 202 182 203 169 204 155 115 140 120 132 129 129 139 129 149 132 166 131 175 129 185 129 193 132 198 140 158 145 159 153 159 162 160 171 148 182 154 183 159 184 164 183 169 182 126 149 132 147 138 147 144 149 138 151 132 151 170 150 176 147 182 148 187 150 182 151 176 151 141 207 147 201 155 198 160 199 166 198 173 201 177 207 173 214 167 218 161 219 155 218 147 214 145 206 155 203 160 203 166 203 174 206 166 210 160 211 155 210
105 171 106 185 108 200 113 213 121 225 133 234 146 240 160 242 174 240 185 232 194 221 199 209 201 195 202 181 203 168 203 155 114 140 120 132 129 129 139 129 149 132 166 132 175 129 185 129 193 132 197 140 158 144 159 153 159 162 159 171 148 182 154 183 159 184 164 183 169 182 125 149 131 147 137 147 143 149 137 150 131 151 170 149 176 147 182 147 187 149 182 151 176 151 140 206 146 201 154 198 160 199 166 197 173 200 178 206 173 213 167 217 161 218 154 217 146 214 144 206 154 203 160 203 166 203 174 206 166 209 160 210 155 209
105 171 107 185 108 200 113 213 121 224 133 233 146 239 160 241 174 239 185 231 194 221 199 208 201 195 202 181 203 168 203 155 114 140 119 132 129 129 139 130 149 133 165 132 175 129 184 129 193 132 197 140 158 144 158 153 159 162 159 171 148 183 153 184 159 185 164 184 169 183 125 149 131 147 137 146 144 149 137 151 131 151 169 150 175 147 182 147 187 149 182 151 175 151 140 206 147 202 154 200 159 201 165 199 172 202 177 205 172 212 166 215 160 216 155 216 147 212 144 206 155 205 159 205 165 204 174 206 165 208 160 208 155 208
105 171 106 185 108 200 113 213 121 224 132 233 145 239 160 241 174 239 185 232 193 222 198 209 201 196 202 182 202 169 203 155 114 140 119 132 129 129 139 130 148 133 165 132 175 130 184 129 193 133 197 141 158 145 158 154 159 162 159 172 148 183 153 184 159 185 164 184 169 183 125 149 131 147 137 147 143 149 137 151 131 151 169 150 175 147 181 147 187 150 182 152 175 151 141 206 148 203 155 200 159 201 164 200 171 203 176 206 172 212 165 215 160 216 155 215 148 212 145 206 155 205 160 206 164 205 173 206 165 207 160 208 155 207
105 172 106 186 108 200 113 213 121 225 133 233 146 239 160 242 173 239 185 232 193 222 199 210 201 196 202 182 202 169 203 156 114 140 119 132 129 128 139 129 149 132 164 131 174 129 184 129 192 132 197 140 157 144 158 153 158 161 159 170 148 182 153 184 158 185 163 184 168 182 126 149 131 147 137 147 143 149 137 151 131 151 169 149 175 147 181 147 186 149 181 151 175 151 143 207 148 202 155 199 159 201 164 199 170 203 175 207 171 212 165 214 160 215 155 214 148 212 146 207 155 205 159 205 164 205 172 207 164 207 160 208 155 208
104 172 106 186 108 200 112 213 121 224 133 233 145 239 160 241 174 238 185 231 193 221 199 208 201 195 202 181 203 168 203 155 114 140 119 132 129 129 139 129 149 132 165 131 174 129 184 129 192 132 196 141 158 145 158 153 159 161 159 170 148 182 153 183 159 184 164 183 168 182 127 151 132 149 138 149 144 150 138 152 133 152 169 150 175 149 180 149 185 150 180 152 174 152 142 206 148 202 155 199 159 200 164 199 171 202 176 207 171 213 165 215 160 216 155 215 148 213 145 206 155 204 159 204 164 204 172 206 165 208 160 209 155 208
105 171 106 185 108 199 112 212 120 223 132 231 144 238 159 240 174 237 185 230 194 220 199 207 201 194 202 180 202 167 203 154 114 141 119 133 128 129 138 129 148 132 165 132 174 129 184 129 192 133 196 142 157 145 158 153 158 162 159 171 147 182 153 183 158 184 164 183 168 182 127 152 132 151 138 150 144 151 138 153 132 153 168 151 174 150 180 150 185 151 180 153 174 153 141 206 147 201 154 198 159 199 164 198 171 201 177 206 172 212 166 215 160 215 154 215 147 212 144 206 154 203 159 203 164 203 173 206 165 208 160 208 154 207
104 172 106 186 108 200 112 213 121 223 133 231 145 237 160 239 174 237 185 229 194 219 200 207 202 194 202 180 203 168 203 155 114 142 119 133 128 129 138 130 149 132 164 132 174 129 184 129 192 133 196 142 157 145 158 154 158 162 159 171 147 182 153 183 158 184 164 183 168 182 127 152 132 151 138 150 144 151 138 153 132 153 168 151 174 150 180 151 185 151 180 153 174 153 140 205 146 201 154 198 159 199 164 197 171 200 177 205 172 211 166 214 160 215 154 214 147 211 143 205 154 203 159 203 165 202 173 205 165 206 160 207 155 206
104 172 106 185 107 200 112 212 120 223 132 232 144 237 159 239 173 237 184 230 193 220 199 208 201 194 202 181 203 168 203 155 113 142 118 134 128 130 138 131 148 133 165 133 174 130 184 130 192 134 196 142 157 145 158 154 158 163 158 172 147 183 152 184 158 185 163 184 168 183 126 152 131 151 137 150 144 151 138 153 132 153 168 151 175 150 180 151 186 151 180 153 174 153 139 205 146 201 154 198 159 199 164 198 171 201 177 205 172 211 165 214 159 215 154 214 146 211 142 205 154 202 159 203 164 202 173 205 165 207 159 207 154 206
103 172 105 186 107 200 111 213 120 224 132 232 145 237 159 239 173 237 184 230 193 220 198 208 201 194 202 181 202 168 203 155 113 141 119 134 128 131 138 131 148 134 164 134 174 131 183 131 192 134 196 142 157 146 157 155 158 163 158 173 147 183 152 184 158 185 163 184 168 183 125 151 130 150 136 149 143 151 137 152 131 152 168 151 174 149 180 150 185 151 180 153 174 152 138 205 145 201 153 198 159 200 164 198 171 201 177 206 172 212 165 214 159 215 153 214 146 211 142 205 153 203 159 203 164 203 173 205 165 207 159 207 153 207
104 172 106 186 107 200 112 213 120 224 132 232 145 237 159 240 173 237 184 230 193 220 198 208 200 195 201 181 202 168 202 155 113 142 118 134 128 131 138 132 147 134 164 134 173 131 183 131 191 134 196 141 156 146 157 155 157 164 158 173 147 184 152 185 158 186 163 185 168 184 124 151 130 149 136 148 142 151 136 152 130 152 168 151 174 149 180 149 186 151 180 153 174 152 139 206 146 202 153 199 158 200 164 199 171 201 177 206 172 212 166 215 159 216 153 215 146 212 142 206 153 203 159 204 164 203 173 206 165 207 159 208 154 207
103 171 105 185 107 199 111 212 120 224 132 232 145 238 160 240 174 237 185 229 193 219 198 207 200 193 201 180 201 167 202 154 112 142 118 134 127 131 138 132 147 134 164 134 173 131 183 131 191 134 196 142 156 146 157 155 158 164 158 173 147 184 152 185 158 186 163 185 168 184 124 151 129 149 135 148 142 151 136 152 129 153 168 151 174 149 180 149 185 151 180 153 174 152 139 206 146 202 153 199 159 201 164 199 171 202 177 206 172 212 166 215 160 215 154 215 146 212 142 206 153 204 159 204 164 204 173 206 165 207 159 208 154 207
104 172 106 186 108 201 112 214 121 225 132 233 145 239 159 241 174 238 184 230 193 221 198 208 200 194 201 181 201 167 202 154 112 142 118 134 127 131 137 132 147 135 163 135 172 132 182 131 191 134 196 141 156 147 157 156 157 165 158 174 147 185 152 186 158 187 163 185 168 184 124 152 130 150 136 149 142 151 136 153 130 153 168 151 174 149 180 149 185 151 180 153 174 153 139 207 146 203 153 201 159 202 164 200 171 203 176 207 172 213 166 215 160 216 154 216 147 213 143 207 153 205 159 205 164 205 173 207 165 208 159 209 154 209
104 173 105 187 107 201 111 214 120 225 131 234 144 240 159 241 173 239 184 231 193 222 199 209 201 196 202 181 202 168 202 154 113 143 118 135 127 132 138 132 147 135 163 135 173 132 182 131 191 134 195 142 156 147 157 156 157 165 158 174 147 185 152 186 158 187 163 186 168 184 126 154 131 153 137 152 143 153 138 155 132 155 167 153 173 152 179 152 184 153 179 155 173 155 140 208 146 204 153 201 158 202 163 201 170 203 176 207 171 213 165 216 159 217 154 216 147 214 143 208 154 205 158 206 164 205 173 207 164 209 159 210 154 209
104 173 105 187 107 201 112 214 121 225 133 233 145 239 160 241 173 238 184 230 193 220 199 208 201 194 202 181 202 168 202 155 113 143 118 135 128 132 138 132 148 135 163 135 173 132 182 131 191 135 195 143 156 148 157 156 157 165 158 174 147 185 152 186 158 187 163 185 168 184 126 154 131 153 137 152 143 153 137 155 131 156 167 153 173 152 179 152 184 153 179 155 173 155 140 207 146 204 154 201 159 202 164 201 170 203 176 207 171 213 165 215 160 216 154 216 147 213 143 207 154 206 159 207 164 206 173 207 164 208 159 209 154 208
104 172 105 186 107 200 112 213 121 224 132 232 145 238 160 240 174 237 185 230 194 220 199 207 201 194 202 180 202 167 202 155 113 143 118 135 127 131 138 132 147 135 164 134 173 131 183 131 191 134 196 142 156 146 157 155 157 164 158 174 147 184 152 185 158 186 163 185 168 184 125 152 131 152 136 151 143 152 137 154 131 154 168 152 174 151 179 151 185 152 180 154 174 153 140 207 146 203 153 200 158 202 164 200 171 202 177 206 172 212 165 215 160 216 154 215 147 213 143 207 153 206 159 206 164 205 173 206 165 207 159 208 154 208
103 172 105 186 107 200 112 213 120 224 132 232 145 238 159 239 173 237 184 229 193 220 198 208 200 194 201 181 202 168 202 155 113 141 118 134 128 131 138 131 147 134 164 134 173 131 183 130 191 133 196 141 157 146 157 155 158 163 158 173 147 184 152 185 158 186 163 185 168 184 125 151 130 149 136 149 142 151 136 152 130 153 168 151 174 149 180 149 185 151 180 153 174 152 139 206 146 203 153 200 159 201 164 200 171 202 177 206 172 212 165 215 160 215 154 215 146 212 142 206 153 205 159 206 164 205 173 206 165 207 159 207 154 207
103 171 105 185 107 199 112 212 121 223 132 231 145 236 159 239 173 236 184 229 193 219 198 207 200 193 201 180 201 167 202 154 112 141 118 133 128 130 137 131 147 133 164 133 173 130 183 130 191 132 196 140 156 145 157 154 157 163 158 172 147 183 152 184 158 185 163 184 168 183 124 150 130 148 136 148 142 150 136 152 130 152 168 151 174 148 180 148 186 150 180 152 174 152 139 205 146 202 153 199 158 201 163 199 171 202 177 205 171 211 165 213 159 214 154 213 146 211 142 205 153 205 158 205 164 204 173 205 164 206 159 206 154 206
103 171 105 185 107 199 111 212 120 223 131 231 145 236 159 238 173 236 184 229 193 219 198 207 200 194 200 181 201 168 202 155 113 140 118 133 128 130 138 130 147 133 164 133 173 130 183 129 191 132 196 140 157 145 157 154 157 163 158 172 147 183 152 184 157 185 163 184 168 183 124 150 129 147 136 147 142 150 136 152 129 152 168 150 174 147 180 147 186 150 181 152 174 152 138 205 145 202 153 199 158 201 163 199 170 201 177 205 171 210 165 213 159 214 153 213 146 210 142 205 153 204 158 205 164 204 173 205 164 206 159 206 153 205
103 171 105 185 106 199 111 212 120 222 132 230 145 236 159 238 173 235 184 228 193 219 198 207 200 194 201 181 201 168 202 155 112 141 118 133 127 129 138 130 148 133 164 132 173 130 183 129 191 132 196 141 156 145 157 154 158 162 158 172 147 183 152 184 158 184 163 184 168 183 124 149 129 147 135 147 142 150 136 151 129 151 168 150 174 147 180 147 186 149 181 152 174 151 138 204 145 201 153 199 158 200 163 198 170 201 177 204 171 209 164 212 159 213 153 212 146 209 141 204 153 204 158 204 163 203 173 204 164 205 159 205 153 205
104 172 105 185 107 199 111 212 120 222 132 230 145 235 159 237 172 235 183 228 192 219 198 208 200 195 200 182 201 169 202 156 113 140 118 133 128 129 138 130 147 133 164 132 174 130 183 129 191 132 196 140 157 145 157 154 158 162 158 171 147 183 152 183 158 184 163 183 168 183 124 149 129 147 136 147 142 150 136 151 129 152 168 150 174 147 181 147 186 149 181 152 174 152 138 204 145 201 153 198 158 200 163 198 170 201 177 204 171 209 165 211 159 212 153 211 145 209 141 204 153 203 158 204 163 203 174 204 164 205 159 205 153 204
103 172 105 185 107 199 112 212 120 222 132 229 145 234 159 237 173 234 184 227 193 218 198 206 200 193 201 180 201 167 202 154 113 141 118 133 128 129 137 130 147 133 164 132 173 130 182 129 191 132 195 140 157 145 157 154 158 162 158 171 147 183 152 183 158 184 163 184 168 183 124 149 129 147 135 147 142 150 136 151 129 151 168 150 174 147 180 147 186 149 181 152 174 151 138 204 145 201 153 198 158 200 163 198 170 201 177 204 171 209 165 211 159 212 153 211 146 209 141 204 153 203 158 204 164 203 174 204 164 205 159 205 153 204
103 172 105 185 107 199 112 211 120 222 132 229 145 234 159 236 173 234 184 227 193 218 198 206 200 193 200 180 201 168 202 155 113 141 118 133 127 130 137 130 147 133 164 132 173 130 182 129 191 132 196 140 156 145 157 154 157 162 158 171 146 183 152 183 157 184 163 183 168 183 123 149 129 146 135 146 142 150 136 151 129 151 168 150 174 147 181 147 186 149 181 152 174 152 137 203 145 201 153 198 158 200 164 198 171 200 177 203 171 208 165 211 159 211 153 211 145 208 141 203 153 203 158 204 164 203 174 203 164 204 159 205 153 204
104 172 105 186 107 200 112 212 121 222 133 230 146 234 160 236 173 234 184 227 193 218 198 206 200 194 200 181 201 168 201 155 113 141 118 133 128 130 138 130 148 133 163 133 173 130 182 129 191 132 195 141 156 145 157 154 157 162 158 172 146 183 152 184 158 184 163 184 168 183 124 149 129 147 136 147 142 150 136 152 129 152 168 150 174 147 181 147 186 149 181 152 174 152 138 204 145 201 153 198 158 200 164 198 171 201 177 204 171 209 165 211 159 211 153 211 145 208 141 204 153 203 158 204 164 203 174 204 164 204 159 205 153 204
103 172 105 185 107 199 112 212 120 222 132 229 146 234 160 236 173 233 184 227 193 218 198 206 200 193 200 180 201 168 202 155 113 141 118 133 128 130 138 131 147 133 164 133 173 130 182 130 191 133 196 141 157 145 157 154 158 163 158 172 147 183 152 184 158 185 163 184 168 183 124 150 129 147 136 147 142 150 136 152 129 152 168 150 174 147 181 147 186 149 181 152 174 152 138 204 145 201 153 199 158 200 164 198 171 201 177 204 171 209 165 211 159 212 153 211 145 209 141 204 153 203 158 204 164 203 174 204 164 205 159 205 153 205
103 172 105 185 107 199 112 212 120 222 132 229 146 234 160 236 173 234 184 227 193 218 198 207 200 194 201 181 201 168 202 155 113 141 118 134 128 130 138 131 147 134 164 133 173 131 182 130 191 133 196 141 156 145 157 154 157 163 158 172 147 183 152 184 158 185 163 184 168 183 123 150 129 147 136 147 142 151 136 152 129 152 168 151 174 147 181 147 186 149 181 152 174 152 137 204 145 201 153 199 158 200 164 199 171 201 177 204 172 209 165 211 159 212 153 211 145 209 141 204 153 204 158 204 164 204 174 204 164 205 159 205 153 205
104 173 106 186 108 200 112 212 121 222 133 230 146 235 160 237 173 234 184 228 193 219 198 207 200 194 201 181 202 168 202 155 113 142 118 134 128 130 138 131 147 134 164 133 173 131 183 130 191 133 196 141 156 145 157 154 158 163 158 172 147 184 152 184 158 185 163 184 168 184 124 150 129 147 136 147 143 151 136 152 129 152 168 151 174 147 181 147 186 150 181 152 174 152 137 204 145 201 153 199 158 201 164 199 171 201 178 204 172 209 165 212 159 212 153 212 145 209 141 204 153 204 158 205 164 204 174 204 164 205 159 205 153 205
104 172 106 186 107 200 112 212 121 222 133 230 146 235 160 237 174 234 184 228 193 218 198 207 200 194 201 181 202 168 202 156 113 141 118 134 128 130 138 131 147 134 164 133 173 130 183 130 192 133 196 142 157 145 157 154 158 163 158 172 147 184 152 184 158 185 163 184 168 184 123 150 129 147 136 147 143 151 136 152 129 152 168 151 174 147 181 147 186 150 181 152 174 152 138 204 145 201 153 199 158 201 164 199 171 201 178 204 172 209 165 212 159 212 153 212 146 209 141 204 153 204 159 204 164 204 175 204 165 205 159 206 154 205
104 172 106 186 107 200 112 212 121 222 133 230 146 234 160 236 173 234 184 227 193 219 198 207 200 194 201 181 201 169 202 156 113 142 118 134 127 130 138 131 148 134 164 134 173 131 183 130 191 133 196 141 157 145 157 154 158 163 158 172 147 184 152 184 158 185 163 184 169 184 124 150 129 147 136 147 143 151 136 152 129 152 168 151 174 147 181 147 187 149 182 152 175 152 138 204 145 201 153 199 158 201 164 199 171 201 177 204 171 209 165 212 159 212 153 212 145 209 141 204 153 204 159 204 164 204 174 204 164 205 159 206 153 205
104 172 106 186 107 200 111 212 120 222 132 230 145 235 160 236 174 234 185 227 193 218 199 207 200 194 201 181 201 169 202 156 113 142 118 134 128 131 138 131 148 134 164 133 173 131 183 130 191 133 196 141 157 145 157 154 158 163 159 172 147 184 152 184 158 185 163 184 168 184 123 150 129 147 136 147 143 151 136 152 129 152 168 151 174 147 181 146 187 149 182 152 175 152 137 204 145 202 153 199 158 201 164 199 171 201 178 204 172 209 165 211 159 212 153 211 145 209 141 204 153 204 158 205 164 204 174 204 164 205 159 206 154 205
104 171 105 185 107 199 111 211 120 222 132 229 145 234 160 236 173 234 184 227 193 218 198 206 200 194 200 181 201 168 202 155 113 142 118 134 128 131 137 131 147 134 164 133 173 131 182 130 191 133 196 141 157 145 157 154 158 163 158 172 147 183 152 184 158 185 163 184 168 183 123 150 129 146 136 146 143 151 136 152 129 152 168 151 174 147 181 146 187 149 182 152 175 152 137 204 145 201 153 199 158 201 164 199 171 201 178 204 171 209 165 211 159 212 153 212 145 209 141 204 153 204 158 204 164 204 174 204 164 205 159 206 153 205
