109 182 111 196 113 210 117 222 126 233 137 241 150 247 165 249 179 246 190 239 200 230 206 218 209 204 209 190 209 176 210 162 116 152 121 144 131 141 141 142 150 145 168 143 178 140 187 139 196 142 202 150 160 156 161 166 161 175 162 185 150 195 156 196 162 197 167 196 173 195 127 159 133 155 140 156 147 161 140 162 132 162 173 160 179 155 186 154 192 158 187 161 180 161 141 216 149 213 157 211 162 213 168 211 176 213 183 216 176 221 169 224 163 224 157 224 149 221 144 216 157 216 162 216 168 215 179 216 169 217 163 218 157 217
109 181 111 195 113 209 117 222 125 232 137 241 150 247 164 249 178 246 189 239 199 230 205 218 208 204 209 190 209 176 210 162 116 152 122 144 131 141 141 142 150 145 169 144 178 141 187 140 196 142 202 149 160 156 161 166 161 175 162 185 150 195 156 196 162 197 167 196 173 195 127 159 133 155 140 155 146 161 140 162 132 162 173 160 179 155 186 154 192 158 187 161 180 161 142 216 149 213 157 211 162 213 168 211 176 213 183 216 177 221 169 224 163 225 157 224 149 221 145 216 157 216 163 217 169 216 180 216 169 217 163 218 157 217
109 181 111 195 113 209 117 222 126 233 138 241 150 247 165 249 179 246 190 239 200 230 206 218 209 204 209 190 209 176 209 162 116 151 122 144 131 141 141 142 151 144 169 143 178 140 187 140 196 142 202 149 160 156 161 166 161 175 162 185 150 195 156 196 162 197 168 196 173 195 127 159 133 155 140 156 147 161 140 162 133 162 173 160 179 155 186 155 192 158 187 161 180 161 141 216 149 213 157 211 162 213 168 211 176 213 183 216 177 221 170 224 163 225 157 224 149 221 145 216 157 216 163 217 169 216 179 216 169 217 163 218 157 217
109 181 111 195 113 209 117 222 126 232 137 241 150 247 165 249 179 246 190 239 200 229 206 218 208 204 209 190 209 176 209 162 116 152 122 144 131 141 141 142 151 144 168 143 178 140 187 139 196 142 202 150 160 156 161 166 161 175 162 186 150 195 156 196 162 197 167 196 173 195 127 159 133 155 140 155 146 160 140 162 132 162 173 160 179 155 186 154 192 158 187 161 180 161 142 216 149 214 157 211 162 213 168 211 176 213 183 216 177 221 170 224 163 225 157 224 149 221 145 216 157 216 163 217 169 216 180 216 169 217 163 218 157 217
109 180 111 194 113 208 117 221 126 232 137 241 150 247 165 249 178 246 190 239 200 229 206 217 208 204 209 189 209 175 210 162 116 152 122 144 131 141 141 142 151 144 168 143 178 140 188 139 197 142 202 150 161 156 161 166 162 175 162 185 150 195 156 196 162 197 168 196 173 195 127 159 133 155 140 156 147 161 140 162 133 162 173 160 179 155 186 155 192 158 187 161 180 161 142 216 149 213 157 211 163 213 169 211 176 213 183 216 177 221 170 224 163 225 157 224 149 222 145 216 157 216 163 217 169 216 180 216 169 217 163 218 157 218
109 182 111 196 113 210 117 223 126 234 138 242 151 248 165 250 179 247 190 240 199 230 205 218 208 205 209 190 209 177 209 163 116 152 122 144 131 141 141 142 151 144 168 143 178 140 188 140 197 142 202 150 160 156 161 166 162 175 162 185 151 195 156 196 162 197 168 196 173 195 127 159 133 155 140 155 147 161 140 162 133 162 173 160 179 155 187 155 192 158 187 161 180 161 141 216 149 214 157 211 163 213 169 211 176 213 183 216 177 221 170 224 164 225 157 224 149 221 145 216 157 216 163 217 169 216 180 216 169 217 163 218 157 217
109 181 111 195 113 209 117 222 126 233 137 241 150 248 164 250 178 247 189 240 199 230 205 218 208 204 209 190 209 176 209 162 116 151 122 144 131 141 141 142 151 144 169 143 178 140 188 140 197 142 202 150 160 156 161 166 162 175 162 185 150 195 156 196 162 197 168 196 173 195 127 159 133 155 140 156 147 161 140 162 132 162 173 160 179 155 187 155 192 158 187 161 180 162 142 216 149 214 157 211 163 213 169 211 176 213 183 216 177 222 170 225 163 225 157 225 149 222 145 216 157 216 163 217 169 216 179 216 169 218 163 218 157 218
109 181 111 195 113 209 117 222 126 233 138 242 150 248 165 250 179 247 190 240 200 230 206 217 209 203 210 189 209 175 209 161 116 152 122 144 131 141 141 142 151 144 168 143 178 140 187 139 197 142 202 150 160 156 161 165 161 175 162 185 150 195 156 196 162 197 168 196 173 195 127 159 133 155 140 155 147 160 140 162 132 162 173 160 179 155 186 154 192 158 187 161 180 161 142 216 150 214 157 211 163 213 168 211 176 213 183 216 177 222 170 225 164 225 158 225 150 222 145 216 157 216 163 217 169 216 180 216 169 218 163 219 158 218
109 181 111 195 113 209 117 222 126 233 138 242 151 249 165 251 179 248 190 240 200 230 206 218 208 204 209 189 209 175 209 161 116 152 122 144 131 141 141 141 151 144 168 143 178 140 188 139 197 142 202 150 161 156 161 165 162 175 162 185 151 195 156 196 162 197 168 196 173 195 127 159 133 155 140 155 147 160 140 162 132 162 173 160 179 155 187 154 192 158 187 161 180 161 142 216 150 213 157 211 163 213 169 211 176 213 183 216 177 222 170 225 164 225 158 225 150 222 146 217 157 216 163 217 169 216 180 216 169 218 163 218 158 218
109 180 111 194 113 208 117 222 126 233 137 242 150 249 165 251 179 248 190 240 199 230 205 218 208 203 209 189 209 175 210 160 117 151 122 143 131 140 141 141 151 144 169 143 178 140 188 139 197 142 202 150 161 155 161 165 162 175 163 185 151 195 157 196 162 197 168 196 173 195 127 159 133 155 140 155 147 160 140 162 133 162 173 160 179 155 186 154 192 157 187 161 180 161 143 216 150 213 158 211 163 213 169 211 176 213 183 216 177 222 170 225 164 225 158 225 150 222 146 217 158 216 163 217 169 216 179 216 169 218 163 218 158 218
109 181 111 195 113 210 118 223 126 234 138 243 151 250 165 252 178 249 189 241 199 231 205 219 208 205 209 190 209 176 209 162 117 151 122 143 131 140 142 141 151 144 168 143 178 140 188 139 197 142 202 150 161 155 161 165 162 174 162 184 151 194 156 196 162 197 168 196 173 195 127 158 133 155 140 155 147 160 140 161 133 161 173 160 179 155 186 154 192 157 187 160 180 161 142 217 150 214 158 211 163 213 168 211 176 213 183 216 176 222 170 225 164 226 158 225 150 222 146 217 158 216 163 217 169 216 179 216 169 218 163 219 158 218
109 180 111 195 113 209 118 222 126 234 138 243 151 250 165 253 179 250 190 241 199 231 206 218 208 204 209 189 210 175 210 161 116 151 122 143 131 140 141 141 151 143 168 142 178 139 188 138 197 141 202 149 161 155 161 165 162 174 162 184 150 194 156 195 162 196 168 195 173 194 127 158 133 154 140 155 147 160 140 161 133 161 173 159 179 154 186 154 192 157 187 160 180 161 142 217 149 213 157 211 163 212 168 211 176 213 183 217 177 223 170 227 163 228 157 227 150 224 146 217 157 215 163 216 169 215 179 217 169 220 163 221 158 220
109 182 111 196 113 211 118 224 127 236 138 245 150 251 165 254 178 250 189 242 199 231 206 219 208 205 209 190 209 176 210 162 117 150 122 143 131 140 141 141 151 143 168 142 178 139 188 139 197 141 202 149 160 155 161 164 161 173 162 183 150 194 156 195 162 196 167 195 173 194 127 158 133 155 140 155 147 160 140 161 132 161 173 159 179 154 186 154 192 157 187 160 180 160 142 218 149 213 157 210 162 212 168 210 176 213 183 217 177 224 170 228 163 229 157 228 149 225 146 218 157 215 163 216 168 215 179 217 169 221 163 222 157 221
109 181 111 195 113 210 118 223 126 235 138 244 150 251 165 254 178 250 189 242 199 231 205 219 208 204 209 190 209 175 210 161 117 151 122 143 131 140 141 141 151 144 168 143 177 139 187 139 197 141 202 149 160 155 161 164 161 174 162 183 150 194 156 195 162 196 167 195 173 194 127 158 133 154 140 155 147 160 140 161 133 161 173 159 179 154 186 154 192 157 187 160 180 160 142 217 149 213 157 210 162 212 168 210 176 213 183 217 176 224 169 228 163 229 157 228 149 225 146 218 157 215 162 216 168 215 179 217 168 221 163 222 157 221
109 181 111 195 113 210 118 223 127 235 138 244 151 251 165 253 179 250 190 241 199 231 206 218 208 204 209 189 209 175 210 161 117 151 122 143 131 140 141 141 151 143 168 142 178 139 188 138 197 141 202 149 160 155 161 164 161 174 162 183 150 194 156 195 162 196 167 195 173 194 127 158 133 154 140 155 147 160 140 161 133 161 173 159 179 154 186 154 192 157 187 160 180 160 142 217 149 213 157 210 162 212 168 210 176 213 183 217 177 224 169 228 163 229 157 228 149 225 146 218 157 215 162 216 168 215 179 217 169 221 163 222 157 221
109 181 111 195 113 210 118 223 126 234 138 243 150 250 164 253 178 250 189 241 199 231 206 219 209 204 210 190 210 175 210 161 117 152 122 143 131 140 141 140 151 143 168 142 178 139 188 138 197 142 202 150 161 155 161 165 161 174 162 183 150 194 156 195 162 196 168 195 173 194 130 162 136 160 142 160 148 161 142 163 136 163 172 160 178 159 184 159 190 160 185 162 178 162 143 216 150 213 157 211 162 213 168 211 175 213 182 216 176 222 169 225 163 226 157 226 150 223 146 217 157 215 163 216 168 215 179 216 168 219 163 220 158 219
109 180 111 194 113 209 118 222 126 234 138 243 150 250 165 252 179 249 190 241 200 230 206 218 209 204 210 189 210 175 210 161 117 151 121 143 131 140 141 140 151 143 168 142 178 139 188 138 197 141 202 150 160 155 161 164 161 174 162 184 150 194 156 195 162 196 167 195 173 194 129 160 135 159 141 159 147 160 141 162 135 162 172 159 178 158 184 158 190 159 185 161 179 161 143 216 149 213 157 211 162 213 168 211 176 213 182 216 176 222 169 225 163 226 157 225 150 222 146 216 157 215 163 216 168 215 179 216 169 219 163 220 157 219
109 180 111 194 113 209 117 222 126 234 137 242 150 249 165 251 179 248 190 240 199 230 206 218 208 203 209 189 209 174 210 160 116 150 122 143 131 140 141 140 151 143 168 142 178 139 187 138 197 141 202 149 160 155 161 164 161 174 162 184 150 194 156 195 162 196 167 195 173 194 129 159 134 157 140 157 147 159 141 161 134 161 173 159 178 156 185 156 190 158 185 160 179 160 142 216 149 213 157 211 162 212 168 210 176 212 183 215 177 222 170 225 163 226 157 225 149 222 145 216 157 215 163 215 168 215 179 216 169 218 163 219 157 218
109 180 111 195 113 209 117 223 126 234 137 244 150 251 164 253 178 250 189 241 199 231 206 219 208 204 209 189 210 175 210 160 116 150 122 143 131 139 141 140 151 143 168 142 178 139 188 138 197 141 202 149 160 154 161 164 161 173 162 183 150 193 156 195 162 196 167 195 173 193 128 159 134 156 140 156 147 159 140 160 134 161 173 159 179 155 185 155 191 157 186 160 180 160 141 216 148 212 157 210 162 212 168 210 176 212 183 216 177 223 170 227 163 228 157 227 149 223 145 216 157 214 162 215 169 214 180 216 169 220 163 221 157 220
109 180 111 195 113 210 117 223 126 235 137 244 150 251 164 254 178 251 189 242 199 232 205 219 208 204 209 189 209 175 210 160 116 150 122 142 131 139 141 140 151 142 168 142 177 139 187 138 197 141 202 148 160 154 161 164 161 173 161 183 150 193 156 194 161 195 167 194 173 193 128 158 133 155 140 155 146 159 140 160 133 160 173 158 179 155 186 155 191 157 186 159 180 159 141 216 148 211 156 209 162 210 168 209 176 211 183 216 177 224 169 228 162 229 156 228 148 224 145 216 156 213 162 214 168 213 179 216 168 221 162 221 156 221
109 180 111 194 113 209 118 222 127 234 138 244 150 251 164 253 178 250 189 242 198 231 205 219 208 204 209 189 210 175 210 160 117 150 122 142 131 139 141 140 151 142 168 142 178 139 187 138 196 141 202 148 160 154 161 164 161 173 162 183 150 193 156 194 161 195 167 194 173 193 128 158 133 155 140 155 146 159 140 160 133 160 173 159 179 155 186 154 191 157 186 159 180 160 141 215 148 211 156 208 162 210 168 208 176 211 183 215 177 224 169 227 162 228 156 227 148 223 144 216 156 212 162 213 168 212 179 216 168 221 162 221 156 220
109 180 111 195 113 209 118 222 126 234 137 243 150 250 164 252 177 249 189 241 199 231 205 218 208 204 209 189 210 175 210 161 116 150 122 142 131 139 141 140 151 142 168 142 178 139 188 138 197 141 202 148 160 154 160 164 161 173 161 183 150 193 156 194 161 195 167 194 172 193 127 158 133 155 140 155 146 159 140 160 133 160 173 158 179 154 186 154 192 157 186 159 180 160 141 215 148 211 156 208 162 210 168 208 176 211 183 215 176 223 169 226 162 227 156 226 148 222 144 215 156 212 162 212 168 212 179 216 168 220 162 220 156 220
109 180 111 194 113 209 118 222 126 234 138 243 150 249 164 252 178 248 189 241 199 231 205 218 208 204 209 189 210 175 210 160 117 150 122 142 131 139 141 140 151 143 169 142 178 139 188 138 197 141 202 148 160 154 161 164 161 173 162 184 150 193 156 194 161 196 167 194 172 193 127 158 133 155 140 155 147 159 140 160 133 160 173 159 179 154 186 154 192 157 187 159 180 160 142 215 149 211 157 208 162 210 168 208 176 211 183 215 176 223 169 226 163 227 156 226 149 222 145 215 157 212 162 212 168 212 179 216 168 219 162 220 157 219
109 180 111 194 113 208 117 222 126 233 137 242 150 249 164 251 178 248 189 240 199 230 205 217 208 203 209 189 209 175 210 160 116 150 122 142 131 139 141 140 151 143 168 142 178 139 188 138 197 141 203 149 160 154 161 164 161 173 162 183 150 193 156 194 162 196 167 194 173 193 127 157 133 154 140 155 147 159 140 160 133 160 173 158 179 154 186 154 192 157 187 159 180 160 141 215 149 212 157 210 162 211 168 209 176 212 182 216 176 222 169 226 163 227 157 226 149 222 145 215 157 214 162 214 168 214 179 216 169 219 163 219 157 219
109 178 111 193 113 207 117 221 125 233 137 242 150 248 164 250 178 247 190 239 199 229 205 217 207 202 208 188 209 173 210 159 116 150 121 142 131 139 141 140 151 142 168 142 178 139 187 138 197 141 202 148 160 154 161 164 162 173 162 184 151 193 156 195 162 196 167 195 173 193 127 158 133 154 140 155 146 159 140 160 133 160 173 158 179 154 186 154 192 157 186 160 179 160 142 216 150 213 157 210 163 212 169 210 176 212 182 216 177 222 170 225 164 226 158 225 150 222 146 216 158 215 163 216 169 215 179 216 169 218 163 218 158 218
109 179 111 194 113 208 117 222 126 233 137 242 150 249 164 251 178 248 190 240 199 229 205 217 208 203 209 188 209 174 210 160 116 150 122 142 131 139 141 140 151 143 168 142 177 139 187 138 196 141 202 148 160 154 161 164 161 174 162 184 150 194 156 195 162 196 167 195 173 194 127 158 133 154 140 155 146 159 140 160 133 160 173 158 179 154 185 154 191 157 186 159 179 160 142 216 149 213 157 210 162 212 168 210 176 212 182 216 177 222 170 225 163 225 158 225 150 222 145 216 157 215 163 216 169 215 179 216 169 218 163 218 158 218
109 179 111 194 113 208 117 221 125 233 137 242 150 249 164 251 178 248 190 240 200 229 205 216 208 202 209 188 209 174 209 160 116 150 121 142 131 139 141 140 151 142 168 142 177 138 187 137 196 140 202 148 160 154 160 164 161 173 161 183 150 193 156 194 161 196 167 194 172 193 127 158 132 154 139 154 146 158 140 160 132 160 173 158 179 154 186 154 191 156 186 159 179 159 142 216 149 213 157 210 162 212 168 210 176 212 182 216 177 222 170 225 163 226 157 225 149 222 145 216 157 215 163 216 168 215 179 216 169 218 163 219 158 218
109 179 111 194 113 208 117 222 125 233 137 242 149 248 164 251 178 248 189 240 199 230 205 217 207 203 208 188 209 174 209 160 116 149 121 142 131 139 141 140 150 142 168 141 177 138 187 137 196 140 202 148 160 154 160 163 161 173 161 183 150 193 156 194 161 195 167 194 172 193 127 157 132 154 139 154 146 158 140 160 132 160 173 158 179 154 186 153 191 156 186 159 179 159 141 216 148 212 157 209 162 211 168 209 176 211 182 215 176 222 169 225 163 226 157 226 149 222 145 216 157 214 162 214 168 214 179 216 168 218 162 219 157 218
109 179 111 194 113 208 117 221 126 233 138 242 150 248 164 251 178 248 189 240 199 230 205 217 208 203 209 188 209 174 210 160 116 149 122 141 131 138 141 139 150 142 168 141 177 138 187 137 196 140 202 148 160 154 160 163 161 173 161 183 150 193 156 194 161 195 167 194 172 193 127 157 133 154 139 154 146 158 140 160 132 160 173 158 178 154 185 153 191 156 186 159 179 159 141 216 149 212 157 209 162 210 168 209 176 211 182 215 176 222 169 226 163 227 157 226 149 222 145 216 157 213 162 214 168 213 179 215 169 219 163 220 157 219
109 179 111 193 113 208 117 221 126 232 137 242 150 248 164 250 178 248 189 240 199 229 205 217 207 202 209 188 209 173 210 159 116 150 122 142 131 139 141 139 151 142 168 141 177 138 187 138 196 140 202 148 160 154 160 163 161 173 161 183 150 193 156 194 161 195 167 194 172 193 127 157 133 154 140 154 146 158 140 160 133 160 173 158 179 153 186 153 192 156 186 159 179 159 142 216 149 212 157 209 162 210 168 209 176 211 182 215 177 222 169 225 163 226 157 226 149 222 145 216 157 213 162 214 168 213 179 215 169 219 163 220 157 219
109 180 111 194 114 208 118 221 126 233 137 241 150 248 164 251 178 248 190 240 200 229 206 217 208 202 209 188 209 174 210 160 116 150 122 142 131 139 141 140 150 143 168 142 177 139 187 138 197 140 202 148 160 154 161 164 161 173 162 183 150 193 156 194 162 195 167 194 172 193 127 157 133 154 140 154 147 159 140 160 133 160 173 158 179 154 186 153 192 156 187 159 179 160 142 216 149 212 157 209 162 211 168 209 176 212 183 215 177 222 170 225 163 226 157 226 150 222 145 216 157 213 163 214 168 213 179 215 169 219 163 219 157 219
109 180 111 194 113 208 117 221 126 233 137 241 150 248 164 250 178 247 189 239 199 229 205 217 208 203 209 188 209 174 210 160 116 150 121 142 131 139 141 140 150 143 168 142 178 139 187 138 197 141 202 148 160 154 161 164 161 173 162 183 150 193 156 194 162 195 167 194 172 193 127 157 133 154 140 154 146 159 140 160 132 160 173 159 179 154 186 154 192 157 186 159 179 160 142 216 149 212 157 209 162 211 168 209 175 211 182 215 176 222 169 225 163 226 157 225 149 222 145 216 157 213 162 214 168 213 179 215 168 219 163 219 157 219
109 179 111 194 113 209 118 222 126 233 138 242 150 248 164 251 178 247 189 240 199 229 205 217 207 203 209 188 209 174 210 159 116 150 122 142 131 139 141 140 150 143 168 142 177 139 187 138 197 141 202 148 160 154 161 164 161 173 162 183 150 193 156 194 162 195 167 194 172 193 127 157 133 154 140 154 146 159 140 160 133 160 173 159 179 154 186 154 192 156 186 159 179 160 142 215 149 212 157 209 162 211 168 209 175 211 182 215 176 222 169 226 163 226 157 226 149 222 145 216 157 213 162 214 168 213 179 215 168 219 163 220 157 219
109 179 111 194 113 208 117 221 126 233 138 242 150 249 164 251 178 248 189 240 199 230 205 217 208 203 209 188 209 174 210 160 116 150 121 142 131 139 141 140 151 143 168 142 177 139 187 138 197 141 202 149 160 154 161 164 161 173 162 184 150 193 156 194 162 195 167 194 172 193 127 157 133 154 140 154 146 159 140 160 133 160 172 159 179 154 186 154 192 157 186 159 179 160 141 215 149 212 157 209 162 211 168 209 176 211 183 215 176 222 169 225 163 226 157 225 149 222 145 215 157 213 162 213 168 212 179 215 168 219 162 220 157 219
109 179 111 193 113 208 117 221 126 232 137 241 150 248 164 250 178 247 189 239 199 229 205 217 207 203 208 188 209 174 209 159 116 150 122 142 131 139 141 140 151 143 169 142 178 139 188 138 197 141 202 148 160 154 161 164 161 173 162 183 150 193 156 194 162 195 167 194 172 193 127 157 133 154 140 154 146 159 140 160 133 160 173 158 179 154 186 154 191 157 186 159 179 160 142 214 149 211 157 209 162 211 168 209 175 211 183 214 176 221 169 224 163 224 157 224 149 220 145 214 157 213 162 213 168 213 179 214 168 218 163 218 157 218
109 179 111 193 113 208 117 221 125 232 137 241 150 248 164 250 178 247 189 240 199 230 205 218 208 204 209 189 210 175 210 161 117 149 122 141 131 139 141 139 151 142 168 142 178 138 188 137 197 140 202 148 160 154 161 164 161 173 162 183 150 193 156 194 162 195 167 194 173 193 128 158 134 156 140 156 147 159 140 160 134 160 173 159 179 156 185 155 191 157 186 160 179 160 141 213 149 211 157 209 162 211 167 209 175 211 182 214 175 219 168 221 162 222 157 221 149 219 145 214 157 213 162 214 167 213 179 214 168 216 162 216 157 215
109 179 111 193 113 207 117 220 126 232 137 240 149 247 164 249 178 247 190 239 200 229 207 217 210 203 210 188 210 173 210 159 117 150 122 142 131 138 141 139 151 142 168 142 178 138 188 137 197 140 201 148 160 155 160 164 161 173 161 183 150 193 156 194 162 195 167 194 173 193 130 161 135 160 141 159 147 160 142 162 136 162 172 160 178 158 184 159 190 159 184 161 178 161 141 213 149 211 157 209 161 211 167 209 174 211 182 213 175 219 168 221 162 222 157 221 149 218 145 213 157 213 162 214 167 213 179 213 167 215 162 216 157 215
109 178 110 192 112 207 117 220 125 232 137 241 149 248 164 250 178 247 190 239 200 229 206 217 209 202 210 187 210 173 210 159 116 150 121 141 131 138 141 139 151 142 168 141 178 138 188 137 197 140 202 149 160 154 161 164 161 173 161 183 150 193 156 194 161 195 167 194 172 193 129 160 135 160 141 159 147 160 141 162 135 162 172 159 178 159 184 159 190 159 184 161 178 161 141 213 149 211 157 209 162 211 167 209 175 211 182 214 175 220 168 223 162 223 157 223 149 220 145 214 157 213 162 214 167 213 178 214 167 216 162 217 157 216
108 178 110 192 112 207 117 221 126 233 137 242 149 249 164 252 178 249 189 240 199 230 206 217 209 203 209 188 210 174 210 159 116 149 121 141 131 138 141 139 151 142 169 141 178 138 188 137 197 140 202 148 160 154 161 163 161 173 162 183 150 193 156 194 161 195 167 194 172 193 129 159 134 157 141 157 147 158 141 160 135 160 172 158 179 157 185 157 190 158 185 160 179 160 141 215 149 212 156 209 161 211 167 209 175 212 182 215 175 222 168 225 162 226 157 225 149 222 145 215 156 213 162 214 167 213 178 215 168 219 162 219 157 219
108 179 110 193 113 208 117 222 126 233 137 243 150 250 164 252 178 249 190 241 200 230 206 217 208 203 209 188 210 174 210 159 116 149 121 141 131 138 141 139 151 142 168 141 177 138 187 137 197 140 202 148 160 154 161 163 161 173 162 183 150 193 156 194 161 195 167 194 172 193 128 158 134 156 140 155 146 158 140 159 134 160 173 158 179 155 185 155 191 157 186 159 179 159 141 215 149 211 157 209 162 211 168 209 175 211 182 215 176 223 169 227 162 227 157 227 149 223 145 215 157 213 162 214 168 213 178 216 168 220 162 220 157 220
109 179 111 193 113 208 117 221 125 233 137 242 149 249 164 251 178 248 190 240 200 230 206 217 208 202 208 188 209 173 210 159 116 150 121 142 131 139 141 140 151 142 168 142 177 138 187 138 197 140 202 148 160 154 160 164 161 173 161 183 150 193 156 194 161 195 167 194 172 193 127 158 133 155 140 155 146 158 140 160 133 160 173 158 179 155 186 154 191 157 186 159 179 159 141 215 149 212 157 209 162 211 168 209 175 212 182 215 175 221 168 224 162 224 157 224 149 221 145 215 157 214 162 214 168 214 178 215 168 218 162 218 157 217
109 179 111 193 113 208 117 221 125 232 137 241 150 248 164 250 178 247 190 239 199 229 205 217 207 203 208 188 209 174 209 159 116 150 122 142 131 139 141 140 150 143 168 142 178 138 187 138 196 140 202 148 160 154 161 164 161 173 162 183 150 193 156 194 162 195 167 194 172 193 127 157 133 154 140 155 146 158 140 160 133 160 173 158 179 154 185 154 191 156 186 159 179 159 141 214 149 211 156 209 162 211 168 209 175 212 182 215 176 220 169 223 162 223 157 222 149 219 145 214 156 214 162 215 168 214 179 215 168 216 162 216 157 216
109 179 111 193 113 207 117 221 125 232 137 241 150 247 165 250 179 247 190 239 200 229 206 216 208 202 209 188 210 174 210 160 116 150 121 142 131 139 141 140 151 143 168 142 177 139 187 138 197 141 202 149 160 154 161 164 161 173 162 183 150 193 156 194 161 195 167 194 172 193 128 157 133 154 140 154 146 158 140 160 133 160 173 158 179 154 186 154 192 157 186 159 180 160 141 214 148 211 156 209 162 211 168 209 175 212 182 215 176 220 169 223 162 223 156 223 148 220 144 214 156 214 162 214 168 214 179 215 168 216 162 217 156 216
108 178 111 192 113 207 117 220 125 231 136 240 149 247 164 249 178 246 190 238 200 229 206 216 208 202 209 188 210 173 210 159 116 150 121 142 131 139 141 140 151 142 168 142 178 139 187 138 196 141 202 148 160 154 161 164 161 173 162 183 150 193 156 194 161 195 167 194 172 193 127 157 133 154 140 154 146 158 140 160 133 160 173 158 179 154 186 153 192 156 187 159 180 159 141 214 148 211 156 209 162 211 168 209 175 211 182 215 176 221 169 224 162 225 156 224 148 221 144 214 156 214 162 214 168 214 178 215 168 217 162 217 157 217
109 178 111 192 113 206 117 220 125 231 137 240 150 247 164 249 178 246 190 238 200 228 205 216 208 202 209 187 209 173 209 159 116 149 121 142 131 139 141 140 151 143 168 142 177 139 187 138 196 140 202 148 160 154 161 164 161 173 161 183 150 193 156 194 161 195 167 194 172 193 127 157 132 154 140 154 146 158 140 160 132 160 173 158 179 154 186 153 192 156 187 159 180 159 141 215 149 212 157 210 162 211 168 209 176 212 182 215 176 221 169 224 163 225 157 224 149 221 145 215 157 214 162 215 168 214 179 215 168 217 163 218 157 217
108 178 111 192 113 207 117 220 125 232 137 241 149 248 164 250 178 247 189 239 199 229 205 216 208 202 209 188 209 174 209 160 116 149 121 142 131 139 141 140 150 143 168 142 178 139 187 138 196 141 202 148 160 154 161 164 161 173 162 184 150 193 155 195 161 196 167 195 172 194 127 157 133 154 140 154 146 158 140 160 132 160 173 158 179 154 186 153 192 156 187 159 179 160 141 215 148 212 156 210 162 212 168 210 175 212 182 216 176 222 169 225 163 226 157 225 149 222 145 216 156 215 162 216 168 215 178 216 168 218 162 218 157 217
108 178 111 192 112 207 116 220 125 232 137 241 149 247 164 250 178 247 189 239 199 229 205 216 207 202 208 188 209 173 209 159 116 149 121 142 131 139 141 140 151 143 168 142 177 139 187 138 196 140 202 148 160 154 161 164 161 173 162 184 150 193 156 195 161 196 167 195 172 194 127 157 132 154 139 154 146 159 139 160 132 160 172 158 179 154 186 153 192 156 186 159 179 160 142 216 149 213 156 210 162 212 167 210 175 213 181 216 175 222 168 225 162 226 157 225 149 222 145 216 157 215 162 216 168 215 178 216 168 218 162 219 157 218
108 178 111 192 113 207 117 220 125 232 136 241 149 247 164 250 178 247 190 239 199 228 205 216 207 202 208 187 209 173 209 159 116 150 121 142 131 139 141 140 151 142 167 142 177 139 187 138 196 141 202 148 160 154 160 164 161 173 161 183 150 193 156 195 161 196 167 195 172 194 127 157 132 154 139 154 146 158 139 160 132 160 172 158 178 154 186 153 192 156 186 159 179 160 142 216 149 213 156 210 162 212 168 210 175 213 182 216 176 222 169 225 163 226 157 225 149 222 145 216 156 215 162 216 168 215 178 216 168 218 162 218 157 218
109 178 111 193 113 207 117 220 125 232 137 241 150 247 164 250 179 247 190 239 200 229 206 216 208 202 209 187 209 173 210 159 116 150 121 142 131 139 141 140 150 143 167 142 177 139 187 138 196 141 202 149 160 154 160 164 161 173 161 183 150 193 155 195 161 196 167 195 172 193 127 157 132 154 139 154 146 158 139 160 132 160 172 158 178 154 185 153 191 156 186 159 179 159 142 216 149 213 156 210 162 212 168 210 175 213 182 216 176 222 169 225 163 225 157 225 149 222 145 216 157 215 162 216 168 215 179 216 168 218 162 218 157 217
108 178 110 193 112 207 116 220 125 232 136 241 149 247 164 249 178 246 190 239 199 229 205 216 207 202 208 188 209 174 209 160 116 150 122 142 131 139 141 140 150 143 168 142 177 139 187 138 196 141 202 148 160 154 160 164 161 173 161 184 150 193 155 195 161 196 167 195 172 194 126 157 132 154 139 154 146 158 139 160 132 160 172 158 178 154 185 153 192 156 186 160 179 160 141 216 149 213 156 210 162 212 167 210 175 213 182 216 176 222 169 225 162 225 156 225 149 222 145 216 156 215 162 216 168 215 178 216 168 217 162 218 157 217
109 179 111 193 113 207 117 220 125 232 137 241 149 247 164 250 178 247 190 239 199 229 205 216 208 202 209 188 209 174 210 160 116 150 122 142 131 139 141 140 150 143 167 142 177 139 187 138 196 140 202 148 160 154 160 164 160 173 161 184 150 194 155 195 161 196 166 195 172 194 126 157 132 154 139 154 146 159 139 160 132 160 172 158 178 154 186 153 192 156 186 160 179 160 142 216 149 213 156 210 162 212 167 210 175 213 182 216 176 222 168 225 162 225 156 224 149 221 145 216 156 215 162 216 168 215 178 216 168 217 162 218 156 217
108 178 110 192 112 206 116 220 125 231 136 240 149 247 164 249 178 247 190 239 199 229 206 216 208 202 209 187 209 173 209 159 116 150 121 142 131 139 141 140 150 143 168 142 177 139 187 138 196 141 202 148 160 154 160 164 160 173 161 184 150 193 155 195 161 196 166 195 172 194 127 157 132 154 139 154 146 159 139 160 132 160 172 159 178 154 185 153 191 156 186 160 179 160 142 216 149 213 156 210 161 212 167 210 175 213 182 216 175 221 168 224 162 225 156 224 149 221 145 216 156 215 162 216 167 215 178 216 168 217 162 218 156 217
108 178 111 193 112 207 116 220 125 231 136 240 149 247 163 249 177 246 189 239 199 229 205 216 207 202 208 188 209 174 209 160 116 150 121 142 131 139 141 140 151 143 168 142 177 139 187 138 197 141 202 149 160 154 160 164 160 173 161 183 150 193 155 194 161 196 166 195 172 194 126 157 132 154 139 154 146 159 139 160 132 160 173 159 179 154 186 153 192 156 187 160 179 160 141 215 148 212 156 210 161 212 167 210 175 212 182 215 175 221 168 223 162 224 156 223 149 221 145 215 156 215 162 216 167 215 179 215 168 217 162 218 156 217
108 179 110 193 112 207 117 220 125 231 137 240 150 246 164 249 178 246 189 238 199 229 205 216 208 202 209 188 209 174 209 160 116 150 121 142 131 139 141 140 150 143 167 142 177 139 187 138 196 141 202 149 160 154 160 164 161 173 161 183 150 193 155 194 161 195 166 195 172 194 126 157 132 154 139 154 146 159 139 160 132 160 172 159 179 154 186 153 192 156 187 160 179 160 142 215 149 212 156 210 161 212 167 210 175 212 182 215 175 221 168 224 162 224 157 224 149 221 145 215 156 215 162 215 167 215 179 215 168 217 162 217 157 217
108 179 110 193 112 207 117 220 125 231 137 240 149 246 164 249 178 246 189 238 199 229 205 217 208 203 209 189 209 175 209 161 116 150 121 142 131 139 141 140 150 143 168 142 177 139 187 138 197 141 202 149 160 154 160 164 161 174 161 183 150 193 155 195 161 196 166 195 172 194 126 157 132 154 139 154 146 159 139 160 132 160 172 159 179 154 186 153 192 156 187 160 179 160 142 215 149 212 156 210 161 212 167 210 175 212 182 215 175 220 168 223 162 224 157 223 149 221 145 215 156 215 162 215 167 215 179 215 168 217 162 217 157 217
108 179 110 193 112 207 117 220 125 231 137 240 150 246 164 248 178 245 190 238 199 228 205 216 208 202 209 188 209 174 209 161 116 150 121 142 131 139 141 140 150 143 168 142 177 139 187 138 196 141 202 148 160 155 160 164 161 174 161 184 150 194 155 195 161 196 167 195 172 194 126 158 132 154 139 154 146 159 139 161 132 161 173 159 179 154 186 153 192 157 187 160 179 160 142 215 149 212 157 210 162 212 167 210 175 212 182 215 175 220 168 223 162 224 157 223 149 220 145 215 157 215 162 215 167 214 178 215 168 217 162 217 157 217
109 178 111 193 112 207 117 220 125 231 137 240 150 246 164 248 178 246 189 238 199 229 205 217 208 203 209 189 209 175 210 160 116 151 121 143 131 140 141 140 150 143 167 142 177 139 187 138 197 141 202 149 160 155 160 164 161 174 161 184 150 194 155 195 161 196 166 195 172 194 127 157 132 154 140 154 146 159 140 160 132 161 172 159 179 154 186 153 192 157 187 160 179 160 142 215 149 212 156 210 162 212 167 210 175 212 182 215 176 220 169 223 162 224 157 223 149 220 145 215 156 215 162 215 168 215 179 215 168 216 162 217 157 216
109 179 111 193 112 207 117 220 125 231 137 240 149 246 164 248 178 245 189 238 199 229 205 217 208 203 209 189 209 175 209 161 116 151 121 143 131 140 141 141 151 143 168 143 177 140 187 139 196 141 202 149 160 155 160 165 161 174 161 184 150 194 155 195 161 196 167 195 172 194 127 158 132 154 139 154 146 159 139 161 132 161 172 159 179 154 186 154 192 157 187 160 179 160 141 215 148 212 156 210 162 212 167 210 175 212 182 215 176 220 168 223 162 224 156 223 149 220 144 215 156 215 162 216 168 215 179 215 168 217 162 217 156 216
109 180 111 194 113 208 117 221 125 232 137 240 150 246 164 248 178 245 189 238 199 229 205 217 208 203 209 189 209 175 209 161 116 151 121 143 131 140 141 141 151 143 168 143 177 139 187 139 196 141 202 149 160 155 160 165 161 174 161 184 150 194 156 195 161 196 167 195 172 194 126 158 132 154 139 155 146 160 139 161 132 161 173 159 179 154 186 154 192 157 187 160 179 161 141 215 148 213 156 210 162 212 168 210 175 212 182 215 176 220 169 223 162 224 156 223 149 221 144 215 156 215 162 216 168 215 179 215 168 216 162 217 156 217
109 180 111 194 113 208 117 221 125 231 137 240 149 246 164 248 178 245 190 238 199 228 205 217 208 203 209 189 209 175 209 161 116 151 122 143 131 140 141 141 151 144 168 143 178 140 187 139 197 142 202 149 160 155 161 165 161 174 161 184 150 194 155 195 161 196 167 195 172 194 127 158 133 154 140 155 147 160 140 161 132 161 173 159 179 154 186 154 192 157 187 160 179 161 141 215 149 212 157 210 162 212 168 210 175 212 182 215 176 221 169 223 162 224 157 223 149 220 145 215 157 215 162 216 168 215 179 215 168 216 162 217 157 216
109 180 111 194 113 208 117 221 125 232 137 240 150 246 164 248 178 245 190 238 199 229 205 217 208 203 209 189 209 175 210 161 116 151 122 143 131 140 141 141 151 144 168 143 177 140 187 139 197 141 202 149 160 155 161 165 161 174 162 184 150 194 156 196 162 197 167 196 173 194 127 158 132 154 140 155 146 160 140 161 132 161 172 159 179 154 186 154 192 157 187 161 179 161 141 215 149 213 156 211 162 212 168 210 176 213 183 215 176 220 169 223 163 224 157 223 149 220 144 215 157 215 162 216 168 215 179 215 168 216 162 217 157 216
109 179 111 194 113 208 117 221 125 231 137 240 149 246 164 248 178 245 189 238 199 229 205 217 207 203 208 189 209 175 209 160 116 151 122 143 131 140 141 141 151 144 168 143 177 140 187 139 197 141 202 149 160 155 161 165 161 175 162 185 150 194 156 195 161 197 167 196 173 194 127 158 132 154 140 155 146 160 140 161 132 161 173 160 179 154 186 154 192 157 187 161 179 161 141 215 149 213 157 211 162 212 168 211 175 213 182 215 176 221 169 223 162 224 157 223 149 221 145 216 157 216 162 216 168 215 179 216 168 217 162 217 157 217
109 181 110 195 113 209 117 222 126 232 137 240 150 246 164 249 178 246 189 238 199 229 205 217 207 204 208 190 209 176 209 162 116 151 122 143 131 140 141 141 151 144 168 143 177 140 187 139 197 142 202 150 160 155 161 165 161 174 162 185 150 194 156 195 162 196 167 195 173 194 127 158 132 155 140 155 146 160 140 161 132 161 172 160 179 154 186 154 192 157 187 161 179 161 141 215 149 213 157 211 162 212 168 210 175 213 182 215 176 221 169 223 163 224 157 223 149 220 145 216 157 215 162 216 168 215 179 215 168 217 162 217 157 217
108 179 110 193 112 207 117 221 125 232 137 240 149 247 164 249 178 246 189 239 199 229 206 217 209 204 209 189 210 175 210 161 116 151 122 143 131 140 141 141 151 144 168 143 178 140 187 139 197 142 202 150 160 155 161 165 161 175 161 185 150 194 155 196 161 197 167 196 172 194 129 160 134 158 140 158 147 160 141 162 134 162 172 160 178 158 185 158 190 159 185 161 179 162 141 215 148 213 156 211 162 213 168 211 175 213 182 215 176 221 169 223 162 224 156 223 148 220 144 215 156 215 162 216 168 215 179 215 168 217 162 217 156 217
108 179 110 193 112 207 116 220 125 231 137 240 149 246 164 248 178 246 189 238 199 229 206 217 209 203 209 188 210 174 210 161 116 152 122 143 131 140 141 141 151 144 168 143 178 140 188 139 197 142 202 151 160 156 161 165 161 175 161 184 149 194 155 195 161 196 167 195 173 194 130 161 135 161 141 160 147 161 142 163 135 163 172 161 178 160 184 160 190 160 185 163 178 163 141 215 149 213 156 211 162 212 168 211 175 213 182 215 176 220 169 223 162 224 156 223 149 220 145 215 156 215 162 216 168 215 179 216 168 217 162 217 157 217
108 179 110 194 112 208 117 221 126 232 137 240 149 246 163 249 177 246 189 239 199 229 205 217 208 204 209 189 210 175 210 161 116 151 121 143 131 140 141 141 151 144 169 143 178 140 188 139 197 142 202 150 160 155 161 165 161 175 162 185 150 194 155 196 161 197 167 196 173 195 128 160 134 158 140 158 147 160 141 161 134 162 173 160 179 158 185 158 191 159 185 161 179 161 141 215 149 213 156 211 162 213 168 211 175 213 182 215 176 221 169 224 162 224 156 223 149 221 144 216 156 216 162 216 168 215 179 216 168 217 162 218 157 217
109 180 111 194 113 208 117 221 126 232 137 240 150 246 164 249 178 246 189 239 199 229 206 217 208 204 209 189 210 175 210 161 116 151 122 143 131 140 141 141 151 144 168 143 178 140 188 139 197 142 202 149 160 155 161 165 161 175 162 185 150 194 156 196 162 197 167 196 173 195 128 159 134 156 140 156 147 160 140 161 134 161 173 160 179 157 186 156 191 158 186 161 180 161 141 215 149 213 156 211 162 213 168 211 175 213 182 216 176 221 169 223 162 224 156 223 149 221 144 216 156 216 162 216 168 216 179 216 168 217 162 218 157 217
109 180 111 194 113 208 117 221 126 232 137 240 150 246 164 249 178 246 189 239 199 229 205 217 208 204 209 189 209 175 209 162 116 151 122 143 131 140 141 141 151 144 168 143 178 140 188 139 197 142 202 150 160 155 161 165 161 175 162 185 150 195 156 196 162 197 167 196 173 195 128 159 133 156 140 156 147 160 140 161 133 161 173 160 179 156 186 156 192 158 187 161 180 161 141 216 149 213 157 211 162 213 168 211 176 213 183 216 176 221 169 224 163 224 157 224 149 221 145 216 157 216 162 217 168 216 179 216 168 217 163 218 157 217
109 180 111 194 113 208 117 221 126 232 137 240 150 247 164 249 178 246 189 239 199 230 205 218 208 204 209 190 209 176 210 162 117 151 122 143 131 140 141 141 151 144 169 144 178 140 188 139 197 142 202 150 161 156 161 165 162 175 162 185 150 195 156 196 162 197 168 196 173 195 128 159 134 155 141 156 147 160 141 161 133 161 173 160 180 156 187 155 192 158 187 161 180 161 142 216 149 213 157 211 162 213 168 211 176 213 183 216 176 221 169 224 163 224 157 224 149 221 145 216 157 216 163 216 168 216 180 216 169 217 163 218 157 217
109 180 111 194 113 208 117 221 126 232 137 240 149 246 164 249 177 246 189 239 199 230 205 218 208 204 209 190 209 176 210 162 117 151 122 143 131 140 141 141 151 144 169 143 178 140 188 139 197 142 202 150 161 156 161 165 162 175 162 185 150 195 156 196 162 197 167 196 173 195 127 159 133 156 140 156 147 160 140 161 133 162 173 160 180 156 187 155 192 158 187 161 180 161 142 216 149 213 157 211 162 213 168 211 176 213 183 216 176 221 169 224 163 224 157 224 149 221 145 216 157 216 162 217 168 216 179 216 169 217 163 218 157 217
109 180 111 194 113 208 118 221 126 232 138 240 150 247 164 249 178 246 189 239 199 230 205 218 208 204 209 190 209 176 210 162 117 151 123 143 132 140 142 141 151 144 169 143 178 140 188 139 197 142 202 150 161 156 161 166 162 175 162 185 150 195 156 196 162 197 168 196 173 195 128 159 134 155 141 155 147 160 141 161 133 161 173 160 180 156 187 155 192 158 187 161 180 161 142 216 149 213 157 211 162 213 168 211 176 213 183 216 176 221 169 224 163 224 157 224 150 221 145 216 157 216 162 217 168 216 179 216 169 217 163 218 157 217
109 180 111 194 113 208 117 221 125 232 137 240 149 247 164 249 178 246 189 239 199 230 206 218 208 205 209 190 210 176 210 162 117 151 122 143 132 141 142 142 151 144 169 143 179 140 188 140 198 142 203 150 161 156 161 166 162 175 162 185 150 195 156 196 162 197 168 196 173 195 127 159 133 155 141 156 147 160 140 161 133 162 173 160 180 155 187 155 193 158 188 161 180 161 142 216 149 213 157 211 162 213 168 211 176 213 183 216 176 221 169 224 163 225 157 224 149 221 145 216 157 216 163 217 168 216 179 216 169 218 163 218 157 218
109 180 111 194 113 208 117 221 126 232 137 240 150 247 164 249 178 246 190 239 200 230 206 218 208 204 209 190 210 175 210 161 117 151 122 143 132 141 142 141 151 144 169 143 179 141 188 140 197 142 203 150 161 156 161 166 162 175 162 185 150 195 156 196 162 197 168 196 173 195 127 159 133 155 140 156 147 160 140 162 133 162 173 160 180 156 187 155 193 158 188 161 180 162 142 216 149 214 157 212 162 213 168 211 176 213 183 216 177 221 169 224 163 225 157 224 150 221 145 216 157 216 163 217 169 216 180 216 169 218 163 218 157 217
109 181 111 195 113 209 117 222 126 232 137 240 150 247 164 249 178 246 189 239 199 230 205 218 208 205 209 190 210 176 210 162 117 152 122 144 132 141 142 142 151 145 169 143 178 141 188 140 197 142 203 150 161 156 161 166 162 175 162 185 150 195 156 196 162 197 168 196 173 195 127 159 133 155 140 155 147 160 140 162 133 162 173 160 180 155 187 155 193 158 188 161 180 161 142 216 149 214 157 211 162 213 168 211 176 214 183 216 177 222 169 224 163 225 157 224 149 221 145 216 157 216 163 217 169 216 180 216 169 218 163 218 157 217
