120 179 122 194 124 209 128 223 135 235 145 246 156 253 170 256 183 254 195 246 204 236 211 224 214 211 217 197 220 183 222 169 132 152 139 147 148 145 157 147 165 152 184 153 192 148 202 147 210 150 215 157 174 163 174 174 174 185 174 196 163 202 167 204 172 206 177 204 182 203 143 163 149 159 156 160 161 165 155 167 148 166 186 167 193 162 199 162 204 165 200 168 193 168 154 221 161 219 168 218 172 219 176 218 182 220 188 222 182 227 176 229 171 229 166 228 160 226 157 221 167 222 172 223 176 222 186 222 176 223 171 223 167 222
120 180 122 195 124 210 128 224 135 236 145 246 156 254 170 257 183 254 194 247 203 237 210 225 214 212 217 199 220 185 222 170 132 153 139 147 148 145 157 147 165 152 184 153 192 148 202 147 211 150 216 157 174 164 174 174 174 184 174 195 163 202 167 204 172 206 177 205 182 203 143 163 149 159 156 160 161 165 155 167 148 166 186 167 193 162 199 162 205 166 200 169 193 168 154 222 161 219 168 218 172 219 176 218 182 220 188 223 182 227 176 229 171 230 166 229 160 226 157 222 167 222 172 223 176 223 185 223 176 223 171 223 167 222
120 179 122 194 124 210 128 224 135 236 144 247 156 255 169 258 183 255 194 247 203 238 210 226 214 213 217 198 220 184 222 169 132 152 139 147 148 145 157 147 165 152 185 152 192 148 202 147 211 150 215 157 174 163 174 174 174 184 173 195 163 202 167 204 172 206 177 205 182 203 143 163 149 159 156 160 161 165 155 167 148 166 186 167 193 162 199 162 204 166 200 169 193 168 154 222 161 219 168 218 172 220 176 218 182 220 188 223 182 228 176 230 171 231 166 230 160 227 157 222 167 223 171 224 176 223 185 223 175 223 171 224 167 223
120 179 122 194 124 209 128 223 135 236 144 246 156 255 169 258 182 256 193 247 203 237 210 225 214 212 217 198 220 184 222 169 132 153 139 147 148 145 157 146 165 152 184 152 192 148 202 147 211 150 216 157 174 163 174 174 173 184 173 195 162 202 167 204 172 206 177 205 181 203 143 163 149 159 156 160 161 165 155 167 148 166 186 167 193 162 199 162 204 165 200 168 193 168 154 222 161 220 167 218 171 220 176 218 181 220 187 223 181 229 175 231 171 232 166 231 160 228 157 222 167 222 171 223 175 223 184 223 175 225 171 225 167 224
121 179 122 195 124 210 128 224 135 236 145 247 156 255 169 258 182 256 193 248 203 238 210 226 214 212 218 198 220 184 222 169 132 153 138 147 148 145 157 147 165 152 184 153 192 148 202 147 211 149 216 157 174 163 174 174 174 184 173 195 163 202 167 204 172 206 177 205 181 203 143 163 149 159 156 160 161 165 155 166 148 166 186 167 193 162 199 161 204 165 200 168 193 168 154 222 161 219 168 218 172 219 176 218 182 220 187 224 181 230 176 233 171 234 166 233 160 229 158 222 167 222 171 223 176 222 184 224 175 226 171 227 167 226
121 179 122 194 124 209 128 223 136 236 146 247 157 255 170 258 182 256 193 247 203 237 210 225 214 212 217 198 220 184 222 169 132 153 139 147 148 145 158 147 166 152 184 152 192 148 201 147 211 150 216 157 174 163 174 174 173 184 173 195 163 202 167 204 172 206 177 205 182 203 143 163 149 159 156 160 161 165 155 166 148 166 186 166 193 161 199 161 204 165 200 168 193 168 155 223 161 219 167 217 171 219 176 218 182 220 187 224 181 230 175 233 171 234 166 233 160 229 158 223 167 222 171 223 176 222 184 224 175 226 171 227 167 226
121 178 122 194 124 209 128 223 135 236 145 247 157 255 169 258 182 256 193 247 203 237 210 225 214 212 217 198 220 184 222 169 132 153 138 147 148 145 157 147 165 152 184 152 192 147 202 147 211 149 216 157 174 163 174 174 174 184 173 195 163 202 167 204 172 205 177 204 181 203 143 163 149 159 156 160 161 165 155 166 148 166 186 167 192 162 199 162 204 165 199 168 193 168 154 223 161 219 167 217 171 219 176 218 182 220 187 224 181 230 175 234 171 234 166 233 160 230 157 223 167 222 171 223 176 222 184 224 175 227 171 227 167 226
120 179 122 194 124 209 128 224 135 236 145 247 157 255 170 258 183 255 194 247 203 237 210 225 214 212 217 198 220 184 222 170 132 152 139 147 148 145 157 147 165 152 184 152 192 148 202 147 210 150 215 157 174 164 174 174 174 184 174 195 163 202 167 204 172 206 177 205 181 203 143 163 149 159 156 160 161 165 155 167 148 166 186 167 193 162 200 162 205 166 200 169 193 168 154 223 161 219 167 217 171 219 176 218 181 221 187 224 181 230 175 233 171 234 166 233 160 229 158 223 167 222 171 223 175 223 183 224 175 226 171 227 167 226
121 179 122 194 124 209 128 223 135 235 144 246 156 254 169 257 182 255 193 247 203 237 210 225 214 212 217 198 220 184 222 170 132 153 139 147 148 145 157 147 165 152 184 152 192 148 202 147 211 150 216 157 174 164 174 174 174 184 173 195 163 202 167 204 172 206 177 205 181 203 143 163 149 159 156 160 161 165 155 166 148 166 186 167 193 162 199 162 204 166 200 169 193 168 154 223 161 220 168 218 171 220 176 219 181 221 187 224 181 229 175 232 171 232 166 231 160 228 157 223 167 223 171 224 175 224 184 224 175 225 171 226 167 225
121 178 122 193 124 208 127 222 134 235 144 245 155 253 169 257 182 254 194 246 203 237 210 225 214 211 217 198 220 184 222 169 131 152 138 146 147 145 157 146 165 151 184 152 193 148 202 147 211 150 216 157 174 163 173 174 173 184 173 196 162 202 167 204 171 206 176 205 181 203 142 163 148 159 155 160 161 165 155 167 148 166 186 167 192 162 199 161 204 165 199 169 192 168 154 223 161 221 167 219 171 221 175 220 181 222 187 224 181 228 175 230 170 230 166 229 160 227 157 223 167 224 171 225 175 224 185 224 175 224 171 225 167 224
121 177 122 193 124 208 127 223 134 235 144 246 155 254 168 257 182 255 193 247 203 237 210 225 214 212 217 198 220 184 222 170 132 153 138 146 147 145 157 146 165 151 184 152 192 147 202 147 211 150 216 157 174 163 173 173 173 184 172 195 162 202 166 204 171 206 176 205 180 203 143 162 149 159 156 159 161 165 155 166 148 166 186 166 192 162 199 162 204 165 199 169 192 168 155 222 161 220 167 219 171 221 175 219 181 221 187 224 181 227 175 228 170 229 166 228 160 226 157 222 167 223 171 224 175 224 185 223 175 223 170 224 166 223
120 179 122 194 124 209 128 223 134 236 144 246 155 254 169 257 183 254 194 247 203 237 210 225 214 212 217 198 220 184 222 170 132 152 138 146 147 144 157 146 165 151 184 152 192 147 202 146 210 149 216 156 174 163 173 173 173 184 172 195 162 202 166 204 171 205 176 204 180 203 143 162 148 159 155 159 161 165 155 166 148 166 186 166 192 161 199 161 204 165 199 168 192 168 154 222 161 220 167 218 171 220 175 218 182 220 188 223 181 226 175 228 171 229 166 228 160 226 157 222 167 223 171 224 175 223 185 223 175 222 171 223 167 222
120 178 122 194 124 209 128 223 134 236 144 247 155 255 169 257 183 255 195 247 204 236 210 224 214 211 217 197 220 183 222 169 132 152 138 146 148 144 157 146 165 151 184 151 192 147 202 146 211 149 215 156 174 162 173 173 173 184 173 195 162 202 167 204 171 205 176 204 181 202 143 162 148 159 155 159 161 165 155 166 148 166 186 166 192 161 199 161 204 165 199 168 192 168 153 222 160 219 167 218 171 220 176 218 182 220 188 223 182 227 176 229 171 230 166 229 159 227 156 222 166 223 171 224 176 223 185 223 176 223 171 223 166 223
120 179 122 195 124 210 128 224 135 237 144 247 155 256 169 259 182 256 194 248 203 237 210 224 214 211 217 197 220 183 222 169 131 153 137 146 147 144 157 146 165 151 184 152 192 147 202 146 211 150 216 157 174 162 173 173 173 184 173 195 162 201 167 203 172 205 177 203 181 201 142 162 148 159 155 159 161 165 154 166 148 165 186 166 192 161 199 161 204 165 199 167 192 167 153 222 160 219 167 217 171 219 176 217 182 219 187 222 181 228 176 231 170 232 165 231 159 228 156 222 167 222 171 222 176 221 184 222 176 224 171 225 166 225
120 178 122 194 123 209 127 224 134 237 144 248 155 256 169 259 182 257 193 248 203 237 209 225 213 212 216 197 219 183 221 168 131 153 137 147 147 144 156 146 164 151 183 152 192 147 201 146 210 150 215 157 173 162 173 173 173 183 172 194 162 201 166 203 171 204 176 203 181 201 142 162 148 158 155 159 160 164 154 165 147 165 185 166 192 161 199 161 204 165 199 167 192 167 152 221 159 217 166 215 170 217 175 216 181 218 187 221 181 229 175 232 170 233 164 232 158 228 155 221 166 220 170 221 175 220 183 221 175 224 170 225 165 224
120 179 122 195 123 210 127 224 134 237 144 248 155 256 168 259 181 257 192 248 202 238 209 226 213 213 216 198 219 184 221 169 131 152 137 146 147 144 156 146 164 151 183 152 191 147 201 146 210 149 215 157 173 163 172 173 172 183 172 194 161 201 166 203 171 204 176 203 180 202 141 162 147 158 154 159 160 164 153 165 147 165 185 166 191 161 198 161 203 165 198 167 191 167 152 221 159 217 166 215 170 217 175 216 181 218 186 222 180 229 174 232 169 233 164 232 158 228 155 221 165 220 170 221 174 221 183 222 174 224 169 225 165 224
119 178 121 193 123 208 126 223 133 235 143 246 154 255 167 258 180 256 192 248 201 238 208 226 212 212 216 198 219 184 221 169 130 152 137 146 146 144 156 146 164 151 183 151 191 147 201 146 210 149 215 157 172 162 172 173 172 183 171 194 161 200 165 203 170 204 175 203 180 201 141 162 147 158 154 159 160 164 153 165 146 165 185 166 191 161 198 161 203 165 198 167 191 167 153 221 159 217 165 215 169 217 174 216 180 219 185 223 180 229 174 232 169 233 164 231 158 228 156 221 165 220 169 221 174 221 182 223 174 225 169 225 164 224
119 180 121 196 123 211 127 224 134 236 144 246 155 254 168 258 180 256 191 248 201 238 208 226 212 213 216 199 219 185 221 170 130 152 136 146 146 144 156 146 164 151 182 152 190 147 200 146 209 149 214 157 172 163 172 173 172 184 171 194 161 201 166 203 170 205 175 204 180 202 141 162 147 159 154 159 160 165 153 166 146 166 184 166 191 161 198 161 203 165 198 168 191 168 154 222 160 218 166 216 170 218 174 217 180 220 185 224 179 231 174 233 169 234 164 232 159 229 157 222 166 221 169 222 174 221 182 224 174 225 169 226 165 225
119 179 121 195 123 209 127 223 134 236 144 246 155 255 167 258 180 256 191 248 200 238 208 226 212 213 216 199 219 184 221 168 130 153 136 147 146 145 155 146 163 151 182 151 191 147 200 147 209 150 214 157 172 163 172 173 171 184 171 195 161 201 165 203 170 205 175 204 179 202 141 163 147 159 154 159 159 165 153 166 146 166 184 166 191 161 198 161 203 165 198 168 191 168 155 223 160 219 166 217 170 219 174 217 180 221 184 225 180 231 174 234 169 234 165 233 159 229 158 223 166 222 170 223 174 222 181 224 174 226 170 226 165 225
119 179 121 194 123 209 127 223 133 236 143 246 154 255 167 258 180 256 191 248 201 238 208 226 212 213 216 199 219 184 221 169 130 152 137 146 146 145 155 146 163 151 182 152 190 148 200 147 209 150 215 157 172 163 171 174 171 184 171 196 161 202 165 204 170 206 175 204 179 202 141 163 146 159 153 159 159 165 153 166 146 166 184 166 191 161 198 161 203 165 198 168 191 168 155 223 160 219 165 217 170 219 174 217 180 221 184 225 179 231 174 233 169 234 164 232 159 229 158 223 165 222 170 223 174 223 181 225 174 224 169 225 165 224
119 179 121 194 123 209 126 223 133 235 142 246 153 254 167 258 180 256 191 248 201 239 208 227 212 213 216 199 219 184 221 169 130 153 137 147 146 145 156 146 163 151 182 152 190 148 200 147 209 150 214 157 172 163 171 174 171 184 171 196 161 202 165 204 170 206 175 204 179 203 141 162 147 159 154 159 159 165 153 166 146 166 184 166 191 161 198 161 203 165 198 168 191 168 154 223 159 219 165 216 169 218 174 217 180 220 184 225 179 230 174 232 169 233 164 232 158 228 157 223 165 222 169 223 174 223 181 225 174 224 169 224 165 223
119 179 121 194 123 210 127 223 133 236 143 246 154 255 167 258 180 256 191 248 200 239 207 227 212 213 216 199 219 184 221 169 130 152 137 146 146 145 156 146 164 151 182 152 190 148 200 147 209 150 215 157 172 163 172 173 171 184 171 195 161 202 165 204 170 205 175 204 179 203 141 162 147 159 154 159 159 165 153 166 146 166 184 166 191 161 198 161 203 165 198 168 191 168 154 222 159 219 165 216 169 219 174 217 179 220 184 225 179 231 174 233 169 233 164 232 158 229 157 222 165 222 169 223 174 223 181 224 174 224 169 225 165 224
119 179 121 194 123 209 127 223 134 236 143 247 154 256 167 259 180 257 192 249 201 238 208 226 213 212 216 198 219 184 221 169 130 152 137 146 146 145 156 146 164 151 183 152 191 147 200 147 209 149 215 157 172 163 172 173 171 184 171 195 161 201 165 203 170 205 175 204 180 202 141 162 147 159 154 159 160 165 153 166 146 166 185 166 191 161 198 161 203 165 198 168 191 168 153 222 159 219 165 217 169 219 174 217 180 220 184 224 179 231 173 234 168 234 164 233 158 229 156 222 165 222 169 223 173 222 181 224 173 226 169 226 165 225
120 179 122 194 124 209 128 223 134 236 143 247 154 256 168 260 181 257 192 249 202 238 209 226 213 212 216 198 219 184 221 169 131 153 138 147 147 145 156 146 164 151 183 152 191 147 201 146 210 150 215 157 173 163 172 173 172 184 171 195 161 201 166 203 170 205 175 204 180 202 142 162 147 158 154 159 160 165 154 166 147 165 185 166 191 161 198 161 203 165 198 168 191 167 152 220 158 218 165 216 169 218 174 217 180 219 185 222 179 230 173 234 168 234 163 233 157 229 155 221 165 221 169 222 174 222 182 223 173 226 169 226 164 225
120 179 122 195 124 210 128 224 134 237 144 248 155 257 168 260 181 258 192 249 202 238 209 226 213 212 216 198 220 184 222 169 131 153 138 147 147 144 157 146 164 151 183 152 191 147 201 146 210 150 215 157 173 163 173 173 172 184 172 195 162 201 166 203 171 205 176 204 180 202 142 162 148 159 155 159 160 165 154 166 147 166 185 166 191 161 198 161 203 165 198 168 192 168 151 220 158 217 165 216 170 218 174 216 180 219 186 222 180 231 173 234 168 235 163 234 157 229 154 220 165 221 169 222 174 221 183 222 173 226 169 227 164 226
120 180 122 195 124 210 128 224 135 237 144 248 155 257 168 260 181 258 192 249 202 239 209 227 213 213 217 199 220 184 222 169 131 153 138 147 147 145 156 146 165 151 184 152 192 147 201 147 210 150 216 157 173 163 173 173 173 184 172 195 162 201 166 203 171 205 176 204 181 202 142 162 148 159 155 159 160 164 154 165 147 165 185 166 192 161 199 161 204 165 199 168 192 167 151 220 159 217 165 216 170 218 174 217 180 219 186 222 180 229 173 233 168 233 163 232 157 228 155 220 165 221 169 222 174 221 183 222 174 225 169 225 164 225
120 179 122 195 124 210 128 224 134 237 144 248 155 257 168 260 181 257 193 249 202 239 209 226 214 213 217 199 220 184 222 169 131 153 138 147 147 145 157 146 164 151 184 152 192 148 202 147 210 150 216 157 173 163 173 174 173 184 172 195 162 201 166 203 171 205 176 204 181 203 142 163 148 159 155 159 160 165 154 166 147 166 186 166 192 161 199 161 204 165 199 168 192 168 152 220 159 218 166 216 170 218 175 217 181 219 187 222 180 230 174 233 169 234 164 233 158 228 155 220 166 221 170 222 174 222 184 222 174 226 169 226 165 225
120 180 122 196 124 211 128 225 135 237 144 248 156 256 168 260 181 257 193 249 202 239 209 227 214 214 217 199 220 185 222 170 131 153 138 147 147 145 157 146 165 152 184 152 192 148 201 147 211 150 216 157 174 163 173 174 173 184 173 195 162 201 167 204 171 205 176 204 181 203 142 163 148 159 155 160 161 165 154 166 147 166 186 166 192 161 199 161 204 165 199 168 192 168 152 220 159 218 166 216 170 218 175 217 181 219 187 222 181 230 174 234 169 234 164 233 158 229 155 220 166 221 170 222 175 221 184 222 174 227 170 227 165 226
120 179 122 195 124 210 128 224 135 237 144 248 155 257 168 260 182 257 193 249 203 238 210 226 214 213 217 199 220 184 222 169 132 153 139 147 148 145 157 147 165 152 184 152 192 148 202 147 211 150 216 157 174 163 174 174 173 184 173 195 163 202 167 204 172 205 176 204 181 203 142 163 148 159 155 160 161 165 154 166 148 166 186 166 192 161 199 161 204 165 199 168 192 168 152 220 159 218 166 217 170 219 175 217 181 220 187 222 181 230 174 234 169 234 164 233 158 229 155 221 166 221 170 222 175 222 184 223 174 226 170 227 165 226
121 179 122 195 124 210 128 224 135 237 145 248 156 256 169 260 182 257 193 249 203 238 210 226 214 213 217 198 220 184 222 169 132 153 138 147 148 145 157 147 165 152 184 153 192 148 202 147 211 150 216 158 174 163 173 174 173 185 173 196 162 202 167 204 171 206 177 204 181 203 143 163 148 159 155 160 161 165 155 166 148 166 186 167 192 161 199 161 204 165 199 168 192 168 152 220 159 218 167 217 171 219 175 217 182 220 188 222 181 231 175 235 170 235 165 234 158 230 155 221 166 221 170 222 175 222 185 223 175 227 170 228 166 227
121 180 123 195 125 211 129 225 136 237 145 248 157 256 169 260 182 257 193 249 203 238 210 226 214 213 217 199 221 185 223 170 132 153 138 147 148 145 157 147 165 152 184 153 192 148 202 147 211 150 216 158 174 164 174 174 173 185 173 196 163 202 167 204 172 206 177 205 181 203 143 163 149 159 155 160 161 166 155 166 148 166 186 167 193 162 199 162 205 166 200 168 193 168 152 221 159 218 167 217 171 219 176 218 182 220 188 223 182 231 175 235 170 235 165 234 158 230 155 221 166 221 171 222 175 222 185 223 175 227 170 228 166 227
120 179 122 195 124 210 128 224 135 237 145 248 156 257 169 260 182 257 193 249 203 239 210 226 214 213 217 199 221 184 223 169 132 153 138 147 148 145 157 147 165 152 184 153 192 149 202 148 210 151 215 158 174 164 174 174 173 185 173 196 162 202 167 204 172 206 177 205 182 203 143 163 149 161 155 162 161 165 155 166 149 166 186 167 192 164 198 164 203 166 198 169 192 169 152 221 159 219 166 217 171 219 176 218 182 220 188 222 181 231 175 234 170 235 165 234 158 230 155 221 166 221 171 222 175 222 185 223 175 227 170 228 165 227
120 179 122 195 124 210 128 225 135 238 145 248 156 257 169 260 182 258 194 249 203 238 210 226 214 212 217 198 220 184 222 169 133 154 139 148 148 145 158 147 165 153 184 153 192 149 201 148 210 151 215 158 174 164 174 175 174 185 174 196 163 202 167 204 172 206 177 205 182 203 144 165 150 165 156 165 161 166 156 167 150 167 186 168 192 167 197 167 202 168 197 170 192 169 152 221 160 218 167 217 171 219 176 218 182 220 188 222 182 231 175 234 170 235 165 234 158 229 155 221 166 221 171 222 176 222 185 223 176 227 170 228 166 227
120 179 122 195 124 210 128 225 135 238 145 249 156 257 169 260 182 258 193 249 203 238 210 226 214 212 217 198 220 183 222 168 133 154 139 148 148 146 157 147 165 152 184 154 192 149 201 148 209 151 214 158 174 165 174 175 173 185 173 196 162 202 167 204 172 206 177 205 181 203 145 166 150 165 156 165 161 167 156 168 150 168 186 168 191 167 197 167 202 168 197 169 191 169 152 221 159 218 167 217 171 219 176 218 182 220 188 222 182 231 175 234 170 235 165 234 158 229 155 221 166 222 171 223 176 222 185 223 176 227 170 228 166 227
120 179 122 195 124 210 127 225 134 238 144 248 156 257 169 260 182 257 193 249 203 239 210 226 214 213 217 198 220 184 222 169 132 153 138 147 148 145 158 147 165 153 184 153 192 149 201 147 210 150 215 158 174 164 174 174 174 185 173 196 162 202 167 204 172 206 177 204 182 203 144 165 149 164 155 164 161 166 155 167 149 167 186 167 191 165 197 166 202 167 197 169 191 168 152 220 159 218 166 217 171 219 176 218 182 220 188 222 181 230 175 233 170 234 165 233 158 229 155 221 166 221 171 222 176 222 185 222 175 226 170 227 166 226
119 179 121 195 123 210 126 225 134 237 143 248 155 256 168 259 181 257 193 249 203 238 210 226 214 213 217 199 220 184 222 169 132 153 138 147 148 145 157 147 165 153 183 154 191 149 201 148 210 150 215 157 174 164 173 174 173 185 173 196 162 202 167 204 171 206 177 205 181 203 143 164 149 163 155 163 160 166 155 167 149 167 186 167 192 165 197 165 202 167 197 169 191 168 152 220 159 218 166 217 171 219 175 218 181 220 187 222 181 229 175 232 170 233 165 231 158 228 155 220 166 221 170 222 175 222 185 222 175 225 170 226 166 225
120 180 122 195 123 210 127 224 134 237 144 247 156 255 169 258 182 256 194 248 204 238 211 226 214 212 217 198 220 184 222 169 132 153 138 147 147 145 157 147 165 153 183 154 191 149 201 148 210 150 215 158 174 164 173 174 173 185 173 196 162 202 167 204 172 205 177 204 181 203 143 164 149 162 155 163 160 166 155 167 149 167 186 167 192 164 198 165 203 167 198 169 192 169 152 219 160 218 167 217 171 219 176 218 182 220 188 222 181 228 175 231 170 232 165 231 159 227 155 220 166 221 171 222 175 222 185 222 175 225 170 225 166 224
120 179 122 195 123 210 127 224 134 236 144 246 156 254 169 257 182 255 194 247 204 237 211 226 215 212 217 198 220 184 222 170 132 153 138 147 147 145 157 147 165 153 184 154 192 149 201 148 210 151 215 158 174 164 173 174 173 185 173 196 162 202 167 204 172 206 177 204 181 203 143 164 149 162 155 162 160 166 155 167 149 167 186 167 192 164 198 164 203 167 198 169 192 169 152 219 160 218 167 217 171 219 176 218 182 220 188 221 181 228 175 230 170 231 165 229 159 226 155 219 166 221 171 222 175 222 185 221 175 224 170 225 166 224
120 179 121 195 123 210 126 224 134 236 144 246 156 254 169 257 182 255 194 247 204 237 211 226 215 212 217 198 220 184 222 169 132 153 138 147 147 145 157 147 164 152 184 154 192 149 201 148 210 151 215 158 174 164 173 175 173 185 173 196 162 202 167 204 172 206 177 205 181 203 143 164 149 161 155 162 160 166 155 167 148 166 186 167 192 164 198 164 203 167 198 169 192 169 152 219 160 218 167 217 171 219 176 218 182 220 188 221 181 228 175 230 170 230 165 229 159 226 155 219 167 221 171 222 175 222 185 221 175 224 170 225 166 224
120 179 122 195 124 210 127 224 134 236 144 246 156 254 169 257 182 255 194 247 204 237 211 225 215 212 217 198 220 184 222 169 132 153 138 147 148 145 157 147 164 153 184 154 192 149 201 148 210 151 215 158 174 164 173 174 173 185 173 196 163 202 167 204 172 205 177 204 181 203 143 164 149 161 155 162 161 166 155 167 148 167 186 167 192 164 198 164 204 167 198 169 192 169 152 219 160 218 167 217 171 219 176 218 182 220 188 221 181 228 175 231 170 231 165 230 159 226 155 219 167 221 171 222 175 222 185 222 175 224 170 225 166 224
120 180 122 195 123 210 127 224 134 236 144 247 156 255 169 258 182 256 194 248 203 238 211 226 214 213 217 199 220 184 222 170 131 153 138 147 147 145 157 147 164 152 184 153 192 149 201 148 210 151 215 158 174 164 173 174 173 185 173 196 162 202 167 204 172 206 177 205 181 203 143 164 149 161 155 161 160 166 155 167 148 166 186 167 192 163 198 163 203 166 198 169 192 169 152 219 160 218 167 217 171 219 175 218 181 220 188 222 181 228 175 231 170 231 165 230 159 227 155 220 166 221 170 222 175 222 185 222 175 225 170 225 166 224
120 178 122 193 123 208 127 223 134 235 144 246 155 255 168 258 182 256 193 248 203 238 210 226 214 213 217 198 220 184 222 169 131 153 138 147 147 145 156 147 164 152 184 153 192 149 201 148 210 151 215 158 173 163 173 174 173 185 172 196 162 202 167 204 171 206 176 205 181 203 143 163 148 161 155 161 160 166 154 166 148 166 186 167 192 163 198 163 203 166 198 169 192 168 152 220 159 218 166 217 170 219 175 218 181 220 187 222 181 230 174 233 169 233 164 232 158 228 155 220 166 221 170 222 175 222 184 222 175 226 170 227 165 226
120 179 122 194 124 210 127 224 135 236 144 247 156 255 169 259 182 256 193 248 203 238 210 226 214 212 217 198 220 184 222 169 131 153 138 147 147 145 157 147 164 152 184 153 192 149 201 148 210 151 215 158 174 164 173 174 173 185 172 196 162 202 167 204 171 206 176 205 181 203 143 164 148 161 155 161 160 166 154 167 148 167 186 167 192 163 198 163 203 166 198 169 192 169 152 220 159 218 166 217 171 219 175 218 182 220 188 222 181 230 175 234 170 234 165 233 158 229 155 220 166 221 170 222 175 222 185 222 175 227 170 227 166 226
120 179 122 194 123 209 127 223 134 236 144 246 155 255 168 258 181 256 193 248 203 238 210 226 214 213 217 199 220 185 222 170 132 153 138 147 148 145 157 147 165 152 183 153 191 149 201 148 210 151 215 158 173 164 173 174 173 185 173 196 162 202 167 204 171 206 176 205 181 203 143 164 148 161 155 161 161 166 154 167 148 167 186 167 192 163 198 163 203 166 198 169 192 169 152 220 160 218 166 217 171 219 175 218 181 220 188 222 181 230 175 233 170 233 165 232 158 228 155 220 166 221 170 222 175 222 185 222 175 226 170 226 166 225
120 180 122 195 124 210 127 224 134 236 144 246 156 254 169 257 182 255 194 247 203 237 210 226 214 212 217 198 220 184 222 169 132 153 138 147 148 145 157 147 165 152 184 153 192 149 201 148 210 151 215 158 174 164 174 174 173 185 173 196 163 202 167 204 172 205 177 205 181 203 143 164 149 161 155 161 161 166 155 167 148 167 186 167 192 163 199 163 204 167 199 169 192 169 152 220 160 218 167 217 171 219 175 218 181 220 187 222 181 229 174 231 170 232 165 231 158 227 155 220 166 221 170 222 175 222 184 222 175 225 170 226 166 225
120 179 122 194 123 208 126 222 133 234 143 245 155 253 168 256 181 254 193 247 203 237 211 226 214 212 217 198 220 184 222 169 132 153 138 147 148 145 157 147 165 152 184 154 192 149 201 148 210 151 216 158 174 164 173 174 173 185 173 196 162 202 167 204 172 206 176 205 181 203 143 164 148 161 155 161 160 166 154 167 148 167 186 167 192 163 199 163 204 166 199 169 192 169 152 219 160 218 167 217 171 219 175 218 181 220 188 222 181 228 175 231 170 231 165 230 158 226 155 220 166 221 170 222 175 222 185 222 175 225 170 225 166 224
120 179 121 194 123 208 126 222 133 235 143 245 155 253 168 256 182 254 193 246 204 237 211 225 215 212 217 198 220 184 222 169 132 153 138 147 148 145 157 147 165 152 184 153 192 149 201 148 210 151 216 158 174 163 174 174 174 185 174 196 163 202 167 204 172 205 177 205 181 203 143 163 149 161 155 161 161 166 155 166 148 166 186 167 192 163 199 163 204 166 199 169 192 169 152 219 160 218 167 217 171 219 175 218 181 220 188 222 181 228 175 230 170 231 165 230 159 226 155 220 166 221 171 222 175 222 185 222 175 224 170 225 166 224
120 179 122 195 123 210 127 223 134 236 144 246 156 255 169 258 182 255 193 247 203 238 210 226 214 212 217 198 220 184 222 170 132 153 138 147 148 145 157 147 165 153 184 154 192 149 202 148 211 151 216 158 174 164 174 174 173 185 173 196 163 202 167 204 172 206 177 205 181 203 143 164 149 161 155 161 161 166 155 167 148 167 186 167 192 163 199 163 204 166 199 169 192 169 153 220 160 219 167 217 171 219 176 218 182 220 188 223 181 229 175 233 170 233 165 232 159 228 156 221 166 221 171 222 175 222 185 223 175 226 170 226 166 225
120 180 122 195 124 210 128 224 135 236 145 247 156 255 169 258 182 256 193 248 203 238 210 226 214 212 217 198 220 184 222 170 132 153 139 148 148 146 157 148 165 153 184 154 192 149 202 148 210 151 216 158 174 165 174 175 174 185 174 196 163 203 168 204 172 206 177 205 181 204 143 164 149 161 156 161 161 166 155 167 148 167 186 168 192 163 199 163 204 167 199 169 193 169 153 221 160 219 167 218 171 219 176 218 182 221 187 223 181 231 175 234 170 234 165 233 159 229 156 221 167 221 171 223 175 222 184 224 175 227 170 228 166 227
120 179 122 195 124 210 128 224 135 236 145 247 156 256 169 259 182 256 193 248 203 238 210 226 214 213 217 198 220 184 223 169 132 154 138 148 148 146 157 148 165 153 184 154 192 149 202 148 211 151 216 158 174 164 174 175 173 185 173 196 163 203 167 205 172 206 177 205 181 204 143 164 149 161 155 161 161 166 155 167 148 167 186 167 192 163 199 163 204 166 199 169 192 169 153 221 160 219 167 218 171 220 176 218 182 221 188 223 181 231 175 235 170 235 165 234 159 230 156 221 167 222 171 223 175 222 185 223 175 228 170 228 166 227
120 179 122 195 124 210 128 224 135 237 145 248 156 256 169 260 182 257 193 249 202 238 210 226 214 213 218 199 221 184 223 170 132 154 139 148 148 146 158 148 166 153 184 154 192 149 202 148 211 151 216 158 174 164 174 175 174 185 173 196 163 203 167 205 172 206 177 205 181 204 143 164 149 161 155 161 161 166 155 167 148 167 186 168 192 163 199 163 204 167 199 169 193 169 153 222 160 219 167 218 171 220 176 218 182 221 187 224 181 232 175 235 170 236 165 235 158 230 156 222 166 222 171 223 175 223 184 224 175 228 170 229 166 227
120 179 122 195 124 210 128 225 135 237 145 248 156 257 169 260 182 258 193 249 202 239 210 227 214 213 217 199 221 184 223 169 132 153 139 147 148 146 157 148 165 153 184 153 193 149 202 148 211 151 216 158 174 165 174 175 173 186 173 197 163 203 167 205 172 207 177 206 181 204 143 164 149 161 156 161 161 166 155 167 148 167 186 168 192 163 199 163 204 167 199 169 193 169 153 222 160 220 167 218 171 220 176 219 182 221 187 224 181 233 175 237 170 237 165 236 158 231 156 222 166 223 171 224 175 223 184 224 175 229 170 230 166 229
121 180 123 195 125 210 129 224 136 237 145 248 156 257 169 260 182 257 193 249 202 239 210 226 214 213 217 199 221 185 223 170 132 153 139 148 148 146 157 148 165 153 185 154 193 149 202 148 211 151 216 159 174 164 174 175 174 186 173 197 163 203 167 205 172 207 177 206 181 204 143 164 149 161 156 161 161 166 155 167 148 167 186 168 193 163 199 163 204 167 199 169 193 169 153 222 160 219 167 218 171 220 176 219 182 221 187 224 181 232 175 236 170 236 165 235 158 231 156 222 166 222 171 223 175 223 184 224 175 229 170 229 166 228
121 179 122 195 124 210 128 224 135 237 145 247 156 256 169 259 182 257 193 248 203 238 210 226 214 212 217 198 220 184 223 169 132 154 139 148 148 146 158 148 166 153 184 154 192 149 202 148 211 151 216 158 175 164 174 175 174 185 174 196 163 203 168 205 172 207 177 206 181 204 143 164 149 161 156 161 161 166 155 167 149 167 186 168 193 163 199 163 204 167 199 169 193 169 153 222 160 219 167 218 171 220 176 219 182 221 187 224 181 231 175 235 170 235 165 234 159 230 156 222 167 222 171 223 176 223 184 224 175 228 171 228 166 227
121 178 122 194 124 209 127 223 134 236 144 246 156 255 169 258 182 256 194 248 203 237 210 225 214 212 217 198 220 184 223 170 132 154 139 148 148 146 158 148 166 153 184 153 192 149 202 148 211 151 216 158 175 164 174 175 174 185 174 196 163 203 167 205 172 206 177 205 181 204 143 163 149 160 156 161 161 166 155 167 148 167 186 168 193 163 199 163 204 166 200 169 193 169 154 221 161 219 167 218 171 220 176 219 182 221 187 224 181 230 175 233 170 233 166 232 160 229 157 222 167 222 171 223 176 223 184 224 175 226 171 227 167 226
121 178 123 193 124 208 128 222 135 235 145 245 156 254 169 257 182 255 193 247 203 237 210 225 214 211 217 198 220 184 222 170 132 153 139 148 148 146 158 148 166 153 184 154 192 149 202 148 211 151 216 159 174 164 174 175 173 185 173 196 163 203 167 205 172 206 177 205 181 204 143 164 149 161 156 161 161 166 155 167 148 167 186 168 192 163 199 163 204 166 199 169 193 169 154 222 161 220 167 218 171 220 175 219 181 221 187 223 181 229 175 232 171 232 166 231 160 228 157 222 167 223 171 224 175 223 184 223 175 225 171 226 167 225
121 178 122 193 124 208 128 222 135 235 144 245 156 253 169 256 182 254 194 246 203 236 210 225 214 211 217 197 220 184 222 169 132 153 139 147 148 146 157 148 165 153 184 154 192 149 202 148 211 151 216 158 174 164 174 175 174 185 174 196 163 203 168 205 172 206 177 205 181 204 143 163 149 161 156 161 161 166 155 167 148 167 186 168 192 163 199 163 204 166 199 169 193 169 154 221 161 220 168 219 172 221 176 219 182 221 188 223 181 227 175 230 171 230 166 229 160 226 157 222 167 223 171 224 176 223 185 223 175 224 171 225 167 224
120 178 122 193 124 208 127 222 134 234 144 244 156 252 169 256 183 253 194 246 204 236 210 224 214 211 217 197 220 184 222 169 132 153 139 147 148 146 157 148 165 153 184 153 192 149 202 148 211 151 216 159 174 164 174 175 174 186 173 197 163 203 167 205 172 206 177 205 181 204 143 163 149 160 156 161 161 166 155 167 148 167 186 168 192 163 199 163 204 167 199 169 193 169 154 222 161 220 168 219 172 220 176 219 182 221 188 223 181 227 175 229 171 230 166 229 160 226 156 222 167 223 171 224 176 223 185 223 175 224 171 224 167 224
120 179 122 194 124 209 127 223 135 235 145 245 156 252 170 255 183 253 194 245 204 235 210 224 214 211 217 198 220 184 222 170 132 154 139 148 148 146 157 148 165 153 184 154 192 149 202 148 210 151 216 158 174 164 174 175 174 186 174 197 163 203 167 205 172 206 177 205 181 204 143 164 149 161 156 161 161 166 155 167 148 167 186 167 192 163 199 163 204 166 199 169 192 169 154 221 161 220 168 219 172 221 176 219 182 220 188 222 182 226 176 229 171 229 167 228 161 226 157 222 168 223 172 224 176 223 185 222 176 223 171 224 167 223
121 179 122 194 124 209 128 222 135 235 144 245 156 252 169 255 183 253 194 246 203 236 210 225 214 212 217 198 220 184 222 170 132 154 138 148 148 146 157 148 165 153 184 154 192 149 202 148 210 151 216 159 174 164 174 175 174 186 174 197 163 203 167 205 172 207 177 206 181 204 143 164 149 160 156 161 161 166 155 167 148 167 186 168 192 163 199 163 204 167 199 169 192 169 154 221 161 219 168 218 172 220 176 219 182 220 188 222 182 227 176 229 171 229 166 228 160 226 157 222 167 223 171 224 176 223 186 222 176 223 171 224 167 223
120 179 122 194 124 209 127 223 135 235 144 244 156 252 170 255 183 253 194 245 204 236 210 224 214 211 217 197 220 184 222 170 132 153 139 148 148 146 157 148 165 153 184 154 192 149 202 148 210 151 215 159 174 164 174 175 174 185 174 196 163 203 168 205 172 206 177 205 181 204 143 164 148 160 155 161 161 166 155 167 148 167 186 168 192 163 199 163 204 167 199 170 192 170 154 221 161 220 168 218 172 220 176 219 182 220 189 222 182 226 176 229 171 229 167 228 160 226 156 221 168 223 172 224 176 223 186 222 176 223 171 224 167 223
121 179 122 194 124 209 128 223 135 235 145 244 156 252 170 255 183 253 194 245 204 236 211 225 214 212 217 198 220 184 222 170 132 153 139 148 148 146 157 148 165 153 184 154 192 149 202 148 210 151 215 159 174 165 174 175 174 185 174 196 163 203 168 205 172 206 177 205 181 204 143 164 149 160 156 161 161 167 155 168 148 167 186 168 192 163 199 163 204 167 199 170 192 170 154 221 161 220 168 218 172 220 176 219 182 220 189 222 182 226 176 229 171 229 167 228 160 226 157 222 168 223 172 224 176 223 186 222 176 223 171 224 167 223
121 179 122 194 124 209 128 222 135 234 144 244 156 252 169 255 183 253 194 245 204 236 211 225 214 212 217 198 220 184 222 170 132 153 139 148 148 146 157 148 165 153 184 154 192 149 202 149 210 152 215 159 174 165 174 175 174 186 174 196 163 203 168 205 172 206 177 205 181 204 143 164 148 160 156 161 161 167 155 168 148 167 186 168 192 163 199 163 204 167 199 170 192 170 154 221 161 220 168 218 172 220 176 219 182 220 189 223 182 226 176 228 171 229 167 228 160 226 156 222 167 223 172 224 176 223 186 222 176 223 171 224 167 223
121 179 123 194 124 209 128 222 134 235 144 244 156 252 170 255 183 252 194 245 204 236 211 224 215 212 217 198 220 184 222 170 132 153 139 148 148 146 157 148 165 153 184 154 192 149 201 148 210 151 215 158 174 165 174 175 174 185 174 196 163 203 168 205 172 206 177 205 181 204 143 164 148 160 155 161 161 167 155 168 148 167 186 168 192 163 199 163 204 167 199 170 193 170 154 221 161 220 168 218 172 220 176 219 182 220 188 222 182 226 176 228 171 229 167 228 160 226 156 221 167 223 172 224 176 223 186 222 176 223 171 224 167 223
121 179 123 194 124 209 128 223 135 235 145 244 156 252 170 254 184 252 195 245 204 235 211 224 214 211 217 198 220 184 222 170 132 153 139 147 148 146 158 148 165 153 184 154 192 150 202 149 211 151 216 159 174 165 174 175 174 185 174 196 163 203 168 205 172 206 177 205 182 204 143 163 149 160 156 161 161 167 155 168 148 167 186 168 192 163 199 163 204 167 199 170 193 170 154 221 161 220 168 218 172 220 176 218 182 220 189 222 182 226 176 228 172 229 167 228 161 226 156 221 168 223 172 224 176 223 186 222 176 223 172 224 168 223
120 179 122 194 124 209 127 222 135 235 144 244 156 252 170 255 183 252 195 245 204 235 211 224 214 211 217 197 220 184 222 170 132 153 139 147 148 146 157 148 165 153 185 154 193 149 202 148 211 151 216 158 174 164 174 175 174 185 174 196 164 203 168 205 173 206 177 205 182 204 143 163 149 160 156 161 161 167 155 168 148 167 186 168 192 163 199 163 204 167 199 170 193 170 154 221 161 219 168 218 172 220 176 218 182 220 188 222 182 226 176 228 171 229 167 228 160 226 156 221 168 223 172 224 176 223 186 222 176 223 172 224 167 223
121 179 123 194 124 209 127 223 134 235 144 245 157 252 170 255 183 253 195 245 204 235 211 224 214 211 217 197 220 184 222 170 132 153 139 148 148 146 157 148 165 153 184 154 192 149 202 149 210 151 215 158 175 165 174 175 174 185 174 196 164 203 168 205 173 206 177 205 182 204 143 164 149 160 156 161 161 167 155 167 148 167 186 168 193 163 199 163 204 167 200 170 193 169 154 221 162 220 168 218 172 220 177 219 182 220 189 222 182 226 176 228 172 229 167 228 161 226 157 221 168 223 172 224 177 223 186 222 176 223 172 223 168 223
121 179 122 194 124 209 128 223 135 235 145 245 157 252 170 255 183 253 195 245 204 236 211 224 214 212 218 198 220 184 222 170 132 153 139 147 149 146 158 148 166 153 184 154 192 149 202 148 211 151 216 159 175 164 175 175 175 185 175 196 164 203 168 205 173 206 178 205 182 204 143 163 149 160 156 161 161 166 155 167 148 167 186 168 193 163 199 163 205 167 200 169 193 169 154 221 162 220 168 218 172 220 177 218 183 220 189 222 182 226 177 228 172 229 167 228 161 226 157 221 168 223 172 224 177 223 186 222 176 223 172 224 168 223
121 179 122 194 124 209 127 223 134 235 144 245 156 252 170 255 183 253 195 245 204 236 211 224 214 211 217 198 220 184 222 170 132 153 139 148 148 146 158 148 165 153 184 154 192 149 202 148 210 151 215 158 175 164 175 175 175 185 175 196 164 203 168 205 173 206 178 205 182 204 143 163 149 160 156 161 161 167 155 167 148 167 186 168 193 163 200 163 205 167 200 170 193 170 154 221 162 220 168 218 172 220 177 218 183 220 189 222 182 226 176 228 172 229 167 228 161 226 157 222 168 223 172 224 177 223 186 222 176 223 172 224 168 223
121 179 122 194 124 209 128 223 135 235 145 245 157 253 170 256 183 254 194 246 204 236 211 225 214 212 217 198 220 184 222 170 132 153 139 147 148 146 158 148 166 153 184 154 192 150 202 149 211 151 216 159 175 165 174 175 174 185 174 196 163 203 168 205 173 206 177 205 182 204 143 163 149 160 156 161 161 167 155 168 148 167 186 168 193 163 199 163 205 167 200 170 193 170 154 222 162 220 168 219 172 220 176 219 182 221 189 223 182 227 176 229 171 229 167 228 161 226 157 222 168 223 172 224 176 223 186 222 176 223 172 224 168 223
121 179 123 194 124 209 128 223 135 235 145 245 156 253 170 256 183 253 195 246 204 236 211 224 215 211 217 198 220 184 222 170 132 153 139 147 148 146 158 148 165 153 185 154 193 149 202 149 211 151 216 159 175 165 175 175 174 185 174 196 164 203 168 205 173 206 178 206 182 204 143 164 149 160 156 161 161 166 155 167 148 167 186 168 193 163 200 163 205 167 200 170 193 169 154 222 162 220 168 219 172 220 177 219 183 220 189 222 182 226 176 229 172 229 167 228 161 226 157 222 168 223 172 224 177 223 186 222 176 223 172 224 168 223
121 179 122 195 124 210 128 224 136 236 146 246 158 254 171 256 184 254 195 246 205 236 211 224 215 211 217 197 220 184 222 170 132 153 139 147 148 146 157 147 165 152 185 154 193 149 202 148 211 151 216 158 175 164 175 175 175 186 175 196 164 203 168 205 173 206 178 205 182 204 143 164 149 160 156 161 161 167 155 168 148 167 186 168 193 163 200 163 205 167 200 170 193 170 154 222 162 220 168 219 173 220 177 219 183 220 189 222 183 227 177 229 172 230 168 229 161 227 157 222 168 224 173 224 177 223 187 223 177 223 172 224 168 223
121 179 122 195 124 210 128 224 135 236 145 246 157 253 170 256 184 254 195 246 204 236 211 225 214 212 217 198 220 184 222 170 132 153 139 148 148 146 158 148 165 153 184 154 192 149 202 148 211 151 216 159 174 164 174 175 174 186 174 197 163 203 168 205 173 206 177 205 182 204 143 164 149 160 156 161 161 167 155 167 148 167 186 168 193 163 199 163 204 167 199 169 193 169 154 222 162 220 168 219 172 220 177 219 183 220 189 222 183 226 177 229 172 229 167 229 161 227 157 222 168 223 172 224 177 223 186 222 177 223 172 224 168 223
120 180 122 195 124 210 128 224 135 236 145 246 157 254 171 256 184 254 195 246 204 236 211 225 214 212 218 198 221 184 222 170 132 154 139 148 148 146 158 148 165 153 184 154 193 149 202 148 211 151 216 158 175 164 175 175 175 185 175 196 164 203 168 205 173 206 178 205 182 204 143 164 149 160 156 161 161 167 155 167 148 167 186 168 193 163 200 163 205 167 200 169 193 169 154 222 162 220 169 218 173 220 177 218 183 220 189 222 183 226 177 229 172 229 167 229 161 227 157 222 168 223 172 224 177 223 186 222 177 223 172 224 168 223
