96 179 98 197 100 214 105 230 114 244 125 256 139 265 154 269 169 266 182 257 194 246 203 232 207 216 211 200 214 182 216 165 108 147 115 139 126 136 137 138 147 143 170 144 180 139 191 139 201 143 207 152 158 158 158 170 157 183 157 196 145 204 150 206 156 208 162 207 167 204 121 158 128 154 136 155 143 161 135 162 127 162 173 162 180 157 188 157 194 161 188 164 180 164 136 227 143 224 151 221 156 223 161 222 168 225 175 229 168 236 161 240 155 240 149 239 142 235 139 228 151 226 156 227 161 227 171 229 161 232 156 233 150 232
96 179 98 197 100 214 105 230 113 244 125 256 138 266 154 269 169 267 182 257 194 246 202 232 207 217 211 200 214 183 216 166 108 147 115 139 126 136 137 138 147 144 169 145 179 139 190 139 201 143 207 151 158 158 157 171 157 183 156 196 145 204 150 206 156 208 161 207 167 204 121 159 128 155 136 155 143 161 135 163 127 163 172 162 180 157 188 156 194 161 188 164 180 164 136 228 143 224 150 221 155 223 160 222 168 225 175 229 168 237 161 241 155 241 149 240 142 236 139 228 150 226 155 227 160 227 171 229 160 233 155 233 150 233
96 180 97 197 100 214 105 231 113 245 125 257 138 266 153 269 168 267 182 258 193 247 202 233 207 217 211 200 214 183 216 165 108 147 115 139 126 136 137 138 147 144 169 145 178 139 190 139 201 143 207 152 157 158 157 170 156 183 156 195 145 203 150 206 155 208 161 206 167 204 121 159 127 154 135 154 143 161 135 162 127 162 172 162 180 156 188 156 194 161 188 164 180 164 136 228 143 224 150 221 155 223 160 222 167 225 174 229 167 237 160 241 155 241 149 240 142 236 139 228 150 226 155 227 160 227 171 229 160 233 155 233 150 233
96 179 98 197 100 214 105 231 113 245 125 257 138 267 153 270 168 267 182 258 193 246 202 232 207 216 211 200 214 183 215 165 108 147 115 138 126 136 137 138 147 143 169 144 178 139 190 139 200 142 206 151 157 158 157 171 157 183 156 196 145 204 150 206 155 208 161 207 167 204 121 159 127 154 135 155 143 161 135 163 127 162 172 162 180 157 188 156 194 161 188 164 180 164 136 228 143 224 150 222 155 224 161 222 167 225 174 229 167 238 160 241 155 242 149 241 142 237 139 228 150 226 155 227 160 227 170 229 160 233 155 234 149 233
96 179 97 197 100 214 105 231 113 245 125 257 138 267 153 270 168 267 181 258 193 246 202 232 207 217 210 200 214 183 216 165 108 146 115 138 126 136 137 138 146 144 169 145 178 140 189 139 200 143 206 151 157 158 157 171 156 183 156 196 145 204 149 206 155 208 161 207 167 204 121 159 127 155 135 155 143 161 135 162 127 162 172 162 179 157 187 157 194 161 188 164 179 164 135 228 142 224 150 221 155 223 160 222 167 225 174 229 167 238 160 242 154 242 148 241 142 237 139 228 150 226 155 227 160 227 171 229 160 233 155 234 149 233
96 180 97 198 100 215 105 231 113 245 125 257 138 267 153 270 168 267 181 258 193 246 201 232 206 217 210 200 214 183 215 166 108 146 115 139 126 136 137 138 146 143 169 144 179 139 190 139 200 143 206 151 157 158 157 170 157 183 156 196 145 204 150 206 155 208 161 207 166 205 121 159 127 154 135 155 143 161 135 162 127 162 172 162 180 156 188 156 194 161 188 164 180 164 136 229 143 224 150 222 155 224 160 222 167 225 174 230 167 238 160 242 155 243 148 241 142 237 139 229 150 227 155 228 160 227 170 230 160 234 155 234 149 233
95 180 97 198 100 215 105 231 113 245 125 257 137 267 152 270 167 268 181 258 193 247 201 233 207 217 210 201 214 183 215 166 108 147 115 139 126 136 137 138 146 144 169 145 178 140 190 139 200 143 206 151 157 158 157 171 156 183 156 196 145 204 150 206 155 208 161 207 166 204 120 159 127 155 135 155 142 161 135 163 126 162 172 162 179 157 187 157 194 161 188 164 179 164 135 228 142 224 150 221 155 223 160 222 167 225 174 230 167 238 160 242 154 242 149 241 142 237 139 229 150 227 155 228 160 227 170 230 160 234 155 234 149 233
96 181 97 198 100 215 105 231 113 246 125 257 138 267 153 270 167 268 181 258 192 247 201 233 206 218 210 201 213 184 216 166 108 147 115 139 126 136 137 138 146 143 169 144 178 139 190 139 200 143 206 152 157 158 157 171 156 183 156 196 145 204 150 206 155 208 161 207 166 205 120 159 127 154 135 155 142 161 135 163 126 163 172 162 179 157 188 157 194 161 188 165 179 164 135 229 142 224 150 221 155 223 160 222 167 225 174 230 167 239 160 242 154 243 148 242 141 238 139 229 150 227 155 228 160 227 170 230 160 234 155 235 149 234
95 180 97 197 100 215 105 231 113 246 125 258 138 267 153 270 168 268 181 259 192 247 201 233 206 218 210 201 213 184 215 166 107 147 114 139 125 136 137 138 146 143 169 144 179 139 190 139 200 143 206 152 157 158 157 170 156 183 156 196 145 204 150 206 155 208 161 207 166 205 120 159 127 154 135 155 142 161 135 163 126 163 172 162 179 156 187 156 194 161 188 164 179 164 135 229 142 224 150 221 155 223 160 222 167 225 173 230 167 239 160 242 154 243 148 242 141 238 139 229 149 227 155 227 160 227 170 229 160 234 155 234 149 234
96 180 97 197 100 214 104 231 113 245 124 257 138 267 153 270 168 268 181 258 192 246 201 232 206 217 210 200 213 183 215 166 108 146 115 139 126 136 137 138 146 143 169 144 178 139 190 139 200 143 206 152 157 158 157 170 156 183 156 196 145 204 150 206 155 208 161 207 166 204 121 159 127 154 135 154 142 161 135 162 126 162 172 162 179 156 187 156 194 161 188 164 179 164 135 228 142 224 150 221 155 223 160 222 167 225 174 229 167 238 160 242 154 243 149 241 141 237 139 228 149 226 155 227 160 227 170 229 160 234 155 234 149 233
95 180 97 197 99 214 104 230 113 245 124 257 138 267 152 270 168 268 181 258 192 247 201 233 206 217 210 200 213 183 215 165 107 147 114 139 125 136 137 137 147 143 168 144 178 139 189 139 200 143 206 151 157 158 156 170 156 183 155 196 145 204 149 206 155 208 161 206 166 204 120 158 127 154 135 154 142 161 134 162 126 162 172 162 179 156 187 156 194 161 187 164 179 164 135 228 142 224 149 221 155 223 160 222 167 225 174 229 167 238 160 242 154 242 148 241 141 237 139 228 149 227 155 228 160 227 170 229 160 233 154 234 149 233
96 179 97 197 100 214 104 230 113 245 124 257 138 266 153 270 168 267 181 258 193 246 201 232 206 216 210 200 214 183 215 165 108 146 115 138 126 135 137 137 146 143 168 143 178 139 190 138 200 143 206 152 157 158 157 170 156 182 156 195 145 203 149 206 155 207 161 206 166 204 121 158 127 154 135 154 142 161 135 162 127 162 172 162 179 156 187 156 193 161 187 164 179 164 135 227 142 223 149 221 155 223 160 222 167 225 173 229 167 238 160 242 154 242 148 241 141 237 138 227 149 226 154 227 160 227 170 229 160 233 154 234 149 233
95 179 97 196 99 214 104 230 113 245 125 257 138 266 153 270 168 267 181 258 193 246 201 232 206 217 210 200 214 183 215 166 108 146 115 138 126 135 137 137 146 142 169 143 178 139 190 138 200 143 206 152 157 157 156 170 156 182 156 195 145 203 149 205 155 207 160 206 166 204 121 158 127 153 135 154 142 160 134 162 126 161 172 161 179 156 187 156 193 160 187 164 179 163 135 227 142 223 149 221 155 223 160 221 167 224 173 229 167 237 160 241 154 241 148 240 141 236 138 227 149 226 155 227 160 226 170 229 160 233 154 233 149 232
96 178 97 196 99 213 104 230 112 244 124 256 137 265 152 269 168 267 181 257 193 246 201 232 206 216 210 200 214 183 215 165 108 145 115 138 126 134 137 136 146 142 169 143 178 139 190 138 200 143 206 151 157 157 156 169 156 182 155 195 144 203 149 205 154 207 160 205 166 203 120 157 127 153 135 153 142 160 134 161 126 161 172 161 179 156 187 156 194 160 188 163 179 163 135 227 142 223 149 221 155 223 160 221 167 224 174 228 167 236 160 240 154 240 148 239 141 235 138 227 149 226 154 227 160 226 170 228 160 232 154 232 149 231
96 178 97 195 99 212 104 229 112 243 124 255 137 265 153 269 168 266 182 257 194 245 202 231 207 215 210 199 214 182 215 165 108 145 115 137 126 134 137 136 146 142 169 143 179 138 190 138 200 142 206 151 157 156 157 169 156 181 155 194 144 202 149 204 155 206 161 205 166 203 121 157 127 153 135 153 142 160 134 161 126 161 172 161 179 155 187 155 194 160 187 163 179 163 135 226 142 223 149 220 155 222 160 221 167 223 174 227 167 236 160 239 154 239 148 238 141 234 138 226 149 225 155 226 160 226 170 227 160 231 155 231 149 230
96 177 97 195 100 212 104 229 112 243 124 255 137 265 153 268 168 266 182 257 193 245 201 231 206 216 210 199 213 183 215 165 108 144 115 136 126 133 137 135 146 141 169 142 179 137 190 137 200 141 206 149 157 156 157 168 156 180 156 193 144 201 149 204 155 205 161 204 166 202 121 156 127 152 135 152 142 159 135 160 126 160 172 160 179 154 187 155 194 159 187 162 179 162 134 225 142 222 150 219 155 221 160 220 167 223 174 226 167 235 160 238 154 238 148 237 141 233 138 225 149 225 155 226 160 225 171 226 160 230 155 231 149 230
96 177 97 195 100 212 105 229 113 244 124 256 137 266 153 270 169 267 182 257 194 245 202 231 207 215 211 199 214 182 216 164 108 143 115 135 126 132 137 134 147 140 170 140 179 136 190 136 200 140 206 149 158 155 157 167 156 179 156 191 145 200 150 202 155 204 161 203 167 201 121 155 127 151 135 152 143 158 135 159 127 159 172 159 180 154 188 154 194 158 188 161 180 161 134 224 142 220 150 218 155 220 161 218 168 221 175 225 168 235 160 239 155 240 149 238 141 234 138 224 150 224 155 225 160 224 171 225 160 230 155 231 149 230
96 177 97 195 100 213 105 229 113 244 124 257 137 267 153 271 169 268 182 258 193 246 202 231 207 216 211 199 214 182 216 164 109 142 116 134 126 131 137 133 146 139 170 140 179 135 191 135 201 139 207 148 158 154 157 166 157 178 156 191 145 200 150 202 156 204 162 202 167 200 121 155 128 151 136 151 143 157 135 158 127 158 173 158 180 153 188 153 194 158 188 161 180 160 134 224 142 220 150 217 155 219 161 217 168 220 175 224 168 235 161 239 155 240 148 239 141 234 137 224 150 223 155 224 161 223 171 225 160 230 155 230 149 230
96 178 98 196 101 213 106 230 113 244 125 256 138 266 153 270 169 267 182 258 194 246 202 231 207 216 211 199 214 182 216 164 109 143 116 135 126 131 137 133 147 139 170 140 179 135 190 135 201 139 207 148 158 154 157 166 157 178 156 191 145 199 150 202 155 203 161 202 167 200 121 154 128 151 136 151 143 157 135 158 127 158 173 158 180 153 188 153 194 157 188 160 180 160 134 224 142 219 150 217 155 219 160 217 168 220 175 224 168 234 160 238 155 239 148 238 141 233 138 224 150 223 155 224 160 223 171 225 160 229 155 230 149 229
97 176 98 194 101 211 105 227 112 242 124 254 137 264 152 268 168 266 182 257 193 245 202 231 207 215 211 198 214 181 216 164 109 141 116 134 127 131 138 133 147 138 169 139 179 135 190 135 200 139 206 148 158 154 157 166 156 178 156 191 145 199 149 202 155 203 161 202 166 200 121 154 128 150 136 151 143 157 135 158 127 158 172 158 180 153 188 153 194 157 188 161 180 160 136 224 143 221 150 219 155 221 159 219 166 222 173 226 166 233 159 236 154 236 149 235 142 232 140 224 150 225 154 225 159 225 169 226 159 228 154 228 150 227
97 177 98 193 100 210 105 227 112 241 123 253 136 264 152 268 168 266 181 257 192 245 201 232 206 216 211 200 214 183 217 165 109 141 116 134 127 131 137 133 147 138 170 139 179 134 191 134 201 139 207 148 158 153 157 166 156 178 156 191 144 199 149 202 155 204 161 203 166 201 121 154 128 150 136 151 143 157 135 158 127 158 172 158 180 153 188 153 195 157 188 161 180 160 137 225 143 222 150 220 154 222 159 220 165 223 172 227 165 233 159 236 154 236 148 235 142 232 140 225 149 225 154 226 159 226 169 227 159 227 154 228 149 227
97 176 98 194 101 211 105 228 113 243 124 255 137 265 153 269 168 267 182 258 193 246 201 232 207 216 211 199 214 182 216 165 109 142 116 134 127 131 138 133 147 139 169 139 179 135 191 135 201 139 207 149 158 153 157 166 156 178 155 191 145 200 149 202 155 204 161 203 166 201 122 155 128 150 136 151 143 157 135 158 127 158 172 158 180 153 188 153 194 157 188 161 180 160 138 227 143 222 150 220 154 222 159 220 166 224 172 229 165 235 159 238 154 238 148 237 143 234 141 226 149 226 154 227 159 226 169 228 159 228 154 229 149 228
96 177 98 195 100 213 105 230 113 245 124 258 137 268 152 272 168 269 181 260 192 248 200 233 206 217 211 200 214 183 216 164 109 143 116 135 127 132 138 133 147 139 169 140 179 135 191 135 201 139 207 148 158 154 157 166 156 179 155 191 145 200 149 203 155 204 161 203 166 201 121 155 128 151 136 151 143 157 135 159 127 158 172 158 180 153 188 153 194 158 188 161 180 160 138 228 143 222 150 219 155 221 160 219 167 223 172 229 167 238 160 242 155 243 149 242 142 237 141 228 150 226 155 226 160 226 169 229 160 232 155 233 150 232
96 178 98 196 101 214 106 231 114 246 125 259 138 269 153 273 169 270 182 259 193 246 201 231 206 215 211 199 214 182 216 164 109 143 116 135 127 132 138 134 147 139 170 140 179 136 190 135 201 139 207 148 158 155 157 167 157 179 156 192 145 200 150 203 155 205 161 203 167 201 121 155 128 151 136 151 143 158 135 159 127 159 173 159 180 153 188 153 194 158 188 161 180 161 137 227 143 221 150 218 156 220 160 219 167 222 172 228 167 239 161 244 155 244 149 243 142 238 141 227 150 224 155 225 160 225 169 228 160 234 155 234 150 233
96 178 98 196 101 214 106 230 114 245 125 258 138 268 153 272 168 269 182 259 193 246 201 232 207 216 211 199 214 182 216 165 109 144 116 136 127 133 138 135 147 141 169 142 179 137 190 136 201 140 207 149 158 155 157 167 157 180 156 193 145 201 150 203 156 205 161 204 167 201 121 156 128 152 136 152 143 158 135 160 127 159 173 159 180 154 188 154 194 159 188 162 180 161 136 226 142 221 150 218 156 220 161 218 168 221 173 227 168 238 161 242 155 243 149 242 142 237 140 226 150 224 155 224 161 224 170 227 160 233 155 233 150 232
96 179 98 196 100 214 105 230 113 245 124 257 138 266 153 270 169 267 183 258 194 246 202 232 207 216 211 200 214 182 216 165 109 145 116 137 127 134 138 135 147 141 170 142 179 137 190 137 201 141 207 150 158 156 157 168 157 180 156 193 145 201 150 203 156 205 162 204 167 202 122 156 128 152 136 153 143 159 135 160 127 160 173 160 180 154 188 154 194 159 188 162 180 162 135 224 142 220 150 217 156 219 161 217 168 220 175 226 168 235 161 239 155 240 149 238 141 234 138 224 150 223 155 224 161 223 171 226 161 230 155 230 149 229
96 178 98 196 100 213 104 229 112 243 124 255 138 264 154 268 170 265 183 256 195 245 203 231 208 216 211 200 214 183 216 165 109 145 116 137 127 134 138 136 147 142 170 143 179 138 190 137 201 142 207 150 158 156 157 168 157 181 157 194 145 201 150 204 156 206 162 204 168 202 121 157 128 152 136 153 143 159 135 160 127 160 173 160 180 155 188 155 194 159 188 162 180 162 135 224 142 219 150 217 155 219 161 217 168 220 175 225 168 233 161 237 155 238 149 237 141 232 138 224 150 223 155 224 161 223 171 225 161 228 155 229 149 228
96 178 98 195 100 212 104 228 112 243 124 254 137 263 153 267 168 265 182 256 194 245 203 232 207 217 211 200 214 183 216 166 109 145 116 137 127 135 138 137 147 142 169 143 179 138 190 138 201 142 207 151 158 156 157 169 157 182 156 195 145 201 150 204 155 206 162 205 167 203 121 157 128 153 136 153 143 160 135 161 127 161 172 161 180 156 188 155 194 160 188 163 180 163 135 223 142 221 150 219 155 221 160 220 168 222 175 226 167 232 160 235 154 236 148 234 141 230 138 223 149 224 155 226 160 225 172 226 160 227 154 228 149 227
97 178 98 195 100 212 104 228 112 243 124 254 137 263 153 267 169 265 183 256 194 245 203 232 208 216 211 200 214 183 216 165 109 146 116 138 126 135 137 137 146 143 170 143 179 138 191 138 201 142 207 151 158 156 157 169 156 182 156 195 144 202 149 205 155 207 161 206 167 203 121 157 128 153 135 154 143 160 135 161 127 161 172 161 180 156 188 156 194 160 188 163 180 163 134 224 142 222 150 221 155 223 160 222 167 224 175 225 167 232 160 235 154 235 148 234 141 230 137 224 149 226 155 227 160 227 172 226 159 227 154 228 149 227
96 179 98 196 100 214 105 230 114 244 125 256 139 266 154 269 170 266 183 257 194 246 203 232 208 217 211 200 214 183 216 166 108 145 115 137 126 135 137 137 146 143 169 143 179 139 190 138 201 142 207 151 157 157 157 170 156 182 156 196 145 203 150 206 155 208 161 206 167 204 121 157 128 153 136 154 143 160 135 162 127 161 172 161 179 156 188 156 194 160 188 163 180 163 135 226 143 224 150 222 155 225 160 223 167 225 175 227 167 234 160 237 154 238 149 237 142 233 138 226 150 228 155 229 160 228 172 227 160 229 155 230 150 229
96 179 98 196 100 214 105 231 113 245 125 258 138 267 153 271 169 268 182 259 194 247 202 233 207 217 211 200 214 183 216 165 108 146 115 138 126 135 137 137 146 143 169 144 179 139 190 139 201 143 207 151 157 157 156 170 156 183 155 196 144 204 149 206 155 208 161 207 166 204 121 158 127 154 135 154 143 161 135 162 127 162 172 162 179 156 188 156 194 161 188 164 179 164 135 227 142 224 149 222 155 224 160 222 167 225 175 228 167 236 160 240 154 241 148 240 141 235 138 227 149 228 154 229 160 228 172 228 160 231 154 232 149 231
96 179 98 197 101 215 105 231 113 246 125 258 138 268 153 272 168 269 182 260 193 247 202 233 207 217 211 201 214 183 216 165 108 147 115 139 126 136 137 137 146 143 169 144 178 139 190 139 201 143 207 152 157 158 157 170 156 183 156 196 144 203 149 206 155 208 161 207 166 204 121 158 127 154 135 154 143 161 135 162 126 162 172 162 180 156 188 156 194 161 188 164 180 164 134 227 142 223 149 222 155 224 160 222 168 224 175 228 168 238 160 242 154 243 148 241 141 236 138 227 149 227 155 228 160 227 171 228 160 233 154 233 149 233
96 180 98 198 100 215 106 232 114 247 125 259 138 269 153 273 168 270 182 260 193 248 202 233 207 218 211 201 214 183 215 165 108 147 115 139 126 136 137 138 146 143 169 144 179 139 190 139 201 143 207 152 157 157 157 170 156 183 156 196 144 204 149 206 155 208 161 207 166 205 121 158 127 154 135 154 143 161 135 162 127 161 172 162 180 156 188 156 194 161 188 164 180 163 134 226 141 223 149 221 155 224 160 222 168 224 175 228 168 238 160 242 154 243 148 242 140 237 138 227 149 227 155 228 160 227 171 228 160 233 154 234 149 233
96 180 98 198 100 215 105 231 113 246 125 259 137 269 152 273 168 271 181 261 192 248 201 234 207 218 211 201 214 184 215 165 107 148 114 139 125 136 136 137 146 143 169 144 179 139 190 139 201 143 207 152 157 158 157 170 156 183 156 196 145 204 150 206 155 208 161 207 167 204 121 159 127 154 135 155 143 161 135 162 127 162 172 162 180 156 188 156 194 161 188 164 180 164 134 226 141 223 149 221 155 223 160 222 168 224 175 228 168 238 160 242 154 243 148 242 140 237 137 226 149 227 155 228 160 227 171 228 160 233 155 234 149 233
96 180 98 198 100 215 105 231 113 246 124 259 137 269 153 273 168 270 181 260 193 248 201 234 207 218 211 201 214 184 215 166 108 148 115 140 125 136 137 138 146 144 169 145 179 140 190 139 201 143 207 152 157 158 157 171 156 184 156 197 144 204 149 207 155 209 161 207 167 205 121 159 127 154 135 155 143 161 135 162 127 162 172 162 180 157 188 157 194 161 188 164 180 164 133 226 141 223 149 222 155 224 160 222 168 224 175 227 168 238 160 242 154 242 148 241 140 236 137 226 149 227 155 228 160 227 171 228 160 233 154 233 149 232
97 180 98 198 100 215 105 232 113 246 125 258 138 268 153 272 169 269 183 259 194 247 202 233 207 218 211 201 214 184 216 166 108 147 115 140 126 137 137 138 146 144 170 145 179 140 190 140 201 144 207 152 158 158 157 171 157 184 157 198 145 204 150 207 156 209 162 207 167 205 121 159 128 155 136 155 143 162 135 163 127 162 172 163 180 157 188 157 194 161 188 165 180 165 134 226 142 223 150 222 155 224 161 222 168 224 176 227 168 237 160 240 155 241 148 239 141 235 138 226 150 227 155 228 161 227 172 228 160 231 155 232 149 231
97 180 98 197 100 215 105 231 113 245 124 257 137 266 153 270 168 268 182 259 194 248 202 234 207 219 211 202 214 184 216 166 108 148 115 140 126 137 137 139 147 145 170 145 179 141 190 140 201 144 207 153 158 159 157 172 157 185 156 198 145 204 150 207 156 209 162 208 167 206 121 159 128 155 135 156 143 162 135 163 127 163 172 163 180 157 188 157 194 162 188 165 180 165 135 226 143 223 150 221 156 224 161 222 168 224 176 227 168 236 161 240 155 240 149 239 142 234 138 226 150 227 155 228 161 227 172 228 160 231 155 232 150 231
97 179 98 197 100 214 105 230 113 244 125 256 138 266 154 269 170 267 183 258 195 247 203 233 208 217 211 200 214 183 216 165 109 148 116 140 127 137 138 139 147 145 169 146 179 141 190 140 201 144 207 153 158 159 157 172 157 185 157 198 145 204 150 207 156 209 162 207 168 205 121 159 128 155 136 155 143 162 135 163 127 162 173 163 180 157 188 157 194 162 188 165 180 165 135 225 143 222 150 221 156 223 161 221 169 224 177 227 169 235 161 238 155 239 149 237 142 233 139 225 150 226 156 227 161 226 173 227 161 231 156 231 150 230
97 180 98 197 101 214 105 230 113 244 125 256 139 265 154 269 170 267 183 257 195 247 204 233 208 218 211 201 214 184 217 167 109 148 116 140 127 137 138 139 147 145 170 146 179 141 191 140 202 145 208 154 158 158 158 171 157 184 157 198 145 203 150 206 156 208 162 207 168 205 122 159 128 155 136 155 143 161 136 163 128 162 173 163 180 157 188 157 195 162 189 165 180 164 135 225 143 222 150 220 155 223 161 221 169 224 177 227 169 235 161 238 155 238 149 237 142 233 139 225 150 225 155 226 161 226 173 227 161 230 155 230 150 229
96 180 98 197 100 214 105 230 113 244 125 255 138 265 153 269 169 267 182 258 194 248 203 234 208 219 211 202 214 185 216 167 108 148 116 140 126 137 138 139 147 145 170 146 179 141 191 140 202 144 208 153 158 158 158 171 157 184 157 198 145 203 150 206 156 208 162 207 168 205 121 159 128 155 136 155 143 162 135 163 127 162 173 163 180 157 188 157 195 162 189 165 180 165 135 225 143 222 150 220 156 223 161 221 168 224 176 227 168 235 161 238 155 239 149 237 142 233 139 225 150 225 155 226 161 226 172 227 161 231 155 231 150 230
97 179 98 196 100 213 104 229 112 244 124 255 138 265 153 269 168 267 182 258 194 247 203 233 207 218 211 201 214 184 216 166 108 148 116 140 127 137 138 139 148 145 170 146 179 141 191 140 202 144 208 153 158 159 158 172 157 184 157 198 145 204 150 207 156 209 162 208 168 205 121 159 128 155 136 155 143 162 135 163 127 162 173 163 180 157 188 157 195 162 189 165 180 164 135 226 143 223 150 221 155 223 161 221 168 224 175 227 168 235 161 238 155 238 149 237 142 233 139 226 150 226 155 227 161 227 172 227 161 230 155 230 150 229
97 180 98 198 100 215 105 231 113 244 125 256 138 265 153 269 168 267 181 258 193 248 202 234 207 218 211 201 215 184 216 166 108 148 116 140 127 137 138 139 147 145 169 146 179 141 191 141 201 145 208 153 158 159 158 172 157 185 157 198 145 205 150 207 156 209 162 208 168 206 122 159 128 155 136 155 143 162 135 163 127 163 173 163 180 157 188 157 194 162 188 165 180 165 135 226 143 223 150 222 155 224 161 222 168 225 175 228 167 235 160 238 155 238 148 237 142 233 139 226 150 227 155 228 160 228 172 228 160 229 155 229 149 228
97 180 98 197 101 214 105 230 113 245 125 257 138 266 153 270 168 268 181 259 193 248 202 234 207 218 211 202 215 184 216 167 108 148 116 140 127 138 137 140 147 145 170 146 180 141 191 141 201 145 208 154 158 159 157 172 157 185 156 198 145 205 150 208 156 210 162 208 167 206 121 159 128 155 136 156 143 162 135 163 127 163 173 163 180 158 188 158 195 162 188 165 180 165 135 227 143 224 150 222 155 225 161 223 168 225 175 229 168 236 160 239 155 239 149 238 142 234 139 227 150 228 155 229 160 228 172 229 160 230 155 230 149 229
97 180 98 197 100 215 105 231 113 245 125 258 138 268 153 272 169 269 182 259 194 248 202 233 208 218 211 201 215 184 216 166 109 148 116 140 127 138 138 140 147 145 170 146 179 141 191 141 201 145 208 153 158 160 158 172 157 185 157 199 145 206 150 208 156 210 162 208 167 206 122 160 128 155 136 156 143 162 136 164 127 163 173 163 180 158 188 157 195 162 189 165 180 165 136 228 143 225 150 223 156 225 161 223 168 226 175 230 168 237 161 241 155 242 149 240 142 236 139 228 150 228 156 230 161 229 172 230 161 232 155 233 150 232
97 179 98 197 101 215 106 231 114 246 125 259 138 269 153 273 169 270 182 261 194 248 202 234 207 218 211 201 215 183 216 165 109 148 116 141 127 138 138 140 147 146 171 147 180 142 191 141 202 145 208 153 158 160 158 173 158 185 157 199 146 206 151 208 156 210 162 209 168 206 122 160 128 156 136 156 144 163 136 164 127 164 173 164 180 158 189 158 195 162 189 166 181 166 136 229 143 225 151 223 156 225 161 223 169 226 175 230 168 240 161 244 155 245 149 243 142 238 140 229 151 229 156 230 161 229 172 230 161 235 156 235 150 234
97 179 98 197 101 215 106 231 114 246 125 259 139 269 154 273 169 270 182 260 194 248 202 233 208 218 211 201 215 184 216 166 109 148 116 141 127 138 138 140 148 146 170 146 180 141 191 141 202 145 208 153 159 160 158 173 158 186 157 199 146 206 150 209 156 211 162 209 168 207 122 160 128 156 136 156 144 163 136 164 127 164 173 164 180 158 189 158 195 162 189 166 181 165 136 229 143 226 151 224 156 226 161 224 169 227 175 230 169 239 161 244 156 244 150 243 142 238 139 229 151 230 156 231 161 230 172 230 161 234 156 235 150 234
98 179 99 197 101 214 106 231 114 245 125 258 138 267 153 271 169 269 182 259 194 248 202 234 207 218 211 201 215 184 216 166 110 148 117 141 128 138 139 140 148 146 170 147 180 142 191 141 202 145 208 153 159 160 158 173 158 186 157 199 146 206 151 209 156 211 162 209 168 207 122 160 129 156 137 156 144 163 136 164 128 164 173 164 181 158 189 158 195 162 189 166 181 166 136 229 144 227 151 225 156 227 161 226 168 228 175 230 168 237 161 240 156 241 150 240 143 236 139 229 151 231 156 232 161 231 172 230 161 232 156 233 151 232
98 180 99 197 101 215 106 231 114 246 125 258 139 267 154 271 170 268 184 259 195 247 203 233 208 217 212 201 215 184 216 167 109 148 116 140 127 138 138 140 148 146 170 147 180 142 192 141 202 145 208 153 159 160 159 173 158 186 158 199 146 206 151 209 157 211 163 209 168 207 122 160 129 156 137 156 144 163 136 164 128 164 173 164 181 158 189 158 195 162 189 166 181 166 136 229 144 227 152 226 156 228 161 226 168 228 176 230 168 237 161 240 156 240 150 239 143 235 139 229 151 231 156 232 161 231 172 230 161 232 156 233 151 232
98 179 99 197 101 215 106 231 114 246 126 258 139 268 154 272 170 269 183 259 194 247 203 233 208 218 212 201 215 184 216 166 110 149 117 141 128 138 139 140 148 146 170 147 180 142 191 141 202 145 208 154 159 160 159 173 158 186 158 200 146 207 151 209 157 211 163 210 168 207 122 160 129 156 137 156 144 163 136 164 128 164 173 164 181 158 189 158 195 162 189 166 181 166 137 229 144 227 152 226 157 228 161 226 169 228 176 230 169 238 162 242 156 242 151 241 144 237 140 229 151 231 156 232 161 231 172 230 162 233 156 234 151 233
97 180 99 198 102 215 107 232 115 247 127 260 140 270 155 274 170 271 183 261 194 249 203 234 208 218 212 201 215 184 216 166 109 150 116 142 127 139 138 141 148 147 170 147 180 143 191 142 202 146 208 154 159 161 158 174 158 187 158 200 146 207 151 210 157 212 163 210 168 208 122 161 128 157 137 157 144 164 136 165 128 165 173 165 181 159 189 158 195 163 189 166 181 166 136 230 144 227 151 225 157 227 161 225 169 228 176 231 169 240 162 244 156 245 150 244 143 239 140 230 151 231 156 232 161 231 173 231 162 236 156 236 151 235
97 182 99 200 102 217 107 234 115 249 127 261 140 271 154 275 169 272 182 262 193 250 202 236 208 220 212 203 215 185 217 167 110 150 117 143 128 140 138 142 148 147 171 148 181 144 192 143 202 147 209 155 159 161 159 175 159 188 158 202 147 208 152 210 157 212 163 211 169 208 122 162 129 158 137 158 144 164 137 165 129 165 174 165 181 159 189 159 195 163 189 166 181 166 137 230 145 227 152 225 157 228 162 226 169 228 176 231 168 239 162 242 156 243 150 241 144 238 140 230 152 231 157 232 162 231 172 231 162 233 156 234 151 233
97 180 99 199 102 216 107 233 116 248 127 261 140 272 156 275 171 272 184 261 195 249 203 235 208 219 211 201 215 184 217 165 110 151 117 143 128 141 138 143 148 149 171 149 180 144 191 143 202 147 208 155 159 162 159 176 158 189 158 203 147 209 152 211 157 213 164 212 169 209 122 162 129 158 137 158 144 165 136 166 128 166 174 165 181 160 189 159 195 164 189 167 181 167 136 230 144 227 152 226 157 228 162 226 170 228 177 231 170 241 163 245 157 246 150 245 143 240 140 230 151 231 157 232 162 231 174 231 163 237 157 237 151 236
98 181 99 199 102 216 107 233 115 248 127 261 140 271 156 274 171 272 184 261 195 249 204 235 209 219 212 202 215 184 217 166 110 151 117 144 128 141 139 144 148 150 170 150 180 145 191 144 202 147 208 156 159 163 159 176 158 190 158 204 147 209 152 212 157 214 164 212 169 210 123 162 129 158 137 159 144 165 136 167 128 166 174 166 181 160 189 160 195 164 189 168 181 168 136 229 144 227 152 226 157 228 163 226 170 228 177 230 170 240 163 244 157 245 150 244 143 239 140 230 152 231 157 232 163 231 174 231 163 235 157 236 151 235
98 181 100 200 102 217 107 234 116 248 128 261 141 271 157 274 172 271 185 261 196 248 205 234 209 218 212 201 215 184 216 165 110 152 117 144 128 142 139 144 148 150 171 151 180 146 191 145 201 148 208 156 159 164 159 177 159 190 159 204 147 210 153 212 158 214 164 212 170 210 123 163 129 159 137 160 144 166 137 167 129 167 174 167 181 161 189 160 196 164 189 168 181 168 137 229 145 227 152 226 158 228 163 227 171 228 178 230 171 240 164 244 158 245 151 243 144 239 140 230 152 231 158 232 163 231 175 231 163 236 158 237 152 235
98 182 100 200 102 218 107 234 116 248 128 260 142 270 157 273 172 270 185 260 196 249 205 234 209 219 212 202 215 184 217 165 110 152 117 145 128 143 139 145 148 151 171 152 180 147 191 145 202 148 208 156 159 164 159 178 159 191 159 205 147 210 153 213 158 215 164 213 170 211 123 164 129 160 137 160 144 167 137 168 129 168 174 167 181 161 189 161 196 165 190 169 181 169 137 229 145 228 153 227 158 229 163 227 171 229 178 230 171 240 163 243 158 244 152 243 144 239 140 230 152 232 158 233 163 232 175 231 163 236 158 236 152 235
98 181 100 199 102 217 107 234 116 248 128 260 142 270 157 273 172 270 185 260 197 248 205 234 209 218 212 201 215 184 217 165 110 153 117 146 128 144 139 146 148 152 171 152 180 147 191 146 202 149 208 157 159 165 159 179 159 192 159 206 147 211 152 214 158 216 164 214 170 212 123 164 129 160 137 161 144 167 137 168 129 168 174 168 181 162 189 161 195 165 189 169 181 169 137 230 145 229 153 228 158 230 163 228 171 230 179 231 171 239 164 243 158 243 152 242 145 238 140 231 153 232 158 233 163 233 175 231 164 235 158 236 153 235
98 181 100 199 103 217 108 233 117 248 129 260 143 270 157 273 172 270 185 260 197 247 205 233 210 217 212 200 215 183 217 164 109 155 117 147 128 145 139 148 148 153 171 154 180 149 191 147 201 150 208 158 160 166 159 180 159 194 159 208 147 213 153 215 159 217 165 215 170 213 123 165 129 161 137 162 144 168 137 169 129 169 174 169 181 162 189 162 196 166 190 170 181 170 137 231 146 231 154 229 159 231 164 229 171 231 179 232 171 239 164 243 159 244 153 243 146 239 141 232 154 234 159 235 164 234 175 232 164 236 159 237 153 236
98 180 100 199 103 216 109 233 118 247 129 260 143 270 157 273 172 270 184 260 195 247 204 233 209 217 212 200 216 182 217 164 109 156 117 149 128 147 139 150 148 156 170 156 180 151 191 149 201 152 208 159 159 168 159 182 159 196 159 211 147 215 152 217 158 219 164 218 170 215 123 167 129 163 137 163 144 170 136 171 128 171 174 170 181 164 189 163 195 167 189 171 181 171 138 233 146 232 153 231 158 233 163 231 170 232 178 233 171 241 164 245 158 246 152 245 146 241 141 233 153 235 158 237 164 235 175 234 164 237 158 238 153 237
99 181 101 199 104 217 109 233 119 248 131 261 144 271 158 274 173 271 186 260 196 247 205 232 209 216 212 199 215 182 216 164 109 158 117 151 127 150 138 153 147 158 170 159 179 154 190 152 200 154 207 160 159 171 159 185 159 199 159 214 147 217 152 220 158 222 164 220 170 217 123 168 129 165 137 165 144 172 136 173 128 172 173 172 180 166 188 165 195 169 189 173 181 173 138 234 146 234 153 234 158 236 163 233 170 234 178 234 171 242 164 246 159 247 153 246 146 242 141 235 153 237 158 239 163 237 175 235 164 239 158 240 153 239
99 183 101 200 104 218 110 234 120 248 131 261 144 271 159 275 174 271 186 261 196 248 205 233 209 217 212 200 215 183 216 166 109 161 117 154 128 153 138 156 147 162 169 163 179 157 189 154 200 156 208 162 158 174 159 188 159 202 159 217 147 219 152 222 159 225 165 222 170 219 123 170 129 167 137 167 144 174 136 175 128 174 173 174 180 168 188 167 195 170 189 175 181 175 138 236 146 236 153 236 159 238 164 235 171 236 179 235 171 243 164 247 159 248 153 247 146 243 142 236 153 239 159 240 164 239 176 236 164 240 159 241 154 240
99 184 102 201 105 218 111 234 121 249 133 262 146 272 160 275 174 272 186 261 197 248 205 233 210 218 213 201 216 184 216 166 109 162 117 156 128 156 138 159 147 164 169 165 178 159 189 157 200 158 208 163 159 176 159 190 159 205 159 219 147 222 153 224 159 227 165 224 171 221 123 172 129 168 137 169 144 176 136 177 128 176 174 176 180 169 188 168 195 172 189 176 181 177 139 237 147 238 154 237 159 239 164 237 172 237 180 236 172 244 165 248 160 249 154 249 147 245 142 238 154 241 159 242 165 241 177 237 165 241 160 243 154 242
99 186 102 203 106 220 112 236 122 251 134 264 147 273 162 276 176 272 187 261 197 247 206 233 210 217 213 201 216 184 216 167 109 164 117 158 127 158 137 160 147 166 169 166 178 161 189 158 200 159 208 164 159 177 159 192 159 206 159 221 148 223 153 226 160 228 166 226 171 223 122 174 129 170 137 170 144 177 136 179 128 178 173 177 180 170 188 169 195 173 189 177 181 178 139 238 147 239 154 239 160 240 165 238 172 237 181 236 173 244 166 249 161 250 155 250 148 246 142 239 155 242 160 243 165 241 178 238 166 242 160 243 155 242
99 187 102 204 106 221 113 237 123 251 134 264 147 274 161 276 175 272 187 261 197 248 205 233 210 218 213 202 216 185 216 167 108 165 116 159 127 159 137 162 147 167 169 167 179 162 189 159 200 160 208 165 159 178 159 193 159 208 160 222 147 224 153 227 160 229 166 227 171 224 122 174 129 171 137 171 144 178 136 179 128 179 174 178 180 171 188 170 195 174 189 178 181 179 138 239 147 240 155 239 160 241 165 239 172 238 181 237 173 245 166 250 161 251 155 250 148 246 142 240 155 243 160 244 165 242 178 238 166 242 161 244 155 243
99 187 102 205 106 222 113 237 123 252 134 264 147 274 161 277 176 273 187 261 197 248 206 233 211 218 214 201 216 185 217 167 107 165 116 160 127 160 138 163 147 169 168 169 177 163 188 161 199 160 208 165 158 179 159 194 159 209 160 224 147 225 153 228 160 230 166 228 171 224 122 175 128 171 137 172 144 179 136 180 128 180 173 179 180 172 188 171 195 174 189 179 181 180 139 239 147 240 154 240 160 242 165 239 172 239 181 238 173 246 167 250 161 251 155 251 148 247 142 240 155 243 160 244 165 243 177 239 166 243 161 245 155 244
99 187 102 205 106 222 113 237 123 251 134 264 147 274 161 277 175 273 187 262 197 248 206 233 211 218 214 201 216 185 217 167 107 165 116 160 127 160 137 163 146 169 168 169 178 164 188 161 199 161 208 165 158 180 158 195 158 209 159 224 147 226 152 229 159 231 165 229 171 225 121 175 128 171 136 172 143 179 135 180 127 180 173 179 180 172 188 171 195 175 189 179 181 180 138 240 147 241 154 240 159 242 164 240 172 240 180 238 172 246 166 251 160 252 154 251 147 247 142 241 154 244 160 245 165 243 177 239 165 243 160 245 154 244
99 187 102 205 106 222 112 237 123 251 134 264 146 274 160 277 175 273 187 262 197 248 206 233 211 218 214 201 216 185 216 167 107 166 116 161 126 161 137 164 146 170 168 171 177 165 187 162 198 162 207 166 157 180 158 195 158 210 158 225 146 226 152 229 159 232 165 229 170 226 121 175 128 172 136 172 143 180 135 180 127 180 173 180 179 173 187 172 194 175 188 180 180 181 138 239 146 241 154 241 159 243 164 240 171 240 180 238 172 246 165 251 160 252 154 251 147 247 141 240 154 244 159 246 164 244 177 240 165 244 160 245 154 244
99 188 102 205 106 222 113 237 123 251 134 264 146 275 161 277 175 273 187 261 197 248 206 233 211 217 214 201 216 184 216 167 106 166 115 161 126 161 136 164 145 170 168 171 177 165 187 162 198 161 207 165 157 181 158 196 158 211 158 226 146 226 152 230 158 232 165 230 170 226 121 176 127 172 136 173 143 180 135 181 126 180 172 180 179 173 187 172 194 175 188 180 180 181 138 239 146 241 153 241 159 243 165 240 172 240 181 238 173 246 166 251 160 252 154 251 146 247 141 240 154 244 159 246 165 244 178 239 165 244 160 245 154 244
99 188 103 205 107 222 113 237 124 251 135 264 147 275 161 277 175 274 187 262 198 249 206 234 211 218 214 201 216 185 216 168 106 168 115 162 125 162 135 165 145 170 168 171 177 165 187 163 198 163 207 168 157 181 157 196 157 211 158 226 146 227 152 230 159 233 165 230 170 226 121 177 127 173 136 173 143 181 135 181 127 181 172 180 179 174 187 172 194 176 188 181 180 181 138 240 146 241 153 241 159 243 164 240 172 240 180 239 173 246 166 251 160 252 154 251 147 247 142 241 154 245 159 246 165 244 177 240 165 244 160 246 154 245
99 190 103 207 107 224 113 239 123 253 134 266 146 275 160 278 175 275 187 263 197 250 206 235 211 220 214 203 216 186 217 168 107 168 115 163 126 163 136 165 145 171 168 171 177 166 188 163 199 163 208 168 157 182 157 196 158 211 158 226 146 227 152 230 159 233 165 230 171 226 121 177 127 173 136 174 142 181 135 182 127 182 173 181 179 174 187 173 194 176 188 181 180 182 138 241 146 241 153 241 159 243 165 241 172 240 181 239 173 246 166 251 160 252 154 251 147 248 141 242 153 245 159 246 165 244 177 240 165 244 160 246 154 245
100 189 103 207 107 224 113 239 123 253 133 266 146 276 161 278 176 275 188 263 198 250 206 235 211 219 214 203 217 185 217 168 106 169 115 164 125 163 136 166 146 172 168 172 177 166 188 164 199 163 208 169 157 183 158 197 158 212 159 227 147 227 152 231 159 233 165 230 171 227 121 178 127 174 136 175 143 182 135 183 126 183 172 181 179 174 187 173 194 177 189 181 180 182 138 241 147 242 154 242 160 244 165 241 172 240 181 239 173 246 167 251 160 252 154 252 147 248 142 242 154 245 160 247 166 245 178 240 166 244 160 246 154 245
100 190 104 207 108 224 114 240 123 254 134 266 147 276 162 278 176 275 188 264 198 251 206 236 211 220 214 203 217 186 217 168 106 170 114 164 125 164 136 167 145 173 168 173 177 167 188 164 199 164 208 169 157 183 158 198 159 213 160 228 147 228 153 231 160 234 166 231 172 227 120 179 127 175 136 175 142 183 135 184 126 183 172 182 179 175 188 174 195 177 189 182 180 183 138 241 147 242 154 242 160 244 166 241 173 241 181 239 174 246 167 251 161 253 155 252 147 249 142 243 154 246 160 247 166 245 178 240 166 245 160 247 155 246
99 190 103 207 108 224 114 240 123 254 134 266 147 276 162 278 176 275 188 263 199 250 207 235 212 219 215 203 217 186 218 168 107 170 115 165 125 164 136 167 145 173 168 172 178 167 188 164 199 164 208 169 157 183 158 198 159 213 159 228 147 227 153 231 160 234 166 230 172 227 121 178 127 175 136 175 143 182 135 184 127 183 172 182 179 175 188 174 195 177 189 182 180 183 138 241 147 242 154 242 160 244 166 241 174 240 182 238 175 246 168 251 161 253 155 252 147 249 142 242 154 246 161 247 167 245 179 240 167 245 161 246 155 246
100 189 103 207 107 224 113 239 123 253 134 266 147 276 162 279 177 275 189 263 199 250 207 235 212 219 214 202 217 185 218 167 106 170 115 164 125 164 136 167 146 173 168 173 177 167 188 164 199 164 208 169 157 183 158 198 158 213 159 228 146 228 152 231 159 234 165 231 171 227 120 179 127 175 136 175 143 183 135 184 126 183 172 182 179 175 187 174 194 177 189 182 180 183 138 241 146 242 154 243 160 244 166 242 173 240 182 238 174 246 167 251 161 253 154 252 147 249 141 242 154 246 160 247 166 245 179 240 167 245 160 247 154 246
99 188 103 206 106 223 113 238 123 253 134 265 146 276 161 278 176 274 188 263 198 250 207 235 212 219 214 202 217 185 217 167 107 169 115 163 126 164 136 167 145 172 167 172 177 167 188 164 199 163 208 168 157 183 157 197 157 213 158 227 146 228 152 231 159 234 165 231 171 227 120 178 127 174 136 175 143 182 135 183 126 183 172 181 179 175 187 173 195 177 189 182 180 183 138 240 147 242 154 242 160 244 166 241 173 240 182 237 174 246 167 251 161 252 154 252 147 248 141 242 154 246 160 247 166 245 179 239 166 244 160 246 154 245
