106 170 109 189 112 208 117 225 125 241 137 253 151 263 166 267 182 264 195 254 207 243 216 228 221 212 225 195 229 177 232 158 120 141 128 133 139 130 151 132 161 137 184 138 194 134 206 133 216 137 223 146 172 153 171 165 171 178 170 192 158 200 163 202 169 204 175 203 181 200 134 152 141 148 149 148 156 155 148 156 140 156 187 157 194 151 203 151 209 156 203 159 194 159 148 224 156 221 164 218 169 220 174 219 181 222 188 226 181 233 174 237 169 237 163 236 156 232 152 224 163 223 169 224 174 224 184 226 174 229 169 229 163 228
106 170 108 189 111 208 116 226 125 241 137 254 151 263 167 267 182 264 196 254 208 243 217 228 222 212 226 194 230 176 233 158 120 140 128 133 139 129 151 131 161 137 184 138 194 133 205 133 216 137 223 146 172 153 171 165 171 178 171 192 158 200 163 202 169 204 175 203 181 201 134 152 141 148 149 148 156 155 148 156 140 156 187 157 194 151 203 151 209 156 203 159 194 158 148 224 156 221 164 218 169 220 174 219 181 222 188 226 181 233 174 236 169 237 163 236 156 232 152 225 163 223 169 224 174 224 184 226 174 229 169 229 163 228
106 170 108 189 111 208 117 226 125 242 138 254 151 264 167 267 182 264 196 254 208 243 216 228 221 212 225 195 230 177 232 158 119 141 128 133 139 130 151 132 161 137 184 138 194 134 206 133 216 137 223 146 172 153 171 165 171 178 170 192 158 200 163 202 169 204 175 203 181 201 134 152 141 148 149 148 156 155 148 156 140 156 187 157 194 151 203 151 209 156 203 159 194 159 148 225 156 221 164 218 169 221 174 219 181 222 188 226 181 234 174 237 169 238 162 236 155 232 152 225 163 224 169 225 174 224 184 226 174 229 169 229 163 228
106 170 108 189 111 208 116 226 125 241 137 254 151 264 167 267 182 264 196 255 208 243 216 228 221 212 225 194 230 176 232 158 120 140 128 132 139 130 151 132 161 137 184 138 194 134 206 133 216 137 223 145 172 153 172 165 171 178 171 192 158 200 163 202 169 204 175 203 181 201 134 152 141 148 149 148 156 155 148 157 140 156 187 157 194 151 203 151 209 156 203 159 194 159 149 225 156 221 164 218 169 221 174 219 181 222 188 226 181 234 174 237 169 238 163 237 156 233 153 225 164 224 169 225 174 224 184 226 174 229 169 230 164 229
106 170 108 189 111 208 116 225 125 241 137 254 150 263 166 267 182 265 196 255 207 243 216 228 221 212 225 194 230 177 233 158 120 141 128 133 139 130 151 132 161 137 183 138 194 134 206 133 216 137 223 146 172 153 171 165 171 178 170 192 158 200 163 203 169 204 175 203 181 201 134 152 141 148 149 148 156 155 148 156 140 156 187 157 194 151 203 151 209 156 203 159 194 158 149 225 156 221 164 218 169 220 174 219 181 222 188 226 181 234 174 237 168 238 163 237 155 233 153 225 163 224 169 224 174 224 184 226 174 229 169 230 163 229
106 170 109 189 112 208 117 225 125 241 137 254 151 264 166 267 182 265 196 255 208 243 216 228 221 212 226 194 230 177 233 158 120 141 128 133 139 130 151 131 161 137 184 138 194 133 206 133 217 137 223 146 172 153 171 165 171 178 170 192 159 200 163 202 169 204 175 203 181 201 134 152 141 148 149 149 156 155 148 156 140 156 187 157 194 151 203 151 209 156 203 159 195 158 149 225 156 221 164 218 169 220 174 219 181 222 187 226 181 234 174 238 168 238 162 237 155 233 153 225 163 223 169 224 174 224 183 226 174 230 169 230 163 229
107 170 109 190 112 208 117 226 126 241 137 254 151 264 167 268 182 265 196 255 208 243 216 228 222 211 226 194 231 176 233 158 120 140 128 133 139 130 151 132 161 137 184 138 194 134 206 133 217 137 223 146 172 152 172 165 171 178 171 192 159 200 164 202 170 204 176 203 181 201 134 152 141 148 149 149 157 155 149 156 140 156 187 157 194 151 203 151 209 156 203 159 195 159 149 225 156 221 164 219 169 221 174 219 181 222 187 227 181 234 174 238 168 238 163 237 155 233 153 225 164 224 169 225 174 224 184 226 174 230 169 230 163 229
106 170 109 189 112 208 117 225 126 241 138 254 151 264 167 268 182 265 196 255 208 243 217 228 222 211 226 194 230 176 233 158 120 141 129 133 140 130 152 132 162 137 185 138 195 134 207 134 217 138 224 147 173 152 172 165 172 178 171 192 159 200 164 202 170 204 176 203 181 201 135 152 142 148 150 148 157 155 149 156 141 156 188 157 195 151 203 151 210 156 203 159 195 159 149 225 156 221 164 219 169 221 174 219 181 223 188 227 181 235 174 238 169 238 163 237 156 233 153 225 164 225 169 226 174 225 184 227 174 230 169 230 164 229
107 170 109 189 112 208 117 225 125 241 137 254 151 264 166 268 182 265 196 255 208 243 216 229 222 212 226 195 231 177 233 159 121 141 129 133 140 130 152 132 162 137 184 138 195 134 207 133 217 137 224 146 173 153 172 165 171 178 171 192 159 200 164 203 170 204 176 203 181 201 134 152 142 148 150 149 157 155 149 157 141 156 188 157 195 151 203 151 210 156 203 159 195 159 149 225 157 222 164 220 169 222 174 220 181 223 188 227 181 233 174 236 169 237 163 235 156 232 152 225 164 225 169 226 174 226 185 227 174 229 169 229 164 228
107 169 109 188 112 207 117 225 125 240 137 253 151 263 167 267 182 264 196 255 208 243 217 229 222 212 226 195 231 177 233 158 121 140 129 133 141 130 152 132 162 137 185 138 195 134 207 134 218 137 224 146 173 153 172 166 172 179 171 192 159 200 164 203 170 205 176 204 181 201 135 152 142 148 150 148 157 155 149 157 141 156 187 157 195 151 203 151 210 155 204 159 195 159 149 225 157 222 164 220 169 223 174 221 181 223 188 226 181 232 174 234 169 235 163 234 156 230 152 225 164 226 169 227 174 226 185 226 174 227 169 228 164 227
107 169 109 188 112 206 117 224 125 240 137 253 151 263 167 267 183 264 197 255 209 242 217 228 222 212 227 194 231 177 234 159 121 140 130 133 141 130 152 132 162 138 185 138 195 134 207 134 218 137 224 146 173 153 172 166 172 179 171 192 159 201 164 203 170 205 176 203 181 201 135 152 142 148 151 148 158 156 150 157 141 156 188 157 195 151 204 151 210 155 204 159 195 159 149 225 157 222 164 220 170 223 174 221 182 223 189 226 181 231 174 233 169 234 164 233 157 230 153 225 164 226 169 227 174 226 186 226 174 226 169 227 164 226
107 169 109 188 112 207 117 224 125 240 137 253 151 263 167 267 184 264 197 254 209 242 217 227 223 211 227 194 231 176 234 158 121 140 129 133 141 130 152 132 162 137 185 138 195 134 207 133 218 137 224 146 173 153 172 166 172 179 171 192 159 200 164 203 170 204 176 203 181 201 135 152 142 148 150 148 157 155 150 156 141 156 188 157 195 151 204 151 210 155 204 159 195 159 149 225 157 222 165 220 170 222 175 220 182 223 189 226 182 231 175 233 169 234 163 233 156 230 152 225 164 226 170 227 175 226 186 225 175 226 170 227 164 226
108 170 110 189 113 208 118 226 126 242 138 254 152 264 168 267 184 264 198 255 209 243 217 228 222 212 227 195 231 177 234 159 122 139 130 132 141 129 153 131 162 137 185 138 195 134 207 133 217 137 224 146 173 152 172 165 172 179 171 192 159 200 164 203 170 204 176 203 182 201 135 152 142 147 150 148 158 155 150 156 141 156 188 157 195 151 204 151 210 155 204 159 196 158 149 225 157 221 165 219 170 221 176 219 183 222 190 225 183 231 176 234 170 235 164 234 156 231 153 224 164 225 170 226 176 225 187 225 176 226 170 227 164 226
107 170 110 189 112 208 118 226 126 242 138 255 152 266 168 269 184 266 198 256 209 243 218 228 223 211 227 194 232 176 234 157 121 140 129 132 141 129 152 131 162 137 185 138 195 133 207 133 218 137 224 145 173 152 172 165 172 178 171 191 159 199 164 202 170 204 176 202 182 200 135 151 142 147 150 148 157 155 149 156 141 155 188 156 195 150 204 150 210 155 204 158 195 158 149 224 156 221 164 218 170 220 175 218 183 221 190 224 183 233 176 237 170 238 163 237 156 233 153 224 164 224 170 225 175 224 186 224 175 228 170 229 164 228
108 169 110 189 113 208 118 226 126 241 138 255 152 266 167 270 183 267 196 257 207 245 216 230 222 214 226 197 231 178 234 159 121 139 129 131 140 128 152 130 162 135 186 136 196 132 208 132 218 137 224 146 173 151 172 164 172 177 171 191 159 199 164 201 170 203 176 202 182 199 135 151 142 147 151 147 158 154 150 155 141 155 188 155 196 150 204 150 210 155 204 158 196 157 149 223 156 219 164 217 170 219 176 217 183 220 190 223 183 233 176 237 170 238 163 237 156 232 153 223 164 222 170 223 176 222 186 224 176 228 170 229 164 228
107 170 109 189 112 208 117 226 125 241 137 254 151 265 167 269 183 266 196 256 208 244 217 229 222 213 226 195 231 177 233 158 121 139 129 131 141 128 152 130 162 136 185 137 195 132 207 132 217 136 224 144 173 151 172 163 172 176 171 190 159 198 164 200 170 202 176 201 182 199 135 150 142 146 150 147 158 154 150 155 141 154 188 155 195 149 204 149 210 154 204 157 195 157 147 221 156 217 164 215 170 218 176 216 183 218 191 222 184 232 176 237 169 238 163 236 155 232 151 221 164 221 170 222 176 221 187 222 176 227 170 228 164 227
107 171 110 190 112 209 116 226 125 241 137 254 151 263 167 267 183 264 197 255 209 243 217 229 222 213 226 196 230 178 233 159 120 139 128 131 140 127 152 129 162 136 185 136 195 132 207 131 218 136 224 145 173 150 172 163 172 176 171 190 159 197 164 200 170 202 176 200 182 198 134 150 141 146 150 146 157 153 149 154 141 154 188 155 195 149 203 149 210 154 204 157 195 157 147 220 155 217 164 215 170 217 176 215 183 218 191 221 183 230 176 233 169 234 163 233 154 228 150 220 164 220 169 221 175 221 187 221 176 225 170 225 163 224
107 170 109 189 111 208 116 225 124 240 137 252 151 261 167 265 183 263 197 254 209 242 218 229 223 213 226 196 230 178 233 160 121 139 129 131 140 128 152 129 162 135 185 136 195 132 207 131 218 136 224 145 172 150 172 163 171 176 171 189 158 197 164 199 170 201 176 200 182 198 134 150 141 146 150 146 157 153 149 154 141 154 187 155 195 149 203 149 210 154 203 157 195 157 146 218 155 216 163 214 170 216 175 214 183 216 191 220 183 228 175 232 169 233 162 231 154 227 150 219 163 219 169 220 175 219 187 220 175 223 169 224 163 223
107 169 109 188 111 207 115 224 124 239 136 251 150 261 167 264 183 262 197 253 209 242 218 228 223 212 226 195 230 178 233 159 120 139 128 131 140 127 152 129 162 135 184 136 195 131 207 131 218 136 224 145 172 150 172 163 171 176 171 190 159 196 164 199 170 201 176 200 182 198 135 150 142 146 150 146 157 153 149 154 141 154 188 155 195 149 203 149 210 154 203 157 195 156 147 218 156 215 164 214 169 216 175 214 183 217 190 221 182 227 175 230 169 231 162 229 155 226 151 219 163 219 169 220 175 220 186 221 175 222 169 222 163 222
107 170 109 189 111 208 116 225 124 239 137 251 151 260 167 264 183 261 197 253 209 242 218 228 222 213 226 195 230 178 233 159 121 138 129 130 140 127 152 129 162 135 185 136 195 131 207 131 217 135 224 144 173 150 172 163 172 176 171 190 159 197 164 199 170 201 176 200 182 198 134 150 141 146 150 146 157 153 149 154 141 154 187 155 195 149 203 149 210 154 203 157 195 157 147 218 156 217 164 216 169 218 175 216 182 218 191 221 182 226 174 229 169 229 163 228 155 225 150 219 164 221 169 222 175 221 187 221 174 222 169 222 164 221
107 167 109 186 111 205 115 222 124 237 136 250 149 260 166 264 183 261 197 252 209 241 217 227 222 211 226 194 231 176 233 157 121 138 129 130 140 127 152 129 161 135 185 136 195 132 207 131 218 135 225 144 172 150 172 163 171 176 170 190 158 197 163 199 169 201 176 200 181 198 134 150 142 146 150 146 157 153 149 154 141 154 187 155 195 149 203 149 210 154 204 157 195 157 147 218 156 218 164 217 169 219 174 217 181 219 190 221 181 227 173 230 168 230 162 229 155 225 151 219 163 222 169 223 174 222 187 221 173 222 168 223 163 222
106 168 108 187 111 206 116 223 124 239 136 252 149 262 165 266 182 263 196 254 207 242 216 228 221 212 226 195 230 177 233 158 121 138 129 130 140 127 152 129 162 135 185 136 195 131 207 131 218 135 224 144 172 150 172 163 171 176 170 190 158 197 163 200 169 202 175 201 181 199 134 150 141 145 150 146 157 153 149 154 140 153 187 155 195 149 203 149 210 154 203 157 195 157 148 220 156 219 163 217 169 219 174 218 181 220 189 223 181 229 173 232 168 232 162 231 155 227 151 220 163 222 168 224 174 223 186 223 173 224 168 225 163 223
106 168 108 188 111 206 116 224 124 240 136 253 149 263 165 267 182 264 196 255 207 243 216 229 221 213 225 195 230 177 232 158 120 137 129 130 140 127 151 129 161 135 184 136 194 131 206 131 217 135 223 144 172 150 171 163 171 176 170 189 158 197 163 200 169 202 175 201 181 198 134 150 141 145 149 146 157 153 148 154 140 153 187 154 194 149 203 149 209 154 203 157 194 156 147 221 155 218 163 216 168 219 174 217 181 220 189 224 181 231 174 235 168 235 161 234 154 229 151 221 162 222 168 224 174 223 185 224 174 226 168 226 162 225
106 168 108 188 111 207 116 225 125 240 136 254 150 264 166 268 181 265 195 255 207 243 216 229 221 212 226 195 230 176 232 157 120 138 128 130 139 127 151 129 161 135 184 136 194 132 206 131 217 135 223 144 172 150 171 163 170 176 170 189 158 197 163 200 169 202 175 201 181 198 133 150 140 146 149 146 156 153 148 154 140 154 187 155 194 149 202 149 209 154 203 157 194 156 147 222 155 218 163 216 168 218 174 216 181 219 188 224 181 233 173 237 168 238 161 236 154 231 151 222 162 222 168 223 173 222 184 224 174 228 168 228 162 227
106 169 108 189 111 208 116 225 125 241 137 254 150 264 166 268 182 265 196 255 207 243 216 228 221 212 225 194 230 176 232 157 120 139 128 131 139 127 151 129 161 135 184 136 194 131 206 131 216 135 223 144 172 150 171 163 170 176 170 190 158 197 163 200 169 202 175 201 181 198 133 150 140 146 149 146 156 153 148 155 139 154 186 155 194 149 202 149 209 154 203 157 194 157 148 222 155 218 163 216 169 218 174 217 181 220 188 225 181 233 174 237 168 238 162 236 154 231 151 222 163 222 168 223 174 222 184 224 174 228 168 229 163 228
106 169 108 188 111 208 116 225 125 240 137 253 150 263 166 267 181 264 195 255 207 243 215 228 221 212 225 195 230 177 232 158 119 139 127 131 139 128 151 129 161 135 184 136 194 132 206 131 216 135 223 144 171 150 171 163 170 176 170 190 158 198 163 200 169 202 175 201 180 199 133 150 140 146 149 147 156 154 148 155 139 154 186 155 194 149 202 149 209 154 203 157 194 157 148 222 155 219 163 217 169 219 174 217 181 221 188 225 181 233 174 236 168 237 162 236 155 231 152 223 163 223 168 223 173 223 184 225 174 228 168 228 163 227
106 169 108 188 111 206 116 224 124 239 136 252 149 262 165 266 181 264 194 255 206 243 215 229 220 213 225 195 229 177 232 157 120 139 127 131 139 128 151 130 161 135 184 136 194 132 206 132 217 136 223 145 171 151 171 164 170 177 169 190 158 198 163 201 168 203 174 202 180 199 134 150 140 146 149 147 156 154 148 155 139 154 186 155 194 149 202 149 209 154 202 158 194 157 147 222 155 220 162 218 168 220 173 219 180 221 187 225 180 232 173 235 167 236 161 234 154 230 151 223 162 224 168 225 173 224 184 225 173 227 168 227 162 226
106 168 108 188 111 206 116 224 124 240 136 252 150 263 166 267 182 264 196 254 207 242 216 228 221 212 225 194 230 176 233 157 120 139 127 131 139 128 150 130 160 136 183 136 194 132 206 132 216 136 223 145 171 151 171 164 170 177 169 190 158 198 163 201 169 203 175 202 180 199 134 151 140 146 149 147 156 154 148 155 139 154 186 155 194 149 202 149 209 154 202 158 194 157 147 222 155 220 163 218 168 220 173 219 180 221 188 224 181 232 173 235 168 236 162 234 155 230 151 223 162 224 168 225 173 224 185 224 173 227 168 227 163 226
106 169 108 188 111 207 116 225 124 240 136 253 150 263 166 267 181 264 195 255 207 243 216 228 221 212 225 195 229 177 232 157 119 139 127 131 139 128 150 130 160 136 183 137 194 132 205 132 216 136 223 145 171 151 171 164 170 177 169 191 158 198 163 201 169 203 175 201 180 199 133 151 140 146 149 147 156 154 148 155 139 155 186 155 194 149 202 149 209 154 202 157 194 157 146 222 155 219 163 217 168 219 174 217 181 220 189 223 181 232 174 236 168 237 162 235 154 230 150 222 162 222 168 223 173 222 185 224 174 228 168 228 162 227
106 170 108 189 111 208 116 226 124 241 137 253 150 263 166 267 182 264 196 254 207 243 216 229 221 212 225 195 229 177 232 159 119 140 127 132 139 129 150 131 160 136 183 138 193 133 205 133 216 137 223 146 171 151 171 164 170 178 169 191 157 198 162 201 169 203 175 202 181 199 133 151 140 147 148 147 156 154 148 155 139 155 186 156 194 150 202 150 209 155 202 158 193 158 146 221 154 218 163 216 168 218 174 217 181 219 189 223 181 231 174 235 168 235 161 234 153 229 150 222 162 221 168 222 174 222 185 223 174 227 168 227 162 226
106 170 108 189 111 208 116 226 125 241 137 253 151 263 167 266 183 264 196 254 208 242 217 228 221 212 225 195 229 177 232 158 119 139 127 132 139 129 150 131 160 136 183 137 194 133 206 133 216 137 223 146 171 151 171 164 170 177 170 191 158 198 163 201 169 203 175 201 181 199 133 151 140 147 149 147 156 155 148 155 139 155 186 156 194 150 202 150 209 155 202 158 194 158 146 220 154 218 163 216 168 218 174 216 181 219 189 222 181 231 174 234 168 235 161 233 153 229 150 221 162 221 168 222 174 221 185 223 174 226 168 227 162 226
106 171 108 190 111 208 115 226 124 241 136 253 150 263 166 267 182 264 196 255 208 244 217 230 221 214 225 196 229 178 232 159 119 140 127 132 139 129 151 131 161 136 184 137 194 133 206 133 216 137 223 146 171 151 171 164 170 178 170 191 158 198 163 201 169 203 175 201 181 199 133 151 140 147 149 147 156 154 148 155 139 155 186 156 194 150 202 150 209 155 202 158 194 158 146 220 154 217 162 215 168 218 174 216 182 218 190 222 182 231 174 235 168 235 161 234 153 229 149 221 162 220 168 222 174 221 186 222 174 226 168 227 162 226
106 171 109 190 111 209 116 226 124 241 137 253 151 263 167 267 182 264 196 255 208 244 217 230 222 214 225 196 230 178 233 159 120 140 128 132 139 129 151 131 161 137 183 138 194 133 206 133 217 137 223 146 172 151 171 164 170 178 170 191 158 198 163 201 169 203 175 201 181 199 133 151 140 147 149 147 156 154 148 155 140 155 186 156 194 150 202 150 209 155 203 158 194 158 146 220 154 217 163 215 169 217 175 215 182 218 190 222 182 231 175 235 168 235 161 234 153 229 149 221 162 220 169 221 174 221 186 222 175 226 169 227 162 226
107 170 109 190 111 209 116 226 125 241 137 254 151 264 167 268 183 265 197 255 209 243 217 229 222 213 226 196 230 178 233 159 120 139 128 132 140 129 151 130 161 136 184 137 194 133 206 133 217 137 224 146 172 151 171 164 171 177 170 191 159 198 164 200 170 202 176 201 181 199 134 151 141 147 149 147 157 154 149 155 140 155 187 156 194 150 203 150 209 155 203 158 194 158 146 220 154 217 163 215 169 217 175 215 183 218 191 222 183 232 175 236 168 237 162 235 153 230 149 221 163 220 169 222 175 221 187 222 175 227 169 228 162 227
107 170 109 190 111 209 116 226 124 242 137 254 151 264 167 268 182 265 196 256 208 244 217 230 222 214 225 197 230 179 232 159 121 139 129 132 140 129 152 131 162 137 184 138 194 133 206 133 217 137 223 145 172 151 172 164 171 177 171 191 159 198 164 200 170 203 176 201 182 199 134 151 141 147 150 147 157 154 149 155 140 154 187 156 195 150 203 150 209 155 203 158 195 158 146 220 154 217 163 215 169 217 175 216 183 218 190 222 183 232 175 236 169 237 162 235 153 231 149 221 163 221 169 222 175 221 187 223 175 227 169 228 162 227
107 171 109 190 112 209 116 227 125 242 137 254 151 265 167 268 183 265 196 256 208 244 217 230 222 214 225 196 230 178 233 159 121 140 129 132 140 129 152 130 162 136 185 137 195 133 206 132 217 137 224 146 173 151 172 164 172 177 171 191 159 198 164 201 170 203 176 201 182 199 135 151 142 147 150 147 157 154 149 155 141 154 188 156 195 150 203 150 210 154 203 158 195 157 146 220 155 217 164 215 170 217 176 216 184 218 191 222 184 232 176 237 169 237 162 236 154 231 150 221 163 221 169 222 175 221 187 223 176 228 169 228 163 227
107 171 109 190 111 209 116 226 125 241 137 254 151 264 167 268 183 265 197 256 208 244 217 230 222 214 226 196 230 178 233 159 121 139 129 132 141 129 152 131 162 137 185 138 195 133 206 133 217 137 224 145 173 151 172 164 172 178 171 191 159 198 164 201 170 203 176 201 182 199 135 151 141 147 150 147 157 154 149 155 141 155 188 156 195 150 203 150 210 155 204 158 195 158 146 220 155 217 163 215 169 217 175 216 183 219 191 223 183 232 175 236 169 237 162 235 154 231 150 221 163 221 169 222 175 221 187 223 175 228 169 228 163 227
107 170 109 189 112 208 116 226 125 241 137 253 151 263 166 267 182 265 196 256 208 244 217 230 222 214 226 197 230 179 233 160 121 139 129 132 140 129 152 131 162 137 185 138 194 133 206 133 217 137 224 145 172 151 172 164 171 178 171 191 159 198 164 201 170 203 176 201 182 199 135 151 141 147 150 147 157 154 149 155 141 155 187 156 195 150 203 150 210 155 203 158 195 158 147 220 155 217 163 215 169 217 175 216 183 219 191 223 183 233 175 236 169 237 162 235 154 230 150 221 163 220 169 222 175 221 187 223 175 228 169 228 163 227
107 171 109 189 112 208 116 225 125 240 137 253 151 263 167 266 183 264 196 255 208 244 217 230 222 214 226 196 230 178 233 159 120 140 128 132 140 129 152 131 162 137 184 138 194 133 206 133 217 136 224 145 172 151 172 164 171 178 170 191 159 198 164 201 170 203 176 201 182 200 134 151 141 147 150 147 157 154 149 155 140 155 187 156 195 150 203 150 210 155 203 158 195 158 147 220 155 217 163 215 169 217 175 216 183 219 190 223 183 231 175 235 168 236 162 234 154 229 150 221 163 220 169 221 175 221 187 223 175 227 169 227 163 226
107 171 110 190 112 209 117 226 126 241 138 253 152 263 167 267 183 264 196 254 208 243 217 229 222 213 226 195 230 177 233 158 120 140 128 132 140 128 152 130 162 136 185 137 195 132 207 132 218 136 224 145 172 151 172 164 171 177 171 191 159 198 164 200 170 202 176 201 182 199 134 151 141 147 150 147 157 154 149 155 140 155 187 156 195 150 203 150 210 154 204 158 195 157 147 220 156 217 164 215 169 217 175 216 183 219 190 223 183 231 175 235 169 236 162 234 155 229 151 221 163 220 169 221 175 221 187 223 175 227 169 228 163 226
107 170 109 189 112 207 117 225 126 240 138 253 151 263 167 267 183 264 197 254 208 242 217 228 222 212 226 195 230 177 233 158 121 139 129 131 140 128 152 130 162 136 185 137 195 132 206 132 217 136 224 145 173 151 172 164 171 177 171 191 159 198 164 200 170 203 176 201 182 199 134 151 141 146 150 147 157 154 149 155 141 154 188 155 195 149 203 149 210 154 204 157 195 157 148 221 156 217 164 215 169 217 175 216 183 219 190 223 182 232 175 236 169 237 162 235 155 230 152 221 163 220 169 221 175 221 186 224 175 227 169 228 163 227
107 170 109 189 112 208 117 225 126 240 138 253 151 263 167 267 183 265 196 255 208 243 217 228 221 212 226 195 230 177 233 158 120 139 129 131 140 128 152 130 162 136 185 137 195 132 206 132 217 136 224 144 172 151 172 164 171 177 171 190 159 198 164 201 170 203 176 201 182 199 134 151 141 146 150 147 157 154 149 155 140 155 187 155 195 149 203 149 210 154 203 157 195 157 148 222 156 218 164 215 170 218 175 216 182 219 189 224 182 232 175 236 169 237 163 236 155 231 152 222 164 221 169 222 175 221 185 224 175 228 169 228 163 227
107 170 109 189 112 208 117 225 126 240 139 253 152 263 167 267 183 264 196 254 208 242 217 228 222 212 226 194 231 176 233 157 120 139 129 132 140 128 152 130 162 136 185 136 195 132 206 132 217 136 224 144 172 151 172 164 171 177 171 190 159 198 164 201 170 202 176 201 182 199 134 151 141 146 150 147 157 154 149 155 140 154 188 155 195 149 203 149 210 154 203 157 195 157 148 222 156 219 164 216 170 218 175 216 183 220 189 224 183 232 175 237 169 237 163 236 156 231 153 222 164 222 170 223 175 222 185 224 175 228 170 228 164 227
107 169 109 188 112 207 117 224 125 239 137 252 151 262 166 266 182 263 196 254 208 243 216 228 222 212 226 195 230 177 233 158 121 139 129 131 140 128 152 130 161 136 184 137 195 132 206 132 217 136 224 144 172 151 172 164 171 177 170 191 159 198 164 201 170 203 176 202 181 199 135 151 141 146 150 147 157 154 149 155 140 155 187 155 195 149 203 149 210 154 203 158 195 157 148 222 156 219 163 217 169 220 175 218 182 221 189 224 182 231 175 235 169 235 162 234 155 229 152 222 163 223 169 224 174 223 186 224 175 226 169 227 163 225
107 169 109 188 112 207 117 224 125 239 137 252 150 262 166 266 182 264 196 255 208 243 216 228 222 212 226 195 230 176 233 157 121 138 129 131 140 128 152 130 161 136 185 136 195 132 206 132 217 135 224 144 172 151 172 164 171 177 170 190 159 198 164 201 169 203 175 201 181 199 134 150 141 146 150 147 157 154 149 155 140 154 187 155 195 149 203 149 210 154 203 157 195 157 148 222 156 220 163 218 169 220 174 218 182 221 189 224 182 231 174 234 168 235 162 234 155 229 152 222 163 223 169 224 174 223 186 224 174 226 169 227 163 225
106 168 109 187 112 206 117 224 125 239 137 253 150 263 166 267 182 264 196 255 207 243 216 228 221 212 226 195 230 176 233 157 120 138 128 131 140 128 151 130 161 136 184 137 194 132 206 132 217 135 224 144 172 151 172 164 171 177 170 190 158 198 163 201 169 203 175 201 181 199 134 150 141 146 149 147 157 154 149 155 140 154 187 155 195 149 203 149 210 154 203 157 195 157 147 222 155 219 163 217 169 219 174 217 182 220 189 223 182 232 174 237 168 237 162 236 155 231 151 222 163 222 169 223 174 223 186 224 174 228 169 228 163 227
106 169 109 188 112 207 117 225 126 240 138 254 151 264 167 268 183 265 196 255 208 243 216 228 221 212 226 194 230 176 233 157 120 139 128 131 139 128 151 130 161 135 185 136 195 132 206 132 217 136 224 144 172 151 172 164 171 177 170 190 159 198 164 201 169 203 176 201 181 199 134 151 141 146 149 147 157 154 149 155 140 154 187 155 195 149 203 149 209 154 203 157 195 157 147 221 155 219 164 216 169 218 175 217 182 219 189 223 182 232 175 237 169 237 162 236 155 231 151 222 163 222 169 223 174 222 185 223 174 228 169 229 163 228
107 169 109 189 112 208 117 226 126 241 138 254 152 264 167 268 183 265 196 255 208 242 216 228 221 212 226 195 230 177 233 158 121 139 129 131 140 128 152 130 162 135 184 137 194 132 206 132 217 136 224 145 172 151 171 164 171 177 170 190 158 198 163 200 169 202 175 201 181 199 134 150 141 146 149 147 157 153 149 154 140 154 187 155 194 149 203 149 209 154 203 157 194 157 147 221 155 218 163 216 169 218 175 216 182 219 189 222 182 233 175 238 169 238 162 237 154 232 151 222 163 221 169 222 175 222 186 223 175 228 169 229 163 228
106 170 109 189 112 208 117 226 126 241 138 255 152 265 168 269 183 266 197 256 208 243 216 228 221 212 226 194 230 176 233 157 120 139 128 131 140 127 152 129 162 135 184 136 194 132 206 131 217 135 224 144 172 150 172 163 171 177 170 190 158 198 164 200 169 202 176 201 181 198 134 150 141 146 149 147 157 153 149 154 140 154 187 155 195 149 203 149 210 154 203 157 195 156 148 222 155 218 163 216 169 218 175 216 182 219 189 222 182 233 175 238 169 239 162 238 154 233 151 222 163 221 169 223 174 222 186 223 175 229 169 230 163 229
106 169 109 188 112 208 117 226 125 242 138 256 152 266 168 270 184 266 197 256 208 243 216 228 221 212 225 194 230 176 233 157 120 139 128 131 140 128 152 129 162 135 185 136 195 131 206 131 217 135 223 144 172 151 172 163 171 176 171 190 159 198 164 200 170 202 176 201 181 198 134 150 141 146 149 146 157 153 149 154 140 154 187 155 195 149 203 149 209 153 203 157 195 156 147 222 155 218 164 216 169 218 175 216 183 219 189 223 183 234 175 239 169 240 162 238 154 233 151 222 163 221 169 222 175 222 186 223 175 230 169 231 163 230
106 169 109 189 112 208 117 225 125 241 137 255 151 265 167 269 182 266 196 256 207 244 216 229 221 213 225 195 230 177 233 158 121 138 129 131 140 128 152 129 162 135 185 136 195 131 206 131 217 135 224 144 173 151 172 163 171 176 171 189 159 197 164 200 170 202 176 201 181 198 134 150 141 146 149 146 157 153 149 154 140 154 187 155 195 149 203 149 209 153 203 157 195 156 147 221 155 218 163 215 169 218 175 216 182 219 189 223 182 234 174 238 168 239 162 237 154 232 150 222 163 221 169 222 174 221 186 223 174 230 169 230 163 229
106 169 109 188 112 207 117 225 125 241 137 254 151 264 167 268 183 265 196 255 208 243 216 228 221 212 225 194 230 176 232 157 120 138 128 131 140 127 151 129 161 135 184 136 194 131 206 131 217 135 223 144 172 150 172 163 171 176 170 189 158 197 163 200 169 202 175 200 181 198 134 150 141 145 149 146 157 153 148 154 140 154 187 154 194 148 203 148 209 153 203 156 194 156 147 221 155 217 163 215 169 218 174 216 182 219 189 223 182 232 174 237 168 237 162 236 154 231 151 221 163 221 169 222 174 222 186 223 174 227 168 228 163 227
106 168 108 187 111 206 116 223 124 239 136 252 149 262 165 266 181 264 195 254 206 242 215 228 220 211 225 194 229 175 232 156 120 138 128 130 139 127 151 129 161 135 184 136 194 131 205 131 216 135 223 144 172 150 171 163 170 176 170 189 158 197 163 200 169 201 175 200 180 198 134 150 141 145 149 146 156 153 148 154 140 153 187 154 194 148 202 148 209 153 202 156 194 156 147 220 155 217 163 215 168 217 174 216 181 218 188 222 181 232 174 236 168 236 161 235 154 230 151 221 162 220 168 222 174 221 185 223 174 227 168 228 162 227
106 167 108 186 111 205 115 223 124 239 136 252 149 262 165 266 181 263 195 254 207 242 216 227 221 211 225 193 229 175 232 156 119 138 127 130 139 127 151 129 161 135 183 135 193 131 205 131 216 135 222 144 171 150 171 163 170 176 170 189 158 197 163 199 169 201 175 200 180 198 133 150 140 145 148 146 156 153 148 154 139 154 186 154 193 148 202 148 208 153 202 156 193 156 147 220 155 217 163 215 168 218 174 216 181 219 188 222 181 231 173 234 167 235 161 234 154 229 151 221 162 221 168 222 173 221 184 223 173 226 168 227 162 226
106 167 108 186 111 205 115 223 124 238 136 251 149 261 165 265 181 262 195 253 207 241 216 226 220 210 225 193 229 174 232 155 120 137 128 130 139 127 150 129 160 135 183 136 193 131 205 131 216 135 222 143 171 150 170 163 170 176 169 189 158 197 163 200 168 202 174 200 180 198 133 150 140 145 148 146 156 153 147 154 139 154 186 154 193 148 202 148 208 153 202 157 193 156 147 220 155 218 162 216 168 219 173 217 180 219 187 222 180 230 172 233 167 233 161 232 154 228 151 220 162 222 168 223 173 222 184 222 173 225 168 226 162 225
106 168 108 187 110 206 115 223 123 238 135 251 149 261 165 265 181 262 195 253 207 242 215 227 220 211 224 193 229 175 232 157 120 138 128 131 139 128 150 129 160 135 183 136 193 132 205 131 215 135 222 144 171 151 170 164 170 177 169 190 157 198 162 200 168 202 174 201 180 199 133 150 140 146 148 147 156 154 148 155 139 154 186 155 193 149 201 149 208 154 201 157 193 157 146 221 154 219 162 218 168 220 173 218 180 220 188 222 180 228 173 231 167 231 161 230 154 227 149 221 162 223 168 224 173 224 185 223 173 224 168 225 162 224
105 167 107 187 110 206 115 223 124 239 136 251 150 261 166 265 182 262 196 253 207 240 216 226 221 209 225 192 229 174 232 155 120 137 128 130 139 127 150 129 160 135 183 136 193 131 204 131 215 134 221 143 171 151 171 164 170 177 170 190 158 198 163 200 169 202 175 201 180 199 134 151 141 148 148 148 155 154 148 154 140 154 186 155 193 151 200 151 207 154 200 157 193 157 147 221 156 220 163 218 168 220 173 218 180 220 188 222 180 227 173 230 168 231 162 230 155 227 150 222 163 224 168 224 173 224 185 222 173 224 168 224 163 224
105 167 107 187 110 206 115 223 123 239 135 252 150 261 166 265 182 262 196 252 207 240 216 225 221 209 225 192 229 174 231 155 120 138 128 131 139 128 151 130 160 136 182 137 192 132 204 131 215 135 221 144 171 151 170 164 170 176 170 190 157 198 163 200 168 202 174 201 180 199 135 153 142 153 149 153 156 155 149 156 141 156 185 156 192 155 199 155 206 156 199 159 192 158 147 221 156 220 163 218 168 220 173 218 180 220 188 222 180 227 173 230 168 230 163 230 155 227 151 221 163 223 168 224 173 223 184 222 173 223 168 224 163 223
104 168 107 187 110 206 114 223 123 238 135 251 149 260 166 264 182 261 196 252 207 240 216 225 221 209 225 192 229 174 232 155 119 139 127 131 138 128 150 130 160 136 182 136 192 132 204 131 215 135 221 144 171 152 170 164 170 177 170 190 157 198 163 200 169 202 174 201 180 199 134 155 142 154 149 154 156 156 149 158 141 158 184 157 192 156 199 157 206 157 199 160 191 159 146 220 155 220 163 218 168 220 173 218 179 220 188 221 179 226 173 229 167 229 162 229 155 226 150 221 163 223 168 224 173 223 184 222 173 223 168 223 163 223
104 168 107 187 110 205 114 223 123 238 135 251 149 260 165 264 182 261 196 252 207 240 216 225 220 209 225 191 229 174 231 155 119 138 128 131 139 128 150 130 159 136 182 137 192 132 204 131 215 135 221 144 170 151 170 164 169 177 169 190 157 198 162 200 168 202 174 201 180 199 134 154 141 154 148 154 156 155 148 157 141 157 185 157 192 156 199 156 206 157 199 159 192 159 146 220 155 219 163 218 168 220 173 218 180 219 188 221 180 226 173 229 167 229 162 228 155 226 150 220 162 223 168 224 173 223 185 221 173 222 168 223 162 222
104 168 107 187 110 206 115 223 123 239 135 251 149 260 165 264 182 261 196 252 207 241 215 226 220 210 224 193 229 175 231 156 119 137 128 131 139 128 150 130 159 136 182 137 192 132 204 131 215 135 221 143 170 151 170 164 169 177 169 190 157 198 162 200 168 202 174 201 180 199 134 153 141 152 148 152 155 155 147 156 140 156 185 156 192 154 199 155 206 156 199 159 192 158 146 220 155 219 163 218 168 219 173 218 180 219 189 221 180 226 173 228 168 229 162 228 155 226 150 221 163 223 168 224 173 223 185 221 173 222 168 223 163 222
104 168 107 187 110 206 115 223 123 238 135 251 149 260 165 264 182 261 196 252 207 240 216 226 221 210 225 193 229 175 231 156 119 137 127 130 138 128 150 130 159 136 182 137 193 132 204 131 215 135 221 143 170 151 170 164 169 177 169 190 157 198 162 200 168 202 174 201 180 199 133 152 140 151 148 151 155 154 147 155 140 155 185 156 192 153 199 153 206 155 199 158 192 157 146 220 155 219 163 217 168 219 173 218 180 219 189 221 180 226 173 229 168 229 162 229 155 226 150 221 163 223 168 224 173 223 185 221 173 222 168 223 163 222
105 168 107 187 110 206 115 223 123 239 135 251 150 260 166 264 182 261 196 252 207 240 216 226 221 210 225 192 229 174 231 156 119 137 127 130 138 128 149 130 159 136 182 136 193 132 204 131 215 135 221 143 170 150 170 163 169 176 169 190 157 198 162 200 168 202 174 201 180 199 134 152 140 150 148 150 155 154 147 155 140 155 185 155 192 152 200 152 206 155 200 158 192 157 147 220 156 219 163 217 168 219 173 217 180 219 189 221 180 226 173 228 168 229 162 228 155 225 150 220 163 223 168 224 173 223 186 221 173 222 168 222 163 221
105 169 107 188 110 207 115 224 124 239 136 251 150 260 166 264 182 261 196 252 207 240 216 226 220 210 224 193 229 175 231 156 119 137 127 130 139 128 150 130 159 136 182 137 192 132 204 131 215 135 221 143 170 150 170 163 170 176 169 190 157 198 163 200 168 202 174 201 180 199 133 151 140 149 148 149 155 154 147 155 140 155 185 155 193 152 200 152 207 155 200 158 193 157 147 220 156 219 163 217 169 219 174 217 181 219 189 221 181 226 174 228 168 229 162 228 155 225 150 220 163 223 169 224 174 223 186 221 173 222 168 223 163 222
104 169 107 188 110 206 115 223 123 238 135 250 149 260 165 263 182 261 195 252 207 241 215 227 220 210 224 193 228 176 231 157 119 137 127 130 139 128 150 130 159 136 183 136 193 132 204 131 215 135 221 143 170 151 170 164 170 177 169 190 157 198 163 200 168 202 174 200 180 199 133 151 140 149 148 149 155 154 147 155 139 154 185 155 193 151 200 151 207 155 200 157 193 157 146 220 155 219 163 217 169 219 174 217 181 219 189 220 181 225 174 227 168 228 162 227 155 225 150 220 163 223 168 224 174 223 186 221 174 221 169 222 163 221
105 169 107 188 110 207 115 224 123 239 135 251 149 260 166 264 182 261 196 252 207 241 215 227 220 211 224 193 228 176 231 157 119 138 127 130 138 127 150 130 159 135 182 136 193 131 204 131 215 135 222 144 170 150 170 163 170 176 169 190 157 198 162 200 168 202 174 201 180 199 133 151 140 148 148 149 155 154 147 155 139 155 185 155 193 151 201 151 207 155 200 157 193 157 146 220 155 219 163 217 169 219 174 217 181 219 189 220 181 226 174 228 168 229 162 228 155 225 150 220 163 223 168 224 174 223 186 221 173 222 168 223 163 222
105 169 107 187 110 206 115 223 123 238 135 250 149 259 166 263 182 260 196 252 207 240 215 227 220 211 224 193 229 176 231 157 119 138 127 130 138 127 149 129 159 135 183 136 193 131 205 131 215 135 222 144 170 150 170 163 169 176 169 190 157 198 162 200 168 202 174 201 180 199 133 151 140 148 148 148 155 154 147 155 139 154 186 155 193 151 201 151 207 154 201 157 193 157 146 220 155 219 163 217 169 219 173 217 181 219 189 220 181 225 173 228 168 229 162 228 155 225 150 220 163 222 168 223 173 222 186 221 173 221 168 222 163 221
105 169 107 188 110 206 115 223 123 238 136 250 150 259 166 263 183 260 197 251 208 239 216 226 220 210 225 192 229 175 231 156 119 138 127 130 138 128 150 130 159 135 183 136 193 132 204 131 215 135 222 144 170 151 170 164 170 177 169 190 157 198 162 200 168 202 174 201 180 199 133 151 140 148 148 148 155 154 147 155 139 154 186 155 193 151 201 151 207 154 201 157 193 157 146 220 155 219 163 217 169 219 174 217 181 219 189 220 181 225 174 228 168 228 162 227 155 225 150 220 163 222 168 223 174 222 186 220 174 221 168 222 163 221
105 169 107 187 110 206 115 223 123 238 135 250 149 259 166 263 182 260 196 251 207 240 216 227 220 211 224 193 228 176 231 157 119 138 127 131 138 128 150 130 159 135 183 136 193 132 204 131 215 135 222 144 170 151 170 164 170 177 169 190 157 198 163 200 169 202 175 200 180 198 133 151 140 148 148 148 155 154 147 155 139 155 186 155 193 150 201 150 207 154 201 157 193 157 147 220 155 219 163 217 169 219 174 217 181 219 189 220 181 225 174 228 168 229 162 228 155 225 150 220 163 222 169 223 174 222 186 220 174 222 169 222 163 222
105 168 107 187 110 205 115 222 123 237 135 250 149 259 166 263 183 260 197 251 208 239 216 226 221 210 225 192 229 175 231 156 119 138 127 130 138 128 149 129 159 135 183 136 193 132 205 131 215 135 222 143 170 150 170 163 170 176 169 190 157 198 163 200 168 202 174 200 180 198 133 151 140 148 148 148 155 154 147 155 139 154 186 155 193 150 201 150 207 154 201 157 193 157 147 220 155 218 163 217 169 219 174 217 181 219 189 220 181 226 174 228 168 229 162 228 155 225 150 220 163 222 169 223 174 222 186 220 174 222 169 223 163 222
105 169 107 188 110 206 115 223 123 238 136 250 150 259 167 263 183 260 197 251 209 239 217 225 221 209 225 192 229 174 231 156 119 138 127 131 138 128 150 129 159 135 183 136 193 132 205 131 215 135 222 144 171 150 170 163 170 177 170 190 158 198 163 200 169 202 175 200 180 198 133 151 140 147 148 148 155 154 147 155 139 154 186 155 193 150 201 150 207 154 201 157 193 157 147 220 156 218 164 217 169 219 174 217 181 219 189 220 181 226 174 228 169 229 163 228 155 225 151 220 163 222 169 223 174 222 186 220 174 221 169 222 163 221
104 169 107 187 110 206 115 223 124 238 136 250 151 259 167 263 183 260 197 251 208 239 216 225 221 209 225 192 229 175 232 156 119 138 127 130 138 128 150 130 160 136 182 137 192 132 205 131 216 135 223 144 171 151 170 164 170 177 169 190 157 198 163 200 169 202 174 201 180 199 133 151 140 147 148 147 155 154 147 155 139 154 185 155 193 150 201 150 208 154 201 157 193 157 147 220 155 218 163 217 169 219 174 217 181 219 190 220 181 226 174 228 168 229 163 228 155 225 150 220 163 222 168 223 174 222 186 220 174 222 169 222 163 222
106 169 108 188 110 206 115 223 124 238 136 250 150 259 166 262 183 260 197 251 208 240 216 226 221 210 225 193 229 176 232 157 119 138 127 131 138 128 150 130 160 136 182 137 193 132 204 132 216 135 223 144 171 150 170 163 170 176 169 190 157 198 162 200 168 202 175 201 180 199 133 151 140 147 148 147 156 154 148 155 139 154 186 155 193 150 201 150 208 154 201 157 193 157 147 220 155 218 163 217 168 219 174 217 181 219 189 220 181 226 174 228 168 229 162 228 155 225 150 220 163 222 168 223 174 222 186 221 174 222 168 222 163 221
106 168 108 187 110 206 115 223 124 238 136 250 150 259 167 263 183 260 197 251 208 240 216 226 221 210 225 193 229 175 232 157 119 138 127 131 139 128 150 130 160 136 183 137 193 132 205 131 216 135 223 144 171 150 170 163 170 176 169 190 157 198 163 200 169 202 175 201 180 199 133 150 140 147 148 147 156 154 148 155 139 154 186 155 193 150 201 150 208 154 202 157 193 157 147 220 155 218 163 217 168 219 173 217 181 219 189 221 181 226 174 228 168 229 162 228 155 225 150 220 163 222 168 223 173 222 186 221 173 222 168 222 163 222
