94 175 96 192 98 209 103 226 110 240 121 253 134 262 148 266 164 264 177 255 189 244 198 231 204 215 208 199 211 183 213 166 109 142 116 135 127 133 137 135 147 140 169 142 178 138 189 138 199 142 205 150 157 156 156 168 155 180 154 193 143 200 147 203 153 205 159 204 164 202 120 154 127 149 135 150 142 157 134 158 126 158 171 160 179 154 187 154 193 159 187 163 179 162 133 225 140 221 147 219 152 221 157 220 164 223 170 227 163 234 156 237 151 237 146 236 139 232 137 225 147 224 152 225 157 225 166 227 157 229 152 229 147 229
94 175 95 192 98 210 103 226 110 240 121 252 134 262 148 266 164 264 178 255 190 244 199 230 204 215 208 199 212 182 213 165 109 142 116 135 127 132 138 134 147 140 169 142 178 138 189 138 199 142 206 150 157 155 156 168 155 180 155 193 143 200 148 203 153 205 159 204 165 202 121 154 127 149 136 150 142 158 135 159 126 158 172 160 179 154 188 154 194 159 188 163 179 162 133 225 141 221 148 219 153 221 157 220 164 223 170 227 163 234 157 237 151 237 146 236 140 232 137 225 147 224 152 225 157 225 167 227 157 229 152 229 147 228
94 174 96 192 98 209 102 226 110 240 121 252 134 262 149 266 165 264 179 255 191 244 199 230 204 215 208 199 212 182 214 165 109 142 116 135 127 132 138 134 147 140 169 142 179 138 190 138 200 142 206 151 157 155 156 168 156 180 155 193 143 200 148 203 153 205 159 204 165 202 120 154 127 149 136 150 143 157 135 158 126 158 172 160 179 154 188 154 194 159 188 163 179 162 134 225 141 221 148 219 153 221 157 219 164 223 170 227 164 234 157 237 152 237 146 236 140 232 137 225 147 224 152 225 157 225 167 227 157 229 152 229 147 228
94 173 96 191 98 209 103 225 110 240 121 253 134 262 149 266 165 264 179 255 190 244 199 230 204 215 208 199 212 182 214 165 109 141 117 134 128 132 138 135 147 140 170 142 179 138 190 138 199 141 206 150 157 156 157 168 156 180 155 193 143 200 148 203 153 205 159 204 165 202 121 153 128 149 136 150 143 157 135 158 127 158 172 160 180 154 188 154 194 159 188 163 179 162 134 225 141 221 148 219 153 221 158 219 164 223 170 227 164 234 157 237 152 237 146 236 140 232 138 225 148 224 153 225 157 225 167 227 157 229 153 229 148 228
95 173 96 191 98 208 102 225 110 240 121 252 134 262 149 266 165 264 178 255 190 244 199 230 204 215 209 199 212 182 214 165 109 142 116 134 127 132 138 134 147 140 170 142 179 138 190 137 200 142 206 150 157 155 156 168 156 180 155 193 143 200 148 203 153 205 159 204 165 202 121 154 128 150 136 150 143 157 135 158 126 158 172 160 180 154 188 154 194 159 188 163 179 162 134 225 141 221 148 219 153 221 157 220 164 223 170 227 163 234 157 236 152 237 146 236 140 232 137 225 148 224 152 225 157 225 167 227 157 229 152 229 147 228
95 174 96 191 99 209 103 225 110 240 121 252 134 262 149 266 164 264 178 255 190 244 199 230 204 215 209 199 212 183 214 166 109 142 117 134 128 132 138 134 147 140 170 142 179 138 190 138 200 141 206 150 157 156 156 168 156 180 155 193 143 200 148 203 153 205 159 204 165 202 121 153 128 149 136 150 143 157 135 158 127 158 172 160 180 154 188 154 194 159 188 162 179 162 134 224 141 221 148 219 153 221 157 220 164 223 171 227 164 234 157 237 152 237 147 236 140 232 138 224 148 224 153 225 157 225 167 227 157 229 153 229 148 228
95 174 96 191 98 208 102 224 110 239 120 251 134 261 149 265 164 263 178 255 190 244 199 231 204 216 209 200 212 183 214 166 109 141 117 134 128 132 138 134 148 140 170 142 179 138 190 137 201 142 207 150 158 155 157 168 156 180 155 193 143 201 148 203 153 205 159 204 165 203 121 153 128 149 136 150 143 158 135 159 127 158 172 160 180 154 188 154 194 159 188 163 180 162 133 224 141 222 148 221 153 223 157 221 164 224 171 227 163 232 156 234 151 234 146 233 140 230 137 224 147 226 152 227 156 226 168 227 156 228 152 228 147 227
95 172 96 190 98 208 102 224 109 239 120 251 133 261 149 265 164 263 179 255 190 244 199 230 204 215 208 199 212 182 214 166 109 142 117 134 127 132 138 134 148 140 170 142 180 138 191 137 201 142 207 150 158 156 157 168 156 180 155 193 143 201 148 203 153 205 159 204 165 203 121 153 128 149 136 150 143 157 135 159 127 158 172 160 180 154 188 154 194 159 188 163 180 162 133 224 141 222 148 221 153 223 157 221 164 224 171 227 163 231 157 233 152 233 146 232 140 229 136 224 148 226 152 227 157 226 168 226 157 227 152 227 147 226
95 173 96 191 98 208 103 225 110 240 121 252 134 261 149 265 165 263 179 255 190 244 199 231 204 216 208 199 212 183 214 166 109 141 117 134 128 131 139 134 148 140 170 142 180 138 191 137 201 141 207 150 158 155 157 167 156 180 155 193 143 200 148 203 153 205 159 204 165 202 121 153 128 149 136 150 143 157 135 158 127 157 172 160 180 154 188 154 194 159 188 163 180 162 133 224 141 222 148 220 153 222 157 221 164 223 171 226 164 231 157 233 152 233 146 232 140 229 136 224 147 225 152 227 157 226 168 226 157 226 152 227 147 226
95 174 96 192 99 209 104 225 111 240 121 253 134 263 149 267 165 264 178 256 190 245 199 231 205 216 209 199 212 183 214 166 110 141 117 133 128 131 139 134 148 140 170 142 179 137 190 137 200 141 206 149 158 155 157 167 156 179 155 192 143 200 148 202 154 204 160 203 165 201 121 153 128 149 136 150 143 157 135 158 127 157 172 159 180 153 188 153 194 158 188 162 180 161 132 223 140 221 148 219 153 221 158 219 165 222 172 226 164 233 157 236 152 236 146 235 139 231 136 224 147 225 152 226 158 225 168 226 157 228 152 228 147 227
95 174 96 192 99 210 103 226 111 241 122 255 134 265 149 269 165 266 178 257 190 245 199 231 205 216 209 199 212 182 214 165 109 141 117 134 128 131 138 133 148 139 170 140 180 136 191 136 201 141 207 149 158 154 157 166 156 179 155 191 143 199 148 202 154 203 160 202 165 200 121 152 128 148 136 149 143 156 135 157 127 157 172 158 180 152 188 153 194 158 188 161 180 160 132 223 139 219 148 217 153 219 158 217 166 220 172 225 165 234 158 238 152 238 146 237 138 233 135 223 147 223 153 224 158 223 168 225 158 228 153 229 147 228
96 174 97 192 98 209 103 226 110 241 121 255 134 265 149 269 165 267 178 257 190 246 199 232 204 217 208 200 212 183 214 166 110 141 117 133 128 130 138 132 148 138 171 140 180 136 191 136 201 140 207 149 158 153 157 165 156 178 155 191 144 198 148 201 154 202 160 201 165 199 122 152 128 148 136 148 143 155 135 156 127 156 172 158 180 152 188 152 194 158 188 161 180 160 132 222 139 218 148 216 153 218 159 216 166 219 172 224 166 233 158 236 152 237 146 235 138 231 135 222 147 222 153 223 159 222 169 224 159 227 153 227 147 226
95 174 97 192 98 209 102 226 110 240 121 253 134 263 149 268 164 265 178 257 190 246 199 232 205 217 209 201 212 184 214 166 109 140 117 133 128 130 139 132 148 138 171 141 180 136 191 136 201 140 207 149 158 153 157 165 156 178 155 190 143 198 148 200 154 202 160 201 165 199 121 152 128 148 136 148 143 156 135 157 127 156 173 158 180 152 188 152 194 158 188 161 180 160 131 220 139 217 148 215 153 217 159 216 166 218 173 223 166 231 158 235 152 235 146 234 138 230 135 221 147 221 153 222 158 221 170 223 158 225 153 226 147 225
96 174 97 191 98 209 102 225 110 240 121 252 135 261 150 265 165 263 179 255 191 244 200 231 205 216 209 200 212 183 214 165 110 140 117 133 128 130 139 132 148 138 171 140 180 136 191 136 201 140 207 149 158 153 157 165 156 178 155 190 144 197 148 200 154 202 160 201 166 199 122 152 128 147 136 148 143 155 135 156 127 156 172 158 180 152 188 152 194 158 188 161 180 160 132 219 140 216 148 215 153 217 159 216 166 218 174 222 166 230 158 232 152 232 146 231 139 227 135 219 148 220 153 221 158 221 170 222 158 224 153 224 147 223
96 174 96 191 98 208 102 224 110 239 121 250 135 260 149 264 165 263 178 255 191 245 200 233 205 218 209 201 212 184 215 166 110 140 117 132 128 130 139 132 148 138 171 140 180 136 191 136 201 140 207 149 158 153 157 165 157 177 156 190 144 197 149 200 154 202 160 201 166 199 122 151 128 147 136 148 143 155 135 156 127 155 173 158 181 152 189 152 195 158 189 160 180 160 132 218 140 215 148 214 154 216 159 215 167 218 174 222 166 230 159 233 153 233 146 231 139 227 136 219 148 219 153 220 159 220 171 222 159 225 153 225 147 224
96 173 97 190 99 207 102 223 110 238 121 249 134 259 149 263 164 262 178 254 190 244 200 231 205 216 209 200 213 183 215 166 110 140 118 132 129 130 139 132 148 138 171 140 180 136 191 136 201 140 207 149 158 153 158 165 157 177 156 190 144 197 149 200 154 202 160 201 166 199 122 151 129 147 137 148 144 155 136 156 128 155 173 158 181 152 189 152 195 157 188 160 180 160 133 219 141 216 148 215 154 217 159 216 166 219 172 223 165 230 157 232 152 232 146 230 139 226 137 219 148 220 153 221 158 221 169 223 158 224 153 224 147 223
96 172 97 190 99 207 103 223 110 237 121 249 134 259 149 263 164 261 178 254 190 243 199 231 205 216 210 199 213 183 215 165 110 140 118 132 129 130 139 132 148 139 171 140 180 136 191 136 201 140 208 149 158 153 157 165 156 177 155 190 144 198 148 200 154 203 160 202 165 200 122 152 129 147 137 148 144 155 136 156 127 156 172 158 181 152 189 152 195 158 189 161 180 160 134 220 141 218 148 217 153 219 157 218 164 221 171 224 164 230 156 232 151 232 146 231 140 227 137 220 147 222 152 223 157 223 168 224 157 224 152 224 147 223
96 172 96 189 99 206 103 222 110 237 121 250 133 260 148 265 163 264 177 255 189 244 199 231 205 215 210 199 213 182 215 164 110 140 118 132 129 130 139 132 149 138 171 140 180 136 191 135 201 140 207 148 158 153 157 165 156 177 155 190 144 198 148 201 154 203 160 202 165 200 122 151 129 147 137 148 144 155 136 156 128 156 173 157 180 152 189 152 195 157 189 161 180 160 135 222 141 220 148 218 153 220 157 219 164 222 170 226 163 233 156 235 152 235 146 234 140 230 138 223 148 224 152 225 157 225 167 226 157 226 152 226 148 225
96 173 97 191 99 209 104 225 111 240 122 253 134 263 148 268 163 266 177 258 189 247 198 233 205 218 209 201 213 183 215 165 110 139 118 132 129 130 140 132 149 138 171 140 180 136 191 136 201 140 207 148 158 153 157 165 156 177 155 190 144 198 148 201 154 203 160 202 165 200 122 152 129 147 137 148 144 155 136 156 128 156 173 158 181 152 189 152 195 158 189 161 180 160 136 225 142 220 148 218 153 220 157 219 164 223 170 228 163 235 157 238 152 238 147 237 141 233 139 225 148 224 152 225 157 225 166 228 157 228 153 229 148 227
96 173 97 191 99 208 104 225 111 241 122 254 134 265 149 269 164 267 178 258 189 247 198 233 205 217 209 200 213 183 215 165 110 140 118 132 129 130 140 132 149 138 171 140 180 136 191 135 201 139 208 148 158 153 158 165 157 177 156 190 144 198 149 201 154 203 160 202 166 199 122 152 129 147 137 148 144 155 136 156 128 156 173 158 181 152 189 152 195 158 189 161 180 160 136 224 142 219 149 216 154 219 158 217 165 221 170 228 164 237 157 240 152 241 146 239 140 234 139 224 148 223 153 224 158 223 166 227 157 231 153 231 148 230
96 173 97 191 99 208 104 225 111 241 121 254 134 265 149 270 164 268 178 258 190 246 198 232 204 216 209 199 212 182 215 164 110 141 118 133 129 130 139 132 149 138 171 140 180 136 191 136 201 140 207 148 159 153 158 165 157 177 156 190 144 198 149 201 154 203 160 202 166 200 122 152 129 147 137 148 144 155 136 156 128 156 173 158 181 152 189 152 195 157 189 160 180 160 134 223 141 219 148 216 154 218 158 217 165 221 171 227 164 236 158 240 152 240 146 239 139 234 137 223 148 222 153 223 158 223 167 226 158 231 153 231 148 230
96 173 97 191 99 208 103 225 110 240 121 252 134 263 149 267 164 266 178 257 190 245 199 232 205 216 209 200 212 183 214 165 110 140 117 133 128 130 139 132 148 138 171 140 180 136 191 136 201 140 207 149 158 153 157 165 157 178 156 191 144 198 149 201 154 203 160 202 166 200 122 152 129 148 137 148 144 155 136 156 128 156 173 158 180 152 189 152 195 157 188 161 180 160 133 221 140 218 148 216 153 218 158 217 166 220 172 225 165 233 157 236 152 237 146 235 139 230 136 221 147 221 153 223 158 222 169 225 158 228 153 228 147 227
96 173 97 190 98 207 102 224 110 238 121 250 134 260 150 264 165 263 179 254 192 244 200 231 205 216 209 200 212 183 215 166 110 141 117 133 128 131 139 133 148 139 171 141 180 137 191 136 202 141 208 150 158 153 158 166 157 178 156 191 144 198 149 201 154 203 160 202 166 200 122 152 128 148 137 149 143 156 136 157 128 156 173 158 180 153 189 153 195 158 189 161 180 161 132 219 141 217 148 216 154 218 158 217 166 220 173 223 165 231 157 233 152 233 146 232 139 227 136 219 148 221 153 222 158 222 170 223 158 225 153 225 147 224
96 172 97 190 98 207 102 223 110 238 121 250 135 260 150 264 166 262 180 254 192 243 201 230 206 215 209 199 213 182 215 165 110 141 117 133 128 131 139 133 148 140 170 142 180 137 191 136 202 141 208 150 158 154 157 166 157 179 156 192 144 198 149 201 155 203 160 202 166 200 122 152 129 148 136 149 143 156 136 156 128 156 173 158 180 153 188 153 194 158 188 161 180 161 132 218 141 217 148 216 154 218 159 217 166 220 174 222 165 230 158 232 152 232 146 231 140 226 136 219 148 221 153 222 158 222 170 222 158 225 153 225 148 223
96 173 97 190 98 208 102 224 110 238 121 250 134 260 150 265 165 263 179 255 191 244 200 231 206 217 209 200 213 183 215 165 109 141 117 133 128 131 139 133 148 140 170 142 180 137 191 136 202 141 208 150 158 154 157 166 157 179 156 192 144 198 149 201 154 203 160 202 166 200 122 152 129 148 136 149 143 156 136 157 128 156 173 158 181 153 189 153 195 158 189 161 180 160 132 218 140 217 148 216 153 218 158 217 165 220 173 223 165 230 157 232 152 232 146 231 139 227 135 219 148 221 153 222 158 222 170 223 157 225 152 225 147 224
96 173 97 191 98 208 102 224 110 238 122 251 135 261 150 265 165 263 179 255 191 245 200 231 206 216 209 200 212 183 214 165 110 141 117 134 128 131 139 133 148 140 170 142 179 137 191 136 201 141 207 150 158 154 157 166 156 179 155 192 144 198 148 201 154 203 160 202 166 201 122 152 128 148 136 149 143 156 135 157 127 156 173 158 180 153 188 153 194 158 188 161 180 161 132 219 140 217 148 216 153 218 158 217 166 220 173 223 165 231 157 234 152 234 146 232 138 228 135 219 147 221 153 222 158 222 170 223 157 226 152 226 147 225
96 173 96 191 98 208 102 224 110 239 121 251 134 262 149 266 164 264 178 256 191 245 200 232 206 217 210 201 213 183 215 165 109 141 117 134 128 131 139 133 148 140 170 142 179 137 191 137 201 141 208 150 158 154 157 167 156 179 155 192 143 199 148 202 154 204 160 203 166 201 121 153 128 149 136 149 143 156 135 157 127 157 172 159 180 153 188 153 194 158 188 161 180 161 131 219 140 218 148 216 153 219 158 217 165 220 173 224 165 232 157 235 151 235 145 234 138 229 135 220 147 221 152 223 157 223 170 224 157 227 152 227 147 226
95 173 96 191 98 209 103 225 110 240 121 253 134 263 149 268 165 266 179 257 190 246 199 232 205 217 209 200 213 183 215 165 109 141 117 133 128 131 139 133 148 139 170 141 179 137 191 137 201 141 208 149 158 154 157 167 156 179 155 192 143 199 148 202 154 204 160 203 166 201 122 153 128 149 136 149 143 156 135 157 127 157 172 159 180 153 188 153 194 158 188 162 180 161 131 220 139 218 147 216 153 219 158 217 166 220 173 224 165 234 157 237 151 237 145 235 138 230 135 221 147 222 152 223 157 223 169 224 157 228 152 228 146 227
96 173 96 191 98 208 102 225 110 240 121 253 134 263 149 268 164 266 178 257 190 246 199 232 205 217 209 201 213 183 215 166 109 141 117 134 128 131 138 133 148 139 170 141 180 137 191 137 201 141 207 150 158 155 157 167 156 179 155 192 143 199 148 202 154 204 160 203 166 201 122 153 128 149 136 150 143 157 135 158 127 157 172 159 180 154 188 154 194 159 188 162 180 162 131 220 139 218 148 216 153 219 158 218 166 221 173 224 165 234 157 237 151 237 145 235 138 230 135 221 147 222 152 223 157 223 170 224 157 228 152 228 147 227
96 173 96 191 98 208 102 225 110 239 122 252 135 262 150 266 165 264 179 256 191 245 200 231 205 216 209 200 212 183 215 166 110 141 117 134 128 132 139 134 148 140 170 142 179 137 191 137 201 142 208 150 158 155 157 167 156 180 155 192 143 199 148 202 154 204 160 203 166 201 122 153 128 150 136 150 143 157 135 158 127 157 172 159 180 154 188 155 194 159 188 162 180 162 132 220 140 218 148 216 153 219 158 218 166 220 173 224 165 232 157 235 152 235 146 234 139 229 135 220 147 222 153 223 158 223 170 224 158 227 153 227 147 226
96 173 97 190 98 208 102 224 110 238 121 251 134 260 149 265 165 263 179 255 191 245 200 232 205 217 209 200 212 183 215 166 109 141 117 134 128 131 139 134 148 140 170 142 180 137 191 137 201 141 208 150 158 155 157 167 156 179 155 192 144 199 148 202 154 204 160 203 166 201 122 153 128 150 136 150 143 157 135 158 127 157 172 159 180 154 188 154 194 159 188 162 180 162 132 219 140 218 148 216 153 219 158 218 165 220 173 223 165 231 157 233 151 233 146 232 139 227 135 219 147 222 152 223 157 223 170 223 157 225 152 225 147 224
96 173 97 191 98 208 102 224 110 238 121 250 135 260 150 264 165 262 179 254 191 244 200 232 205 217 209 201 212 184 214 166 109 141 117 134 128 132 139 134 148 140 170 142 180 138 191 137 202 141 208 150 158 155 157 167 156 180 156 192 144 199 149 202 154 204 160 203 166 201 122 153 128 150 136 150 143 157 135 158 127 157 173 160 180 154 188 155 194 159 188 162 180 162 132 219 140 218 148 217 153 219 158 218 166 220 174 223 165 230 157 233 152 233 146 231 139 227 136 219 148 221 153 223 158 223 170 223 158 225 153 225 147 224
96 174 96 191 98 209 102 225 110 238 122 250 135 259 149 264 164 262 178 255 190 245 200 232 205 218 209 201 212 184 215 166 110 141 117 134 128 131 139 134 148 140 170 142 180 137 191 137 201 142 207 150 158 155 157 167 157 180 156 193 144 199 149 202 154 204 160 203 166 201 122 153 129 150 137 150 143 157 136 158 128 157 173 160 180 154 188 155 194 159 188 162 180 162 132 218 140 217 148 216 153 219 158 217 166 220 173 223 165 230 158 233 152 233 146 231 139 227 135 219 148 221 153 223 158 222 170 223 158 225 153 225 147 224
96 174 97 191 98 208 102 224 110 238 122 250 135 260 150 264 165 262 179 255 191 245 200 233 206 218 209 201 212 184 215 166 110 141 117 134 128 132 139 134 148 140 170 142 180 138 191 137 202 142 208 151 158 155 157 167 156 180 156 192 144 199 149 202 154 204 160 203 166 201 122 153 129 150 136 151 143 157 136 158 128 157 173 160 180 155 188 155 195 159 188 162 180 162 132 218 140 218 148 216 153 219 158 218 166 220 174 223 165 230 157 232 152 232 146 231 139 226 136 219 148 221 153 223 158 222 170 223 158 225 153 225 147 224
96 174 97 192 98 209 102 225 110 238 122 250 135 260 150 264 165 263 180 255 192 244 201 231 206 216 209 200 212 184 215 166 109 142 117 134 128 132 139 134 148 140 170 142 180 138 191 137 202 142 208 151 158 155 157 167 156 180 156 193 144 199 149 202 154 204 160 203 166 201 122 154 129 150 136 151 143 157 136 158 128 157 173 159 180 154 188 155 195 159 188 162 180 162 132 219 141 218 148 217 153 219 158 218 166 220 174 223 165 231 157 233 152 233 146 231 139 227 136 219 148 222 153 223 158 223 170 223 158 226 153 226 147 224
96 173 97 191 99 208 103 224 111 239 122 251 135 261 149 266 165 264 178 256 191 245 200 232 205 217 209 200 213 183 215 166 110 141 117 134 128 132 139 134 148 140 170 142 180 137 191 137 202 141 208 150 158 155 157 167 157 180 156 193 144 199 149 202 154 204 160 203 166 201 122 153 129 150 136 151 144 157 136 158 128 157 173 160 181 155 189 155 195 159 188 162 180 162 132 220 140 218 148 217 153 219 158 218 166 221 173 224 165 233 157 235 152 235 146 234 139 229 135 220 148 222 153 223 158 223 170 224 158 227 153 227 147 226
96 173 97 190 99 208 103 224 111 239 122 251 135 262 150 266 165 264 179 255 191 244 200 231 206 216 210 199 213 182 215 165 110 142 117 134 128 132 139 134 148 140 171 142 180 138 191 137 202 142 208 151 158 155 157 168 157 180 156 193 144 199 149 202 154 204 160 203 166 201 122 153 129 150 137 151 144 157 136 158 128 157 173 160 180 155 188 155 194 159 188 162 180 162 132 220 141 218 148 217 153 220 158 218 166 221 173 224 165 233 158 236 152 236 146 234 139 229 136 221 148 222 153 223 158 223 170 224 158 228 153 228 147 227
96 173 97 191 99 208 103 224 110 239 122 251 134 261 149 265 164 264 178 255 191 245 200 231 206 216 209 200 213 183 215 165 110 141 117 134 128 132 139 134 148 140 170 142 180 138 191 137 201 142 207 150 158 155 157 167 156 180 156 193 144 199 149 202 154 204 160 203 166 201 122 153 129 150 137 150 143 157 136 157 128 157 173 159 180 154 188 154 194 159 188 162 180 161 132 220 141 218 148 217 153 220 159 218 166 221 173 224 165 232 158 235 152 235 146 234 139 229 136 221 148 222 153 223 158 223 170 224 158 227 153 228 147 226
96 174 97 191 99 208 102 225 110 239 122 251 135 261 150 265 165 263 179 255 191 245 200 232 206 217 209 200 213 183 215 166 110 142 118 134 128 132 139 134 148 141 171 142 180 138 191 138 201 142 208 150 158 155 157 167 157 180 156 193 144 199 149 202 154 204 160 203 166 201 122 153 129 149 137 150 144 157 136 158 128 157 173 159 180 154 189 154 194 159 188 162 180 161 132 219 141 218 148 217 154 219 159 218 166 221 174 224 165 231 158 234 152 234 146 232 139 228 135 220 148 222 153 223 158 223 170 224 158 227 153 227 147 225
96 173 97 191 99 208 103 224 111 238 122 250 135 259 150 264 165 262 179 254 191 244 200 231 206 216 209 200 213 183 215 166 110 141 118 134 129 132 139 134 148 140 171 142 180 138 191 138 202 142 208 150 158 155 158 167 157 180 156 193 144 199 149 202 155 204 161 203 166 202 122 153 129 149 137 150 144 157 136 157 128 157 173 160 181 154 189 154 195 159 189 162 180 161 132 219 141 218 148 217 154 219 159 218 166 221 174 224 165 231 158 233 152 233 146 231 139 227 136 219 148 221 153 223 158 223 171 223 158 226 153 226 148 224
96 173 97 191 99 208 103 224 111 238 122 250 135 260 150 264 165 262 179 254 191 244 201 231 206 216 209 200 213 184 215 167 110 142 117 134 128 132 139 134 148 140 171 142 180 138 192 137 202 142 208 151 159 155 158 167 157 180 156 193 144 199 149 202 154 204 160 203 166 201 122 153 129 149 137 150 144 157 136 158 128 157 173 159 181 154 189 154 195 159 189 162 180 162 132 219 141 218 148 217 153 219 158 218 166 220 174 223 165 230 158 233 152 233 146 231 139 227 136 220 148 221 153 223 158 223 170 223 158 226 153 226 148 224
96 174 97 191 99 208 103 225 111 239 122 251 135 261 150 265 165 264 179 255 191 245 200 232 205 217 209 201 213 184 215 166 110 141 118 134 129 132 139 134 149 140 171 142 180 138 191 137 202 142 208 151 158 155 158 167 157 180 156 192 144 199 149 202 154 204 160 203 166 201 122 153 129 149 137 150 144 157 136 158 128 157 173 159 180 154 189 154 195 159 189 162 180 161 132 220 140 218 148 217 153 219 158 218 166 221 173 224 165 233 158 236 152 236 146 234 139 229 136 221 148 222 153 223 158 223 170 224 158 228 153 228 147 227
96 173 97 191 99 209 103 225 112 240 123 253 135 263 150 267 166 265 180 256 191 245 200 231 206 216 210 200 213 183 215 165 110 142 117 134 128 132 139 134 148 140 171 142 180 138 191 138 202 142 208 151 158 155 157 167 156 180 155 193 144 199 149 202 154 204 160 203 166 201 122 153 129 149 137 150 143 157 136 157 128 157 173 159 180 154 189 154 195 159 188 162 180 161 132 221 140 218 148 217 153 219 159 218 166 221 173 225 166 234 158 237 152 237 146 236 139 231 135 221 148 222 153 224 158 223 170 225 158 229 153 229 147 228
96 174 97 192 99 209 104 225 112 240 122 253 135 263 150 268 166 266 179 257 191 245 199 232 205 217 210 200 213 183 215 166 110 142 117 134 128 132 139 134 148 140 171 142 180 138 191 137 201 142 208 150 158 155 157 167 156 180 155 193 144 200 149 202 154 204 160 203 166 201 122 153 129 149 137 150 144 157 136 158 128 157 173 159 180 154 188 154 194 159 188 162 180 161 132 221 140 219 148 217 153 220 158 218 166 221 173 225 166 235 158 238 152 238 146 237 138 232 135 222 147 223 153 224 158 224 170 225 158 230 153 230 147 229
96 174 97 192 100 210 105 227 112 242 123 255 136 265 150 270 165 267 179 258 190 246 199 232 205 217 210 200 213 183 215 165 110 142 117 134 128 132 139 134 148 140 170 142 180 138 191 137 201 141 207 150 158 155 157 167 156 180 155 192 144 200 148 202 154 204 160 203 166 201 122 153 129 149 137 150 144 157 136 158 128 157 173 159 180 154 188 154 194 159 188 162 180 161 132 222 140 219 148 217 154 220 159 218 167 221 173 225 167 236 158 241 153 241 146 239 138 234 135 223 148 223 153 224 159 224 170 225 159 232 153 232 148 231
96 174 97 192 100 209 104 226 112 241 122 255 135 266 150 270 165 268 178 259 190 247 199 233 205 218 209 201 213 184 215 166 110 142 117 134 128 132 139 134 148 140 171 142 180 138 192 137 202 141 208 150 158 155 157 168 156 180 155 193 144 200 149 203 154 205 160 204 166 202 122 153 128 149 137 150 144 157 136 158 127 157 173 160 180 154 189 154 195 159 189 162 180 161 132 222 140 219 148 218 153 220 158 219 166 222 173 226 166 237 158 241 152 241 146 240 138 234 135 223 147 223 153 224 158 224 169 226 158 232 153 232 147 231
96 174 97 192 100 210 104 226 112 241 122 254 135 264 150 269 165 266 179 257 190 246 199 232 205 217 209 200 213 183 215 165 110 142 117 134 128 132 139 134 148 140 171 142 180 138 191 137 202 142 208 150 158 155 158 167 157 180 156 193 144 200 149 203 154 205 160 204 166 202 122 153 128 149 137 150 144 157 136 158 127 157 173 160 180 154 188 154 195 159 188 162 180 162 132 222 140 219 148 218 153 220 158 219 166 221 173 226 166 236 158 240 152 240 146 239 139 233 136 223 148 223 153 224 158 224 170 226 158 231 153 232 147 230
96 174 97 192 99 209 103 225 111 240 122 252 135 262 149 266 165 264 179 256 190 245 199 231 205 216 209 199 212 182 214 165 109 142 117 134 128 132 139 134 148 140 170 142 179 138 191 137 201 142 207 150 158 155 157 167 156 180 155 193 143 199 148 202 154 204 160 203 166 201 122 153 128 149 136 150 143 157 135 158 127 157 172 159 180 154 188 154 194 159 188 162 180 161 132 221 140 219 148 217 153 220 158 219 166 221 173 225 165 233 158 236 152 236 146 235 139 230 136 221 147 222 153 224 158 223 169 225 158 228 152 229 147 227
96 173 97 190 99 207 103 224 111 238 122 250 134 260 149 264 165 262 179 254 191 244 200 230 205 215 209 199 212 183 215 166 110 142 117 134 128 132 139 134 148 140 170 142 179 138 191 137 201 142 207 150 158 155 157 167 157 180 156 193 144 199 149 202 154 204 160 203 166 201 122 153 128 149 136 150 143 157 135 158 127 157 173 159 180 154 188 154 194 159 188 162 180 162 133 220 141 219 148 217 153 220 158 218 165 221 172 225 164 232 157 235 152 235 146 233 139 229 136 221 148 222 153 224 157 223 169 225 157 227 152 227 147 226
96 172 97 190 99 207 103 224 110 238 121 250 134 259 149 264 165 262 179 254 191 243 200 230 205 215 209 199 213 182 214 165 110 141 117 134 128 132 139 134 148 140 170 142 180 138 191 137 201 142 207 150 158 155 157 167 156 180 156 193 144 199 149 202 154 204 160 203 166 201 122 153 128 149 136 150 143 157 135 158 127 157 173 159 180 154 188 154 194 159 188 162 180 161 133 220 141 219 148 218 153 220 158 219 165 222 173 225 165 230 157 232 152 232 146 231 140 227 136 221 148 223 153 224 158 224 170 224 158 226 153 226 147 225
96 173 97 190 99 207 103 223 110 238 121 250 134 259 150 263 165 261 179 254 191 243 200 230 205 215 209 199 213 182 214 165 109 141 117 134 128 132 139 134 148 140 171 142 180 138 191 137 201 141 207 150 158 155 157 167 156 180 156 192 144 200 149 202 154 204 160 203 166 202 122 153 128 149 136 150 144 157 136 158 127 157 172 159 180 154 188 154 195 159 188 162 180 162 133 221 141 219 148 218 153 220 159 219 166 222 173 224 165 229 158 231 152 231 147 230 140 227 136 221 148 223 153 225 158 224 170 224 158 225 153 225 148 224
96 173 97 190 99 207 103 223 110 238 121 250 135 259 150 263 166 261 180 253 192 243 200 230 205 215 209 199 213 182 214 165 110 141 118 134 128 132 139 134 148 140 170 142 179 137 191 137 201 141 206 150 158 155 157 167 156 180 156 193 144 200 149 202 154 204 160 203 166 202 122 153 129 149 137 150 144 157 136 158 128 157 173 159 180 154 188 154 194 159 188 162 180 161 133 221 141 219 149 219 154 221 158 219 166 221 174 224 165 229 158 231 152 231 147 230 140 226 136 221 148 224 153 225 158 224 171 224 158 224 153 225 148 224
96 173 97 191 99 208 103 224 111 238 122 250 135 259 150 263 166 261 180 253 191 243 200 230 205 215 209 199 213 183 215 166 110 141 117 134 128 132 139 134 148 140 171 142 180 138 191 137 201 141 207 150 158 155 157 167 157 180 156 193 144 200 149 202 154 204 160 203 166 202 122 153 128 149 136 150 143 157 135 158 127 157 173 160 180 154 188 154 195 159 188 162 180 162 133 221 141 219 149 218 154 220 159 219 166 221 174 224 165 229 158 231 153 231 147 230 140 227 136 221 148 224 153 225 158 224 171 224 158 224 153 225 148 224
96 174 97 191 99 208 103 224 111 238 122 250 135 259 150 263 166 261 179 254 191 243 200 231 205 216 209 200 213 184 215 167 110 141 117 134 128 132 139 134 148 140 170 142 180 138 191 137 201 141 207 150 158 155 157 167 157 180 156 193 144 200 149 203 154 205 160 204 166 202 122 154 128 150 136 150 144 157 136 158 127 158 173 160 180 154 188 154 195 159 188 163 180 162 133 221 141 219 149 218 154 220 159 219 166 221 174 224 166 229 158 231 153 231 147 230 140 227 136 221 149 223 153 225 158 224 171 223 158 224 153 225 149 224
96 174 97 192 99 209 103 225 111 239 122 250 135 259 150 263 166 262 179 254 191 244 200 231 205 216 209 200 213 184 215 166 110 142 117 134 128 132 139 134 148 140 170 142 180 138 191 137 201 142 207 150 158 156 157 168 157 180 156 193 144 200 149 203 154 205 160 204 166 202 122 154 128 150 136 151 143 158 135 159 127 158 172 160 180 155 188 155 194 160 188 163 180 162 133 221 141 219 149 218 154 220 159 219 166 221 174 224 166 229 158 231 153 231 147 230 140 227 136 221 148 223 154 225 159 224 171 223 158 224 154 224 148 223
96 174 97 191 99 208 103 224 110 238 122 250 135 259 150 263 166 261 180 253 191 243 200 230 205 216 209 199 213 183 215 166 110 141 117 134 128 132 139 134 148 141 170 143 179 138 191 137 201 142 207 150 158 155 157 168 157 180 156 193 144 200 149 203 154 204 160 204 166 202 121 154 128 150 136 151 143 158 135 159 127 158 172 160 180 155 188 155 194 160 188 163 179 162 132 221 141 219 149 218 154 220 159 219 166 221 174 223 165 228 158 230 153 231 147 230 140 227 135 221 148 223 153 224 158 224 171 223 158 224 153 224 148 223
96 174 97 192 99 209 103 225 110 239 122 250 135 259 150 263 166 261 180 253 191 243 200 230 205 216 209 200 213 183 215 166 110 141 117 134 128 132 139 134 148 141 170 143 179 138 191 138 201 142 207 150 158 156 157 168 157 180 156 193 144 200 149 203 154 205 160 204 166 202 121 154 128 150 136 151 143 158 135 159 127 158 172 161 180 155 188 155 195 160 188 163 180 163 132 221 141 219 149 218 154 220 159 218 166 221 174 223 166 228 158 230 153 231 148 230 140 227 136 221 149 223 154 225 159 224 171 223 159 224 154 224 149 224
96 173 97 191 99 208 103 224 111 239 122 250 135 259 150 263 166 262 180 254 191 244 200 231 205 216 209 200 213 184 215 167 110 141 117 134 128 132 139 134 148 140 170 142 179 138 191 138 201 142 207 150 158 155 157 168 157 180 156 193 144 200 149 203 155 204 161 204 166 202 122 154 128 150 136 151 143 157 135 158 127 158 172 160 180 155 188 155 194 160 188 163 180 162 133 221 141 219 149 218 154 220 159 218 166 220 174 223 166 228 159 230 153 231 148 230 140 227 136 221 149 223 154 224 159 224 171 223 159 224 154 224 149 223
96 173 97 191 99 208 103 224 110 239 122 250 135 259 151 263 166 261 180 253 192 242 200 229 205 215 209 199 212 183 214 166 109 142 117 134 128 132 138 134 147 140 170 142 180 138 191 137 201 142 207 150 158 155 157 167 157 180 156 193 144 200 149 202 154 204 160 203 166 202 122 154 128 150 136 151 143 158 135 159 127 158 172 160 180 155 188 155 194 160 188 163 180 162 133 221 141 219 149 218 154 220 159 218 166 220 174 223 166 228 159 230 153 230 148 229 140 227 136 221 149 223 154 224 159 224 171 223 159 223 154 224 149 223
95 173 97 190 98 207 102 223 110 238 121 249 134 259 150 263 166 261 180 253 192 242 200 229 205 215 209 199 212 183 214 166 109 141 117 134 128 132 139 134 148 140 170 142 179 138 190 137 201 142 207 150 158 155 157 167 156 180 156 192 144 200 149 202 154 204 160 203 166 201 121 153 128 150 136 151 143 157 135 158 127 158 172 160 180 155 188 155 194 160 188 163 179 162 133 220 141 219 149 218 154 220 159 218 166 220 174 223 165 228 158 230 153 230 147 229 140 226 136 221 149 223 154 224 159 224 170 223 158 223 154 224 149 223
96 173 96 191 98 208 103 224 110 238 121 250 134 259 150 263 166 261 180 253 191 243 200 230 205 215 209 199 212 183 214 166 109 142 117 134 128 132 139 134 148 140 170 142 179 138 191 138 201 142 207 150 158 155 157 167 156 180 155 192 144 200 148 202 154 204 160 203 166 201 121 153 128 150 136 151 143 158 135 158 127 158 172 160 180 155 188 155 194 159 188 163 179 162 133 221 141 219 149 218 154 220 159 218 166 220 174 223 166 228 158 230 153 230 147 229 140 226 136 221 148 223 154 224 159 224 171 223 159 223 154 224 148 223
95 173 97 191 98 208 103 224 110 238 121 250 135 259 150 263 166 261 180 253 192 243 200 230 205 215 209 199 212 183 214 166 110 141 117 134 128 132 138 134 147 140 170 142 180 138 191 137 201 142 207 150 158 155 157 167 157 180 156 193 144 200 149 202 154 204 160 203 166 202 121 154 128 150 136 151 143 157 135 159 127 158 172 160 180 155 188 155 194 160 188 163 179 162 133 221 141 219 149 218 154 220 159 218 166 220 174 223 166 228 159 230 153 230 148 229 140 226 136 221 149 223 154 224 159 224 171 223 159 223 154 224 149 223
95 173 97 190 98 208 102 224 110 238 121 250 134 259 150 263 166 261 180 253 192 243 200 230 205 215 209 199 212 182 214 165 109 141 117 134 128 132 138 134 148 140 170 142 179 138 190 137 201 141 207 150 158 155 157 167 156 180 156 192 144 200 148 202 154 204 160 203 166 202 121 154 128 150 136 151 143 158 135 159 127 158 172 160 180 155 188 155 195 160 188 163 180 162 133 221 141 219 149 218 154 220 159 218 166 221 174 224 165 228 158 230 153 230 147 229 140 226 136 221 148 223 154 224 159 224 171 223 158 224 153 224 148 223
95 172 96 190 98 207 102 223 110 238 121 250 135 259 151 263 167 261 180 253 192 242 200 229 205 214 209 198 212 182 214 165 109 141 117 134 128 132 138 134 148 140 170 142 179 138 191 137 201 142 207 150 158 155 157 167 156 180 155 193 143 200 148 203 154 205 160 203 166 202 121 154 128 150 136 151 143 158 135 159 127 158 172 160 180 155 188 155 194 159 188 163 179 162 133 221 141 219 149 218 154 220 159 218 166 221 174 223 166 228 158 230 153 230 147 229 140 227 136 221 148 223 154 224 159 224 171 223 159 223 153 224 148 223
95 173 97 190 98 207 102 224 110 238 122 250 135 259 151 263 167 261 180 253 192 242 200 229 205 214 209 198 212 182 214 165 109 142 117 134 128 132 139 134 148 140 170 142 179 138 190 138 201 142 206 150 158 155 157 167 157 180 156 192 144 200 149 203 154 204 160 203 166 202 121 154 128 150 136 151 143 157 135 158 127 158 172 160 180 155 188 155 194 159 188 163 179 162 133 221 141 219 149 218 154 220 159 219 166 221 174 223 165 228 158 230 153 230 147 229 140 227 136 221 149 223 154 225 159 224 170 223 159 223 154 224 149 223
95 173 97 190 99 208 103 224 110 238 122 250 135 259 150 263 166 261 180 253 191 242 200 229 205 215 209 199 212 182 214 166 109 141 117 134 128 132 138 134 148 140 170 142 179 138 190 137 200 142 206 150 158 155 157 167 156 180 156 192 144 200 149 203 154 204 160 203 166 202 121 154 128 150 136 151 143 158 135 159 127 158 172 160 180 155 188 155 194 160 188 163 179 162 133 221 141 219 149 218 154 220 159 218 166 220 174 223 166 228 158 230 153 231 148 230 140 227 136 221 149 223 154 225 159 224 170 223 159 224 154 224 149 223
95 173 96 190 98 207 102 223 110 238 121 250 134 259 150 263 166 261 180 253 191 243 200 230 205 215 209 199 212 183 214 166 109 141 117 134 128 132 138 134 147 140 170 142 180 138 191 137 201 141 207 150 158 155 157 167 156 180 156 192 144 200 149 202 154 204 160 203 166 202 121 154 128 150 136 151 143 158 135 159 127 158 172 160 180 155 188 155 194 159 188 163 180 162 133 221 141 219 149 218 154 220 159 218 166 220 174 223 166 228 158 230 153 230 148 229 140 227 136 221 149 223 154 224 159 224 170 223 159 224 154 224 149 223
95 173 96 191 99 208 103 224 110 239 121 250 135 259 150 263 166 261 180 253 191 243 200 230 205 215 209 199 212 183 214 166 109 141 117 134 128 132 139 134 148 140 170 142 179 138 190 137 200 141 206 150 158 155 157 168 156 180 156 192 144 200 149 202 154 204 160 203 166 202 121 154 128 150 136 151 143 157 135 159 127 158 172 160 180 155 188 155 194 159 188 163 179 162 133 221 141 219 149 218 154 220 159 218 166 220 174 223 166 228 159 230 153 230 148 229 141 227 136 221 149 223 154 224 159 224 170 223 159 223 154 224 149 223
95 173 96 190 99 208 103 224 110 239 121 250 135 260 151 263 167 261 180 253 192 243 200 230 205 215 209 199 212 183 214 166 109 141 117 134 128 132 139 134 148 140 170 142 179 138 191 137 201 141 207 149 158 155 157 167 157 180 156 192 144 200 149 202 154 204 160 203 166 202 121 154 128 150 136 151 143 158 135 159 127 158 172 160 180 155 188 155 194 160 188 163 179 162 133 221 142 219 149 218 154 220 159 218 167 220 174 223 166 228 159 230 154 230 148 229 141 227 137 221 149 223 154 224 159 224 171 223 159 224 154 224 149 223
95 173 96 191 98 208 103 224 110 239 121 250 135 259 151 263 167 261 180 253 192 242 200 229 205 215 209 199 212 183 214 166 109 141 117 134 128 132 139 134 148 140 170 142 179 138 191 137 201 141 207 149 158 155 157 168 156 180 156 192 144 200 149 202 154 204 160 203 166 202 121 154 128 150 136 151 143 158 135 159 127 158 172 160 180 155 188 155 194 160 188 163 180 163 133 221 142 219 149 218 154 220 159 218 166 221 174 223 166 228 159 230 153 230 148 229 141 227 136 222 149 223 154 224 159 224 171 223 159 224 154 224 149 224
95 173 97 190 99 208 103 224 110 239 121 251 135 260 150 264 166 262 180 254 192 243 200 230 205 216 209 199 213 183 215 166 109 141 117 134 128 132 139 134 148 140 170 142 180 138 191 137 201 141 207 150 158 155 157 168 156 180 156 192 144 200 149 202 154 204 160 203 166 202 121 154 128 150 136 151 143 158 135 159 127 158 172 160 180 155 188 155 194 159 188 163 180 162 133 221 141 219 149 218 154 220 159 218 166 220 174 223 166 228 159 230 154 231 148 230 141 227 136 221 149 223 154 224 159 224 171 223 159 224 154 224 149 224
96 174 97 192 99 209 103 225 111 239 122 251 135 259 151 263 167 261 180 253 192 243 200 230 205 216 209 200 212 184 214 167 110 141 117 134 128 132 139 134 148 140 170 142 179 138 190 137 201 141 207 150 158 155 157 167 157 179 156 192 144 200 149 202 155 204 161 203 166 201 121 154 128 150 136 150 143 157 135 158 127 158 172 160 180 154 188 154 194 159 188 162 180 162 133 221 142 219 149 218 154 220 160 218 167 220 174 223 166 228 159 230 154 230 148 229 141 227 137 221 149 223 154 224 159 224 171 223 159 223 154 224 149 223
96 173 97 191 99 208 103 224 110 239 122 250 135 259 151 263 167 261 181 253 192 242 200 229 205 214 209 198 212 182 214 166 109 142 117 134 128 132 139 134 148 140 170 142 180 137 191 137 201 141 207 150 158 155 157 167 157 180 156 192 144 200 149 202 155 204 161 203 166 202 121 154 128 150 136 151 143 158 135 159 127 158 172 160 180 154 188 155 194 159 188 163 180 162 133 221 142 219 149 218 154 220 159 218 167 220 174 223 166 228 159 230 154 231 148 230 141 227 137 222 149 223 154 224 159 224 171 223 159 224 154 224 149 223
96 174 97 192 99 209 104 225 111 240 123 251 136 260 151 263 167 262 180 254 191 243 200 230 205 216 209 199 213 183 215 166 109 141 117 134 128 132 139 134 148 140 170 142 179 137 191 137 201 141 206 150 158 155 158 167 157 179 156 192 144 200 149 202 155 204 160 203 166 201 121 154 128 150 136 151 143 158 135 159 127 158 172 160 180 154 188 155 194 159 188 162 179 162 133 221 142 219 149 218 154 220 159 218 166 220 174 223 166 228 159 230 154 230 148 229 141 227 137 221 149 223 154 224 159 223 171 223 159 224 154 224 149 223
