116 153 118 168 121 183 125 196 133 209 143 219 157 226 171 228 184 225 195 218 204 207 210 195 214 181 216 167 219 153 219 139 130 123 139 121 147 123 155 126 162 130 181 130 188 126 195 124 203 123 210 126 171 140 172 151 172 161 172 171 162 178 167 179 172 180 176 179 181 177 137 141 144 138 151 138 157 143 150 145 143 144 184 144 191 138 197 138 203 141 198 145 191 145 152 196 159 192 167 189 172 191 176 189 183 191 189 195 184 202 177 206 172 207 166 206 159 203 155 196 167 196 172 197 177 196 187 195 176 197 172 198 166 197
116 153 118 167 121 182 125 196 133 210 144 220 157 228 171 231 184 228 196 219 205 208 211 194 214 181 217 166 219 153 219 139 130 123 139 121 148 122 156 125 163 129 182 130 188 126 196 123 204 123 211 126 172 140 172 150 172 160 173 170 162 177 167 179 172 180 177 179 181 177 138 140 144 137 151 138 157 143 150 144 143 144 185 143 191 138 198 138 203 141 199 145 192 145 152 196 159 191 167 189 172 190 177 189 184 191 189 196 184 205 177 209 172 210 166 210 159 205 155 197 167 196 172 196 177 195 186 196 177 201 172 202 167 201
116 153 118 168 121 183 126 197 134 210 144 221 157 229 170 232 183 229 194 221 204 209 210 196 214 182 217 168 219 154 220 140 130 124 139 121 148 122 155 125 163 129 182 130 189 126 196 123 204 123 211 127 172 140 172 150 172 160 173 170 162 177 167 179 172 180 177 178 181 176 138 140 144 137 151 137 157 143 150 144 143 144 185 143 191 138 198 138 203 141 198 145 191 145 152 197 159 191 167 188 172 189 176 188 183 191 189 197 183 207 176 212 171 213 166 212 158 207 155 197 167 194 172 195 176 194 185 197 176 203 171 204 166 203
116 153 119 168 121 183 126 198 134 211 144 222 157 229 170 232 183 229 194 221 204 209 210 196 214 182 217 168 219 153 220 139 130 123 139 121 148 122 156 125 163 129 181 129 188 126 196 123 204 123 211 126 172 140 172 150 173 160 173 170 163 177 167 178 172 180 177 178 181 176 138 140 144 137 151 137 157 143 150 144 143 144 184 143 191 138 198 137 203 141 198 144 191 145 152 197 159 191 167 188 172 189 176 188 183 191 188 197 183 208 177 213 171 214 166 213 158 208 155 197 167 194 172 194 176 194 185 197 176 204 171 205 166 204
117 153 119 168 121 183 126 198 134 211 144 222 157 230 170 233 183 230 195 221 204 210 210 196 214 182 217 167 219 153 220 139 131 123 139 120 148 121 156 125 163 129 182 129 189 125 196 123 204 122 211 126 172 140 172 150 172 159 173 169 163 176 167 178 172 179 177 178 181 176 138 140 144 137 151 137 157 142 150 144 143 144 185 143 191 138 198 137 203 141 199 144 191 144 152 197 159 191 167 188 172 189 176 188 183 191 188 197 184 207 177 212 171 213 166 212 158 207 156 197 167 195 172 195 176 195 185 197 176 202 171 203 166 202
117 154 119 169 122 184 126 198 134 212 144 222 157 230 170 233 183 230 194 222 204 211 210 197 214 183 217 168 219 154 220 139 130 123 139 120 148 121 156 124 163 129 182 129 189 125 196 123 204 122 211 126 172 140 172 149 172 159 172 169 162 176 167 178 172 179 177 178 181 176 138 140 144 136 151 137 157 142 150 144 143 143 185 143 191 137 198 137 204 141 198 144 191 144 152 197 159 190 167 187 172 188 176 187 183 190 188 197 184 207 177 213 171 213 166 213 159 208 156 197 167 194 172 194 176 194 185 197 176 203 172 204 167 203
117 153 119 169 122 184 126 198 134 212 145 222 157 231 171 233 184 230 195 222 204 210 211 197 214 182 217 168 220 154 220 139 131 123 139 120 148 121 156 124 163 128 182 129 189 125 196 122 204 122 211 126 172 139 172 149 173 159 173 169 163 176 167 178 172 179 177 178 181 176 138 139 144 136 151 136 157 142 150 143 143 143 185 142 191 137 198 137 204 141 199 144 192 144 152 197 159 190 167 187 172 188 177 187 184 190 189 197 184 208 178 213 172 214 166 213 159 208 156 197 167 194 172 194 177 194 186 197 177 204 172 205 167 204
117 153 119 168 122 183 126 198 134 211 145 222 158 230 171 233 184 230 196 221 205 210 211 196 215 182 217 167 220 153 220 139 131 123 139 120 148 121 156 124 163 128 182 128 189 125 196 122 204 122 211 126 172 139 173 149 173 159 173 169 163 176 168 178 173 179 177 177 181 176 138 139 144 136 151 136 157 142 151 143 144 143 185 142 191 137 198 137 204 140 199 144 192 144 153 197 160 191 167 188 172 189 177 188 184 191 189 196 184 207 178 212 172 213 167 212 159 207 156 197 167 194 172 195 177 194 186 197 177 203 172 204 167 203
117 151 119 167 121 182 126 196 134 210 144 221 157 229 171 231 185 228 196 220 205 208 211 194 215 180 217 166 220 151 220 137 131 122 140 120 148 120 156 124 164 128 182 128 189 125 197 122 204 122 211 126 172 139 173 149 173 158 173 168 163 176 167 178 172 179 177 178 181 175 139 139 145 136 151 137 157 142 151 143 144 143 185 142 191 137 198 137 204 140 199 144 192 144 152 196 160 192 168 189 172 190 176 189 183 191 189 195 183 204 177 209 172 209 167 209 160 205 156 196 168 196 172 196 176 196 185 196 177 200 172 200 167 200
117 151 119 166 121 181 126 196 133 209 143 220 156 228 170 231 184 228 196 220 205 208 211 195 215 181 217 166 219 152 220 138 131 123 140 119 149 120 156 124 164 128 182 128 189 124 196 122 204 122 211 126 173 138 173 148 173 158 173 168 163 176 167 178 172 179 177 177 181 175 140 140 145 138 152 138 158 142 151 144 145 143 185 142 191 139 197 139 203 141 198 144 191 144 152 195 160 192 167 190 172 191 176 190 182 192 189 194 183 201 176 205 172 205 167 205 160 202 155 196 167 196 172 197 176 196 186 195 176 197 172 198 167 197
117 150 119 165 121 181 126 195 133 209 143 220 156 228 171 230 185 227 197 219 205 207 211 194 215 180 218 165 220 151 220 137 133 123 140 119 149 120 156 123 164 127 182 128 189 124 197 121 205 121 211 126 173 139 173 149 173 158 173 168 163 176 167 178 172 179 177 177 181 175 141 142 147 142 153 141 158 143 153 145 147 145 184 143 190 142 196 142 201 143 196 146 190 145 152 195 160 192 167 190 172 192 176 190 182 192 189 194 183 200 176 204 172 204 167 204 160 201 155 195 167 196 172 197 176 196 186 194 176 196 172 197 167 197
117 149 119 164 121 179 125 194 132 208 142 219 155 227 170 230 184 227 196 219 205 208 211 194 215 180 217 165 220 151 220 137 132 123 140 120 149 120 156 123 163 127 182 128 189 124 197 121 205 122 211 126 173 139 173 149 173 159 173 168 163 176 167 178 172 179 177 178 181 176 140 142 146 141 152 141 158 142 152 144 146 144 185 143 191 141 196 142 202 143 197 145 191 145 152 194 160 192 167 190 172 191 176 190 182 192 189 194 182 201 176 204 171 204 166 204 159 201 155 195 167 196 171 197 176 196 186 194 176 196 171 197 167 197
117 150 118 165 121 180 125 195 132 209 142 220 156 228 170 230 185 228 196 219 205 207 211 194 215 180 217 166 220 152 220 138 131 122 140 119 148 120 156 123 163 128 182 128 189 124 197 122 205 122 211 126 172 139 173 149 173 159 173 169 163 176 167 178 172 179 177 178 181 176 139 140 145 139 151 139 157 142 151 143 145 143 185 142 191 139 197 140 202 142 197 144 191 144 151 195 159 192 167 190 172 191 176 190 183 192 190 194 183 202 177 206 172 207 167 206 159 203 155 196 167 197 172 197 176 196 186 195 176 197 172 198 167 198
117 151 119 166 121 181 126 196 133 209 143 220 156 228 170 231 184 228 196 220 205 208 211 194 215 180 217 166 219 152 220 138 131 123 140 120 148 121 156 124 163 128 182 128 189 125 197 122 204 122 211 126 173 139 173 149 173 159 173 169 163 176 167 178 172 179 177 178 181 176 139 140 145 138 151 138 157 142 151 143 144 143 185 142 191 138 198 139 203 141 198 144 192 144 151 196 159 191 167 189 172 190 177 189 184 191 190 195 184 204 177 209 172 210 166 209 159 205 154 196 167 196 172 196 177 195 186 195 177 200 172 201 167 201
117 152 119 167 121 182 126 196 133 210 144 220 157 228 171 231 184 228 196 219 205 207 211 194 214 180 217 166 219 152 220 138 131 122 139 120 148 121 156 124 163 128 182 129 189 125 197 122 204 122 211 126 172 139 173 149 173 159 173 170 163 176 167 178 172 179 177 178 181 176 138 140 144 137 151 137 157 142 151 143 144 143 185 142 191 138 198 138 203 141 198 144 192 144 152 195 159 191 167 188 172 189 177 188 184 191 189 195 184 204 177 208 171 209 166 209 158 204 155 196 167 194 172 194 177 194 186 195 177 200 171 201 166 200
117 152 118 167 121 182 125 196 133 209 143 220 156 227 171 229 184 227 196 218 205 207 211 194 215 180 217 166 219 152 220 138 131 122 140 120 148 121 156 124 163 128 182 129 189 125 196 122 204 122 211 126 172 139 172 149 173 159 173 169 162 176 167 178 172 179 177 178 181 176 138 140 144 137 151 137 157 142 150 143 143 143 185 142 191 138 198 138 203 141 198 144 192 144 151 195 159 190 166 188 171 189 176 188 183 190 189 194 183 202 177 206 171 206 166 206 159 202 155 195 166 194 171 195 176 194 185 195 176 197 171 198 166 197
116 151 118 166 120 180 125 195 132 208 142 219 156 226 170 229 184 226 196 218 205 207 211 194 214 181 217 166 219 152 220 138 130 122 139 120 148 121 156 124 163 128 182 128 189 125 196 122 204 122 211 126 172 139 172 149 172 159 173 169 162 175 167 177 172 179 177 177 181 175 138 139 144 136 151 137 157 142 150 143 144 143 185 142 191 138 198 138 203 141 198 144 191 144 152 194 159 190 166 187 171 189 176 187 183 190 189 194 183 200 176 203 171 204 166 203 159 200 155 194 166 194 171 195 176 194 186 194 176 195 171 196 166 195
117 151 118 166 121 180 125 195 132 208 143 219 156 226 170 228 184 226 196 218 205 207 211 194 214 180 217 165 219 151 220 137 130 122 139 119 148 120 156 124 163 128 181 128 188 125 196 122 204 122 211 126 172 138 172 149 172 159 173 169 162 175 167 177 172 178 177 177 181 175 138 139 144 136 151 137 157 141 150 143 143 142 184 142 191 137 197 137 203 140 198 143 191 143 152 194 159 190 166 187 171 188 176 187 183 190 189 193 183 200 176 203 171 204 166 203 159 200 155 194 166 194 171 194 176 193 186 194 176 195 171 195 167 195
116 152 118 167 121 182 125 196 132 209 143 220 156 227 170 230 184 227 196 219 205 207 211 194 214 180 217 166 219 152 220 139 130 122 139 120 148 120 156 124 163 128 181 128 188 124 196 122 204 122 210 126 172 139 172 149 172 159 172 168 162 175 166 177 171 178 176 177 181 175 138 139 144 136 151 137 157 141 150 143 143 143 184 142 191 137 197 137 203 140 198 143 191 143 152 195 159 190 166 187 171 188 176 187 183 190 188 195 183 203 176 207 171 208 166 207 159 203 155 195 166 193 171 193 176 193 185 195 176 198 171 199 166 198
116 152 118 167 121 182 126 197 133 210 143 222 156 230 169 233 182 230 194 221 203 209 210 196 214 181 216 167 219 152 219 138 130 122 139 119 148 120 155 124 163 127 181 128 188 125 196 122 204 122 211 125 171 139 172 149 172 159 172 169 162 175 166 177 171 178 176 177 180 175 138 139 144 136 150 136 156 141 150 143 143 142 184 142 191 137 197 137 203 140 198 143 191 143 151 196 158 190 166 187 171 189 176 187 183 190 188 196 183 207 176 212 170 213 165 212 158 207 155 196 166 194 171 194 175 194 184 196 175 202 170 203 165 203
116 152 118 166 121 181 125 196 132 209 142 221 155 229 169 232 183 229 195 220 204 208 210 195 214 181 216 166 219 152 219 138 130 122 139 120 147 121 155 124 163 128 181 128 188 125 196 122 204 122 210 126 171 139 172 149 172 159 172 169 162 176 166 178 171 179 176 177 180 175 138 139 144 136 150 137 156 142 150 143 143 143 184 142 190 137 197 137 203 141 198 144 191 144 151 196 159 192 166 189 171 191 175 189 182 192 188 196 182 205 176 210 171 211 166 210 158 206 155 197 166 196 171 196 175 196 184 196 175 201 171 202 166 201
116 151 118 165 120 180 125 194 132 208 141 220 155 228 169 230 183 228 195 219 204 208 210 194 214 180 217 166 219 152 219 138 130 123 139 120 148 121 155 124 163 128 181 129 188 125 196 122 204 122 211 126 171 138 171 149 172 159 172 169 162 176 166 178 171 179 176 178 180 176 138 139 144 136 151 137 157 142 150 143 143 143 184 142 190 137 197 137 203 140 197 144 191 143 151 195 159 193 166 190 171 192 175 190 181 192 188 194 182 202 175 205 171 206 166 206 159 203 154 196 166 197 171 197 175 197 185 195 175 197 171 198 166 198
116 151 118 166 121 180 125 195 132 209 142 220 155 227 170 230 184 227 195 219 204 207 210 194 214 180 217 166 219 152 219 138 130 123 138 120 147 121 155 124 162 128 181 129 188 125 196 122 204 122 211 126 172 139 172 149 172 159 172 169 162 176 166 178 171 179 176 178 180 176 138 139 144 136 150 137 156 142 150 143 143 143 184 142 190 137 197 137 203 140 198 144 191 143 151 195 159 193 167 191 171 192 175 191 182 192 188 194 182 201 175 205 171 205 166 205 159 202 154 196 166 197 171 197 175 197 185 195 175 197 171 198 166 197
116 150 118 165 120 180 125 195 132 209 142 220 155 228 170 230 184 227 196 219 205 207 210 193 214 179 216 165 219 151 219 137 130 122 139 119 148 120 155 124 163 128 181 128 188 125 195 122 203 121 210 125 171 138 172 149 172 159 172 169 162 177 166 178 171 179 176 178 180 176 138 139 144 136 150 137 156 142 150 143 143 143 184 142 190 137 197 137 203 140 198 144 191 143 150 196 159 193 166 190 171 192 175 190 182 192 189 195 183 202 176 206 171 207 166 207 158 203 154 196 166 198 171 198 176 197 186 195 175 198 171 199 166 198
116 152 118 167 121 182 126 196 133 210 143 222 156 229 170 232 183 229 195 220 204 208 210 194 214 180 217 166 219 151 219 137 130 123 139 120 147 120 156 124 163 128 181 128 188 125 196 122 204 122 211 126 172 139 172 149 172 159 172 169 162 176 166 178 171 179 176 178 180 176 137 139 144 136 151 136 157 142 150 143 143 143 184 142 191 137 197 137 203 140 198 144 191 144 150 196 158 192 166 189 171 191 176 189 183 192 189 195 183 205 176 210 171 211 166 211 158 206 154 197 166 196 171 196 176 196 185 196 176 201 171 202 166 201
116 153 118 168 121 183 126 197 133 211 144 222 156 230 170 233 183 230 194 221 203 209 209 196 213 182 216 167 219 153 220 138 130 122 139 120 147 121 155 124 163 128 181 128 188 125 195 122 203 122 210 125 172 139 172 149 172 159 172 169 162 176 166 178 171 179 176 178 180 176 138 139 144 136 150 137 156 142 150 143 143 143 184 142 190 137 197 137 203 140 198 144 191 144 150 196 158 191 166 188 171 189 176 188 183 191 189 196 183 207 176 212 170 213 165 212 157 207 154 197 166 195 171 195 176 195 185 196 176 203 171 204 165 203
116 152 118 167 121 182 126 197 133 210 144 222 156 230 169 233 183 230 194 221 203 209 210 195 214 181 217 166 219 152 220 137 130 122 139 120 147 121 155 124 163 128 182 128 189 125 196 122 204 122 211 126 172 139 172 149 172 159 172 169 162 176 166 178 171 179 176 178 180 176 138 139 144 136 151 136 156 142 150 143 143 143 184 142 191 137 197 137 203 140 198 144 191 143 150 195 157 190 166 187 171 189 176 187 183 190 189 195 183 207 176 213 170 214 164 213 156 208 153 196 166 194 171 194 176 194 186 196 176 204 170 205 165 205
116 153 118 169 121 184 126 198 134 211 144 222 156 230 169 234 183 231 194 222 203 210 210 196 214 182 217 167 219 153 220 138 130 123 138 120 147 121 155 124 162 128 181 128 188 125 196 122 204 122 211 126 171 139 172 149 172 159 172 169 162 175 166 177 171 179 176 177 180 175 138 139 144 136 150 137 156 142 150 143 143 143 184 142 190 137 197 137 203 141 198 144 191 143 149 195 157 190 166 187 171 188 176 187 183 190 189 195 184 208 176 213 170 214 164 213 156 208 153 196 166 193 171 193 176 193 186 195 176 205 170 206 165 205
116 154 118 169 121 184 126 199 134 212 144 223 157 231 170 235 183 231 194 222 203 210 210 196 214 182 217 167 219 153 220 138 130 123 138 120 147 121 155 124 162 128 182 128 189 125 196 122 204 122 211 126 172 139 172 149 172 159 172 169 162 175 167 177 171 179 176 177 180 175 138 139 144 136 151 136 156 142 150 143 143 143 184 142 190 137 197 137 203 141 198 144 191 144 150 196 157 190 166 187 171 188 176 187 184 190 189 195 184 208 177 214 171 215 165 214 156 209 152 196 166 193 171 193 176 193 186 196 176 206 171 206 165 206
116 153 118 169 121 184 126 199 134 212 144 223 157 232 170 235 183 232 194 222 203 210 210 196 214 182 217 167 219 153 220 138 129 123 138 120 147 121 155 124 163 128 182 128 189 125 196 122 204 122 211 126 172 139 172 149 172 159 172 169 162 175 167 177 172 179 176 177 181 175 137 139 144 136 151 137 156 142 150 143 143 143 184 142 190 137 197 137 203 141 198 144 191 144 150 196 157 190 166 187 171 188 177 187 184 190 189 196 184 209 177 215 171 216 165 215 156 209 153 197 166 193 171 193 176 193 186 196 176 207 171 208 165 207
116 153 118 169 121 184 126 199 134 213 144 224 156 232 169 236 182 233 194 223 203 211 209 197 214 183 216 168 219 153 219 139 129 123 138 120 147 121 155 124 162 128 182 129 188 125 196 122 204 122 211 126 171 139 172 149 172 159 172 169 162 176 166 177 171 179 176 177 181 175 137 139 143 136 150 137 156 142 150 143 143 143 184 142 190 137 197 137 203 141 198 144 191 144 150 196 157 190 166 187 171 188 176 187 183 190 188 196 183 209 176 215 170 216 165 215 156 209 153 197 166 193 171 193 176 193 185 197 176 206 171 207 165 206
116 154 118 169 121 184 126 198 134 212 144 223 157 231 170 234 183 231 194 222 204 210 210 196 214 182 216 167 219 153 219 139 130 123 138 120 147 121 155 124 162 128 182 129 189 125 196 122 204 122 211 126 171 140 172 149 172 159 172 169 162 176 166 177 171 179 176 177 181 175 138 139 144 136 151 137 156 142 150 143 143 143 184 142 190 137 197 137 203 141 198 144 191 144 150 196 158 190 166 187 171 188 176 187 183 190 189 196 184 208 176 213 171 214 165 213 157 208 153 196 166 193 171 193 176 193 185 196 176 204 171 205 166 204
116 153 118 168 121 183 126 198 133 211 144 222 157 229 170 232 184 229 195 220 204 209 210 196 214 181 217 167 219 153 219 139 129 123 138 120 147 121 155 124 162 128 181 129 188 125 196 122 204 122 211 126 171 139 171 149 172 159 172 169 162 176 166 177 171 179 176 177 181 175 137 140 143 136 150 137 156 142 150 143 143 143 184 142 190 137 197 137 203 141 198 144 191 144 150 195 158 190 166 187 171 188 176 187 183 190 189 195 183 205 176 210 171 211 165 210 157 206 153 196 166 192 171 192 176 192 186 195 176 202 171 203 165 203
116 153 118 168 121 183 125 197 133 210 144 221 157 228 171 230 184 227 196 219 205 208 211 195 214 181 217 166 219 152 219 139 130 123 139 120 147 121 155 124 162 128 181 129 188 125 195 122 203 122 210 126 171 139 172 149 172 159 172 169 162 176 166 177 171 179 176 177 181 175 137 139 143 136 150 137 156 142 149 143 143 143 184 142 190 137 197 137 203 141 198 144 191 144 150 195 158 189 166 187 171 188 176 187 183 190 189 194 184 204 177 208 171 209 165 208 158 204 153 195 166 192 171 193 176 192 186 195 176 200 171 201 166 200
116 152 118 167 120 182 125 196 132 209 143 219 156 227 170 229 184 227 196 218 204 207 211 194 214 180 217 166 219 152 219 138 129 123 138 120 147 121 155 124 162 128 181 129 188 125 195 122 203 122 210 126 171 139 172 149 172 159 172 169 162 176 166 177 171 179 176 177 180 175 137 139 143 136 150 137 156 142 150 143 143 143 184 142 190 137 197 137 203 141 198 144 191 144 150 194 158 189 166 187 171 188 176 187 183 190 189 194 183 203 176 207 171 208 165 207 158 203 153 195 166 193 171 193 176 193 186 194 176 199 171 200 166 199
116 151 118 166 120 181 125 195 132 208 143 219 156 227 170 229 184 226 196 218 205 207 211 193 215 180 217 166 219 152 219 138 130 123 139 120 147 121 155 124 162 128 181 128 188 125 195 122 203 122 210 126 171 139 171 149 172 159 172 169 162 176 166 177 171 179 176 177 180 176 137 139 143 136 150 137 156 142 149 143 143 143 184 142 190 137 197 137 202 141 197 144 191 144 150 194 158 190 166 187 171 189 176 187 183 190 189 194 183 202 176 206 171 207 165 206 158 202 154 195 166 193 171 194 176 193 186 194 176 197 171 198 165 198
116 151 118 166 120 181 124 195 132 208 142 219 156 226 170 229 184 226 196 218 205 207 211 194 214 180 217 166 219 152 219 139 130 122 139 120 148 121 155 124 162 128 181 129 188 125 195 122 203 122 210 125 171 139 171 149 171 159 172 169 161 176 166 178 171 179 176 177 180 176 137 139 143 137 150 137 156 142 149 143 142 143 184 142 190 138 197 137 202 141 197 144 191 144 151 194 158 190 166 187 171 189 176 187 183 190 189 193 183 201 176 204 171 205 166 204 158 201 154 194 166 194 171 195 176 194 186 194 176 196 171 196 166 196
116 151 118 166 120 181 125 195 132 208 143 219 156 226 170 229 185 226 196 218 205 206 211 193 214 179 217 165 219 152 219 138 130 123 138 120 147 121 155 124 162 129 181 129 188 125 195 122 203 122 210 126 171 140 171 149 172 159 172 169 161 176 166 178 171 179 176 178 180 176 138 141 144 139 150 139 156 143 150 144 143 144 184 143 190 140 196 140 201 142 196 145 190 145 150 194 158 190 166 188 171 189 176 187 183 190 189 193 183 200 176 203 171 204 166 203 158 200 154 194 166 194 171 195 176 194 186 194 176 195 171 196 166 195
116 152 118 167 120 182 124 196 132 209 143 219 156 227 170 229 184 226 196 218 205 207 211 194 214 180 217 166 219 152 220 138 131 124 139 121 147 121 155 125 162 129 181 129 188 125 195 123 203 123 210 127 171 141 171 150 172 160 172 169 161 176 166 178 171 179 176 178 180 176 140 143 146 142 151 142 157 144 151 145 145 145 183 144 189 142 195 143 200 144 195 146 189 146 150 195 158 190 166 187 171 189 176 187 183 190 189 194 183 202 176 206 171 207 165 207 158 203 154 195 166 193 171 193 176 193 185 194 176 198 171 199 165 199
116 152 118 167 120 182 125 196 133 210 143 220 156 228 170 230 184 227 195 219 205 208 211 194 215 180 217 166 219 152 220 138 130 124 139 121 147 122 155 125 162 129 181 129 188 125 196 123 203 123 210 127 171 141 171 150 172 160 172 169 161 176 166 178 171 179 176 178 180 176 139 143 145 142 151 142 157 144 151 145 145 145 184 144 190 143 195 143 201 144 195 146 190 146 150 195 158 190 166 187 171 189 176 187 183 190 189 194 183 204 176 209 171 210 165 209 157 205 153 195 166 193 171 193 176 193 185 195 176 201 171 202 165 201
116 153 118 167 120 182 124 196 132 209 143 220 156 227 170 230 183 227 195 219 205 208 211 195 215 181 217 166 219 153 220 139 130 123 138 121 147 121 155 125 162 129 181 129 188 126 195 123 204 123 210 127 171 140 171 150 171 160 172 170 161 176 166 178 171 179 176 178 180 176 138 142 144 141 150 141 156 144 150 145 144 145 184 144 190 141 196 141 202 143 196 145 190 145 150 195 157 190 165 187 171 189 176 187 183 190 189 194 184 205 176 210 171 211 165 210 157 205 153 195 166 193 171 193 176 193 186 195 176 202 171 203 165 202
116 153 118 168 120 183 125 197 132 210 143 220 156 227 170 230 183 227 195 219 205 208 211 195 215 181 217 167 219 153 220 139 129 123 138 121 147 121 155 125 162 129 181 130 188 126 196 123 204 123 210 127 171 140 171 150 172 160 172 170 161 176 166 178 171 179 176 178 181 176 138 141 144 139 150 139 156 143 150 144 143 144 184 143 190 140 197 140 202 142 197 145 190 145 149 194 157 190 166 187 171 189 176 187 183 190 189 193 184 204 176 209 171 209 165 209 157 204 153 194 166 192 171 193 176 192 186 194 176 201 171 201 165 201
116 153 118 168 120 182 124 196 132 209 143 219 156 227 170 229 184 226 196 218 205 207 211 195 215 181 217 167 219 153 220 139 129 123 138 121 147 122 155 125 162 129 181 130 188 126 195 123 204 123 210 127 171 140 172 150 172 160 172 170 162 176 166 178 171 179 176 178 181 176 138 141 144 138 150 138 156 143 150 144 143 144 184 143 190 139 197 139 202 142 197 145 191 144 150 193 158 190 166 188 171 189 176 188 183 190 190 193 184 203 177 207 171 208 165 208 157 203 153 194 166 193 171 193 176 193 186 194 176 199 171 200 166 200
116 152 118 167 120 182 124 196 132 209 143 219 156 227 170 229 184 226 195 218 205 207 212 194 215 181 217 166 219 152 220 138 130 123 139 120 148 121 155 125 162 129 182 130 188 126 196 123 203 123 210 126 172 140 172 150 172 160 172 170 162 177 166 178 171 179 176 178 180 176 138 141 144 138 150 138 156 143 150 144 143 144 184 143 190 139 197 139 203 142 197 145 191 145 150 193 158 190 166 188 171 189 176 188 183 190 189 193 183 202 176 207 171 208 165 207 157 203 153 194 166 193 171 193 176 193 186 194 176 199 171 200 166 199
116 152 118 167 120 182 124 196 132 209 143 219 156 227 170 229 184 226 195 218 205 207 212 195 215 181 217 167 219 153 220 139 130 123 139 121 147 122 155 125 162 129 181 129 188 126 196 123 204 123 211 126 171 140 172 150 172 160 172 170 162 177 166 178 171 179 176 178 181 176 138 140 144 138 150 138 156 143 150 144 143 144 184 143 190 139 197 139 203 142 198 145 191 145 150 194 158 190 166 188 171 189 176 188 183 190 189 193 183 203 177 207 171 208 166 207 158 203 153 195 166 193 171 193 176 193 186 194 176 199 171 200 166 199
116 153 118 168 120 182 125 196 132 209 143 220 156 227 170 229 184 226 196 218 205 208 211 195 215 181 217 167 219 153 220 139 130 123 139 121 148 122 155 125 162 129 181 130 189 126 196 123 204 123 211 127 171 140 172 150 172 160 172 170 162 177 166 178 171 179 176 178 181 176 138 141 144 138 151 138 157 143 150 144 143 144 184 143 191 139 197 138 203 142 198 145 191 145 150 194 158 190 166 188 171 189 176 188 183 190 189 194 183 203 176 208 171 209 165 208 158 204 154 195 166 193 171 193 176 193 186 195 176 200 171 201 166 200
116 153 118 168 120 182 125 197 132 209 143 219 156 227 170 230 183 227 195 219 205 208 211 195 215 181 217 167 219 153 220 139 130 124 139 121 148 122 155 125 162 129 182 130 189 126 196 123 204 123 211 127 172 140 172 150 172 160 172 170 162 177 166 178 171 180 176 178 181 176 138 141 144 138 150 138 156 143 150 144 143 144 184 143 191 139 197 138 203 142 198 145 191 145 150 195 158 190 166 188 171 189 176 188 183 190 189 195 183 204 176 208 170 209 165 208 158 204 154 195 166 193 171 193 176 193 185 195 176 200 171 201 165 200
116 153 118 168 120 183 125 197 132 210 143 220 156 227 170 230 184 227 195 219 205 208 211 195 215 181 217 167 219 153 220 139 130 124 139 121 147 122 155 125 163 129 182 130 189 126 196 123 204 123 211 127 172 140 172 150 172 160 172 170 162 177 167 178 172 180 176 178 181 177 138 141 144 138 150 138 156 143 150 144 143 144 184 143 191 139 197 138 203 142 198 145 191 145 151 195 159 190 166 188 171 189 176 188 183 191 189 195 183 204 176 208 171 209 165 208 158 204 154 195 166 193 171 194 176 193 185 195 176 200 171 200 166 200
116 153 118 168 120 183 125 197 133 210 143 220 157 227 170 229 184 226 196 218 205 207 211 194 215 181 217 167 219 153 220 139 130 123 139 121 148 122 155 125 163 129 182 130 189 126 196 123 204 123 211 127 172 140 172 150 172 160 172 170 162 177 167 179 171 180 176 179 181 177 138 140 144 137 150 138 156 143 150 144 143 144 184 143 190 138 197 138 203 142 198 145 191 145 151 195 158 191 166 188 171 189 176 188 183 191 188 195 183 204 176 208 171 208 166 208 158 204 154 196 166 194 171 194 176 194 185 196 176 200 171 200 166 200
116 153 118 167 120 182 125 196 132 209 143 219 156 227 170 229 184 227 195 218 205 208 211 195 215 181 217 167 219 153 220 139 130 123 139 121 148 122 155 125 162 130 181 130 189 126 196 123 204 123 211 126 172 140 172 150 172 160 172 170 162 177 166 179 171 180 176 179 181 177 138 140 144 137 151 138 156 143 150 144 143 144 184 143 191 139 197 138 203 142 198 145 191 145 151 195 159 191 166 188 171 189 176 188 183 191 188 195 183 204 176 208 171 208 165 207 158 203 154 195 166 194 171 194 176 194 185 196 176 199 171 200 166 199
116 153 118 167 120 182 125 196 132 209 143 219 156 226 170 229 184 226 195 218 205 207 211 194 214 181 217 167 219 153 219 140 130 123 139 121 148 122 155 125 163 130 181 130 188 126 196 123 204 123 210 127 172 140 172 150 172 160 172 170 162 177 166 179 171 180 176 178 180 177 138 140 143 137 150 138 156 143 150 144 143 144 184 143 190 138 197 138 203 142 198 145 191 145 151 195 158 191 166 188 171 189 176 188 183 191 188 195 183 204 176 207 171 208 165 207 158 203 154 196 166 194 171 194 176 194 185 196 176 199 171 200 166 199
116 152 118 167 120 181 125 195 132 208 143 219 156 226 170 229 184 226 195 218 205 207 211 194 214 181 217 167 219 153 219 139 130 123 139 121 148 122 155 125 162 130 181 130 188 126 196 123 203 123 210 127 171 141 172 151 172 160 172 170 162 177 166 179 171 180 176 179 181 177 137 140 143 137 150 138 156 143 149 144 143 144 184 143 190 138 197 138 203 142 198 145 191 145 151 195 159 191 166 188 171 190 176 188 182 191 188 195 183 203 176 207 171 208 165 207 158 204 155 196 166 194 171 194 176 194 185 196 176 199 171 200 166 199
116 152 118 167 120 182 124 196 132 209 143 219 156 226 170 228 184 226 195 218 205 207 211 194 214 180 217 166 219 153 219 139 130 123 139 121 148 122 155 126 162 130 181 130 188 126 195 123 203 123 210 126 171 140 172 150 172 160 172 170 162 177 166 179 171 180 176 179 180 177 137 140 143 137 150 138 156 143 150 144 143 144 184 143 190 138 197 138 203 141 198 145 191 145 151 195 158 191 166 188 171 190 176 188 183 191 189 195 183 203 176 207 171 207 165 207 158 203 154 196 166 194 171 195 176 194 185 195 176 198 171 199 166 199
116 152 118 166 120 181 124 195 132 208 143 218 156 225 170 228 184 225 196 217 205 206 211 194 214 180 217 166 219 153 219 139 130 123 139 121 148 122 155 125 162 130 181 130 188 126 195 123 203 123 210 126 171 140 172 150 172 160 172 170 162 177 166 179 171 180 176 179 181 177 137 141 143 138 150 138 156 143 149 144 143 144 184 143 190 138 197 138 203 142 198 145 191 145 150 195 158 191 166 189 171 190 176 189 183 191 189 195 183 202 176 205 171 206 166 205 158 202 154 195 166 195 171 196 176 195 186 195 176 197 171 198 166 197
116 152 118 167 120 181 124 195 132 208 143 218 156 225 170 227 184 225 196 217 205 207 211 194 214 181 217 167 219 153 219 139 130 123 139 121 147 122 155 126 162 130 181 130 188 126 195 123 203 123 210 127 171 140 172 150 172 160 172 170 162 177 166 179 171 180 176 179 180 177 137 140 143 138 150 138 156 143 149 144 143 144 184 143 190 138 197 138 202 142 197 145 191 145 150 194 158 191 166 189 171 190 175 189 182 191 189 193 183 200 176 203 171 204 166 203 158 200 154 195 166 195 171 196 176 195 186 194 176 196 171 196 166 196
116 152 118 167 120 182 124 196 132 208 143 218 156 225 170 227 184 224 196 217 205 206 211 194 215 181 217 167 219 153 219 139 130 123 139 121 147 122 155 126 162 130 181 130 188 126 196 123 203 123 210 127 171 140 172 150 172 160 172 170 162 177 166 179 171 180 176 178 181 177 137 140 143 137 150 138 156 143 149 144 142 144 184 143 190 138 197 138 203 141 198 145 191 145 150 194 159 191 166 189 171 190 176 189 183 190 189 193 183 199 176 202 171 203 166 202 159 200 153 194 166 195 171 195 176 195 186 193 176 195 171 196 166 195
116 151 117 166 119 181 124 194 131 207 142 217 156 224 170 226 184 224 196 216 205 206 211 194 215 180 217 166 219 152 219 139 130 123 139 121 147 122 155 126 162 130 182 130 189 126 196 123 203 123 210 126 171 140 172 150 172 160 172 170 161 177 166 179 171 180 176 178 180 177 137 140 143 137 150 138 156 143 149 144 142 144 184 143 190 138 197 138 203 141 198 145 191 145 150 193 159 190 166 189 171 190 176 188 182 190 189 192 183 199 176 202 171 202 166 202 158 199 153 194 166 195 171 195 176 194 186 193 176 194 171 195 166 195
116 152 118 166 120 181 124 195 132 207 143 217 156 224 170 226 184 224 196 216 205 206 211 194 215 180 217 166 219 152 219 139 129 124 138 121 147 122 155 126 162 130 181 130 188 126 196 123 204 123 211 127 171 140 172 150 172 160 172 171 161 177 166 179 171 180 176 178 181 176 137 140 143 137 150 138 156 143 149 144 142 144 184 143 190 138 197 138 203 141 198 145 191 145 150 193 158 190 166 189 171 190 176 188 182 190 189 192 183 198 176 201 171 202 166 201 158 199 153 193 166 194 171 195 176 194 186 193 176 194 171 195 166 194
116 152 118 167 120 181 124 195 132 207 143 217 156 224 171 226 185 223 196 216 205 206 212 193 215 180 217 166 219 153 219 139 130 124 138 121 147 122 155 126 162 130 181 130 188 126 196 124 203 123 210 127 171 140 172 150 172 160 172 171 161 177 166 178 171 179 176 178 181 176 137 140 143 137 150 138 156 143 149 144 143 144 184 143 190 138 197 138 202 141 197 145 191 145 150 192 158 190 166 189 171 190 176 188 182 190 189 192 183 198 176 201 171 202 166 201 158 198 153 193 166 194 171 195 176 194 186 192 176 194 171 195 166 194
116 152 118 166 120 181 124 194 132 207 142 216 156 223 170 225 184 223 196 216 206 205 212 193 215 180 217 166 219 152 219 138 129 124 138 121 147 122 155 126 162 130 181 130 188 126 196 123 204 123 211 127 171 140 171 150 172 160 172 171 161 177 166 178 171 180 176 178 181 176 137 140 143 138 150 138 156 143 150 144 143 144 184 143 190 138 197 138 203 141 198 145 191 145 150 192 158 190 166 189 171 190 176 188 183 190 190 191 183 198 176 201 171 202 165 201 158 198 153 192 166 194 171 195 176 194 187 192 176 193 171 195 166 194
116 152 117 166 119 181 124 194 131 207 142 216 156 223 170 225 185 223 197 216 206 205 212 193 215 180 217 166 219 152 219 139 130 124 139 121 147 122 155 126 162 130 181 130 189 126 196 123 204 123 211 127 171 140 171 150 172 160 172 171 161 177 166 178 171 180 176 178 181 176 137 140 143 138 150 138 156 143 150 144 143 144 184 143 190 138 197 138 203 141 198 145 191 145 149 192 158 190 166 188 171 190 176 188 183 190 190 191 183 198 176 201 171 202 165 201 158 198 153 192 166 194 171 195 176 194 187 192 176 193 171 194 166 194
116 151 118 166 120 180 124 194 132 207 142 216 156 223 170 225 184 223 196 216 206 205 212 193 215 180 217 166 219 152 219 138 129 124 138 122 147 123 155 126 162 130 181 130 189 126 196 123 204 123 211 127 171 140 171 150 172 160 172 171 161 177 166 178 171 180 177 178 181 176 137 140 144 137 150 138 157 143 150 144 143 144 184 143 190 138 197 138 203 141 198 145 191 144 150 192 159 190 166 188 171 190 176 188 183 190 190 191 183 198 176 201 171 202 166 201 158 198 153 192 166 194 171 195 176 194 187 192 176 193 171 194 166 194
116 151 118 165 120 180 124 194 131 206 142 216 156 222 170 225 185 222 197 215 206 205 212 193 215 180 217 166 219 152 220 139 130 124 138 121 147 122 155 126 162 130 181 130 189 126 196 124 204 123 211 127 171 140 172 150 172 160 172 171 161 177 166 178 171 180 176 178 181 176 137 140 144 137 150 138 157 143 150 144 143 144 184 143 191 138 197 138 203 141 198 145 191 145 150 192 159 190 166 188 171 190 176 188 183 190 190 191 183 198 176 201 171 202 166 201 158 198 153 192 166 194 171 195 176 194 187 192 176 193 171 194 166 194
116 151 118 166 120 180 124 194 132 206 142 216 156 223 171 225 185 222 197 215 206 205 212 192 215 179 217 166 219 152 219 139 130 124 138 122 147 122 155 126 162 130 182 130 189 127 196 124 204 123 211 127 172 140 172 150 172 160 173 171 162 177 166 178 172 180 177 178 181 176 138 141 144 138 151 138 156 143 150 144 143 144 184 143 190 138 197 138 203 141 198 145 191 145 150 192 159 190 166 189 171 190 176 188 183 190 190 192 183 198 177 201 171 202 166 202 159 199 153 193 166 194 171 195 176 194 187 192 176 194 171 195 166 194
116 151 118 165 120 180 124 194 132 206 142 216 156 223 171 225 185 223 197 215 206 205 212 192 215 179 217 165 219 151 220 138 130 124 139 121 148 122 155 126 163 130 182 130 189 127 196 123 204 123 211 127 172 140 172 151 172 161 173 171 162 177 167 178 172 180 177 178 181 176 138 140 144 138 150 138 157 143 150 144 143 144 184 143 191 138 197 138 203 141 198 145 191 145 150 192 159 190 167 189 171 190 176 188 183 190 190 192 184 198 177 201 172 202 166 202 159 199 154 193 166 194 171 195 176 194 187 192 176 194 172 195 166 194
116 152 118 166 120 181 124 194 132 207 143 216 157 223 171 225 185 223 197 215 206 205 212 193 215 179 217 165 219 152 220 138 130 124 138 121 147 122 155 126 162 130 182 130 189 126 196 123 204 123 211 127 172 140 172 151 172 161 173 171 162 177 167 178 172 180 177 178 181 177 138 141 144 138 151 138 157 143 150 144 143 144 184 143 191 138 197 138 203 141 198 145 191 145 150 192 159 190 166 188 171 190 176 188 184 190 191 192 184 198 177 202 172 202 166 202 159 199 153 193 166 194 171 195 177 194 187 192 177 194 172 195 166 194
116 151 118 165 120 180 124 194 131 206 143 216 156 223 171 226 185 223 197 216 206 205 212 193 215 179 217 165 219 152 220 138 130 124 139 121 147 122 155 126 162 130 182 130 189 126 196 123 204 123 211 127 171 140 172 150 172 161 172 171 162 177 167 178 172 180 177 178 181 176 138 141 144 138 151 138 157 143 150 144 143 144 184 143 191 138 198 138 203 141 198 145 191 145 150 192 159 190 166 188 171 190 176 188 183 190 190 192 184 198 177 202 171 202 166 202 159 199 154 193 166 194 171 195 176 194 187 192 176 194 171 195 166 194
116 151 118 166 120 180 124 194 132 206 143 216 156 223 171 226 185 223 197 215 206 205 212 193 215 179 217 165 219 152 219 138 130 124 139 121 148 122 155 126 162 130 182 130 189 126 196 123 204 123 211 127 171 140 172 151 172 161 172 171 162 177 167 179 172 180 177 178 181 176 138 140 144 137 151 138 157 143 150 144 143 144 184 143 191 138 198 138 203 141 198 145 191 145 150 192 159 190 166 189 171 190 176 188 183 190 190 192 184 198 177 202 172 203 166 202 158 199 153 193 166 194 171 195 176 194 187 192 176 194 171 195 166 194
116 151 118 166 120 181 124 194 132 207 143 216 157 223 171 225 185 222 197 215 207 204 212 192 215 179 217 165 219 151 220 138 130 124 139 121 148 122 155 126 162 130 182 130 189 126 196 123 204 123 211 127 172 140 172 150 172 160 172 171 162 177 167 178 172 180 177 178 181 176 138 141 144 138 151 138 157 143 150 144 143 144 185 143 191 138 198 138 203 141 198 145 191 145 150 193 159 190 166 189 171 190 176 188 184 190 191 192 184 198 177 201 172 202 166 202 159 199 154 193 166 194 171 195 177 194 187 192 177 194 172 195 166 194
116 151 118 166 120 180 124 194 132 206 143 216 157 223 171 225 185 223 197 215 206 205 212 192 215 179 217 165 219 152 220 138 130 124 139 121 147 122 155 126 162 130 182 130 189 126 197 123 205 123 212 127 172 140 172 150 172 161 172 171 162 177 167 178 172 180 177 178 181 176 138 140 144 137 150 138 157 143 150 144 143 144 184 143 191 138 197 138 203 141 198 144 191 144 150 193 159 190 166 188 171 190 177 188 183 190 190 192 184 198 177 202 172 203 166 202 159 199 154 193 166 194 172 195 177 194 187 192 177 194 172 195 166 194
116 152 118 166 120 181 124 195 132 207 143 216 157 223 171 225 185 223 197 215 206 205 212 193 215 180 217 166 219 153 220 139 130 124 139 121 148 122 155 125 162 129 182 130 189 126 196 123 204 123 211 127 172 140 172 151 172 161 172 171 162 177 167 179 172 180 177 178 181 177 138 140 144 138 151 138 157 143 150 144 143 144 185 143 191 138 198 138 203 141 198 145 191 145 150 193 159 190 166 189 172 190 177 188 184 190 191 192 184 198 177 201 172 202 166 202 159 199 154 193 167 194 172 195 177 194 187 192 177 194 172 195 166 194
117 152 118 166 120 181 124 194 132 207 143 216 156 223 171 225 185 223 197 215 206 205 212 193 215 180 217 166 219 153 220 139 130 124 139 121 148 122 155 125 162 130 182 130 189 126 196 123 204 123 211 127 172 140 172 151 172 161 173 171 162 177 167 179 172 180 177 179 181 177 138 140 144 137 151 138 157 143 150 144 143 144 185 143 191 138 198 138 203 141 198 145 192 145 151 193 159 190 166 188 172 190 177 188 184 190 191 192 184 198 177 201 172 202 166 202 159 199 154 193 166 194 172 195 177 194 187 193 177 194 172 195 167 194
116 152 118 166 120 181 125 195 132 207 143 217 157 223 171 225 185 223 197 215 206 205 212 193 215 180 217 166 219 152 220 139 130 124 139 121 147 122 155 126 163 130 182 130 189 126 197 123 205 123 212 127 172 140 172 151 172 161 172 171 162 177 167 179 172 180 177 179 181 177 138 141 144 138 151 138 157 143 150 144 143 144 185 143 191 138 198 138 203 141 198 145 191 145 150 193 159 190 166 188 172 190 177 188 184 190 191 192 184 198 177 202 172 203 166 202 158 199 154 193 166 194 172 195 177 194 188 193 177 194 172 195 166 194
116 152 118 166 120 181 124 194 132 207 143 217 157 223 171 225 185 223 197 215 206 205 212 193 216 180 218 166 220 152 220 139 131 123 139 121 148 122 156 126 163 130 182 130 189 126 196 123 204 123 211 127 172 140 172 151 172 161 172 171 162 177 167 179 172 180 177 178 181 177 138 140 144 138 151 138 157 143 150 144 143 144 185 143 191 139 198 138 203 141 198 145 192 145 151 193 159 190 166 188 172 190 177 188 184 190 191 192 184 198 177 202 172 203 166 202 159 199 154 194 166 194 172 195 177 194 187 193 177 194 172 195 166 194
