105 134 108 152 112 170 118 187 128 202 141 214 157 223 174 226 191 223 205 213 216 198 224 181 228 164 231 145 233 127 233 109 118 97 127 92 138 91 148 94 158 98 180 97 190 92 200 88 211 89 220 95 169 111 170 123 171 136 172 148 159 158 165 160 172 162 178 159 183 157 128 115 136 110 144 110 152 116 144 118 135 119 187 115 194 108 203 108 210 112 204 116 195 117 146 183 156 179 166 177 172 178 178 176 187 177 197 179 188 189 179 193 173 194 166 194 156 192 149 183 166 183 172 183 178 182 193 180 178 187 172 189 166 188
105 134 108 152 112 170 118 187 127 202 141 214 156 223 173 226 190 222 204 212 216 197 224 181 228 163 230 145 232 127 232 109 117 98 126 92 136 90 147 93 157 97 179 96 188 90 199 86 210 87 218 94 168 110 169 122 169 134 170 146 158 156 164 158 170 160 177 158 182 155 128 114 135 110 143 109 151 115 143 117 134 118 185 114 193 107 201 107 208 111 202 115 193 115 145 181 155 177 165 175 171 176 176 174 185 175 195 178 186 188 178 192 172 193 165 193 155 190 148 181 165 181 171 181 176 180 192 179 177 186 171 187 165 187
104 134 107 152 111 170 117 187 127 202 141 214 156 223 173 227 190 223 204 212 215 197 223 181 228 163 230 145 232 126 232 109 117 96 126 91 136 90 147 92 156 97 178 95 187 90 197 86 208 86 217 92 167 109 168 121 169 133 170 144 157 155 163 157 170 159 176 156 181 154 127 114 134 109 142 109 150 115 142 117 134 117 184 113 192 107 200 106 207 110 201 115 192 115 145 181 154 177 165 174 170 175 175 173 185 174 195 177 186 187 177 192 172 193 165 192 155 190 148 181 165 180 170 180 176 179 191 178 176 185 171 186 165 186
104 136 107 153 111 171 117 188 127 203 141 215 157 223 173 226 190 222 204 212 215 198 222 182 227 165 229 146 231 128 231 110 115 96 124 90 135 89 145 92 155 96 177 95 186 89 196 85 207 85 216 91 166 109 167 120 168 131 169 143 156 155 163 157 170 158 176 156 181 153 126 114 133 109 142 108 149 114 141 117 132 117 183 112 191 106 200 105 207 109 200 114 192 114 145 180 154 176 164 172 170 173 175 171 185 173 195 176 186 185 178 189 172 190 165 190 155 188 149 181 164 180 170 180 176 179 191 177 177 180 171 181 165 181
103 135 106 153 111 171 117 188 127 203 141 215 157 224 174 225 191 221 205 210 216 196 223 180 227 163 229 144 230 126 230 109 115 95 124 90 135 89 145 91 154 95 176 93 185 87 195 83 205 83 214 88 166 107 167 118 168 130 169 141 156 153 163 155 169 156 175 154 181 151 125 113 132 108 141 108 148 114 141 116 132 117 182 111 190 104 199 104 205 108 200 112 191 112 145 180 155 174 165 170 170 172 176 169 186 172 195 175 187 185 178 190 171 191 165 191 155 189 149 180 165 179 170 179 177 178 191 176 177 179 171 181 165 181
102 136 106 154 111 171 117 188 127 202 140 214 157 222 174 224 191 219 205 209 216 196 223 180 227 162 229 144 230 125 229 107 113 96 122 89 132 87 143 89 153 93 175 91 184 85 194 81 205 81 214 87 165 106 166 117 167 127 168 138 156 152 162 153 169 154 175 152 180 149 124 113 131 108 140 107 148 113 140 115 131 116 181 109 189 103 198 102 205 106 199 110 190 111 145 179 154 172 163 168 169 169 175 167 185 169 194 174 186 184 178 189 171 190 165 190 155 187 149 179 164 177 170 177 176 175 190 175 176 178 170 180 165 180
102 135 106 152 111 170 117 187 127 201 140 213 156 221 174 223 191 218 205 208 216 194 223 178 227 161 228 142 229 123 229 106 112 95 120 88 131 86 142 88 152 92 174 89 183 82 193 78 203 79 212 84 164 104 165 114 166 124 167 135 155 149 161 150 168 151 174 149 179 146 123 112 130 107 138 106 146 111 139 114 130 115 180 107 188 101 196 100 203 104 197 108 189 109 146 179 154 170 163 165 169 165 175 163 184 166 194 173 186 184 177 189 171 190 165 190 155 187 150 178 164 173 169 172 175 171 190 174 176 179 170 180 164 180
102 135 106 152 111 169 117 185 127 200 141 211 157 220 175 221 192 216 205 205 216 191 224 175 227 157 229 139 229 121 228 103 112 94 120 87 130 85 140 86 150 90 172 86 181 80 191 76 201 76 211 80 162 103 164 113 165 123 166 133 156 147 161 148 167 149 173 147 178 144 123 112 129 106 138 105 146 110 138 113 130 114 180 106 187 99 195 98 203 102 197 106 188 107 147 178 154 168 163 162 169 163 174 161 184 165 193 172 186 184 177 190 171 192 164 192 155 188 151 178 163 171 169 170 175 169 189 173 176 181 170 182 164 182
102 135 106 152 111 169 118 185 128 199 142 210 158 218 176 219 193 214 206 203 217 190 224 173 227 156 228 137 229 119 227 102 111 94 118 87 128 84 139 85 149 88 171 84 180 78 190 74 200 74 210 79 161 101 163 111 164 121 165 131 155 146 161 147 167 147 172 145 177 142 122 111 129 106 137 105 145 109 138 112 129 114 179 104 186 97 194 97 201 100 195 104 187 105 148 177 155 168 163 163 168 163 173 161 183 164 192 169 185 179 177 184 171 186 165 186 156 184 152 176 164 171 169 171 174 169 188 170 175 175 170 177 165 177
101 135 105 151 110 168 117 184 127 197 141 208 158 215 176 216 193 211 207 201 218 188 224 172 227 155 228 136 228 118 227 101 110 94 118 87 128 83 138 84 148 87 170 83 179 77 189 72 200 73 209 78 161 99 162 110 163 120 165 130 155 146 161 147 166 147 172 144 177 142 121 111 128 106 136 105 145 108 137 112 129 114 178 103 186 97 194 96 201 99 195 103 187 104 148 175 155 168 163 163 168 163 173 161 182 163 192 167 185 174 177 179 171 180 166 181 157 180 151 174 164 171 169 170 174 169 188 167 175 170 170 172 165 172
101 135 105 152 111 169 117 185 127 198 142 208 159 215 177 215 194 210 207 200 218 187 225 171 228 154 229 136 229 118 227 101 112 96 119 88 128 83 139 84 148 87 170 83 179 76 189 72 200 73 209 79 161 100 162 110 164 120 165 130 155 145 161 146 167 146 172 144 177 141 125 113 131 110 138 108 146 109 139 113 132 115 178 104 185 100 192 100 199 101 193 104 186 105 148 174 156 167 164 162 169 163 173 161 182 162 192 165 185 173 177 177 172 179 167 180 158 179 152 173 165 170 169 169 174 168 189 166 175 169 170 171 166 171
101 135 105 152 110 169 117 185 128 199 142 209 159 215 178 215 195 210 209 200 219 187 226 170 228 153 229 135 228 117 227 100 112 96 118 88 128 84 138 84 148 87 170 83 179 76 189 72 199 73 208 78 161 101 162 110 164 120 165 130 156 145 161 146 167 146 173 144 178 141 125 115 131 112 138 110 146 110 140 114 133 116 178 104 184 102 191 102 198 102 192 105 185 106 148 175 156 167 164 162 169 163 174 160 183 162 193 165 185 173 178 177 172 179 167 180 158 179 152 174 165 170 170 169 175 168 189 166 176 169 171 171 166 171
101 137 105 154 111 171 118 187 128 200 143 210 160 217 178 217 195 211 208 201 219 187 225 171 228 153 229 135 229 117 227 100 111 97 118 89 128 85 138 85 148 88 170 84 179 77 189 73 199 73 208 78 161 101 162 111 164 121 165 131 155 146 161 147 167 147 173 145 178 142 123 115 129 112 136 110 145 110 138 113 131 115 178 104 185 101 192 100 199 101 193 104 186 105 148 176 155 167 164 162 169 163 174 160 184 162 193 166 186 175 178 181 173 183 167 183 157 182 152 175 165 171 170 170 175 168 189 167 177 171 171 173 166 174
101 136 105 154 110 171 117 187 127 201 142 211 159 217 177 217 194 212 207 201 218 188 224 172 227 155 229 136 229 118 227 101 110 96 118 89 128 85 138 85 148 89 170 84 179 77 189 72 200 73 208 78 161 101 162 111 164 121 165 131 155 146 161 147 167 147 173 145 178 142 122 114 128 110 136 108 144 110 137 113 130 115 178 104 185 100 192 99 199 100 193 104 186 104 148 176 155 167 163 162 168 162 174 160 183 162 192 167 185 176 177 181 172 183 166 184 157 182 151 175 164 171 169 170 175 168 188 168 176 172 170 174 165 174
100 136 104 153 108 169 115 185 125 199 139 209 157 216 175 217 192 212 206 202 217 190 223 173 226 156 228 138 228 120 227 102 110 95 117 88 127 84 138 85 147 88 170 84 179 77 189 73 199 73 208 78 160 100 161 110 163 120 164 130 155 146 160 147 166 147 172 145 177 142 121 113 127 109 135 107 144 109 136 112 129 114 178 103 185 99 192 98 200 100 193 104 186 104 147 175 154 167 162 162 167 162 171 160 180 163 190 167 182 174 175 177 169 179 164 180 156 179 150 174 162 171 167 170 172 169 186 167 173 169 168 171 163 171
99 134 103 150 108 167 113 184 123 198 138 208 155 215 173 216 191 211 205 201 216 189 223 173 226 155 226 137 227 119 226 101 110 93 117 87 127 83 138 85 148 88 169 84 178 77 188 73 199 73 208 78 160 100 161 110 162 120 163 130 154 146 159 147 165 147 171 145 176 142 121 112 127 108 135 107 143 109 136 112 128 114 177 103 184 99 192 98 199 100 193 104 185 105 147 174 153 166 161 161 166 162 170 160 179 163 188 168 180 175 173 178 168 180 163 180 155 179 150 173 162 170 166 170 171 169 184 168 171 169 167 170 162 171
99 136 103 153 108 170 114 186 124 199 138 209 155 215 173 216 189 211 203 202 215 190 222 175 226 158 227 140 227 121 226 104 108 95 116 88 126 84 137 84 148 88 169 84 178 77 188 73 199 74 208 80 159 100 161 110 162 120 163 130 153 146 159 146 165 146 171 144 176 142 120 112 126 108 134 106 143 109 135 112 127 114 177 103 184 99 192 98 199 100 193 104 185 105 147 175 153 167 160 162 165 162 170 160 179 163 187 169 180 175 173 179 168 180 163 180 155 179 150 174 161 170 166 170 171 169 184 169 172 169 167 171 162 171
98 136 102 154 107 171 114 187 125 201 140 210 157 217 174 218 191 213 205 204 215 191 222 175 225 158 227 139 227 121 226 104 110 93 118 86 127 84 137 85 147 88 169 84 178 78 187 73 198 73 207 78 159 100 160 111 162 120 163 131 153 146 159 147 165 147 170 145 175 143 120 112 126 108 134 106 142 109 135 112 127 114 177 104 184 99 192 99 199 101 193 105 185 105 148 177 154 168 161 162 165 163 170 160 178 164 187 170 180 177 173 181 168 182 163 182 155 181 152 176 161 171 166 171 171 170 183 170 171 171 167 172 162 173
98 137 102 154 107 171 114 188 125 202 139 212 156 220 174 221 191 216 205 206 215 193 222 177 225 159 226 140 227 122 226 104 110 94 117 88 127 85 137 86 147 89 169 86 177 79 187 75 197 75 207 79 159 102 160 112 161 122 163 132 153 147 159 148 164 148 170 146 175 144 120 113 126 108 134 107 142 110 135 113 127 115 177 105 184 100 192 99 199 102 193 106 185 106 148 179 153 168 160 162 165 163 170 160 179 164 187 173 181 182 174 187 168 188 163 189 155 186 152 178 161 171 166 170 171 169 183 172 172 177 167 178 162 178
98 139 102 157 108 174 115 191 125 205 139 217 155 225 173 226 189 221 202 211 213 197 220 180 224 162 226 143 226 124 226 105 109 94 117 88 126 86 136 87 146 90 169 87 177 80 186 76 197 75 206 79 158 104 160 114 161 124 162 134 153 149 158 150 164 150 169 148 174 145 119 114 125 110 133 108 141 112 134 115 126 116 176 107 184 102 192 101 199 104 193 108 185 108 147 182 151 169 160 163 165 163 171 161 180 166 187 176 182 189 174 195 168 197 161 197 153 193 151 181 160 172 166 171 171 170 183 176 172 185 167 187 161 187
97 139 102 157 107 174 114 191 124 206 138 218 155 227 172 229 189 223 202 212 213 198 221 181 224 162 225 143 226 124 225 106 108 96 116 90 125 88 136 89 145 92 168 88 177 82 187 78 197 78 206 82 158 105 159 115 161 125 162 136 152 150 157 152 163 152 169 150 174 147 118 116 124 111 133 109 141 113 133 116 125 118 176 108 183 103 191 102 198 105 192 109 184 110 145 183 150 171 159 165 165 166 170 163 180 167 188 177 182 191 174 198 167 199 161 200 151 195 148 183 160 174 165 173 171 172 184 177 172 188 166 189 160 190
97 139 101 157 106 175 113 192 124 206 138 218 155 227 173 229 190 223 203 212 214 198 221 180 224 162 225 143 225 124 224 106 108 97 116 91 125 89 135 90 145 94 167 90 176 83 186 79 196 79 206 83 158 106 159 117 160 127 162 138 152 152 157 154 163 154 169 152 174 149 118 117 124 112 132 111 141 114 133 118 125 119 175 109 183 104 191 103 198 106 192 110 184 111 143 184 150 175 159 170 165 170 170 168 180 170 189 175 183 188 174 195 168 197 162 198 152 194 147 183 160 178 166 177 171 176 185 176 172 185 167 188 161 188
96 140 100 157 105 175 112 192 122 206 137 218 154 226 173 227 190 222 203 211 214 197 221 179 224 161 225 142 225 124 224 106 107 100 115 93 125 90 135 91 145 95 167 91 176 84 186 80 197 80 206 85 157 107 159 118 160 128 161 139 152 154 157 156 163 156 169 153 174 150 117 118 124 113 132 112 141 115 133 119 125 120 175 110 182 105 190 103 197 106 191 111 183 111 143 183 152 178 160 173 165 173 170 171 179 173 189 175 181 184 173 188 168 190 163 191 154 190 147 183 161 181 166 180 171 178 186 176 172 181 167 182 162 183
97 144 101 160 106 177 113 193 124 207 138 218 156 225 174 226 191 221 204 210 215 197 221 180 224 162 225 143 225 125 224 108 107 100 114 94 124 91 134 92 144 96 167 92 175 85 185 80 196 80 205 85 157 108 158 118 160 129 162 140 152 155 158 156 164 156 169 154 174 151 117 119 124 114 132 113 140 116 133 120 124 121 175 111 182 105 190 104 197 107 192 111 183 112 144 184 152 178 161 174 166 174 170 172 179 173 190 175 182 184 174 188 169 190 163 190 154 189 147 184 162 180 166 180 171 178 186 176 172 181 167 183 163 183
97 143 101 160 107 178 114 194 125 208 140 219 157 226 175 227 192 221 205 210 216 196 222 179 224 161 225 142 225 124 224 106 107 101 115 95 124 92 135 93 145 96 167 92 175 85 185 80 196 80 205 84 157 108 159 119 160 130 162 141 152 156 158 157 164 157 169 154 174 151 118 120 124 115 132 113 141 117 133 120 125 122 175 111 182 105 190 104 197 107 192 111 183 112 144 185 152 178 161 173 166 174 171 171 181 173 191 175 183 185 175 190 170 192 164 193 154 191 148 184 162 181 167 180 172 179 187 176 173 182 168 184 163 184
97 144 102 161 107 179 115 195 126 209 141 220 158 228 176 229 192 223 205 211 216 197 222 179 225 161 226 142 225 124 223 106 108 102 115 95 125 92 135 93 145 96 167 92 176 85 185 80 196 80 205 84 157 109 159 119 161 129 162 140 153 155 158 156 164 156 170 154 175 151 118 120 124 115 132 114 141 117 133 120 125 122 175 111 182 105 190 104 198 107 192 111 184 112 144 186 151 176 160 171 166 171 172 169 183 171 191 176 185 189 176 196 170 198 163 198 153 195 148 185 161 180 167 179 173 177 187 177 174 186 168 188 162 189
97 144 102 161 107 178 115 195 126 208 141 220 157 228 175 230 191 224 204 212 215 198 222 180 225 162 225 142 225 124 224 105 107 103 114 97 124 93 135 93 144 96 167 92 175 85 185 80 196 80 205 84 157 108 159 119 160 130 162 141 152 155 158 156 164 156 170 154 175 151 117 120 123 115 132 113 140 117 133 120 125 122 175 111 182 105 190 103 197 106 191 111 183 112 144 185 151 175 160 169 166 170 172 167 182 170 191 177 185 190 176 197 169 199 163 200 153 196 148 185 161 178 167 177 173 176 187 178 174 187 168 189 162 189
97 144 102 161 107 178 115 194 126 208 141 219 158 228 175 229 191 223 204 211 214 197 222 180 225 162 226 142 225 123 224 105 106 101 114 95 124 93 134 93 144 97 166 92 174 85 184 80 194 79 204 83 157 109 158 119 160 129 162 140 152 154 158 155 164 155 170 153 175 150 117 120 123 115 132 114 140 117 132 120 124 122 175 111 182 105 190 103 197 106 191 110 183 111 144 185 150 174 160 168 166 168 172 166 183 169 192 177 186 191 176 199 169 201 162 201 152 197 148 184 161 176 167 175 173 174 188 178 174 189 168 191 162 192
97 145 102 162 108 179 115 195 126 208 141 219 157 228 174 229 191 223 204 211 214 197 221 180 224 162 225 142 225 123 223 105 106 102 114 96 123 93 134 93 144 96 166 92 174 84 184 79 195 79 204 83 157 108 158 118 160 129 161 139 152 154 158 155 164 155 169 152 174 149 117 120 123 115 131 113 140 117 132 120 124 122 174 110 181 104 189 103 197 105 191 110 183 111 144 184 150 174 160 168 166 168 172 166 183 168 191 176 185 189 176 195 169 197 163 198 153 195 148 184 161 176 167 175 173 174 188 177 174 184 168 186 162 187
97 145 102 162 108 180 115 195 127 209 142 220 158 228 176 229 192 223 205 211 215 197 222 180 225 161 225 141 225 122 223 104 107 101 114 95 124 92 134 93 143 97 165 91 174 84 183 79 194 78 204 82 156 108 158 118 159 129 161 139 152 154 158 155 164 155 170 152 175 149 117 120 123 115 131 113 140 117 132 120 124 122 174 110 181 104 189 102 197 105 191 110 183 111 144 184 151 173 160 167 166 167 172 165 183 168 192 175 186 190 177 196 170 198 163 199 153 196 148 184 161 175 167 174 173 173 188 176 174 186 168 188 162 188
97 146 103 163 109 181 117 197 128 211 142 223 159 231 176 232 193 226 205 214 215 200 222 182 225 163 226 143 225 123 223 104 106 103 113 96 123 93 133 94 142 96 164 91 173 84 182 79 193 78 203 82 155 108 157 119 159 129 161 139 151 154 157 155 163 155 169 152 174 149 117 121 122 115 131 114 139 117 132 120 124 122 174 110 180 104 188 102 196 105 190 110 182 111 144 186 150 174 159 167 166 167 172 165 183 168 192 176 186 191 177 198 170 200 163 201 153 197 148 185 161 176 167 174 173 173 188 177 174 187 168 189 162 190
98 148 104 165 110 183 119 199 130 214 144 226 161 234 178 235 194 228 207 216 217 201 223 182 226 163 226 143 225 123 222 103 106 104 113 98 122 94 132 94 142 97 164 91 172 84 182 79 192 78 202 82 155 109 157 119 159 129 161 139 152 154 158 155 164 155 169 152 174 149 116 121 122 116 130 114 139 117 131 121 123 123 173 110 180 104 188 102 196 105 190 110 182 111 145 187 150 174 160 168 166 168 172 165 183 168 192 178 187 194 177 202 170 204 164 204 153 200 149 187 161 176 167 175 173 173 188 179 175 191 169 193 162 194
98 147 103 165 110 182 118 199 129 214 144 226 161 235 179 236 195 229 207 217 217 201 224 183 227 163 226 142 225 122 223 102 106 106 113 100 122 96 132 95 142 98 163 93 172 85 181 80 192 79 202 83 155 109 157 120 159 130 161 140 152 155 158 156 164 156 169 153 175 150 117 122 122 117 130 115 139 118 132 122 124 124 173 111 180 104 188 103 195 105 189 110 181 111 146 188 151 175 160 168 166 168 172 166 184 169 193 178 187 195 178 203 171 205 164 205 154 201 149 187 161 176 168 175 174 173 189 179 175 192 169 194 162 195
99 150 104 168 111 185 120 201 131 216 146 227 162 235 180 236 196 229 208 216 218 201 225 183 227 164 227 144 226 124 223 105 106 108 112 101 122 96 132 96 142 98 164 93 172 86 183 81 194 80 204 85 155 111 157 121 159 131 161 142 152 156 158 157 164 157 170 154 175 151 117 123 123 118 131 116 140 119 132 123 124 125 174 112 180 105 188 103 196 106 190 111 182 112 147 188 152 176 161 169 167 169 173 166 184 169 193 178 188 195 179 203 172 205 165 206 155 201 150 187 162 177 168 175 174 174 190 179 176 193 170 195 163 195
99 149 104 167 111 184 120 200 132 214 147 225 163 233 181 233 197 226 210 214 220 199 226 181 228 162 228 142 227 123 224 105 107 106 114 100 123 97 133 97 143 99 165 94 173 86 183 81 193 80 203 83 156 111 158 121 160 132 162 142 153 157 159 158 165 157 171 155 176 151 117 124 123 118 131 117 140 120 132 124 124 126 174 112 181 106 189 104 197 107 191 112 183 113 147 188 152 176 161 170 168 170 174 167 185 170 194 177 188 192 179 200 172 202 166 203 155 200 150 188 163 178 169 177 175 175 191 178 177 190 170 192 164 193
99 150 105 168 111 184 119 200 131 213 146 223 162 229 180 229 196 223 208 211 219 198 225 181 228 163 228 144 227 125 224 106 106 109 113 102 122 98 133 98 143 100 165 95 173 88 183 82 194 81 204 86 156 112 158 123 160 133 162 144 153 158 159 159 165 158 171 156 176 152 118 125 123 119 132 117 140 121 133 125 125 127 174 113 181 106 189 105 197 107 191 112 183 114 147 188 153 177 161 171 168 171 174 168 185 170 194 177 188 190 179 197 172 199 165 200 155 197 150 187 163 178 169 177 175 176 190 178 177 187 170 189 164 189
99 149 104 165 110 182 117 198 129 211 144 221 161 227 179 227 195 221 208 210 218 197 225 180 228 162 228 143 227 124 224 106 106 109 113 102 123 98 133 98 143 101 165 96 173 88 183 83 194 82 204 86 156 112 158 123 160 134 162 145 153 158 158 159 165 159 171 156 176 152 118 124 124 119 131 117 140 121 133 124 125 126 174 113 181 107 189 105 196 107 190 112 183 113 146 187 152 177 161 171 167 171 173 168 184 170 193 176 187 188 178 195 171 197 165 198 155 196 149 186 162 178 168 177 174 175 190 177 176 186 170 188 163 189
99 148 104 164 109 181 116 197 128 210 143 220 160 227 178 227 194 221 207 210 218 197 225 180 228 162 228 143 227 124 224 106 106 109 113 102 122 98 133 98 143 101 165 96 174 88 184 83 195 83 205 87 156 113 158 123 160 134 161 145 152 158 158 159 164 159 170 156 176 153 118 124 123 119 132 117 140 121 133 124 125 126 174 114 181 107 189 105 197 108 191 113 183 114 145 187 152 177 161 171 167 172 173 169 183 170 193 176 186 188 178 195 171 198 164 198 154 196 149 186 162 178 168 177 174 175 190 177 175 187 169 189 163 190
99 149 104 166 110 183 118 198 129 212 144 222 161 229 178 229 195 223 207 211 219 198 225 181 228 163 228 143 227 125 225 107 107 109 113 102 123 98 133 98 143 101 166 96 174 88 184 83 195 83 205 87 156 113 158 123 160 134 161 145 152 158 158 159 164 159 170 156 176 153 118 125 124 119 132 117 141 121 133 124 125 126 175 114 181 107 189 105 197 108 191 113 183 114 146 188 152 177 160 172 167 172 173 169 183 171 193 177 186 190 178 197 171 199 164 200 154 198 149 187 162 179 168 178 174 176 189 178 175 188 169 190 163 191
99 149 105 166 111 183 119 199 130 213 145 224 161 232 178 233 194 227 207 215 218 201 225 183 228 165 228 145 227 126 225 107 107 108 114 101 123 98 134 98 144 101 165 97 173 89 183 84 195 83 205 87 156 113 158 124 160 134 161 145 152 158 158 159 164 160 170 157 176 153 118 125 123 119 132 117 141 121 133 125 124 127 175 114 181 107 190 106 197 109 192 113 183 115 146 189 152 178 161 172 167 172 173 169 184 172 193 179 187 194 178 202 171 204 164 205 154 201 149 188 162 179 168 178 174 176 189 180 175 192 169 194 163 195
99 148 104 166 111 184 119 200 130 215 145 226 160 234 178 235 194 229 206 217 217 203 225 185 227 166 228 146 227 127 225 108 106 109 114 102 123 99 134 99 144 102 165 97 174 90 184 85 195 84 205 88 156 114 158 124 160 135 161 146 152 160 158 161 164 161 171 158 176 154 117 125 123 120 132 118 141 122 133 125 125 127 175 115 182 108 190 107 197 109 191 114 183 115 146 191 152 179 161 173 167 173 173 170 184 173 193 181 187 196 178 204 171 207 164 207 154 203 150 190 162 180 168 179 174 177 190 181 176 195 169 197 163 197
99 150 105 167 111 185 119 201 130 215 145 227 161 235 178 236 194 229 207 217 218 203 225 185 227 166 228 146 227 127 225 108 106 109 114 102 123 99 134 100 144 103 165 98 174 91 184 86 195 85 205 88 157 114 158 125 160 136 162 147 152 160 158 161 165 161 171 158 177 155 118 126 124 120 132 119 140 122 133 126 125 128 175 115 181 109 190 107 197 110 191 114 183 116 146 191 152 180 161 174 167 174 173 171 184 174 193 181 187 196 178 205 171 207 164 207 155 203 150 190 162 180 168 180 175 178 190 182 176 195 170 197 163 198
99 150 105 168 111 185 118 201 129 215 144 226 161 234 178 235 194 228 207 216 218 202 225 185 228 166 228 146 227 127 225 108 106 112 113 104 123 100 134 101 144 104 166 99 174 91 184 86 195 85 205 90 157 115 159 126 160 137 162 148 152 161 158 162 165 162 171 159 177 156 118 127 124 121 132 119 141 123 133 126 125 128 175 116 182 110 190 108 197 111 191 115 183 116 147 191 153 181 161 175 168 175 174 172 184 174 193 181 187 195 178 203 172 205 165 206 155 202 150 191 162 182 169 181 175 179 190 182 176 193 170 195 163 196
99 152 104 169 110 185 117 201 129 214 144 224 160 231 178 232 194 226 207 214 218 201 225 184 227 165 228 146 227 127 225 109 106 112 113 104 123 101 134 102 144 105 165 100 174 92 184 87 196 86 206 90 157 116 158 127 160 138 162 149 152 162 158 163 165 163 171 160 176 157 117 127 123 122 132 120 141 124 133 128 125 129 175 117 182 110 190 109 197 111 192 116 183 118 146 191 152 181 161 175 167 176 173 173 184 175 193 180 187 193 178 200 171 203 165 203 155 200 149 190 162 182 168 181 175 179 189 181 176 191 170 193 163 194
99 151 103 168 109 185 116 200 127 213 143 223 160 229 177 230 193 224 207 213 218 199 225 183 227 165 227 146 227 128 225 110 107 111 115 105 124 101 135 102 144 105 166 100 174 93 184 87 195 86 205 90 157 117 159 128 160 138 162 150 152 163 158 164 165 164 171 161 176 158 117 128 124 123 132 121 141 125 133 129 125 130 175 118 182 111 190 110 198 112 192 117 184 119 144 190 152 181 160 176 167 176 173 173 183 175 192 180 186 191 177 198 170 201 164 201 154 199 148 190 161 183 168 182 174 180 189 181 175 189 169 192 162 193
98 152 103 169 108 185 115 200 127 213 142 223 159 229 177 229 193 223 206 212 218 199 225 182 227 165 228 146 227 128 225 111 108 113 115 106 124 102 134 103 144 106 166 100 174 93 184 88 195 87 204 91 157 117 159 128 161 139 162 150 152 163 158 164 164 164 171 161 176 158 120 130 125 126 133 124 141 126 134 130 127 132 175 119 182 114 189 113 196 114 191 118 183 120 144 190 152 182 160 177 167 177 173 174 183 176 192 180 185 190 177 196 170 198 164 199 154 197 148 189 161 184 167 183 174 181 188 181 175 188 168 190 162 191
98 151 102 169 107 185 114 201 125 214 141 223 158 229 175 229 192 223 206 213 217 200 224 183 227 166 227 147 227 129 225 111 108 112 115 105 124 102 134 103 143 106 166 100 174 93 184 88 194 88 204 92 157 119 159 129 160 140 162 150 152 164 158 165 164 165 170 162 176 159 122 133 128 130 135 128 142 128 136 131 129 133 174 121 180 119 187 118 194 118 188 121 181 122 144 191 152 182 160 177 166 178 172 175 182 176 191 180 184 190 176 196 170 198 163 199 154 197 148 190 161 184 167 183 173 181 188 181 174 188 168 190 162 191
97 151 102 168 107 185 114 200 125 213 141 223 158 229 175 229 192 223 205 213 217 200 224 183 226 166 226 147 226 128 224 110 107 113 114 106 123 103 133 104 143 107 166 101 174 94 184 89 194 89 204 93 156 119 158 130 160 141 162 152 151 165 157 166 164 166 170 163 175 159 120 133 127 131 133 129 141 128 135 131 128 134 174 121 180 119 187 118 195 118 188 121 181 122 145 191 152 183 160 178 166 178 172 175 181 177 191 181 184 191 176 197 169 199 163 200 154 198 149 190 161 184 167 183 173 182 187 182 174 188 168 190 162 191
97 152 102 169 107 186 114 202 125 215 141 224 158 230 175 231 191 225 204 214 216 201 223 185 226 167 227 148 226 129 224 111 106 112 113 106 123 103 133 105 142 107 166 102 174 95 183 90 193 88 203 91 156 120 158 131 159 142 161 153 151 166 157 167 163 167 169 164 175 161 118 133 125 130 132 128 140 128 133 131 126 133 174 121 181 118 188 117 195 117 189 120 182 121 145 192 151 184 159 179 165 179 171 176 180 178 189 183 183 193 175 198 169 201 162 201 153 199 148 191 160 185 166 185 172 183 186 184 173 189 167 192 161 192
97 151 101 168 107 185 113 201 125 214 140 224 157 231 174 232 190 226 204 215 216 202 223 185 226 167 226 148 225 129 224 111 106 113 113 107 123 105 133 106 142 108 165 103 173 96 183 91 193 89 203 93 156 120 157 131 159 143 161 154 151 167 157 168 163 168 169 165 174 162 118 132 124 129 131 127 139 128 133 132 125 133 174 121 181 117 188 116 195 117 189 121 182 122 144 193 151 184 158 180 165 180 171 177 180 179 189 184 183 194 175 199 168 202 161 202 153 200 148 192 159 187 165 186 172 184 185 185 173 190 166 192 160 193
96 151 101 168 106 185 113 201 124 214 139 224 156 231 174 232 190 226 204 215 216 202 223 185 225 167 226 148 225 129 223 111 105 114 113 107 122 105 132 107 142 110 164 104 172 97 182 92 193 90 204 93 155 121 157 132 158 144 160 155 150 168 156 169 163 169 169 166 174 163 116 133 123 129 130 127 139 129 131 132 124 134 173 122 180 117 188 116 196 117 189 121 182 123 143 194 150 186 158 181 164 181 170 179 179 181 188 186 182 195 174 201 167 203 161 203 152 201 148 193 159 188 165 187 171 186 184 186 172 191 166 193 159 194
96 153 101 170 106 187 114 203 125 216 140 226 156 234 174 234 190 228 204 217 215 204 222 187 225 169 226 150 225 131 223 113 106 115 113 109 122 107 132 108 142 111 164 105 172 98 181 93 192 91 202 94 155 122 156 134 158 145 160 157 150 169 156 170 162 170 168 167 174 164 116 133 122 129 130 127 138 130 131 133 123 135 173 123 180 118 188 116 195 118 189 123 181 124 143 195 150 187 157 182 163 183 169 180 179 182 188 187 181 198 173 204 167 206 160 206 152 203 148 195 158 189 164 189 170 187 183 188 171 194 165 195 159 196
97 154 102 171 107 188 114 204 125 217 140 227 156 235 173 236 190 231 203 219 215 205 222 188 225 170 225 151 225 132 223 114 105 116 112 110 122 108 132 109 141 111 164 107 172 99 181 94 192 92 202 95 154 123 156 135 158 146 159 158 150 170 156 171 162 171 168 169 173 165 116 134 122 129 130 128 138 131 131 134 123 136 173 124 179 118 187 116 195 119 189 124 181 125 144 198 150 189 157 184 163 184 169 182 178 184 187 189 181 200 173 206 167 208 161 208 152 205 149 197 159 191 164 190 170 189 182 190 171 196 165 197 159 198
97 154 102 170 107 187 114 203 125 216 140 227 156 235 174 237 191 231 204 219 216 205 223 188 225 170 225 151 225 132 223 113 104 116 112 110 122 108 132 109 142 112 163 107 172 100 182 94 193 93 203 95 154 124 156 135 158 147 160 158 150 171 156 172 162 172 168 169 174 166 115 134 121 129 130 128 138 131 131 135 122 137 173 125 180 118 188 117 196 119 190 124 181 125 144 198 150 189 158 184 164 185 169 182 179 185 188 190 182 201 173 207 167 208 161 209 152 206 148 197 159 191 165 191 170 189 183 191 171 197 166 198 160 199
97 154 102 171 108 188 115 204 126 217 141 228 158 235 175 236 191 231 204 219 215 206 223 189 225 171 226 151 225 133 224 114 105 116 113 110 123 109 133 110 143 113 164 108 172 101 182 95 192 93 204 96 155 124 156 136 158 147 160 159 150 171 156 172 162 173 169 170 174 167 116 134 122 129 130 127 139 131 131 135 123 137 173 125 180 118 189 117 196 119 191 125 182 126 145 199 150 190 158 185 164 185 170 183 179 185 188 190 182 201 174 207 168 209 161 209 153 206 149 198 159 192 165 191 171 190 184 191 172 197 166 198 160 199
97 152 102 169 108 186 115 202 126 216 141 226 157 234 175 235 191 230 205 218 216 205 223 188 225 170 226 151 226 132 224 114 105 115 113 109 123 108 133 110 143 113 165 108 173 101 183 95 194 93 205 96 155 124 157 136 159 148 161 159 151 171 157 172 163 173 169 170 174 167 116 133 122 129 131 127 139 131 132 134 123 136 174 125 181 118 189 117 197 119 191 124 183 126 145 198 151 190 159 185 165 185 171 183 180 185 189 190 183 201 175 206 168 208 162 208 153 206 149 198 160 192 166 191 172 190 184 191 173 196 167 198 161 198
97 152 102 169 108 186 115 202 126 216 141 226 158 234 175 235 191 230 205 218 216 205 223 188 226 170 226 151 226 132 225 114 105 114 114 108 124 107 134 109 144 112 166 108 175 101 184 95 194 93 205 96 156 124 158 136 160 147 162 159 151 171 157 172 164 173 170 170 175 167 117 133 123 128 131 126 140 131 132 134 124 135 175 125 181 118 190 116 198 119 192 124 183 126 145 198 151 189 159 185 165 185 171 183 180 185 189 190 183 200 175 206 168 207 162 208 153 205 149 197 160 192 166 191 172 190 185 191 173 196 167 198 161 198
98 152 102 169 108 186 115 202 126 216 141 226 158 234 175 235 191 229 204 218 216 205 223 188 226 170 227 151 227 132 225 114 106 112 115 108 125 107 135 109 144 112 166 108 175 101 184 95 195 93 206 96 157 124 158 136 160 147 161 159 151 171 157 173 163 173 170 170 175 167 117 132 124 127 132 126 141 131 133 133 124 135 175 125 182 118 191 116 198 119 192 124 184 126 145 198 151 189 159 185 165 185 171 183 180 185 189 190 183 200 174 205 168 207 161 207 153 205 149 197 160 192 166 191 172 190 185 191 172 196 167 197 160 198
98 151 103 168 107 184 114 200 125 214 140 224 156 233 174 234 190 229 204 219 215 205 223 188 226 170 227 151 227 133 226 114 107 113 115 107 125 106 135 109 145 112 167 108 175 102 185 96 196 94 206 97 157 124 158 136 160 147 162 159 151 171 157 172 163 173 170 170 175 167 117 132 124 127 132 126 140 130 133 133 124 135 176 125 183 118 191 116 199 119 193 124 184 125 144 197 151 189 159 185 165 185 171 183 180 185 189 190 182 200 174 205 167 207 161 207 153 204 149 197 159 192 165 192 171 190 185 191 172 195 166 197 160 197
98 150 102 167 107 185 114 201 125 214 139 225 156 233 173 235 190 230 204 219 215 206 222 189 225 171 227 152 227 134 226 116 107 112 115 107 125 106 135 109 145 112 168 109 176 102 185 96 196 94 207 96 157 124 159 136 160 148 162 160 151 171 157 173 164 173 170 171 175 167 117 132 124 127 132 126 141 131 133 134 124 135 176 125 183 119 192 117 199 120 193 125 185 126 144 197 151 190 159 185 165 186 171 184 180 186 190 190 182 199 174 204 168 206 161 206 153 204 148 197 160 193 166 193 172 192 185 191 172 195 166 196 160 196
98 151 103 168 107 186 114 201 125 215 139 226 156 234 173 235 190 230 204 220 215 206 222 190 226 172 227 153 227 134 226 116 108 112 117 107 127 107 136 109 145 112 168 109 176 102 186 96 196 94 207 97 158 124 159 136 160 148 162 160 151 172 157 173 164 174 170 171 176 168 118 132 125 127 133 126 142 131 134 134 125 135 176 125 184 119 192 117 200 120 194 125 185 126 143 197 151 190 159 186 166 187 172 184 181 186 191 189 183 198 175 203 168 205 162 205 153 203 148 197 160 194 166 194 172 192 187 190 173 193 167 195 161 195
99 150 103 168 107 186 114 201 125 215 140 225 156 234 173 235 190 230 204 220 215 206 223 190 226 172 227 153 227 134 227 116 108 113 116 108 126 107 136 110 145 113 168 109 177 102 186 97 197 95 208 98 158 125 159 136 161 148 162 160 151 172 158 174 164 174 171 172 176 168 118 132 125 127 133 127 142 132 134 134 125 136 176 126 184 119 192 118 200 121 194 126 185 127 143 196 151 191 160 187 166 188 172 185 181 186 191 189 183 198 175 203 168 205 162 205 153 203 147 196 160 195 166 195 172 193 187 190 173 193 167 195 161 195
99 151 103 168 107 185 114 202 125 216 139 226 156 234 173 236 190 231 204 220 215 207 223 190 226 172 227 153 227 134 227 116 108 113 117 108 126 107 136 110 146 113 169 109 177 103 186 97 197 95 208 98 158 125 159 137 161 149 162 161 152 173 158 174 164 175 171 172 176 168 118 133 125 128 134 127 142 132 134 135 125 136 177 126 184 120 192 118 200 121 194 126 185 127 143 196 151 191 160 187 166 188 172 185 181 187 191 188 183 197 175 202 168 204 162 205 153 203 147 196 160 195 166 195 172 193 188 190 173 193 167 195 161 196
99 151 103 168 107 186 114 201 125 215 140 226 156 234 173 236 190 231 204 220 215 206 223 190 226 172 227 153 228 134 227 116 108 114 116 108 126 108 136 111 146 114 169 110 177 104 186 98 197 96 208 98 158 125 160 138 161 150 163 162 152 173 158 175 164 175 171 172 177 169 118 133 125 128 134 127 142 132 134 135 125 137 177 127 184 120 193 118 200 121 194 127 186 128 143 196 152 192 160 188 166 189 171 186 181 187 192 188 183 197 175 203 169 205 162 205 153 203 147 196 161 196 167 195 172 194 188 190 173 193 167 196 161 196
99 151 103 168 108 186 115 202 126 216 140 226 157 235 174 236 190 231 204 220 216 207 223 190 226 172 227 154 228 135 227 117 108 114 116 109 126 108 136 111 146 115 169 111 177 104 187 98 198 96 208 99 158 125 160 138 161 150 163 163 151 174 158 175 164 176 171 173 177 169 118 133 125 128 134 128 142 132 134 135 126 136 177 127 184 120 193 119 200 122 194 127 186 128 143 196 152 192 160 189 166 189 172 186 181 187 192 188 183 197 175 203 169 205 162 205 153 203 147 197 160 196 167 196 173 194 188 190 173 194 167 196 161 196
99 150 103 168 108 185 115 201 125 215 140 226 156 235 173 236 189 231 203 221 215 207 223 190 226 172 228 153 228 134 227 116 107 115 116 110 126 109 137 112 146 115 168 111 177 105 186 99 197 97 208 100 159 126 160 139 162 151 163 163 152 174 158 175 165 176 171 173 177 170 118 133 125 129 134 128 142 133 134 136 126 137 177 127 184 121 193 119 200 122 194 127 185 128 143 197 152 193 160 189 166 189 172 187 181 187 192 189 184 198 175 203 169 205 162 206 153 203 147 197 161 196 167 196 173 194 188 190 173 194 168 196 162 196
99 151 103 169 108 186 115 203 126 216 141 227 157 235 174 237 190 232 204 221 216 207 224 190 227 173 228 154 228 135 227 116 108 116 116 110 126 109 136 112 146 116 169 112 177 105 187 99 198 97 208 100 158 127 160 139 162 151 163 164 152 174 158 176 165 177 171 174 177 170 118 134 125 129 134 128 142 133 134 136 126 137 177 128 184 121 193 119 201 122 194 128 186 129 143 197 152 193 160 189 166 190 172 187 182 188 192 189 184 198 176 204 169 206 162 206 153 204 147 197 161 197 167 197 173 195 188 190 174 194 168 197 162 197
99 151 103 169 108 186 115 202 126 216 140 227 157 235 174 237 190 232 204 222 215 208 223 191 226 174 228 154 228 135 227 116 108 116 116 110 127 110 137 113 147 116 169 112 177 106 187 100 198 98 208 101 159 127 160 139 162 152 164 164 152 175 158 176 165 177 172 174 177 171 118 134 125 129 134 129 142 133 134 136 126 137 177 128 184 121 193 120 200 123 194 128 186 129 143 198 152 193 161 190 167 190 173 188 182 188 192 190 184 198 176 204 169 206 163 207 154 204 147 198 161 197 167 197 173 195 189 191 174 195 168 197 162 197
99 152 103 169 108 187 115 203 126 217 141 228 157 236 174 238 190 233 204 221 216 207 224 191 227 173 228 154 228 135 227 117 108 116 117 111 127 111 137 113 146 117 169 113 177 106 186 101 197 98 208 101 158 128 160 140 162 152 163 165 152 175 158 177 165 178 171 175 177 171 118 135 125 130 134 129 142 134 134 137 126 138 177 129 184 122 193 120 200 123 194 129 186 130 143 198 152 194 160 190 166 191 172 188 182 189 192 190 184 199 175 205 169 207 163 208 154 205 147 199 161 198 167 198 173 196 188 191 174 196 168 198 162 198
99 151 103 169 108 186 115 202 126 217 140 228 157 236 174 238 190 233 205 222 216 208 224 191 227 174 228 154 228 135 227 117 108 116 117 111 127 111 137 114 146 117 168 114 177 107 186 101 197 98 209 101 158 128 160 141 161 153 163 166 151 176 158 178 165 178 171 176 177 172 118 135 125 130 134 129 142 134 134 137 126 138 177 129 184 122 193 120 200 123 194 129 186 130 143 199 152 195 160 191 166 192 172 189 182 190 192 190 184 200 176 206 169 208 163 208 153 206 147 199 161 198 167 198 173 196 189 192 174 196 168 198 162 198
99 153 104 171 108 188 116 204 126 217 141 228 157 236 174 238 190 233 205 221 216 208 224 191 227 174 228 155 228 136 227 118 108 117 117 112 127 112 137 114 146 118 168 114 177 107 186 101 197 99 208 102 158 128 160 141 162 153 164 166 152 176 158 178 165 179 172 176 177 172 119 135 125 131 134 130 142 135 134 137 126 139 176 129 184 122 192 121 200 123 194 129 185 130 144 199 152 195 161 191 167 192 173 189 182 190 192 190 184 199 176 205 170 208 163 208 154 206 148 199 161 199 167 198 173 196 188 192 174 196 168 198 162 199
99 153 103 170 108 187 115 203 126 217 140 228 156 237 173 238 190 233 204 222 216 208 224 192 227 174 228 155 228 136 227 118 108 117 117 112 127 112 136 114 146 118 168 114 177 107 186 102 197 99 208 102 158 128 160 141 162 154 163 167 152 177 158 178 165 179 171 176 177 173 119 136 125 131 134 130 142 135 134 138 126 139 176 130 183 122 192 121 200 124 194 129 185 130 144 199 152 195 160 192 166 192 172 189 181 190 191 191 184 200 176 206 169 208 163 209 154 206 147 200 161 199 167 199 173 197 187 192 174 196 168 199 162 199
99 153 103 170 108 187 115 203 125 217 140 228 156 237 173 238 190 233 204 222 215 208 223 192 226 174 228 155 228 136 227 118 107 118 115 113 126 112 136 114 145 118 168 114 177 107 187 102 198 100 209 103 158 129 159 142 161 154 162 167 151 177 157 179 164 179 171 176 176 173 118 136 125 131 134 130 142 135 134 138 125 139 176 130 183 123 192 121 200 124 194 129 185 130 143 200 151 195 160 192 166 193 172 190 182 190 192 191 184 201 176 207 169 209 162 210 153 207 147 200 160 200 167 199 173 197 189 193 174 197 168 199 161 200
99 153 103 170 108 187 114 203 125 217 140 229 156 237 174 239 190 234 204 222 215 208 223 191 226 173 227 155 228 136 226 118 108 118 116 113 126 112 136 114 146 118 169 114 177 107 187 102 198 100 209 103 158 129 159 142 161 155 162 167 151 177 157 179 164 179 171 176 176 173 118 136 125 131 134 130 142 135 134 138 125 139 177 130 184 123 192 121 200 124 194 130 185 131 143 200 151 195 160 192 166 193 172 190 181 190 192 191 184 201 176 207 169 209 163 210 153 207 147 200 161 200 167 199 173 197 188 193 174 197 168 199 162 200
