115 165 118 180 120 194 125 208 132 221 143 231 156 239 171 241 185 238 197 230 206 220 212 207 216 193 218 179 219 164 219 151 127 137 135 134 144 134 152 137 160 141 179 140 187 137 195 134 203 134 211 137 169 151 170 162 170 172 170 183 160 190 165 191 170 192 175 191 180 189 135 152 142 149 149 149 155 155 148 156 141 156 183 154 190 149 197 149 203 152 197 155 190 156 150 208 158 204 165 202 170 203 175 202 183 204 190 206 183 213 176 216 171 217 165 216 158 214 153 208 165 208 170 209 175 208 187 207 175 208 170 209 165 208
115 165 118 179 120 194 125 208 132 221 143 231 157 239 171 241 185 238 197 230 206 219 212 206 216 192 218 178 220 164 219 150 127 136 135 133 144 134 152 137 159 141 179 141 186 136 194 133 203 133 210 137 169 151 169 162 170 172 170 182 160 189 165 191 170 192 175 190 180 188 135 152 141 149 148 149 155 154 148 156 141 156 183 154 190 149 196 148 202 151 197 155 190 155 150 207 157 204 165 202 170 203 175 201 182 203 190 206 183 213 176 217 170 217 165 217 158 214 153 208 165 208 170 209 175 208 186 207 175 208 170 209 165 208
115 165 118 179 120 193 125 208 132 221 143 231 156 239 171 241 185 238 197 230 206 218 212 205 216 192 218 178 219 164 219 150 127 136 135 133 144 134 152 137 160 141 179 140 186 136 194 133 203 133 210 137 169 151 170 161 170 172 170 182 160 189 165 191 170 192 176 190 180 188 135 152 141 149 148 149 154 154 148 155 141 155 183 153 190 148 196 148 202 151 197 155 190 155 150 208 157 204 165 201 170 203 175 201 182 203 190 206 183 214 176 218 171 219 165 218 157 215 153 208 165 208 170 208 175 208 186 207 175 209 170 210 165 209
115 164 118 179 120 194 125 209 133 222 144 233 157 240 171 243 184 240 196 231 206 220 212 207 216 193 218 178 220 164 219 150 127 136 135 133 144 133 152 136 160 140 179 140 187 136 195 133 203 133 211 137 169 151 170 161 170 171 170 182 160 188 165 190 170 191 175 190 180 188 135 152 141 148 149 149 155 154 148 155 141 155 183 154 190 148 197 148 203 151 197 155 190 155 150 208 157 203 165 200 170 202 175 200 182 203 189 207 183 216 176 221 170 222 165 221 157 217 154 208 165 206 170 207 175 206 186 207 175 212 170 213 165 213
115 165 118 180 120 195 125 210 133 223 144 234 157 242 171 244 184 241 196 233 205 221 212 208 215 194 218 179 219 164 219 150 127 136 135 132 144 133 152 136 160 140 179 140 187 136 195 133 203 133 211 137 169 151 170 161 170 171 170 182 160 188 165 190 170 191 175 190 180 188 135 151 141 148 148 148 155 154 148 155 141 155 183 154 190 148 197 148 203 151 197 155 190 155 150 208 157 203 165 200 170 201 175 200 183 202 189 207 183 218 176 223 170 224 165 223 157 219 154 209 165 206 170 206 175 205 186 208 175 214 170 215 165 215
115 166 118 181 121 196 126 210 134 224 144 234 157 243 170 245 184 242 195 234 205 222 211 208 215 194 218 179 220 165 219 150 127 136 135 133 144 133 152 136 160 140 179 140 187 136 195 133 203 133 211 137 169 151 170 161 170 171 170 181 160 188 165 190 170 191 175 190 180 188 135 151 141 148 148 148 155 154 148 155 141 155 183 153 190 148 197 148 203 151 197 155 190 155 151 209 157 203 165 200 170 201 175 200 183 203 188 208 183 219 176 225 170 225 164 225 157 220 154 209 165 206 170 206 175 206 185 208 175 215 170 216 165 215
115 165 118 181 121 196 126 211 134 224 145 235 157 243 171 246 184 243 196 234 205 222 212 209 216 194 218 179 220 164 219 150 127 136 135 133 144 133 152 136 160 140 179 140 187 136 195 133 203 133 211 137 169 151 169 161 170 171 170 181 160 188 165 190 170 191 175 190 180 187 135 152 141 148 148 148 155 154 148 155 141 155 183 153 190 148 197 148 203 151 198 155 190 155 150 209 157 203 165 200 170 201 175 200 183 203 189 208 183 220 176 225 170 226 164 225 157 220 154 209 165 206 170 206 175 206 186 209 175 216 170 217 165 216
115 166 118 181 121 196 126 211 134 224 144 235 157 244 171 246 184 243 196 234 205 223 212 209 216 194 218 179 220 164 219 150 128 136 136 132 144 133 152 136 160 140 180 140 187 136 195 132 203 132 210 136 169 151 170 161 170 171 170 181 160 188 165 190 170 191 175 189 180 187 135 152 141 148 149 148 155 154 148 155 141 155 183 153 190 148 197 147 203 151 198 155 190 155 151 209 157 203 165 200 170 201 175 200 183 203 189 209 184 220 176 225 171 226 165 225 157 220 154 210 165 207 170 207 175 207 186 209 176 215 170 216 165 215
115 166 118 181 121 197 126 211 134 225 145 236 157 244 171 246 185 243 196 234 206 223 212 209 216 194 218 179 220 165 219 150 127 136 135 133 144 133 152 136 160 140 180 139 187 135 195 132 203 133 210 137 169 151 170 161 170 171 170 181 160 188 165 190 170 191 176 189 180 187 135 152 141 148 149 148 155 153 148 155 141 155 183 153 190 148 197 147 203 151 198 154 190 154 151 210 158 203 165 200 171 201 176 200 183 203 189 209 184 220 176 225 171 226 165 225 157 220 154 210 166 205 171 206 176 205 186 209 176 216 171 217 165 216
115 166 118 181 121 197 126 211 134 225 145 236 158 244 171 247 185 243 196 234 206 223 212 209 216 194 218 179 220 165 220 150 127 136 135 132 144 133 152 135 160 139 180 139 187 135 195 132 204 132 211 136 170 151 170 161 170 170 171 180 161 188 165 189 171 191 176 189 180 187 135 152 141 148 149 148 155 154 148 155 141 155 183 153 190 147 197 147 203 151 198 154 190 154 151 209 157 203 165 199 170 200 176 199 183 202 189 208 184 220 177 226 171 227 165 226 157 221 154 209 165 205 171 205 176 205 186 208 176 217 171 218 165 217
116 166 118 181 122 197 127 212 135 225 146 236 158 244 172 246 185 243 197 234 206 222 212 209 216 194 218 179 220 164 219 150 127 136 135 133 144 133 152 135 160 139 180 139 187 135 195 132 204 132 211 136 170 150 170 160 170 170 171 180 161 187 165 189 171 190 176 189 181 187 135 151 141 148 149 148 155 153 148 155 141 155 183 152 190 147 197 147 203 150 198 154 190 154 151 209 158 202 166 199 171 200 176 199 184 202 190 208 184 220 177 225 171 226 165 225 158 220 155 209 166 205 171 205 176 205 186 208 176 216 171 217 166 217
116 165 118 181 121 196 127 211 134 224 145 235 158 242 172 245 185 242 197 233 206 222 212 208 216 193 218 178 220 164 219 149 128 136 136 132 144 132 153 135 160 139 180 139 187 135 195 132 204 132 210 136 170 150 170 160 171 170 171 180 161 188 166 189 171 190 176 189 181 187 136 152 142 148 149 148 155 153 148 155 142 155 184 153 190 148 197 147 203 150 198 154 191 154 151 209 158 202 166 199 171 200 176 198 184 201 190 207 185 219 177 225 171 226 166 225 158 220 154 209 166 204 171 204 176 204 187 207 176 216 171 217 166 217
116 165 118 181 122 196 127 211 135 224 146 235 159 242 172 245 186 241 197 232 206 221 213 207 216 192 218 177 220 163 220 148 129 136 137 132 145 132 153 135 160 139 180 138 187 134 194 131 202 131 209 135 170 151 171 161 171 170 172 180 161 187 166 189 171 190 176 188 181 186 139 154 144 153 150 153 156 155 150 156 144 156 183 154 189 152 194 152 200 153 195 155 189 156 152 209 158 202 166 199 171 200 176 198 184 201 189 206 185 218 178 224 172 225 166 224 158 220 154 209 166 204 171 204 176 203 187 207 177 216 171 217 166 216
116 166 118 181 122 196 127 211 135 225 146 235 158 242 172 245 185 241 197 233 206 221 213 207 216 192 218 178 220 163 220 149 129 136 136 132 145 132 153 135 160 139 180 138 187 134 194 131 202 131 209 135 170 151 170 161 171 170 171 180 161 187 166 189 171 190 176 188 181 186 138 155 144 153 150 153 156 155 150 156 144 156 183 154 189 152 195 152 200 153 195 155 189 155 151 208 158 202 166 199 171 200 176 198 184 201 190 206 185 219 178 224 172 225 166 224 158 220 154 209 166 204 171 204 177 204 187 207 177 216 171 217 166 217
116 167 119 182 122 197 127 212 135 225 145 236 158 243 171 246 185 242 196 234 206 222 212 209 216 194 219 179 220 165 220 150 128 136 136 132 145 132 153 135 160 138 180 138 187 134 195 131 202 131 209 135 170 150 170 160 171 170 171 180 161 187 166 189 171 190 176 189 180 187 137 153 143 151 149 151 155 154 149 155 142 155 183 153 189 150 196 150 201 152 196 155 190 155 151 209 157 202 165 199 171 200 176 199 184 201 190 207 185 220 177 225 171 226 165 226 157 221 153 209 165 204 171 204 176 204 187 208 177 217 171 218 165 217
116 166 119 182 122 197 127 212 135 226 145 237 158 245 171 248 185 245 197 236 206 223 212 209 216 194 219 179 220 164 220 150 128 136 136 132 145 132 153 135 160 139 180 139 188 135 195 132 203 132 210 135 170 150 170 160 171 170 171 180 161 188 166 189 171 190 176 189 181 187 136 152 142 150 149 150 155 154 149 155 142 155 184 153 190 149 196 149 202 151 197 154 190 154 151 210 157 203 165 199 171 200 176 199 184 202 190 208 185 222 178 228 171 229 165 228 157 223 154 210 166 205 171 205 176 205 187 209 177 219 171 220 166 219
116 166 119 182 122 197 128 213 135 226 146 238 158 246 172 249 185 245 197 236 206 224 212 210 216 195 219 180 220 165 220 150 128 136 136 132 145 133 153 136 160 139 181 139 188 135 196 132 204 132 211 136 170 151 171 161 171 171 172 181 161 188 166 190 171 191 176 190 181 187 136 152 142 149 149 149 155 154 149 155 142 155 184 153 190 149 197 148 203 151 198 155 191 155 151 210 157 203 166 200 171 201 177 200 185 203 190 209 185 222 178 228 172 229 165 228 157 223 154 210 166 206 171 206 177 205 187 209 177 219 171 220 166 219
116 165 118 181 121 196 126 211 134 225 144 236 157 244 171 247 185 244 197 235 206 223 212 209 216 195 219 179 221 165 220 150 129 135 137 132 145 132 153 136 160 139 181 139 188 135 195 132 203 132 210 136 170 151 171 161 171 171 171 181 161 188 166 190 171 191 176 190 181 188 137 152 143 149 149 149 155 154 149 155 142 155 184 153 190 149 197 148 203 151 198 154 191 154 151 210 158 204 166 201 171 203 176 201 183 204 190 208 184 219 177 224 172 225 166 224 158 220 154 210 166 208 171 208 176 208 186 209 176 214 171 215 166 214
116 163 118 178 121 193 125 208 133 222 143 233 157 241 172 244 186 241 198 232 207 220 213 207 217 192 219 178 221 163 220 149 129 135 137 132 146 133 154 136 161 140 181 139 188 135 195 132 204 132 211 136 171 150 171 160 172 171 172 181 162 189 166 190 171 191 176 190 181 188 137 151 143 149 150 149 156 153 149 155 142 155 184 153 191 148 197 148 203 151 198 154 191 154 151 208 159 205 166 203 171 204 176 202 183 204 189 206 183 215 177 218 172 219 166 219 159 215 154 208 166 209 171 209 176 208 186 207 176 210 171 211 167 211
116 163 118 178 121 193 125 207 132 221 143 232 156 240 171 242 185 240 197 231 206 220 213 207 216 193 218 178 220 163 220 149 129 135 137 131 146 132 154 135 161 139 181 139 188 135 196 132 204 132 211 136 171 150 171 160 171 171 172 181 161 188 166 190 171 191 176 190 181 188 137 151 143 148 150 148 156 153 149 154 142 154 184 153 191 148 197 148 203 151 198 154 191 154 151 207 159 204 166 202 170 204 175 202 182 204 189 205 183 213 176 216 171 217 166 217 158 214 154 207 166 208 171 209 175 208 186 206 175 208 171 209 166 209
116 162 118 177 120 192 125 206 132 220 143 231 156 239 171 242 186 238 198 230 207 219 213 205 216 191 218 177 220 162 220 148 128 134 137 131 145 132 153 135 161 139 181 139 188 135 195 132 204 131 211 135 171 149 171 160 171 170 172 181 161 188 166 190 171 191 176 190 180 187 136 151 142 148 149 148 156 153 149 154 142 154 184 152 190 148 197 147 203 150 198 154 191 154 150 207 158 204 166 202 171 204 175 202 183 203 190 205 183 214 176 218 171 219 166 218 158 215 154 207 166 209 171 209 175 208 187 206 176 209 171 210 166 209
116 162 118 177 120 192 125 206 132 220 143 231 156 240 170 242 185 239 197 231 206 219 212 206 216 191 218 177 220 163 220 148 128 135 136 132 145 132 153 135 160 139 180 139 187 135 195 132 203 131 211 135 170 149 170 160 170 170 171 181 161 188 165 189 170 191 176 189 180 187 136 151 142 148 149 148 155 153 148 154 141 154 184 152 190 148 197 147 202 150 197 153 190 153 151 208 158 204 166 202 170 203 175 202 182 203 189 206 183 216 176 220 171 221 166 221 158 217 154 208 166 208 170 208 175 208 186 207 175 212 171 213 166 212
115 163 118 178 120 193 125 207 133 221 144 232 157 240 171 242 184 239 196 231 205 219 212 206 216 191 218 176 220 162 219 148 127 135 136 131 144 132 152 135 160 139 180 138 187 134 195 131 203 131 210 135 170 150 170 160 170 170 171 180 160 188 165 189 170 191 175 189 180 187 135 151 141 148 148 148 155 153 148 154 141 154 183 152 190 147 196 147 202 150 197 153 190 154 151 208 158 204 166 201 170 203 175 201 182 203 189 206 183 217 176 222 171 223 166 222 158 218 155 208 166 207 170 208 175 207 186 207 175 213 171 214 166 213
115 163 118 177 121 192 125 207 133 221 144 232 157 240 171 242 184 239 196 231 205 219 212 205 216 191 218 176 219 162 219 147 127 135 135 131 144 132 152 134 159 138 179 138 186 134 194 131 203 131 210 135 169 149 170 159 170 170 170 180 160 187 165 189 170 190 175 189 179 186 135 150 141 147 148 147 154 152 148 154 141 154 183 152 189 147 196 146 202 150 197 153 190 153 151 208 158 204 166 201 170 203 175 201 182 203 188 206 183 216 176 221 171 222 166 222 158 218 155 208 166 207 170 207 175 207 185 207 175 213 171 213 166 213
115 163 117 177 120 192 125 207 132 220 143 232 157 239 171 242 184 239 196 230 206 218 212 205 215 191 218 176 219 162 219 148 128 134 136 131 144 131 152 134 160 138 179 138 186 134 194 131 202 130 209 134 169 149 169 159 169 169 170 180 160 187 165 189 170 190 175 189 179 186 135 150 141 147 148 147 154 152 147 154 141 154 183 151 189 147 196 146 202 150 197 153 190 153 152 208 159 205 166 202 170 203 174 201 181 204 187 207 182 216 175 220 171 221 166 221 159 217 155 209 166 208 170 208 174 207 184 207 175 211 171 212 166 212
115 163 117 177 120 192 124 207 132 221 143 232 156 239 171 242 185 239 197 230 206 218 212 205 215 190 217 176 219 162 219 148 127 134 135 131 144 132 152 135 159 139 179 138 186 134 194 131 202 131 209 135 169 149 169 159 170 170 170 180 160 188 165 189 170 191 175 189 179 187 135 151 141 147 148 147 154 152 148 154 141 154 183 152 189 147 196 147 202 150 196 153 190 153 151 208 158 205 165 203 170 204 174 202 181 204 188 206 182 214 175 218 170 218 165 218 158 215 154 208 166 209 170 209 174 208 185 207 174 209 170 210 166 210
115 163 117 178 120 193 124 208 132 221 142 233 156 240 170 243 184 240 196 231 206 219 212 205 215 191 217 176 219 162 219 148 127 135 134 132 143 132 152 134 159 138 179 138 186 134 194 131 203 132 210 136 169 149 169 159 169 170 170 180 160 188 164 190 170 191 175 189 179 187 135 151 141 148 148 148 154 153 147 154 140 154 182 152 189 147 196 147 201 150 196 153 189 153 150 208 158 205 165 203 170 204 174 203 181 204 188 206 181 214 175 217 170 218 165 218 158 215 153 208 165 209 170 209 174 208 185 207 174 209 170 210 165 210
115 163 117 178 120 194 125 209 132 223 142 235 155 243 170 245 184 242 196 234 205 221 211 207 215 193 217 178 219 163 219 149 127 134 135 131 144 132 152 135 159 139 179 139 186 135 194 132 202 132 209 136 169 149 169 160 169 170 170 181 160 188 164 190 169 191 174 190 178 188 135 151 141 148 148 148 154 153 147 154 140 154 183 152 189 148 196 147 201 151 196 154 189 154 150 209 157 205 164 203 169 204 173 202 181 205 188 207 181 217 174 221 169 222 164 222 157 218 153 209 164 209 169 210 174 209 184 208 174 213 169 214 165 213
115 164 117 179 120 195 125 210 132 225 142 237 155 245 168 248 182 245 194 236 203 223 210 209 214 194 217 179 219 164 219 149 127 134 135 131 144 132 152 135 159 139 179 139 186 135 194 132 202 132 210 136 169 150 169 160 169 170 169 181 160 188 164 190 169 191 174 190 178 188 135 151 141 148 148 148 154 153 147 154 140 154 183 153 189 148 196 148 201 151 196 154 189 154 149 210 156 205 164 202 169 204 174 202 181 205 187 209 182 221 174 226 169 227 163 226 156 221 152 211 164 209 169 209 174 209 184 210 174 216 169 217 164 216
115 163 117 178 120 194 125 209 132 224 142 236 155 245 169 247 183 244 195 235 204 222 210 208 214 193 217 178 219 163 219 149 127 134 135 131 144 131 152 135 159 139 179 139 186 135 194 132 203 132 210 136 169 149 169 160 169 170 169 181 160 188 164 190 169 191 174 190 178 188 135 151 141 148 148 148 154 153 147 154 140 154 182 152 189 148 196 148 201 151 196 154 189 154 149 210 156 206 164 203 169 205 173 203 181 205 187 209 181 220 174 225 169 226 163 225 156 221 152 211 164 210 169 210 173 209 184 209 173 216 169 217 164 217
115 164 117 179 119 194 124 209 131 223 141 235 154 243 169 245 183 242 195 234 204 222 210 208 214 194 217 179 219 164 219 150 127 134 135 131 144 132 152 135 159 139 179 139 187 135 194 132 203 132 210 136 169 149 169 160 170 170 170 181 160 189 164 190 169 192 174 190 178 188 135 151 141 148 148 148 154 153 147 154 140 154 183 153 189 148 196 148 202 151 197 154 189 154 149 209 157 206 164 204 169 205 173 204 180 206 187 207 180 215 174 219 169 220 164 219 157 216 152 209 164 210 169 211 173 210 184 208 173 211 169 212 164 211
115 164 117 178 119 193 124 208 131 222 141 233 154 241 169 244 184 241 196 233 205 221 211 207 215 193 217 178 219 164 218 150 127 135 135 132 143 132 152 135 159 139 179 139 186 135 194 132 202 132 210 136 169 149 169 160 169 171 170 181 160 189 164 190 169 192 174 190 178 188 135 151 141 148 148 148 154 153 147 155 140 155 182 153 189 148 196 148 201 151 196 154 189 154 148 208 157 206 164 204 169 205 173 204 180 205 188 207 181 214 174 218 169 218 164 218 156 215 151 209 164 210 169 210 173 210 184 208 173 210 169 211 164 210
114 163 117 178 119 194 124 208 131 222 141 234 155 242 169 244 184 241 196 233 205 221 211 207 215 192 217 178 219 163 218 149 127 135 135 132 144 132 151 136 159 140 179 139 186 136 194 132 202 132 209 136 168 150 169 161 169 171 169 182 159 189 164 191 169 192 174 191 178 189 135 152 141 149 147 149 154 153 147 155 140 155 182 153 188 148 195 148 201 151 196 154 189 154 148 208 156 206 164 204 168 205 173 204 181 205 188 207 181 216 174 220 169 221 163 220 156 217 151 209 164 211 169 211 173 210 185 208 173 211 169 212 164 212
114 165 117 180 119 195 124 210 132 223 142 234 156 242 170 244 184 241 196 232 205 220 211 207 215 193 217 178 218 164 218 150 126 136 134 133 143 133 151 136 158 140 178 140 185 136 193 133 202 133 209 137 168 151 168 161 169 172 169 182 159 190 164 191 169 192 174 191 178 189 134 152 140 149 147 149 153 154 147 155 140 155 182 154 188 149 195 148 201 151 196 155 189 155 148 209 156 205 164 202 169 204 174 202 182 204 189 207 182 217 175 223 169 224 164 223 156 219 151 210 164 209 169 210 174 209 185 208 174 214 169 215 164 214
114 166 117 181 120 196 125 211 132 224 143 235 156 243 170 245 184 242 195 234 205 222 211 208 215 194 217 179 219 165 219 150 125 137 134 133 143 134 151 137 158 140 178 140 186 136 194 133 202 133 209 137 168 151 168 162 169 172 169 183 159 189 164 191 169 192 174 191 179 188 134 153 140 149 147 149 153 154 147 156 140 156 182 154 188 149 195 148 201 152 196 155 189 155 148 209 155 204 164 201 169 203 174 201 182 203 189 207 183 219 175 225 169 226 163 225 155 220 151 210 164 207 169 207 174 207 186 208 175 217 169 218 164 217
114 167 117 182 120 197 125 211 133 225 144 235 157 243 170 246 184 242 196 233 205 222 211 208 215 194 217 179 219 165 218 150 126 137 134 134 143 134 151 136 159 140 178 140 185 136 193 133 202 133 209 137 168 151 168 162 169 172 169 183 159 189 164 191 169 192 174 190 179 188 134 153 140 149 147 150 153 154 147 156 140 156 182 154 188 149 195 148 201 151 196 155 189 155 148 209 156 203 164 201 169 202 175 200 183 203 189 207 184 220 176 225 170 227 164 226 155 221 151 209 164 206 169 206 175 205 186 208 175 217 170 218 164 218
115 167 117 182 120 197 126 212 133 225 144 236 157 243 170 246 184 243 195 234 205 223 211 209 215 195 217 180 219 165 219 151 126 137 134 134 143 134 151 136 159 140 178 140 185 136 193 133 202 133 209 137 168 152 169 162 169 172 169 182 159 189 164 191 169 192 175 190 179 188 134 153 140 149 147 150 153 154 147 156 140 156 182 154 189 149 195 149 201 152 196 155 189 155 148 209 156 203 164 201 169 202 175 200 183 203 189 207 184 220 176 226 170 227 164 226 156 221 151 209 164 206 170 206 175 205 186 208 175 218 170 219 164 218
115 167 117 182 120 198 126 212 133 226 144 236 157 244 170 247 184 243 195 234 205 223 211 209 215 195 217 180 219 165 219 150 126 137 134 133 143 134 151 136 159 140 179 140 186 136 194 133 202 133 210 138 168 152 169 162 169 172 169 182 159 189 164 191 169 192 175 190 180 188 135 153 141 149 148 149 154 154 147 156 140 156 182 154 189 149 195 149 201 152 196 155 189 155 149 209 156 203 164 200 170 202 175 200 183 203 189 208 184 220 176 226 170 227 164 227 156 221 152 210 164 206 170 206 175 205 186 208 175 218 170 219 164 218
115 167 117 183 121 198 126 213 133 227 144 238 156 246 169 249 183 246 194 237 204 225 210 211 215 196 217 181 219 167 219 152 127 137 135 133 143 133 152 136 159 140 179 140 186 136 194 133 202 133 209 138 169 152 169 162 169 172 170 182 159 189 164 191 169 192 175 190 180 188 135 154 141 152 147 152 154 155 147 156 141 157 182 155 189 152 195 152 201 154 195 156 189 156 148 210 155 203 164 200 169 202 175 200 183 203 189 209 183 222 176 229 169 230 163 229 155 223 151 210 164 206 169 206 175 206 186 209 175 220 169 221 163 220
115 168 118 184 121 200 127 215 134 229 144 240 156 249 169 251 183 248 194 239 203 227 210 213 215 198 217 182 219 167 219 152 128 138 136 134 144 133 152 136 160 140 179 140 186 136 194 133 202 134 208 138 169 152 169 162 170 172 170 181 159 188 164 190 169 192 175 190 180 188 138 156 143 154 149 154 155 156 149 157 143 158 182 155 188 154 194 154 199 155 194 157 188 157 149 211 156 204 164 201 169 202 175 201 183 204 188 210 183 223 175 229 169 230 163 229 155 224 152 211 164 206 169 206 175 206 185 211 175 220 169 221 163 221
115 167 117 183 121 199 126 214 134 228 144 240 155 248 169 251 182 248 194 239 203 226 210 212 214 197 217 181 219 166 219 151 128 137 135 133 144 133 152 136 159 140 179 140 186 136 194 133 202 133 208 138 169 152 169 162 169 171 169 181 159 188 164 190 169 192 175 190 180 188 137 156 143 155 149 154 155 156 149 158 143 158 182 156 188 154 194 155 199 155 194 158 188 157 149 211 156 204 164 201 169 202 175 201 183 204 188 210 183 223 175 229 169 230 163 229 155 224 152 211 164 207 169 207 175 207 185 211 175 219 169 220 163 220
114 167 117 183 120 198 126 213 133 227 144 238 156 246 169 249 183 246 194 237 204 225 210 211 215 196 217 181 219 166 219 151 127 137 135 133 144 133 152 136 159 140 179 140 186 136 194 133 202 133 208 138 169 152 169 162 169 172 170 181 159 188 164 190 169 192 175 190 180 188 136 156 142 154 148 154 154 156 148 157 142 157 182 155 188 154 194 154 200 155 194 157 188 157 149 210 155 203 164 200 170 202 175 200 183 203 188 209 183 222 176 228 170 229 163 228 155 223 152 210 164 206 170 206 175 206 185 209 175 219 170 220 164 219
114 167 117 183 120 198 125 212 133 226 143 236 156 244 169 246 183 243 194 235 204 223 210 210 214 195 217 181 219 166 219 152 126 137 134 133 143 133 151 136 159 140 178 140 185 136 193 133 201 133 208 137 168 152 169 162 169 172 169 182 159 189 163 191 169 192 174 190 179 188 135 155 141 153 147 153 153 155 147 157 140 157 182 155 188 152 194 152 200 154 194 156 188 156 148 209 155 203 164 201 169 202 175 201 182 203 188 208 183 220 175 226 169 227 163 226 155 221 151 209 164 206 169 206 175 205 185 208 175 218 169 218 164 218
114 167 116 182 119 197 124 211 132 225 143 236 155 243 169 246 182 242 194 234 204 222 210 209 214 194 217 180 218 165 218 151 126 137 134 133 142 133 151 136 158 141 178 140 185 136 193 133 201 133 208 138 168 152 168 162 169 172 169 182 159 189 163 191 169 192 174 191 179 188 135 154 140 151 147 151 153 155 146 156 140 157 182 155 188 151 194 151 200 153 195 156 188 156 147 209 155 204 163 201 169 202 174 201 182 203 188 207 183 220 176 225 169 226 163 226 155 221 151 210 164 206 169 206 175 206 185 208 175 217 169 219 163 218
114 168 116 183 119 198 125 213 132 226 143 236 155 244 169 246 182 243 194 234 203 223 210 209 214 195 216 180 218 166 218 151 125 138 133 134 142 134 150 137 158 141 177 141 184 137 192 134 201 134 208 138 167 152 167 162 168 173 168 183 158 190 163 191 168 192 174 191 179 189 134 154 140 151 146 151 153 155 146 156 139 157 181 155 187 150 194 150 200 153 195 156 188 156 147 209 155 204 163 201 168 203 174 201 182 203 188 207 182 220 175 226 169 227 163 226 155 221 150 210 163 207 169 207 174 207 185 208 174 217 169 218 163 218
114 168 116 183 119 198 125 213 132 226 143 237 155 245 169 248 182 244 194 236 203 224 210 210 214 196 216 181 218 166 218 151 125 138 133 134 142 134 150 137 158 142 177 141 184 137 192 134 201 134 208 138 167 152 167 163 168 173 168 183 158 190 163 192 168 193 174 191 178 189 133 154 139 151 146 151 152 156 145 157 139 157 181 155 187 150 194 150 200 153 194 156 188 156 147 210 154 204 163 202 168 203 174 201 182 204 188 208 183 221 175 227 169 228 162 228 154 222 150 210 163 207 168 207 174 207 185 209 174 219 168 220 163 219
114 168 116 184 120 199 125 214 133 228 143 239 156 247 169 250 183 246 194 237 203 225 210 211 214 197 216 181 218 166 218 151 125 138 133 135 142 135 150 138 158 142 177 141 185 137 193 134 201 134 209 138 167 153 167 163 168 173 168 183 158 190 163 192 168 193 174 192 178 189 134 154 139 151 146 151 153 156 146 157 139 157 181 155 187 150 194 150 200 153 195 156 188 156 147 211 154 205 163 202 168 203 174 202 182 204 188 209 183 222 175 229 169 230 162 229 154 223 150 211 163 209 168 209 174 208 185 210 174 219 169 220 163 220
114 169 117 184 120 200 126 214 133 228 143 240 156 248 169 251 183 247 194 238 203 226 210 211 214 197 216 182 218 167 218 152 125 138 133 134 142 135 150 138 158 142 178 141 185 137 193 134 201 134 209 138 167 153 168 163 168 173 168 184 158 191 163 192 168 194 174 192 179 190 133 154 139 151 146 151 153 156 146 157 139 157 181 155 188 150 195 150 201 153 195 157 188 157 148 211 155 206 163 202 169 204 174 202 182 204 188 210 183 223 175 229 169 230 163 229 155 224 151 212 163 210 169 210 174 209 185 210 175 218 169 219 163 218
114 170 117 185 121 201 126 215 134 229 144 240 156 248 169 251 183 248 194 239 203 227 210 213 214 198 217 183 218 168 218 152 125 138 133 134 142 135 150 138 158 142 178 141 185 137 193 134 202 134 209 139 168 153 168 163 168 173 169 184 159 190 163 192 169 193 174 192 179 189 134 154 140 151 147 151 153 156 146 157 139 157 182 155 188 150 195 150 201 153 196 156 189 156 148 211 155 205 163 202 169 204 174 202 182 204 188 210 183 222 175 228 169 229 163 229 155 224 151 212 163 209 169 209 174 209 185 210 174 218 169 219 163 218
114 169 117 184 120 200 126 214 133 228 144 239 156 246 170 248 184 245 195 236 204 225 211 211 215 197 217 182 219 167 219 152 125 139 133 135 142 135 151 138 159 142 178 142 186 137 194 134 202 134 210 139 168 153 168 163 168 173 169 184 159 190 163 192 169 193 174 192 179 190 134 154 140 151 147 151 153 156 146 157 139 157 182 155 188 150 195 150 201 153 196 156 189 156 148 211 155 205 164 202 169 203 174 202 182 204 189 209 183 221 176 226 170 228 163 227 155 222 151 211 164 208 169 208 175 208 186 210 175 217 169 218 164 218
114 168 117 183 120 198 125 212 132 225 143 236 156 243 169 246 183 242 195 234 205 223 211 210 215 195 217 181 219 166 219 152 125 138 133 134 143 134 151 137 159 142 178 142 185 137 194 134 202 135 210 139 168 153 168 163 169 173 169 183 159 190 164 192 169 193 174 191 179 189 134 153 140 150 147 150 153 155 146 157 139 157 182 155 188 150 195 150 201 153 196 156 189 156 148 209 155 204 164 202 169 203 174 201 182 204 189 207 183 219 175 224 169 225 163 224 155 220 151 209 164 207 169 207 174 206 186 208 174 216 169 217 164 217
114 167 116 182 119 197 124 211 132 224 143 234 156 241 170 243 184 240 196 232 205 221 212 208 215 194 217 180 219 166 219 152 126 138 134 134 143 134 151 137 159 141 178 141 186 137 194 134 202 134 209 139 168 152 168 162 169 173 169 183 159 190 163 191 169 193 174 191 179 189 134 153 140 150 147 150 154 155 147 157 139 156 182 155 188 150 195 149 201 153 196 156 189 156 148 208 156 204 164 201 169 202 174 201 182 203 189 207 182 217 175 221 169 222 164 221 155 217 151 209 164 206 169 207 174 206 186 207 174 213 169 214 164 214
114 166 116 181 119 196 123 210 131 223 142 232 156 239 170 241 184 238 196 230 206 220 212 207 215 194 217 179 219 165 219 152 126 137 134 134 143 134 151 137 159 141 178 141 186 137 194 134 202 134 210 138 168 152 168 162 169 172 169 183 158 189 163 191 169 192 174 191 179 189 134 153 140 150 147 150 154 155 147 156 140 156 182 155 189 150 195 149 201 153 196 156 189 156 148 208 156 204 163 201 169 202 174 201 182 203 189 206 182 214 175 218 169 219 164 219 156 215 151 208 164 207 169 207 174 207 185 207 174 211 169 212 164 211
114 165 116 180 118 194 123 208 131 221 142 231 156 238 170 240 184 237 196 229 206 219 212 206 216 193 217 178 219 164 219 151 126 137 134 133 143 134 151 137 159 141 178 141 186 137 194 134 202 134 210 138 168 152 169 162 169 173 169 183 159 189 164 191 169 192 174 191 179 189 134 153 140 150 147 150 154 155 147 156 140 156 182 155 188 150 195 149 201 153 196 156 189 156 148 206 156 204 164 202 169 203 174 201 181 203 189 205 182 213 175 216 170 217 164 217 156 214 151 207 164 208 169 208 174 207 185 206 174 208 169 209 164 209
114 166 116 180 119 195 123 209 131 221 142 231 156 237 170 240 184 237 196 229 206 219 212 206 216 193 217 179 219 165 219 151 125 138 134 134 143 134 151 137 158 142 178 141 186 137 194 134 203 134 210 138 168 152 168 162 169 173 169 183 158 189 163 191 169 192 175 191 179 189 134 153 140 150 147 150 154 155 147 156 140 156 182 155 189 150 196 149 201 152 196 156 189 156 147 206 156 204 164 202 169 203 174 202 182 203 190 204 182 212 175 215 170 216 164 216 156 213 150 206 164 208 169 208 174 207 186 205 174 208 169 209 164 208
114 166 116 181 119 195 123 209 131 222 143 231 156 238 170 240 184 237 196 230 206 219 212 207 215 194 217 179 219 166 219 152 125 138 134 134 143 135 151 138 158 142 178 141 186 137 194 134 202 134 210 138 168 152 168 163 169 173 169 184 158 190 163 192 169 193 175 191 179 189 134 154 140 150 147 150 154 156 147 157 140 157 182 155 189 150 196 149 201 153 196 156 189 156 148 205 156 204 164 202 169 203 174 202 181 203 189 203 182 211 175 215 170 216 164 215 156 212 151 206 164 208 169 208 174 207 186 204 174 207 170 208 164 208
114 167 116 181 119 196 123 209 131 222 142 231 156 238 170 240 184 237 196 230 206 219 212 207 216 193 217 179 219 165 218 151 125 139 133 135 142 135 151 138 158 142 178 142 186 138 194 135 202 135 210 139 168 153 168 163 169 174 169 184 158 190 164 192 169 193 175 192 180 189 134 154 140 151 147 151 153 156 147 158 139 157 182 155 189 150 196 150 201 153 196 157 189 157 147 206 156 204 164 203 169 204 174 202 182 203 190 204 182 211 175 215 170 216 164 216 156 213 151 206 164 208 169 209 174 208 186 205 175 207 170 208 164 208
114 167 116 182 119 196 124 210 132 222 142 232 156 238 170 241 185 237 197 230 206 219 212 207 216 194 217 179 219 166 219 151 125 139 134 135 143 136 151 139 158 143 178 142 185 138 193 135 202 135 210 139 168 153 168 164 169 174 169 185 159 191 164 193 169 194 175 192 180 190 134 154 140 151 147 151 154 156 147 158 140 158 182 156 189 150 195 150 201 153 196 157 189 157 148 206 156 205 164 203 169 204 174 203 182 203 190 204 182 212 175 216 170 217 164 216 156 213 151 207 164 209 169 209 174 208 187 205 175 208 170 209 164 208
114 166 116 181 119 195 123 209 131 221 142 231 156 238 170 240 185 237 197 230 206 219 212 207 216 193 217 179 219 165 219 151 125 139 134 135 143 136 151 139 158 143 178 142 186 138 194 135 202 135 210 139 168 153 168 164 169 174 169 185 159 191 164 193 169 194 175 192 180 190 134 154 140 151 147 151 154 157 147 158 139 158 182 156 189 151 196 150 202 153 196 157 189 157 148 206 156 205 164 203 169 204 174 202 182 203 190 205 183 212 175 216 170 217 164 217 156 213 151 207 164 209 169 209 175 208 186 205 175 208 170 209 164 209
115 167 117 181 119 196 124 210 132 222 143 232 156 239 170 241 184 238 196 230 206 220 212 208 216 195 217 180 219 166 218 152 126 139 134 136 143 136 151 139 159 143 179 143 186 139 194 135 203 135 210 139 168 153 169 164 169 175 170 185 159 191 164 193 170 194 175 193 180 190 135 154 141 151 148 151 154 157 147 158 140 158 182 156 189 151 196 150 202 153 196 157 189 157 148 207 156 205 164 203 169 204 174 203 182 204 190 205 183 212 176 216 170 217 164 217 157 214 151 207 164 209 170 210 175 208 187 206 175 208 170 209 165 209
114 167 116 181 119 196 124 209 131 222 142 232 155 239 170 241 184 238 196 230 206 220 212 208 216 194 217 180 219 166 219 152 125 139 134 135 143 136 151 139 159 143 178 143 186 139 194 135 203 135 210 139 168 153 169 164 169 175 170 185 159 191 164 193 170 194 175 193 180 190 134 154 141 151 148 151 154 157 147 158 140 158 182 156 189 151 196 150 202 153 196 157 189 157 148 207 157 205 164 203 170 205 174 203 182 204 190 206 183 213 176 217 170 218 164 217 157 214 151 208 164 209 170 210 175 209 186 206 175 208 170 210 165 209
115 167 116 181 119 195 123 209 131 221 142 231 155 238 170 240 185 237 197 230 206 219 212 207 216 194 217 179 219 165 218 151 126 138 134 135 143 136 151 139 159 143 178 143 186 139 193 136 202 135 210 139 168 153 169 164 169 174 170 185 159 191 164 193 169 194 175 192 180 190 134 154 140 151 148 151 154 157 147 158 140 158 182 156 189 151 196 150 202 153 196 157 189 157 148 207 156 205 164 203 169 204 174 203 182 204 190 206 183 213 175 216 170 217 164 217 156 214 151 208 164 209 169 210 175 209 187 206 175 208 170 209 164 209
114 166 116 181 119 195 123 209 131 221 142 231 156 238 170 240 184 237 196 229 206 219 212 207 216 194 217 179 219 165 219 151 125 138 134 135 143 135 151 138 159 143 178 142 186 138 194 135 202 135 210 139 168 153 169 163 169 174 170 184 158 191 164 192 169 194 175 192 180 190 134 154 140 150 147 151 154 156 147 157 139 157 182 155 189 150 195 150 201 153 196 156 189 157 148 207 156 205 164 203 169 204 174 202 182 203 189 205 182 212 175 216 170 217 164 217 156 214 151 208 164 209 169 209 174 208 186 206 175 208 170 209 164 209
114 166 116 181 119 195 123 209 131 221 142 231 156 237 170 239 184 237 196 229 206 219 212 207 216 193 217 179 219 165 219 151 125 137 134 134 143 134 151 138 159 142 178 142 185 137 193 134 202 134 210 138 168 152 168 163 169 173 170 183 159 190 164 192 169 193 175 191 180 189 134 153 140 150 147 150 154 155 147 157 139 157 182 155 188 150 195 149 201 152 196 156 189 156 148 207 156 204 164 202 169 203 174 201 182 203 190 205 183 212 175 216 170 217 164 216 156 213 151 207 164 208 169 208 175 208 186 206 175 207 170 208 164 208
114 165 116 179 118 194 123 208 131 220 142 230 155 237 170 239 184 236 197 229 206 218 212 206 216 192 217 178 219 164 218 151 126 137 134 133 143 134 151 137 158 141 178 141 185 137 193 134 202 133 209 137 168 152 168 162 169 173 169 183 159 190 164 191 169 193 175 191 180 188 134 153 140 150 147 150 153 155 146 157 139 157 182 155 188 150 195 149 201 152 196 156 188 156 148 206 156 204 164 201 169 203 174 201 182 202 189 205 183 211 175 215 170 216 164 215 156 213 151 207 164 207 169 208 174 207 186 205 175 207 170 208 164 207
114 165 116 180 118 194 123 208 131 221 142 230 156 237 170 239 185 236 197 228 206 218 212 206 216 193 218 178 219 164 219 151 125 137 134 133 143 134 151 137 158 141 178 141 185 137 193 134 202 133 209 137 168 152 168 162 169 173 169 183 159 189 164 191 169 192 175 191 180 188 134 153 140 150 147 151 153 155 146 157 139 157 182 155 188 150 195 150 201 152 196 156 189 156 148 206 157 204 164 201 170 202 175 201 182 202 190 204 183 211 176 215 170 216 164 215 157 213 152 207 164 207 170 208 175 207 187 205 175 207 170 208 164 207
114 166 116 180 119 194 123 208 131 221 142 230 156 237 170 239 184 236 197 229 206 218 212 206 216 192 217 178 219 164 219 151 125 137 134 134 143 134 151 137 158 141 178 141 185 137 193 133 202 133 209 137 168 152 168 162 169 173 169 183 159 190 164 191 169 192 175 191 180 188 134 153 140 151 147 151 153 155 146 157 139 157 182 154 188 150 195 150 201 152 196 156 189 156 148 206 156 204 164 201 169 203 174 201 182 202 189 205 183 211 175 215 170 216 164 215 157 213 152 207 164 208 169 208 174 207 186 205 175 207 170 208 164 207
114 167 116 181 119 195 124 209 132 221 143 231 156 237 171 239 185 236 197 228 206 218 212 205 216 192 217 178 219 164 219 151 125 138 133 134 142 135 151 138 158 141 178 141 186 137 194 134 202 134 210 138 168 152 168 163 169 173 169 183 159 190 164 191 169 193 175 191 179 189 134 154 140 151 147 151 153 156 146 157 139 157 182 155 188 150 195 150 201 152 196 156 189 156 148 207 157 204 164 202 170 203 175 201 182 203 190 205 183 211 176 215 170 216 165 215 157 213 152 207 164 208 170 208 175 207 186 205 175 207 170 208 165 208
114 167 116 181 119 196 124 209 132 222 143 231 157 237 171 239 186 236 197 228 206 218 213 206 216 192 218 178 219 165 219 151 125 138 134 135 143 135 151 138 159 142 178 142 185 137 193 134 202 134 210 138 168 152 169 163 169 173 170 184 159 190 164 192 170 193 175 192 180 189 134 154 140 151 147 151 153 156 146 157 139 157 182 155 188 150 195 150 201 153 196 156 189 157 148 207 157 204 164 202 170 203 175 201 182 203 190 205 183 212 176 215 171 216 165 216 157 213 152 208 164 208 170 208 175 208 186 206 176 207 170 208 165 208
114 167 116 181 119 196 124 209 132 222 143 231 157 238 171 239 185 236 197 229 206 218 213 206 216 193 217 178 219 165 218 151 125 138 134 135 143 135 151 138 159 142 178 142 185 138 193 134 202 134 210 138 168 153 168 163 169 173 169 184 159 190 164 192 169 193 175 191 180 189 134 154 140 151 147 151 154 156 146 158 139 158 182 155 188 151 195 150 201 153 196 157 189 157 149 207 157 204 164 202 170 204 175 202 182 203 190 205 183 212 176 216 170 217 165 216 157 214 152 208 164 208 170 209 175 208 186 206 175 208 170 209 165 208
114 166 116 181 119 196 124 209 132 222 143 231 157 238 171 239 186 236 197 229 206 218 212 206 216 192 217 178 219 164 218 151 125 138 134 134 143 135 151 138 159 142 178 142 185 138 193 134 202 134 209 138 168 153 169 163 169 173 170 184 159 190 164 192 170 193 175 191 180 189 134 154 140 151 147 151 153 156 147 157 140 157 182 155 188 151 195 150 201 153 196 156 189 157 148 207 157 204 164 202 170 204 175 202 182 203 189 205 183 212 176 216 170 217 165 216 157 214 152 208 164 208 170 209 175 208 186 206 175 208 170 209 165 208
114 167 116 181 119 196 124 209 132 222 143 231 156 237 171 239 185 236 197 229 206 218 212 206 216 193 217 178 219 165 219 151 125 138 134 135 143 135 151 138 159 142 178 142 186 137 193 134 202 134 210 138 168 152 169 163 169 173 169 184 159 190 164 192 169 193 175 191 180 189 134 154 140 150 147 151 154 156 146 157 139 157 182 155 188 150 195 149 201 152 196 156 189 156 149 207 157 204 165 202 170 203 175 201 182 203 189 205 183 212 176 215 171 216 165 216 158 213 152 208 165 208 170 208 175 207 186 206 175 208 170 208 165 208
114 167 116 181 119 195 124 209 132 222 143 231 157 237 171 239 185 236 197 228 206 218 212 205 216 192 217 178 218 164 218 150 125 138 134 135 143 135 151 138 159 142 178 141 185 137 193 134 202 134 209 138 168 152 169 162 169 173 170 183 159 190 164 191 170 193 175 191 180 189 134 153 140 150 147 150 153 155 146 156 139 156 182 154 188 149 195 149 201 152 196 155 189 156 149 207 157 204 164 202 170 203 175 201 182 203 189 205 183 211 176 215 170 216 165 215 157 213 152 207 164 208 170 208 175 207 186 206 175 207 170 208 165 208
114 166 116 180 119 195 123 208 131 221 143 230 156 237 171 239 185 236 197 228 206 218 212 205 215 192 217 178 218 164 218 150 126 137 134 134 143 135 151 138 159 142 178 141 185 137 193 134 202 134 209 138 168 152 169 162 169 173 170 183 159 189 164 191 169 192 175 191 180 188 134 153 140 150 147 150 153 155 146 157 139 157 182 154 188 149 195 149 201 152 196 155 189 156 149 207 157 204 164 202 169 203 174 201 182 203 189 205 183 212 176 215 170 216 164 215 157 213 152 207 164 208 170 208 175 207 186 205 175 207 170 208 164 208
