117 151 118 166 121 181 125 196 132 209 143 220 158 226 174 228 189 225 202 218 211 206 216 193 220 178 222 163 223 149 222 135 126 124 132 115 142 110 153 111 163 115 176 114 187 110 198 108 208 113 213 122 170 127 171 136 171 144 171 152 159 164 166 165 172 166 178 165 184 163 136 133 143 129 150 129 157 133 150 135 142 135 184 131 191 127 198 127 204 131 198 133 191 133 153 191 161 184 168 180 173 181 178 180 185 182 192 188 186 192 179 193 173 194 168 194 161 194 157 190 168 187 173 187 178 186 189 188 178 188 173 188 168 188
117 152 119 167 121 182 126 197 133 210 144 220 158 227 174 228 190 226 202 218 211 207 216 193 219 178 222 164 222 149 222 135 126 124 132 115 142 110 153 111 164 114 176 114 187 110 198 108 208 112 213 121 170 127 171 135 171 143 171 152 159 164 165 165 172 165 178 164 184 163 137 133 143 129 150 129 157 132 150 134 143 135 184 131 191 127 198 127 204 130 198 133 191 133 153 191 161 184 168 180 173 181 178 180 185 182 192 188 186 193 179 194 174 194 168 194 161 194 157 190 168 187 173 187 178 186 189 188 178 188 173 188 168 188
117 151 118 166 121 182 125 197 133 210 143 221 158 228 174 229 189 227 202 219 211 207 216 193 220 178 222 162 223 147 222 132 126 123 132 115 142 110 153 111 163 114 176 114 186 110 197 108 207 113 213 121 170 127 170 135 170 143 171 152 159 164 165 165 172 166 178 165 184 163 136 133 142 129 150 129 157 132 150 135 142 135 184 131 191 127 198 127 204 130 198 133 191 133 153 192 160 185 168 181 173 182 178 181 185 183 193 190 186 194 179 195 174 195 169 195 161 195 157 191 168 188 173 187 178 187 189 189 179 189 174 189 168 189
117 153 119 168 121 183 126 197 133 210 144 220 158 227 174 228 190 226 202 218 211 207 216 194 220 179 222 164 223 149 223 135 126 124 132 114 142 110 153 111 163 115 176 114 186 110 197 108 208 112 213 121 170 127 170 135 171 143 171 152 159 164 165 165 172 166 178 164 184 163 137 133 142 129 150 129 157 132 150 135 143 135 184 131 191 127 198 127 204 131 198 133 191 133 154 191 161 184 168 181 173 181 178 180 184 183 192 189 185 192 179 193 174 193 169 193 162 194 157 190 168 187 173 187 178 187 188 188 178 187 174 187 169 187
117 153 119 168 121 183 126 198 134 211 145 221 159 227 175 229 190 226 203 219 212 207 217 193 220 179 222 164 223 150 223 135 126 124 132 115 142 110 153 111 163 114 176 114 187 110 198 108 208 113 213 122 170 127 171 135 171 143 172 152 159 164 166 165 172 166 178 164 184 163 137 133 143 129 150 129 157 132 150 135 143 135 184 131 191 127 198 127 204 130 198 133 191 133 154 191 162 184 168 181 173 181 178 180 184 183 192 189 185 192 179 192 174 193 169 193 162 193 158 190 168 187 173 187 178 186 188 188 178 186 174 187 169 187
117 153 119 168 121 184 126 198 133 211 144 221 158 228 175 229 190 226 203 219 211 208 217 194 220 180 222 165 223 150 223 135 126 125 131 115 142 110 153 111 163 115 176 114 186 110 198 108 208 113 213 122 170 127 170 135 171 143 171 152 159 164 165 165 172 166 178 165 184 163 137 133 143 129 150 129 157 132 150 135 143 135 184 131 191 127 198 127 204 130 198 133 191 133 154 191 161 185 168 181 173 181 177 180 184 183 191 189 185 192 178 193 173 193 169 194 162 194 157 190 168 187 173 187 177 187 188 188 178 187 173 187 169 187
117 152 118 167 121 183 126 198 133 211 144 222 158 229 173 231 189 228 202 220 211 209 217 195 221 180 223 165 224 149 223 134 127 124 132 114 142 109 153 111 163 115 176 114 186 110 197 108 207 112 213 121 170 126 170 135 170 143 170 152 159 164 165 165 171 166 178 165 184 163 137 133 142 129 150 128 157 132 150 134 142 135 184 131 191 127 198 127 204 131 198 133 191 133 153 192 161 185 168 181 173 181 177 180 184 183 192 189 185 194 179 195 173 196 168 196 161 195 157 191 168 187 173 187 177 187 189 189 178 188 173 189 168 189
117 152 118 167 121 182 126 198 133 211 144 222 158 229 174 231 190 228 202 220 211 207 217 193 221 178 223 162 223 147 222 132 127 123 132 114 142 109 153 110 163 114 176 114 186 110 197 108 207 112 212 120 170 127 170 135 170 143 171 151 159 164 165 165 172 166 178 165 184 163 137 133 142 129 150 129 157 132 150 135 143 135 184 131 191 127 198 127 204 130 198 133 191 133 154 192 161 185 168 181 173 182 177 180 184 183 192 190 185 194 179 196 174 196 169 196 162 196 157 191 168 188 173 187 178 187 188 189 178 188 173 189 169 189
117 153 118 168 121 183 126 197 134 211 145 221 159 227 175 229 190 226 203 218 211 206 216 193 220 178 222 163 223 148 223 134 126 124 131 115 142 109 153 110 163 114 176 114 186 110 197 108 208 112 213 121 170 127 170 135 171 143 171 151 159 163 165 165 172 165 178 164 184 162 137 133 142 129 149 128 156 132 150 134 142 135 184 131 191 127 198 127 204 130 198 133 191 133 154 191 161 184 168 180 173 180 177 179 185 182 192 189 185 194 179 195 174 195 169 196 162 195 158 190 168 187 173 186 178 186 188 188 178 188 173 188 169 188
117 152 118 167 121 182 126 197 134 210 145 221 159 227 175 229 190 226 202 218 211 206 217 193 220 178 223 163 223 148 223 133 126 124 131 115 142 110 153 111 163 115 176 114 186 110 197 108 208 112 213 121 170 127 170 135 171 143 171 151 159 164 165 165 172 165 178 164 184 162 136 132 142 129 149 128 156 132 150 134 142 135 184 131 191 127 198 127 204 130 198 133 191 133 154 192 161 184 168 179 173 180 178 179 185 182 191 189 185 194 179 196 174 196 169 197 162 196 157 190 168 187 173 186 178 186 188 188 178 188 173 189 168 189
117 151 118 167 121 182 126 197 133 211 144 221 158 228 174 230 189 227 202 219 211 208 216 194 220 179 222 164 223 149 222 134 126 124 131 115 142 109 153 111 163 115 176 114 186 110 197 108 207 112 213 121 170 127 170 135 170 143 171 152 159 164 165 165 171 166 178 165 184 163 136 133 142 129 149 129 156 132 149 134 142 135 184 131 190 127 197 127 204 130 198 133 190 133 154 192 161 185 168 181 172 181 177 180 184 183 191 190 184 195 178 196 173 196 168 196 162 196 158 192 168 188 172 187 177 187 187 190 177 189 173 189 168 189
117 151 118 166 121 182 126 197 134 210 145 220 159 227 174 228 189 225 202 218 211 206 217 193 220 177 222 162 223 148 223 133 127 124 132 114 142 109 153 111 163 114 176 114 186 110 197 108 207 112 212 121 170 127 170 135 170 143 171 152 159 164 165 165 171 166 178 164 184 163 136 133 142 129 149 128 156 132 149 134 142 135 184 131 190 127 198 127 204 130 198 133 191 133 154 192 161 185 168 181 172 181 177 180 184 183 191 190 184 194 178 196 173 196 168 197 162 196 158 191 168 187 172 187 177 186 187 189 177 189 173 190 168 190
117 152 119 167 122 183 127 198 134 211 145 221 158 228 174 230 189 227 202 220 211 208 216 195 220 179 222 164 223 150 223 135 126 123 132 114 142 110 153 111 163 115 176 114 186 110 197 108 207 112 213 121 169 127 170 135 170 143 170 152 159 164 165 165 171 166 177 165 183 163 136 133 142 129 149 129 156 132 150 135 142 135 184 131 190 127 198 127 204 130 198 133 191 133 154 192 161 185 167 181 172 182 177 181 184 184 191 190 184 195 178 196 173 196 168 196 162 196 158 191 168 188 172 188 177 188 188 190 177 189 173 190 168 190
118 151 120 166 122 181 126 197 134 210 144 220 158 227 174 229 189 226 202 219 210 207 216 194 220 178 223 163 223 148 223 133 126 124 132 114 141 109 152 110 163 114 176 114 186 110 197 108 207 112 213 121 169 126 170 135 170 143 170 152 159 164 165 165 171 166 177 164 184 163 137 133 142 129 149 128 156 132 149 135 142 135 184 131 190 127 198 127 204 130 198 133 190 133 153 192 160 185 167 182 173 183 177 181 184 184 192 190 185 194 178 195 173 195 168 195 161 195 156 191 167 189 173 189 177 188 189 189 178 188 173 188 167 188
117 151 119 166 122 181 126 196 133 209 144 219 158 225 174 227 190 224 203 217 211 205 217 192 220 177 222 162 223 148 222 134 126 123 132 114 142 109 153 110 163 114 175 113 186 109 197 107 207 111 213 121 169 126 170 135 170 143 171 152 159 163 165 164 171 165 178 164 184 162 136 132 142 129 149 128 156 132 149 134 142 135 184 131 190 126 198 126 204 130 198 132 190 132 153 190 160 182 167 178 172 179 178 178 185 181 192 188 186 192 179 193 173 194 167 194 160 193 156 189 167 185 172 185 178 184 189 187 178 186 173 187 167 187
117 152 119 166 121 181 125 196 132 209 143 219 158 224 174 226 189 223 202 217 211 206 217 192 220 178 222 163 222 148 222 134 126 124 131 114 141 109 153 110 163 114 175 113 186 109 197 107 207 111 213 121 169 126 170 134 170 142 171 151 158 163 165 164 171 164 178 163 184 161 136 132 142 128 149 128 156 132 149 134 142 134 184 130 190 126 197 126 204 129 198 132 190 132 153 190 160 181 167 178 172 178 177 177 185 180 192 187 185 189 179 190 173 190 167 190 161 191 156 188 167 184 172 184 178 183 188 186 178 184 173 185 167 185
117 151 118 166 121 182 125 196 133 210 143 221 158 227 174 229 189 226 202 219 210 207 216 194 220 179 222 163 223 149 222 134 126 123 131 114 141 109 153 110 163 114 176 113 186 109 197 107 207 111 213 120 169 126 170 134 170 142 171 151 159 163 165 164 171 165 178 163 183 162 136 132 142 128 149 128 156 131 149 133 142 134 184 130 190 126 197 126 203 129 197 132 190 132 153 191 160 184 167 180 172 181 177 179 184 182 191 188 185 193 178 194 173 194 168 194 161 194 156 190 167 187 172 186 177 186 188 188 177 188 173 189 168 189
116 151 118 167 121 182 125 197 133 211 144 222 158 229 173 230 189 227 201 220 210 208 216 194 220 179 222 164 223 148 223 133 127 122 132 113 141 109 152 110 162 114 176 113 186 109 197 107 207 111 213 120 169 126 170 134 170 142 170 151 159 163 165 164 171 165 177 163 183 162 136 132 142 128 149 128 156 131 149 133 142 134 184 130 190 126 197 126 203 129 197 132 190 132 153 192 160 184 167 180 172 181 176 180 184 183 191 190 184 195 177 197 172 197 167 197 160 196 156 191 167 187 172 187 177 186 188 189 177 189 172 190 167 190
117 152 118 167 121 182 125 197 133 210 144 221 158 228 174 230 189 227 202 219 210 207 216 193 220 178 222 163 222 148 222 134 126 123 131 114 141 109 153 110 163 114 175 113 186 109 197 107 207 112 213 121 169 126 170 134 170 142 170 151 158 163 165 164 171 165 178 164 184 162 136 132 142 129 149 128 156 132 149 134 142 134 184 130 190 126 197 127 203 130 197 132 190 132 152 191 159 183 166 179 172 180 177 179 184 182 191 190 185 196 178 197 172 198 167 198 160 197 156 190 167 186 172 186 177 186 188 189 177 190 172 190 167 190
116 149 118 165 120 181 125 196 133 209 143 220 158 227 174 229 189 226 202 218 210 206 216 192 220 177 222 162 223 147 223 132 127 123 132 114 142 109 153 110 163 114 176 113 186 109 197 108 207 111 212 120 170 127 170 135 170 143 170 151 159 163 165 164 171 165 178 164 184 162 136 132 142 129 149 128 156 132 150 134 142 134 184 130 190 126 197 127 203 130 198 132 190 132 153 190 160 183 167 179 172 179 177 178 184 182 191 189 184 194 178 196 172 196 167 196 160 195 156 189 167 186 172 185 177 185 187 188 177 188 172 189 167 189
117 153 118 168 121 183 126 198 133 211 144 221 159 227 174 228 190 225 202 218 211 207 216 194 220 179 222 165 223 150 222 135 126 123 132 114 142 109 153 110 163 114 176 113 186 109 197 108 207 112 213 121 170 126 170 135 170 143 171 151 159 163 165 164 171 165 178 163 184 162 136 132 142 129 149 128 156 132 149 134 142 134 184 130 191 127 198 127 203 130 198 132 191 132 153 190 160 182 167 178 172 179 178 177 185 181 192 188 185 192 178 193 173 193 168 194 161 194 157 189 167 184 173 184 178 184 188 187 178 186 173 186 168 186
117 153 118 168 121 184 126 198 133 211 144 220 158 227 174 228 189 225 202 218 211 207 216 194 220 180 222 165 223 150 223 135 126 124 132 114 142 109 153 110 163 114 176 113 186 109 197 107 207 112 213 121 170 126 170 134 171 142 171 150 159 162 165 163 171 164 178 163 184 161 137 132 142 128 149 128 156 131 150 133 142 134 184 130 191 126 198 126 204 130 198 132 191 132 153 189 161 181 167 177 172 178 177 177 184 180 191 187 185 191 178 192 173 193 168 193 161 193 157 188 167 184 172 184 177 183 188 187 177 185 173 186 168 186
117 152 118 167 121 182 126 196 134 209 144 219 158 227 174 228 189 225 202 218 211 206 216 193 220 178 222 163 223 149 223 134 126 122 132 113 142 109 153 110 163 114 176 113 186 109 197 107 207 111 213 120 170 126 170 134 170 142 171 150 159 162 165 163 172 164 178 162 184 161 136 131 142 128 149 127 156 131 150 133 142 134 184 130 191 126 198 126 204 129 198 132 191 131 154 189 161 182 168 177 173 178 177 177 184 180 192 188 185 192 178 192 173 193 168 193 162 193 158 188 168 184 173 184 177 183 188 187 178 185 173 185 168 185
117 152 118 167 121 183 126 197 133 210 144 220 158 227 174 229 189 226 201 218 210 207 216 194 220 179 223 164 223 149 223 135 127 123 132 113 142 108 153 110 163 113 176 113 186 109 197 107 208 111 213 120 170 126 170 134 171 142 171 150 159 162 165 163 171 164 178 163 184 161 137 131 143 128 150 127 157 131 150 133 143 134 184 130 191 126 198 126 203 129 198 132 191 132 154 190 161 182 168 178 172 179 177 177 184 181 191 188 184 192 178 193 173 194 168 194 161 194 158 189 168 185 172 184 177 184 187 187 177 187 173 188 168 188
117 153 118 167 121 182 126 197 133 210 144 220 158 226 174 228 189 225 201 218 211 207 217 194 220 179 222 164 223 150 223 135 127 124 132 114 142 109 153 110 164 113 176 113 187 109 198 107 208 112 213 121 170 125 171 134 171 142 171 151 159 162 165 163 172 164 178 163 184 161 137 132 143 128 150 128 157 131 150 133 143 134 185 130 191 126 198 126 204 129 198 132 191 131 154 190 160 182 167 178 172 179 178 178 185 181 191 188 185 192 178 193 173 193 168 193 161 193 157 189 167 185 173 185 178 184 188 187 178 187 173 188 168 188
117 152 118 167 121 182 125 197 133 210 143 220 157 226 173 228 188 225 201 218 211 207 216 194 220 179 222 164 223 149 223 134 127 123 132 114 142 109 153 110 163 113 176 113 186 109 198 107 208 112 213 121 170 126 170 134 171 142 171 151 159 162 165 164 172 165 178 163 184 161 137 132 143 128 150 128 157 131 150 133 143 134 184 130 191 126 198 126 204 129 198 132 191 132 153 190 160 182 167 178 172 179 177 178 184 181 191 188 185 192 178 193 173 193 167 194 160 193 156 189 167 184 172 184 177 184 188 187 178 187 172 188 167 188
117 152 118 167 120 182 125 197 132 210 143 221 157 227 173 229 188 227 201 219 211 208 216 194 220 179 222 164 223 150 223 135 126 123 132 114 142 109 153 110 164 114 176 113 186 109 198 107 208 112 213 120 170 126 170 134 171 142 171 151 159 162 165 164 171 165 178 163 184 161 137 132 143 128 150 128 157 131 150 133 143 134 184 130 191 126 198 126 204 130 198 132 191 132 153 190 160 183 167 179 172 180 177 179 184 182 191 189 184 192 178 193 172 194 167 194 160 193 156 189 167 185 172 184 177 184 187 188 177 189 172 189 167 189
116 151 117 166 120 181 125 196 133 210 144 220 158 227 173 229 188 226 201 218 210 206 216 193 220 178 222 163 223 148 223 133 127 124 132 114 142 109 153 110 163 114 176 113 186 109 198 107 208 112 213 121 170 126 170 134 171 142 171 151 159 162 165 163 171 164 178 163 184 161 137 132 143 128 150 128 157 132 150 133 143 134 184 130 190 126 198 126 204 130 198 132 191 132 152 190 160 182 167 178 172 179 177 178 184 181 191 189 184 194 177 196 172 197 167 197 160 195 156 189 167 184 172 183 177 183 187 188 177 190 172 191 167 191
116 149 118 164 120 180 125 195 133 208 144 218 158 225 173 226 188 224 201 216 210 205 216 192 220 177 222 162 223 147 223 132 126 123 132 114 142 109 153 110 163 114 176 113 187 109 198 107 208 112 213 121 170 126 170 134 170 142 171 151 158 162 165 163 171 164 177 163 183 161 137 132 142 128 150 128 156 131 150 133 143 134 184 130 190 126 197 126 203 130 198 132 191 132 152 190 159 181 166 177 171 178 176 177 184 181 191 188 184 195 177 197 172 198 167 197 160 196 156 189 167 183 171 183 176 183 187 188 177 190 172 191 167 191
117 150 118 166 121 182 126 197 134 210 144 221 158 228 173 229 188 227 201 219 210 207 216 193 220 178 222 163 223 148 223 133 127 123 132 114 142 109 153 110 163 114 176 113 186 109 197 107 207 112 213 120 170 126 170 134 170 142 170 151 158 162 165 164 171 165 177 163 184 162 137 132 142 128 149 128 156 131 150 133 142 134 184 130 190 126 197 126 204 130 198 132 190 132 152 189 159 181 166 177 171 178 177 177 184 181 191 189 185 196 178 199 172 199 167 199 159 197 156 189 166 184 172 183 177 183 188 188 177 191 172 191 167 191
117 150 119 165 122 181 126 196 134 210 145 221 158 228 174 230 189 227 201 219 210 206 216 192 220 177 222 162 223 147 223 133 126 123 131 114 141 109 152 110 163 114 175 113 186 109 197 107 207 112 213 121 169 126 169 134 170 142 170 151 158 162 164 164 171 165 177 163 183 162 136 132 142 128 149 128 156 131 149 133 142 134 183 130 190 126 197 126 203 129 197 132 190 132 153 190 160 182 167 178 171 179 176 178 183 181 190 189 184 196 177 198 172 198 167 198 160 196 157 190 167 184 172 184 176 184 187 189 177 191 172 191 167 191
116 151 118 166 121 181 125 196 133 210 144 221 158 228 173 229 188 227 201 219 210 208 216 194 220 179 222 163 223 149 223 134 126 123 132 113 142 109 153 110 163 114 175 113 185 109 197 108 207 112 213 120 169 126 170 134 170 142 170 151 159 163 164 164 171 165 177 164 183 162 136 132 142 128 149 128 156 131 149 133 142 134 183 130 190 126 197 126 203 129 197 132 190 132 155 191 161 184 167 180 171 181 176 180 183 183 189 190 183 195 176 196 172 196 167 196 161 195 158 190 167 186 171 186 176 186 186 189 176 191 172 191 167 191
116 151 118 166 121 182 126 197 133 210 145 220 158 226 174 228 189 225 201 218 210 206 216 193 220 177 222 162 223 148 223 133 126 123 131 113 141 109 152 110 163 114 175 113 185 109 197 107 207 111 213 120 169 126 170 135 170 143 170 151 159 163 164 164 171 165 177 164 183 162 136 132 142 128 149 128 156 131 149 134 142 134 183 130 190 126 197 126 204 129 198 132 190 132 155 191 161 184 167 180 172 181 176 180 183 183 190 190 183 194 177 195 172 195 168 195 162 194 158 190 167 186 172 186 176 186 186 189 176 189 172 190 167 190
117 152 118 166 121 181 125 195 133 208 144 216 158 222 173 223 188 221 201 215 211 204 217 191 220 177 222 162 223 148 223 134 126 123 132 114 142 109 153 110 163 114 175 113 185 109 197 107 207 111 213 120 169 126 169 134 170 143 170 152 159 163 164 164 171 165 177 163 183 162 136 132 142 128 149 128 156 131 149 134 142 134 183 130 190 126 197 126 203 129 197 132 190 132 156 190 162 182 167 178 172 179 176 178 182 181 188 188 182 190 177 191 172 191 168 191 162 192 159 189 168 185 172 185 176 185 185 187 176 184 172 185 168 185
116 151 118 166 121 181 125 195 133 207 144 216 158 221 173 222 188 220 201 214 210 204 216 191 220 177 222 162 223 148 223 133 126 123 132 113 142 109 153 110 163 114 175 113 185 109 197 107 207 111 213 120 169 126 169 134 170 142 170 151 159 162 165 164 171 165 177 163 183 162 136 132 141 128 149 128 156 131 149 134 142 134 183 130 190 126 197 126 203 129 197 132 190 132 156 190 162 182 168 178 172 179 176 177 182 181 188 188 182 190 177 190 172 191 168 191 163 191 159 189 168 185 172 185 176 184 184 187 176 183 172 184 168 184
117 150 118 165 121 180 126 195 133 207 145 216 158 222 173 223 188 221 201 215 210 205 216 192 220 177 222 163 223 148 223 134 126 122 132 113 142 109 153 110 163 114 175 113 185 109 197 107 207 110 213 119 169 126 169 134 170 142 170 151 159 162 164 164 171 165 177 163 183 162 136 131 142 128 149 128 156 131 149 133 142 134 183 130 190 126 197 126 203 129 197 132 190 131 156 190 162 182 167 178 171 179 175 178 181 181 188 188 182 190 176 190 172 191 168 191 162 191 159 189 167 185 172 185 176 185 184 187 176 184 172 184 168 184
116 150 118 165 120 181 125 195 132 208 143 217 157 222 173 224 188 222 201 216 210 205 216 193 220 178 222 163 223 149 223 135 126 122 132 113 142 109 153 110 163 113 175 113 186 109 197 107 207 111 213 119 169 126 170 134 170 142 170 151 159 163 165 164 171 164 177 163 183 161 136 132 142 128 149 128 156 131 149 133 142 134 183 130 190 126 197 126 203 129 197 132 190 132 155 190 162 182 168 178 172 179 176 177 182 181 188 188 182 189 177 189 172 190 168 190 162 191 159 189 168 185 172 185 176 184 185 187 176 183 172 183 168 184
117 150 118 165 121 181 126 195 133 208 144 218 158 223 173 225 188 222 201 216 210 205 216 192 220 178 222 163 223 149 223 134 127 122 132 113 142 108 153 109 163 113 175 113 185 108 197 107 207 111 213 119 169 126 169 134 169 142 170 151 159 162 164 164 170 164 177 163 183 161 136 131 142 128 149 128 156 131 149 133 142 134 183 130 190 126 197 126 204 129 197 132 190 132 155 190 161 182 167 178 172 179 176 177 182 181 188 188 182 190 177 190 172 191 167 191 162 192 158 188 167 185 172 185 176 184 185 187 176 184 172 185 167 185
117 152 118 167 121 182 125 196 133 209 144 218 158 224 173 225 188 223 201 216 210 206 216 193 219 178 221 163 222 149 223 135 126 123 131 114 141 109 153 110 163 113 175 113 186 109 197 107 207 111 213 120 169 126 170 134 170 142 170 151 159 162 165 164 171 164 177 163 183 161 136 132 142 128 149 127 156 131 149 133 142 134 183 130 190 126 197 126 203 129 197 132 190 132 155 190 161 182 167 178 172 179 176 177 183 180 189 188 183 191 177 191 173 191 168 192 162 192 158 188 167 184 172 184 177 184 186 187 177 185 172 186 168 186
116 151 118 166 121 180 125 195 133 207 144 216 158 221 173 222 188 220 201 214 211 204 217 191 220 176 222 162 223 148 223 133 126 123 131 114 141 109 152 110 163 114 175 113 185 109 196 107 207 111 213 120 169 126 170 134 170 143 170 152 159 163 165 164 171 165 177 163 183 161 136 132 142 128 149 128 156 131 149 133 142 134 183 130 190 126 197 126 203 129 197 132 190 132 155 189 162 181 167 177 172 178 176 177 182 180 189 186 183 188 177 188 173 188 168 189 163 190 159 187 168 184 172 184 176 183 185 185 176 181 172 182 168 182
117 149 118 164 120 180 125 195 132 208 143 218 158 225 173 226 188 224 201 217 210 206 216 192 220 177 222 162 223 147 223 133 126 123 132 114 142 109 153 110 163 114 175 113 185 109 196 107 207 111 213 120 169 126 170 135 170 143 170 152 159 163 164 164 171 165 177 164 183 162 136 132 142 128 149 128 156 131 149 134 142 134 184 130 190 126 197 126 203 129 197 132 190 132 154 190 161 183 167 180 171 181 175 179 182 182 189 189 182 193 176 194 172 194 167 194 161 193 157 189 167 186 171 186 176 186 186 188 176 188 171 188 167 188
116 151 117 166 120 181 125 196 133 209 144 219 158 225 173 227 188 224 201 218 210 206 216 193 220 178 222 163 223 148 223 133 126 123 132 114 142 109 153 110 163 114 175 113 185 109 197 107 207 111 212 120 169 126 170 134 170 142 170 151 159 163 165 164 171 165 177 163 183 162 136 132 142 129 149 128 156 132 149 134 142 134 183 130 190 126 197 126 203 130 197 132 190 132 154 191 160 183 167 179 171 180 176 178 183 182 189 189 183 195 177 196 172 197 167 197 161 196 157 190 167 185 172 185 176 185 186 189 176 190 172 191 167 191
116 151 118 167 121 182 125 197 133 210 144 220 158 227 174 229 190 226 202 218 211 206 216 192 220 177 222 162 223 148 223 133 126 123 131 114 141 109 152 110 162 114 175 113 185 109 197 108 207 112 212 120 169 126 169 134 170 142 170 151 159 163 165 164 171 165 177 164 183 162 136 132 141 128 149 128 156 132 149 134 141 135 183 130 190 126 197 126 203 130 197 132 190 132 154 192 160 184 167 180 172 181 176 179 183 182 191 190 184 195 178 196 173 196 168 196 161 196 157 191 167 187 172 186 177 186 187 189 177 188 172 189 168 189
117 152 118 167 120 182 125 197 133 211 143 221 158 228 174 229 189 227 202 219 211 207 216 194 220 179 222 164 223 149 222 134 126 124 131 114 141 109 152 110 162 114 175 113 186 109 197 108 207 112 212 121 169 126 169 134 170 142 170 151 158 163 164 164 171 165 177 164 183 162 136 132 142 129 149 128 156 132 149 134 142 135 183 130 190 126 197 127 203 130 197 132 190 132 153 191 160 184 167 180 171 180 176 179 183 182 190 190 184 194 177 195 172 195 167 195 161 195 157 190 167 187 172 186 176 186 187 189 176 188 172 188 167 188
117 151 118 167 121 182 126 197 133 211 144 221 158 228 173 229 189 227 202 219 211 207 217 194 220 178 223 163 223 148 223 133 126 123 131 114 141 109 152 110 162 114 175 114 185 109 196 107 206 111 212 120 169 126 169 135 169 142 170 151 158 163 164 164 171 165 177 164 183 162 136 132 142 129 149 128 156 132 149 134 142 135 183 130 190 126 197 127 203 130 197 132 190 132 153 192 160 184 167 180 171 181 176 179 183 183 190 190 184 194 177 195 172 196 167 196 161 196 157 191 167 187 172 187 176 186 187 189 177 188 172 188 167 188
116 150 118 165 120 181 125 196 133 210 144 220 158 227 174 229 189 226 202 218 210 206 216 193 219 178 222 163 222 148 222 133 126 124 131 114 141 109 152 110 163 114 175 113 185 109 196 107 206 112 212 121 169 126 169 135 170 142 170 151 158 163 164 164 171 165 177 164 183 162 136 132 141 129 149 128 156 132 149 134 142 135 183 130 189 126 197 127 203 130 197 132 190 132 153 191 160 184 167 180 171 181 176 180 183 183 190 189 184 194 177 195 172 195 168 195 161 195 157 190 167 187 172 186 176 186 186 189 176 188 172 188 167 188
116 153 118 168 121 183 125 198 133 211 144 222 158 228 174 230 189 227 202 219 211 208 216 194 219 179 222 164 222 149 222 134 125 123 131 114 141 109 152 110 162 114 175 114 185 109 196 108 206 112 212 120 169 126 169 134 170 142 170 151 159 163 165 164 171 165 177 164 183 162 135 132 141 129 148 128 155 132 148 134 141 135 183 131 190 126 197 126 203 130 197 132 190 132 153 192 160 184 167 180 172 181 176 180 183 183 191 190 184 194 177 195 172 195 168 195 161 195 157 191 167 187 172 187 177 187 187 189 177 188 172 188 167 188
116 153 118 167 121 183 125 197 133 210 143 221 157 228 173 229 189 226 201 219 210 207 216 194 220 179 222 164 222 149 222 135 125 123 131 114 141 109 152 110 162 114 175 114 185 109 196 108 206 112 212 120 169 126 169 135 169 142 169 151 158 163 164 165 170 165 177 164 183 162 136 132 141 129 148 128 155 132 149 134 141 135 183 131 190 126 197 127 203 130 197 132 190 132 153 191 160 184 167 181 172 181 176 180 183 183 191 189 184 193 177 194 172 194 167 194 161 194 156 190 167 187 172 187 176 187 188 188 177 187 172 188 167 188
116 152 118 167 121 182 125 197 133 209 143 219 158 226 173 227 189 224 201 217 210 206 216 193 219 178 221 163 222 149 222 134 125 124 130 114 141 109 152 110 162 114 175 113 185 109 196 107 207 112 212 121 169 126 169 135 169 143 170 151 158 163 164 165 171 165 177 164 183 162 135 132 141 128 148 128 156 132 149 134 141 135 183 131 190 126 197 126 203 130 197 132 190 132 152 191 159 183 166 180 171 181 176 179 184 182 191 188 185 192 178 193 173 194 167 194 160 194 156 189 166 186 172 186 177 186 188 187 177 188 172 188 167 188
116 151 118 165 121 181 125 195 132 208 143 219 157 225 173 227 189 224 201 217 210 206 216 192 220 177 222 162 223 147 223 132 125 123 131 114 140 109 152 110 162 114 174 114 185 109 196 107 207 111 212 120 168 126 169 135 169 143 169 152 158 163 164 165 170 165 177 164 183 162 135 132 141 129 148 128 155 132 148 134 141 135 183 130 189 126 196 127 203 129 197 132 189 132 152 190 160 184 166 180 171 181 176 179 183 182 191 188 184 192 178 193 172 193 167 193 160 193 156 189 166 186 172 186 177 185 188 187 177 188 172 188 167 188
117 151 118 166 121 181 126 195 133 208 144 219 158 225 174 227 190 224 202 217 211 205 216 192 220 177 222 163 222 148 222 133 125 123 131 114 141 109 152 110 162 114 175 113 185 109 196 108 206 112 212 120 169 126 169 135 169 143 170 152 158 163 164 164 170 165 177 163 183 162 135 132 141 129 148 128 155 132 148 134 141 135 183 130 190 127 197 127 203 130 197 132 190 132 152 190 159 183 166 179 171 180 177 178 184 181 191 188 185 192 178 193 173 194 167 194 160 194 156 189 166 185 172 185 177 184 188 187 178 187 172 188 167 188
116 151 118 166 121 181 125 196 133 209 144 219 158 226 174 227 190 224 202 217 211 205 216 192 220 177 222 163 223 148 223 133 125 123 131 114 140 109 152 110 162 114 175 113 185 109 197 108 207 112 213 120 169 127 169 135 169 143 170 152 158 163 164 164 170 165 177 164 183 162 135 133 141 129 148 128 156 132 149 134 141 135 183 131 190 127 197 127 203 130 197 132 190 132 152 191 159 183 166 179 172 179 177 178 184 180 191 188 185 192 178 193 173 194 167 194 160 194 156 189 166 185 172 185 177 184 188 187 178 188 172 188 167 188
117 150 119 165 121 181 126 196 134 209 144 219 158 226 174 227 190 224 202 217 211 205 216 192 220 177 222 162 223 147 222 133 126 123 131 114 141 110 152 111 162 114 175 114 186 109 197 108 207 112 213 120 169 127 169 135 169 143 169 152 158 164 164 165 171 166 177 164 183 162 136 132 141 129 149 128 156 132 149 134 142 135 183 131 190 127 197 127 203 130 197 133 190 132 153 191 159 183 166 180 172 180 177 179 184 181 192 188 185 193 178 194 173 194 167 195 160 194 156 189 166 186 172 186 177 185 188 187 178 188 172 188 167 188
116 151 118 166 121 181 126 196 133 209 144 219 159 226 175 227 190 224 202 216 211 205 216 192 220 177 222 162 222 148 222 133 126 124 131 114 141 109 152 110 162 114 175 113 185 109 197 108 207 112 213 120 169 126 169 135 170 143 170 152 158 164 164 165 171 165 177 164 183 162 136 133 141 129 149 128 156 132 149 134 142 135 183 131 190 126 197 127 203 130 197 132 190 132 153 190 160 183 167 180 172 180 177 179 185 181 192 188 186 192 179 194 173 194 168 194 161 194 156 189 167 186 172 186 178 185 189 187 178 187 173 188 167 188
117 151 119 166 121 181 126 196 134 209 144 219 159 225 175 226 190 223 202 216 211 204 216 191 220 176 222 161 222 147 222 133 126 123 131 114 141 109 152 110 162 114 175 113 185 109 197 108 207 112 212 120 169 127 169 135 170 143 170 152 159 164 165 165 171 165 177 164 183 162 136 132 142 129 149 128 156 132 149 134 142 135 183 131 190 127 197 127 203 130 197 133 190 133 153 190 160 183 167 180 172 181 177 179 184 182 192 188 185 192 179 193 173 194 168 194 161 194 156 189 167 187 172 186 178 186 188 187 178 187 173 187 167 187
117 150 119 165 121 180 126 195 134 208 144 218 159 225 175 226 190 223 203 216 211 204 217 191 220 176 222 161 223 147 223 133 126 123 131 114 141 109 152 110 162 114 176 113 186 109 197 108 207 112 213 120 169 126 170 135 170 143 170 152 159 163 165 164 171 165 177 164 183 162 136 132 142 129 149 128 156 132 149 134 142 135 184 130 190 126 197 127 204 130 198 132 190 132 153 190 160 183 167 180 172 180 178 179 185 181 192 188 186 191 179 193 173 193 168 193 161 193 156 189 167 186 173 186 178 185 189 187 178 186 173 187 168 187
117 151 119 165 121 181 126 195 133 208 144 219 159 225 175 226 190 224 203 216 211 205 217 192 220 177 222 162 222 147 222 133 126 124 131 114 141 109 152 110 162 114 175 113 185 109 197 108 207 112 213 121 169 127 170 135 170 143 171 152 159 163 165 165 171 165 177 164 183 162 136 133 142 129 149 128 156 132 149 134 142 135 184 131 190 127 197 127 203 130 198 133 190 132 153 190 160 183 167 179 172 180 178 179 185 181 192 187 186 191 179 192 173 193 168 193 161 193 157 189 167 186 172 186 178 185 189 186 178 186 173 187 168 187
117 151 119 165 121 180 126 195 133 208 144 218 158 224 174 226 190 223 202 216 211 205 216 192 220 177 222 162 222 148 222 133 126 123 131 114 141 109 152 110 162 114 175 113 185 109 197 108 207 112 213 120 169 127 170 135 170 143 171 152 158 163 165 164 171 165 178 164 184 162 136 132 142 129 149 128 156 132 149 134 142 135 183 131 190 126 197 127 204 130 197 132 190 132 153 190 160 183 167 179 172 180 177 179 185 181 192 187 186 191 179 192 173 193 168 193 161 193 156 189 167 186 172 186 178 185 189 186 178 186 173 187 168 187
117 151 118 166 121 181 126 196 133 209 144 219 158 225 174 226 190 224 203 216 211 205 217 192 220 177 222 162 223 148 222 133 126 123 131 114 141 109 152 110 162 114 176 113 186 109 197 108 207 111 212 120 169 126 170 135 170 143 170 152 159 163 165 164 171 165 177 164 183 162 135 132 141 129 149 128 156 132 149 134 141 135 184 130 190 126 198 127 204 130 198 132 190 132 153 190 160 183 167 179 172 180 178 179 185 181 192 188 186 192 179 193 174 194 168 194 161 193 156 189 167 186 172 186 178 185 189 187 178 186 173 187 168 187
117 150 118 164 121 180 126 195 133 208 144 218 158 225 174 226 190 223 203 216 211 204 217 191 220 176 222 161 223 146 222 132 126 123 131 114 141 109 152 111 162 114 175 114 185 110 196 108 207 111 213 120 169 126 170 135 170 143 170 152 158 163 164 164 171 165 177 164 184 162 136 132 142 129 149 128 156 132 149 134 142 135 184 130 190 127 197 127 204 130 198 132 190 132 153 190 160 183 167 179 172 180 177 179 185 181 192 188 186 192 179 193 173 194 168 194 160 193 156 189 167 186 172 186 178 185 189 187 178 187 173 187 167 187
117 151 119 165 121 180 126 195 133 208 144 218 158 224 174 226 189 223 202 216 211 205 216 192 220 177 222 162 223 147 223 133 126 124 131 114 141 110 152 111 162 114 175 114 185 109 197 108 207 112 213 121 169 126 169 135 170 143 170 152 158 163 165 164 171 165 177 164 184 162 136 132 142 129 149 128 156 132 149 134 142 135 183 131 190 127 197 127 203 130 197 132 190 132 153 190 160 183 166 179 172 180 178 178 185 181 192 188 186 192 179 193 173 194 167 194 160 193 156 189 167 186 172 186 178 185 189 187 178 186 173 187 167 187
117 151 119 166 121 181 126 196 133 209 144 219 158 225 174 227 190 224 202 217 211 205 216 192 220 177 222 162 222 148 222 133 126 124 131 115 141 109 152 110 162 114 175 114 185 109 197 108 207 112 213 121 169 127 170 135 170 143 170 152 158 164 165 165 171 165 178 164 184 162 136 133 142 129 149 129 156 132 149 135 142 135 183 131 190 127 197 127 204 130 198 133 190 133 153 190 160 183 167 179 172 180 177 179 185 181 192 188 186 192 179 193 173 194 168 194 161 194 156 189 167 186 172 186 178 185 189 187 178 187 173 187 167 187
117 151 119 166 121 181 126 196 133 209 144 219 158 225 174 226 190 224 202 216 211 205 216 192 220 177 222 162 223 148 222 133 126 124 131 114 141 110 152 111 162 115 175 114 185 110 196 108 207 112 213 121 169 127 169 135 170 143 170 152 158 164 164 165 171 165 177 164 183 162 135 133 141 129 149 128 156 132 149 135 141 135 183 131 190 127 197 127 203 130 197 133 190 133 153 191 160 183 166 179 172 180 177 179 185 181 192 188 186 192 179 194 173 194 167 194 160 194 156 189 167 186 172 186 178 185 189 187 178 187 173 187 167 187
117 152 118 166 121 182 126 196 133 209 144 219 158 226 174 227 189 224 202 217 211 205 216 192 220 177 222 162 223 148 222 133 126 124 131 115 141 110 152 111 162 115 175 114 185 110 196 108 207 112 212 121 169 127 169 135 170 143 170 152 158 164 164 165 171 166 177 164 183 163 135 133 141 129 149 129 156 132 149 135 141 135 183 131 190 127 197 127 203 130 197 133 190 132 153 191 160 184 167 180 172 181 177 179 184 182 192 188 185 192 179 194 173 194 167 195 160 194 156 190 167 187 172 187 178 186 188 187 178 187 173 188 167 188
117 152 118 167 122 182 126 197 134 209 145 219 159 226 174 227 190 224 202 216 211 205 216 192 220 177 222 162 223 147 223 133 125 124 130 115 141 110 152 111 162 114 175 114 185 110 197 108 207 112 213 121 169 127 169 135 170 143 170 152 158 164 165 165 171 166 178 164 184 162 136 133 141 130 149 129 156 132 149 135 142 135 183 131 190 127 197 127 204 130 198 133 190 133 153 191 160 184 167 180 172 181 177 179 184 182 192 188 185 192 179 194 173 194 168 194 161 194 156 190 167 187 172 187 178 186 188 187 178 187 173 188 167 187
117 152 119 167 121 182 126 196 134 209 144 219 158 225 174 226 189 223 202 216 211 205 216 192 220 177 222 163 223 148 223 133 125 124 130 115 140 110 152 111 162 115 175 114 185 110 196 108 207 112 213 121 169 127 169 135 170 143 170 152 158 164 164 165 171 166 177 164 183 162 135 133 141 129 149 129 156 132 149 135 141 135 183 131 190 127 197 127 204 130 198 133 190 133 152 190 160 183 167 179 172 180 177 178 184 181 192 188 185 192 179 193 173 194 167 194 160 194 156 189 167 186 172 186 178 185 188 187 178 187 173 188 167 187
116 152 118 166 121 181 125 196 133 209 144 218 158 225 174 226 190 224 202 216 211 205 216 192 220 177 222 162 223 148 222 133 125 124 130 115 140 110 151 111 162 115 175 114 185 110 196 108 207 112 213 121 169 127 169 135 170 143 170 152 158 164 164 165 171 166 177 164 183 163 135 133 141 129 148 129 156 132 149 135 141 135 183 131 190 127 197 127 203 130 197 133 190 133 152 191 159 183 166 179 172 180 178 178 185 181 192 188 186 192 179 193 173 194 167 194 160 194 156 189 166 186 172 186 178 185 189 187 179 187 173 187 167 187
116 151 118 166 121 181 125 196 133 209 143 219 158 225 174 226 190 223 202 216 211 205 216 192 220 177 222 162 223 147 223 133 125 124 130 115 141 110 152 111 162 115 175 114 185 110 196 108 207 112 213 121 169 127 169 135 170 143 170 152 158 164 164 165 171 166 177 164 183 162 135 133 141 129 148 129 156 132 149 135 141 135 183 131 190 127 197 127 203 130 197 133 190 133 152 191 159 184 166 180 172 181 177 179 184 182 192 188 185 192 179 193 173 194 167 194 160 194 155 190 166 187 172 187 177 186 188 187 178 187 172 187 167 187
117 152 119 167 121 182 126 196 133 209 143 219 157 225 173 227 188 224 201 217 210 206 215 193 219 178 221 163 222 148 222 134 125 124 130 115 140 110 151 111 162 115 175 114 185 110 196 108 206 112 212 121 169 127 169 135 169 143 170 152 158 164 164 165 170 166 177 164 183 163 135 133 141 129 148 129 155 132 149 135 141 135 183 131 190 127 197 127 203 130 197 133 190 133 153 191 160 184 166 181 171 182 176 180 183 183 191 189 184 192 178 193 172 193 167 193 161 193 156 190 167 187 172 187 177 186 188 188 177 187 172 188 167 187
117 152 118 166 121 181 126 196 133 209 143 219 157 226 173 227 189 224 202 217 211 206 216 193 220 178 222 163 222 148 222 134 125 124 130 115 140 110 151 111 162 115 175 114 185 110 196 108 206 112 212 121 168 126 169 135 169 143 170 152 158 164 164 165 170 166 177 164 183 162 135 133 141 129 148 129 155 132 148 135 141 135 183 131 190 127 197 127 203 130 197 133 190 133 152 191 160 184 166 181 172 181 177 180 184 183 191 188 185 192 178 193 173 193 167 193 160 193 156 190 166 187 172 187 177 186 188 188 177 187 172 187 167 187
116 151 118 166 121 181 125 196 132 209 143 219 157 226 173 227 189 225 202 217 211 206 216 192 219 177 221 162 222 147 222 133 125 124 130 115 140 110 151 111 162 115 175 114 185 110 196 108 206 112 212 121 169 127 169 135 169 143 170 152 158 164 164 165 171 166 177 165 183 163 135 133 141 129 148 129 156 132 148 135 141 136 183 131 189 127 197 127 203 130 197 133 190 133 152 191 159 184 166 180 172 181 177 180 184 182 191 188 185 193 178 194 173 195 167 195 160 194 156 190 167 187 172 187 177 186 188 188 177 187 172 188 167 188
117 152 119 166 121 181 126 196 133 210 144 220 158 227 174 228 190 225 202 218 211 206 216 193 219 178 221 163 222 148 221 134 125 125 130 115 140 110 151 111 162 115 175 114 185 110 196 108 206 113 212 122 169 127 169 135 169 143 170 152 158 164 164 165 170 166 177 164 183 163 135 133 141 130 148 129 155 132 149 135 141 135 183 131 190 127 197 127 203 130 197 133 190 133 153 191 160 184 167 180 172 181 177 180 184 182 191 189 185 192 178 193 173 194 168 194 161 194 156 190 167 187 172 187 177 186 188 188 178 187 172 188 167 188
117 153 118 167 121 182 126 197 133 210 144 220 158 227 174 228 189 226 202 218 210 206 216 193 219 178 221 163 222 148 221 134 125 125 130 115 140 110 151 111 162 115 175 114 185 110 196 108 207 112 212 121 169 127 169 135 169 143 170 152 158 164 164 165 171 166 177 164 183 163 135 133 141 129 148 129 155 132 149 135 141 135 183 131 190 127 197 127 203 130 197 133 190 133 153 191 160 184 167 181 172 182 177 180 184 183 191 189 185 193 178 194 173 194 168 194 161 194 156 190 167 187 172 187 177 186 188 188 178 188 173 188 168 188
116 153 118 168 121 183 125 197 133 210 144 220 158 226 174 228 189 225 202 218 211 206 216 193 219 178 221 163 221 148 221 134 125 125 130 115 140 110 152 111 162 114 175 114 185 110 196 108 206 112 212 121 169 127 169 135 170 143 170 152 158 164 164 165 171 166 177 164 183 163 135 133 141 129 148 129 155 133 149 135 141 136 183 131 190 127 197 127 203 130 197 133 190 133 153 192 160 184 166 181 172 181 177 180 184 182 191 189 185 192 179 193 173 194 168 194 161 194 156 190 167 187 172 187 177 186 188 188 178 188 173 188 167 188
