109 154 111 170 115 186 120 202 128 216 140 227 154 235 170 237 185 234 199 225 209 213 215 197 219 181 221 164 221 148 220 131 116 132 122 122 133 118 145 119 156 123 169 123 180 117 192 115 203 118 210 127 163 136 163 147 164 157 165 167 151 177 158 179 166 180 173 177 180 175 126 141 133 136 141 136 149 141 141 144 133 145 178 139 185 133 194 133 200 136 194 140 186 141 147 203 155 197 162 194 167 195 173 193 180 194 188 198 181 202 175 204 169 205 164 205 157 206 151 202 162 200 168 200 173 199 184 198 174 197 169 198 163 198
109 153 112 169 115 185 120 201 129 216 140 228 154 236 170 237 186 234 199 226 209 213 216 198 219 181 221 165 221 148 221 132 117 132 123 122 133 118 145 119 156 124 169 123 180 118 192 115 204 119 211 128 163 136 164 146 164 157 165 168 151 177 158 179 166 180 173 177 180 175 127 140 133 136 141 136 149 141 142 143 133 144 178 139 185 133 194 133 201 136 195 140 186 141 147 202 155 196 162 194 167 194 173 192 180 194 188 198 181 202 175 203 169 204 163 204 156 205 151 201 162 200 167 200 173 199 184 198 174 196 168 197 163 197
109 153 111 169 115 185 120 201 129 215 140 226 155 233 171 234 186 232 199 223 209 211 216 196 220 180 222 164 222 147 221 131 117 133 122 122 134 118 145 119 156 124 169 123 180 117 192 115 204 118 210 128 163 136 164 147 164 157 165 168 151 177 159 178 166 179 174 177 180 175 126 141 133 136 142 136 150 141 142 144 133 144 178 139 185 133 194 133 201 136 195 140 186 141 148 202 155 196 162 193 167 194 173 192 180 193 188 198 181 201 175 202 169 203 164 204 157 204 151 201 162 200 168 200 174 198 185 197 174 195 169 196 163 197
109 154 112 170 116 185 121 200 129 214 141 224 155 231 171 232 186 230 199 222 209 210 216 195 219 180 221 163 221 148 221 132 117 133 122 123 133 118 145 120 156 124 168 123 179 117 192 115 204 119 210 128 163 136 164 146 164 157 165 168 152 177 159 178 166 179 174 177 180 175 126 141 133 136 141 136 149 141 142 144 133 144 178 139 185 133 194 133 201 136 195 140 186 141 148 201 156 195 162 192 168 193 173 191 180 193 189 196 182 200 175 201 169 202 164 202 157 202 151 200 162 199 168 198 174 197 185 196 175 194 169 195 163 195
109 153 111 169 115 185 120 201 129 215 140 226 154 234 171 235 186 233 199 224 209 211 216 196 220 180 222 164 222 148 221 131 117 132 122 122 133 118 145 119 156 124 169 123 180 117 192 115 204 118 210 128 163 136 163 146 164 157 165 168 151 177 158 179 166 180 173 177 180 175 126 140 133 136 141 136 149 141 141 144 133 144 179 139 186 133 194 133 201 136 195 140 186 141 147 203 155 196 162 193 167 194 173 192 180 194 189 198 182 202 175 204 169 205 164 205 157 205 151 202 162 200 168 200 174 199 185 198 174 196 169 197 163 198
109 154 112 170 116 186 121 202 129 217 140 229 154 237 170 238 186 235 199 226 209 213 216 197 220 181 222 164 222 148 221 131 116 133 121 123 133 118 144 119 155 123 169 122 180 117 192 115 203 118 210 127 162 135 163 146 164 157 165 168 151 177 158 179 166 180 173 177 180 175 126 141 133 136 141 136 149 141 141 144 132 144 178 139 185 133 194 133 201 136 194 140 186 140 147 204 155 197 162 194 167 195 173 192 180 194 188 199 182 204 175 206 169 207 164 208 156 207 151 203 162 201 168 200 173 199 184 198 174 198 169 200 163 200
109 153 111 169 115 185 120 201 129 215 140 226 154 234 170 235 186 233 199 225 209 212 216 197 219 180 222 164 222 147 221 131 117 133 122 122 133 118 145 119 155 124 168 123 179 117 192 115 203 118 210 128 162 136 163 146 164 157 164 167 151 177 158 179 165 180 173 177 180 175 126 141 133 136 141 136 149 141 141 144 133 144 178 139 185 133 193 133 200 136 194 140 186 140 148 203 155 197 162 194 167 194 172 192 179 194 187 199 181 204 175 205 169 206 163 207 156 207 151 202 162 200 167 200 173 199 184 198 173 197 168 198 163 199
109 153 111 170 115 186 120 202 129 216 140 228 154 236 170 237 185 235 199 226 208 213 215 197 219 181 221 164 221 147 221 131 117 132 122 122 133 118 145 119 156 124 168 122 179 117 191 115 203 118 210 127 162 136 163 146 164 157 164 167 151 177 158 178 165 180 173 177 180 174 126 141 133 136 141 136 149 141 141 144 133 144 178 139 185 133 193 133 200 136 194 140 186 140 148 204 155 198 162 194 167 195 172 193 179 195 187 200 181 206 174 208 168 209 163 209 156 209 151 203 162 201 167 200 172 199 183 199 173 201 168 202 163 202
109 153 112 170 115 186 121 202 129 217 140 228 154 236 169 238 185 235 198 227 208 213 215 198 219 181 221 164 221 148 220 131 117 133 123 123 133 118 145 119 155 123 169 122 180 118 192 115 203 119 209 128 163 136 163 147 164 157 165 168 151 177 158 178 166 180 173 177 179 175 128 141 134 139 142 138 149 141 142 143 134 144 178 139 185 135 193 135 199 137 193 140 186 140 148 203 155 197 162 194 167 194 172 192 180 194 187 199 181 206 174 209 169 210 163 210 156 209 151 203 162 200 167 200 173 199 184 199 174 201 168 202 163 202
109 154 111 171 115 187 120 203 128 218 140 230 154 238 169 239 185 236 198 227 208 214 215 198 219 181 222 164 222 147 221 131 118 134 122 123 133 118 144 119 155 123 169 122 180 118 192 115 203 119 209 127 162 137 163 147 163 157 164 168 151 177 158 179 165 180 173 177 179 175 129 144 134 142 141 141 149 142 142 144 135 145 178 139 185 138 192 138 199 138 193 140 186 141 147 204 155 197 161 194 167 195 172 193 179 195 186 200 181 207 174 210 168 211 163 211 156 210 151 203 162 201 167 200 173 199 183 199 173 202 167 203 162 203
109 156 112 173 115 189 121 205 129 219 140 231 154 239 170 241 185 238 199 229 208 215 215 200 219 182 221 166 222 149 221 132 117 134 122 123 133 118 144 119 155 124 169 122 180 117 192 115 203 119 210 128 162 136 163 146 163 157 164 168 151 176 158 178 165 180 173 177 179 175 128 143 133 141 140 140 148 141 141 143 134 144 179 139 186 137 193 137 199 138 193 140 186 140 148 204 155 198 162 195 167 196 172 194 180 196 187 201 181 207 174 210 168 210 162 211 156 210 151 204 162 201 167 201 173 200 184 200 173 202 167 203 162 203
109 155 112 171 116 188 121 204 129 219 140 231 154 239 170 240 185 238 198 229 208 216 215 200 219 183 222 166 222 149 221 132 117 133 122 123 133 118 145 119 156 123 169 122 180 117 192 115 203 119 210 128 163 136 163 146 164 156 165 167 151 176 158 178 166 179 173 177 180 175 128 142 134 139 141 138 149 141 142 143 134 144 179 139 185 135 193 135 199 137 193 140 186 140 148 204 155 198 162 194 167 195 173 193 180 196 187 201 181 207 174 209 168 210 163 210 156 210 152 204 162 200 167 200 173 199 184 201 173 201 168 202 162 202
110 155 112 172 116 188 121 205 129 219 139 232 153 240 169 242 184 239 197 230 207 217 214 201 219 183 222 166 222 149 221 132 118 133 123 123 134 118 145 119 156 123 169 122 180 118 192 115 203 119 209 128 163 135 164 146 164 156 165 167 151 176 158 178 166 179 173 177 180 175 128 141 134 138 142 137 149 141 142 143 134 144 178 139 185 134 193 134 200 137 194 140 186 140 147 204 155 197 162 193 167 194 173 193 180 195 188 201 181 207 174 209 168 210 163 210 155 209 151 203 162 200 167 200 173 199 184 200 174 201 168 202 162 202
109 154 112 170 115 187 120 203 129 218 140 230 154 238 169 239 184 237 198 228 207 215 214 199 218 183 221 166 222 148 221 131 117 133 122 122 133 117 145 119 156 123 169 122 180 117 192 115 204 119 210 129 163 136 163 146 164 157 164 167 151 176 158 178 165 179 173 177 180 175 127 141 133 137 141 137 149 141 142 143 133 144 178 139 185 134 193 134 200 137 194 140 186 140 147 203 155 197 161 193 167 194 173 192 180 195 188 200 181 206 174 208 168 209 162 209 155 208 151 203 162 199 167 199 173 198 184 200 174 201 168 202 162 202
110 154 112 171 115 187 120 204 128 219 139 231 153 240 169 242 184 239 197 230 207 216 214 200 218 183 221 166 221 149 221 132 117 133 122 122 133 117 145 119 156 124 169 123 180 118 192 115 203 119 210 128 163 136 163 146 164 156 164 167 151 176 158 178 165 179 172 177 179 175 127 141 133 137 141 136 149 141 142 143 133 144 178 139 185 134 193 133 200 137 194 140 186 140 147 203 154 197 161 193 167 194 173 192 180 195 188 200 181 206 174 208 168 209 162 209 155 208 151 203 161 199 167 199 173 198 184 200 174 200 167 201 162 201
110 154 112 170 116 187 121 203 128 219 139 231 153 240 169 241 185 239 198 229 208 215 215 199 219 182 221 165 222 148 221 131 117 132 123 122 134 117 145 119 156 124 169 123 180 118 192 115 204 119 210 129 163 136 163 146 164 156 164 167 151 176 158 178 165 179 173 177 180 175 128 140 134 136 142 136 149 141 142 142 134 143 179 139 186 133 194 133 200 137 194 140 186 140 146 203 154 196 161 193 167 194 173 192 180 195 188 200 181 206 175 208 168 209 162 209 155 208 150 203 161 199 167 199 173 198 184 200 174 201 167 202 162 202
109 154 111 171 115 187 121 204 129 219 140 231 154 240 170 241 185 239 199 229 208 215 215 199 220 182 222 165 223 148 222 131 117 131 123 121 133 117 145 119 155 123 170 122 180 117 192 115 203 118 210 127 163 136 163 146 164 156 165 166 151 176 158 178 166 179 173 177 180 175 127 140 133 136 141 136 149 140 141 143 133 143 179 138 186 133 194 133 200 136 194 140 186 140 146 204 154 197 161 194 167 195 172 193 180 195 188 200 182 208 174 210 168 211 162 211 155 210 150 203 161 200 167 200 173 199 185 200 174 202 167 204 162 203
109 154 111 172 115 189 120 206 128 221 139 234 153 243 169 245 185 242 199 232 208 217 215 201 219 183 221 166 221 149 220 132 117 131 123 121 134 116 145 118 156 123 169 122 180 116 192 114 203 118 209 127 163 135 164 145 164 155 165 166 151 176 158 178 166 179 173 177 180 175 127 140 134 136 142 135 149 140 142 142 134 142 178 138 186 133 194 133 200 136 194 140 186 140 145 205 153 198 161 194 167 195 173 193 181 196 189 202 183 211 175 214 168 215 161 215 153 213 149 205 161 201 167 200 174 200 185 202 174 206 167 207 161 206
110 153 111 170 115 187 119 204 127 220 137 234 151 243 168 245 184 242 198 232 207 217 214 201 218 184 221 166 221 150 220 133 118 131 123 121 134 116 145 118 156 122 170 121 181 116 193 114 204 118 210 128 163 135 164 145 164 155 164 166 151 176 158 178 165 179 172 177 179 175 128 139 134 135 142 135 150 140 142 142 134 142 179 138 186 133 194 133 200 136 194 139 186 140 145 204 153 197 161 194 166 195 172 193 180 196 188 201 181 209 174 212 167 213 161 213 154 212 149 204 161 201 166 201 172 200 185 201 173 204 167 205 161 205
109 152 111 169 115 186 120 202 128 218 139 231 152 240 168 242 184 238 197 229 207 215 213 199 218 182 221 165 221 148 220 132 117 131 122 121 134 116 145 118 156 122 169 121 180 116 192 114 204 118 210 127 163 135 163 145 164 155 165 166 151 175 158 177 165 179 172 176 179 174 127 139 133 135 142 135 149 140 142 142 133 142 178 138 185 132 193 132 200 135 194 139 186 139 146 203 154 197 161 194 166 194 171 193 179 195 187 200 180 207 173 210 167 211 162 211 154 209 149 203 161 200 166 199 172 199 183 200 172 203 167 204 162 204
110 153 112 170 115 187 120 203 128 218 138 231 152 240 168 242 184 239 197 229 207 215 214 199 218 183 220 165 221 149 221 132 117 130 123 120 134 116 145 117 155 121 169 121 180 116 192 114 203 117 210 127 163 134 163 144 163 154 164 165 151 175 157 177 165 178 172 176 179 174 127 139 134 134 142 134 149 139 142 141 133 142 178 137 185 132 193 132 200 136 194 139 186 139 146 203 154 197 161 194 166 195 171 193 179 195 186 200 179 206 172 208 167 208 161 208 154 207 149 202 161 200 166 200 171 199 183 199 172 201 166 202 161 202
110 154 112 171 115 187 121 204 128 219 139 231 152 240 168 241 185 238 198 229 208 215 214 200 218 183 220 166 221 150 220 133 117 129 123 120 134 115 145 117 155 121 169 120 180 116 192 113 203 117 210 126 163 133 163 144 163 154 164 165 151 175 157 176 165 178 172 176 179 173 127 138 133 134 142 134 149 139 142 141 133 142 178 137 185 132 193 132 200 135 194 139 186 139 147 203 154 196 161 193 166 194 172 192 179 195 187 200 180 206 173 208 167 208 161 208 154 207 150 202 161 199 166 199 172 198 184 200 173 201 167 202 161 201
110 153 112 169 115 186 120 203 128 217 138 230 151 239 167 241 184 239 197 229 207 215 214 199 218 182 220 164 221 147 220 131 118 129 123 119 134 115 145 117 155 121 169 120 180 115 192 114 203 117 209 127 162 133 163 144 163 154 163 165 150 174 157 176 165 177 172 175 179 173 128 138 134 134 142 134 149 139 142 141 134 141 178 137 185 132 193 132 200 135 194 139 186 139 146 202 154 196 160 193 166 194 172 192 179 194 187 200 180 206 173 208 167 208 161 208 154 207 150 201 160 199 166 199 172 198 184 199 172 201 166 201 161 201
110 153 112 170 115 187 120 204 128 218 139 231 153 240 169 241 185 238 198 229 208 215 214 199 218 182 220 165 221 149 220 132 118 129 124 120 135 115 146 117 156 121 169 120 180 115 192 113 204 117 210 126 163 134 164 144 164 154 164 165 151 175 158 177 165 178 172 176 179 174 127 138 134 134 142 134 150 139 142 141 134 142 178 137 186 132 194 132 201 135 195 139 186 139 147 203 154 196 161 193 166 194 172 192 179 195 187 201 180 206 173 208 167 209 162 209 155 207 150 202 161 200 167 200 172 199 183 200 173 200 167 201 162 201
110 153 112 170 115 186 120 203 128 218 138 231 152 240 168 242 184 239 198 229 208 215 214 199 219 182 221 165 221 149 221 132 118 130 124 120 134 116 146 117 156 122 169 121 180 116 192 114 204 118 210 127 163 134 163 144 164 154 164 165 151 175 158 177 165 178 172 176 179 174 128 138 134 134 142 134 149 139 142 141 134 142 179 137 186 132 194 132 201 136 194 139 186 139 146 204 154 197 161 194 166 195 171 193 179 196 187 202 180 207 173 208 167 209 161 209 154 208 150 203 161 201 166 201 172 200 183 201 172 202 166 203 161 202
110 153 112 170 115 186 120 203 127 219 137 232 151 241 167 243 183 240 197 231 208 217 215 201 219 183 222 166 222 149 222 132 118 130 123 121 134 116 146 118 156 122 170 121 181 116 193 114 205 118 211 127 163 135 164 145 164 155 165 166 151 176 158 178 165 179 173 177 179 175 127 139 134 135 142 135 150 140 142 142 134 142 179 138 186 132 194 132 201 136 195 139 187 139 145 205 153 198 160 195 166 195 171 194 179 196 187 202 180 210 173 213 166 214 161 214 153 212 149 204 161 200 166 200 172 199 183 202 172 207 166 208 161 208
110 153 112 170 115 186 120 203 128 218 138 232 152 241 167 242 183 240 197 231 207 217 214 201 219 184 222 167 222 150 222 133 119 130 124 120 135 116 146 118 156 122 170 121 181 117 193 115 204 118 210 128 164 136 164 146 164 156 164 166 151 176 158 178 165 179 173 177 179 175 129 139 135 135 143 135 150 140 143 142 134 142 180 139 187 133 195 133 201 136 195 140 187 140 145 204 152 197 160 194 165 195 171 194 179 196 187 202 180 213 172 217 166 218 160 218 152 214 148 204 160 200 166 200 171 199 183 202 171 209 166 210 160 209
110 154 112 171 115 188 120 204 128 220 138 233 152 242 167 244 183 241 197 232 207 218 214 202 219 185 222 168 222 151 222 134 118 132 124 122 135 117 146 119 157 123 170 122 182 118 194 116 205 120 211 129 164 136 164 146 165 156 165 166 151 176 158 178 166 179 173 177 179 175 128 140 135 136 143 136 150 140 143 142 134 143 180 139 187 134 195 134 201 137 195 140 187 141 146 204 153 197 161 194 166 195 172 194 180 197 187 203 181 213 173 216 166 217 160 217 153 214 149 204 161 200 166 200 172 199 184 203 172 208 166 209 161 208
110 154 112 171 115 187 120 204 128 219 138 232 151 241 168 243 184 240 197 231 207 217 214 201 218 184 221 167 222 150 222 133 118 132 124 122 135 117 146 119 157 123 170 122 181 118 193 116 205 120 211 129 164 136 164 146 165 156 165 166 152 176 158 178 166 179 173 177 179 175 128 140 134 136 142 136 150 140 142 143 134 143 179 139 186 133 194 133 201 137 195 141 187 141 146 204 153 197 161 194 166 195 171 193 179 196 187 203 179 210 172 212 166 213 161 213 153 211 150 204 161 200 166 200 172 200 183 202 172 204 166 205 161 205
110 154 112 169 115 185 121 200 129 213 140 222 154 229 169 230 185 228 198 220 208 209 215 196 220 180 222 164 222 149 222 133 117 132 123 121 135 117 146 118 157 123 170 122 181 117 193 115 205 119 211 128 164 136 164 146 165 157 166 168 151 176 159 178 166 180 173 177 180 175 127 139 134 135 142 135 150 141 142 143 134 143 179 139 186 133 195 133 202 137 196 140 187 141 147 200 155 195 162 193 167 194 173 192 179 194 187 197 180 200 174 201 168 202 163 202 156 203 151 200 162 199 167 199 173 198 184 197 173 195 168 196 162 196
110 153 112 169 116 185 120 201 128 215 139 226 153 233 168 235 183 233 197 226 207 214 215 199 219 183 222 166 222 149 222 132 118 131 124 121 135 117 146 119 157 123 170 122 181 117 193 115 205 119 212 129 163 135 164 146 164 156 164 167 151 176 158 178 165 179 173 177 180 175 128 139 134 135 143 135 150 140 143 142 134 143 179 139 186 133 195 133 202 137 195 140 187 140 148 201 155 193 161 189 167 191 172 189 180 192 187 199 181 204 174 205 167 206 161 206 155 205 152 199 161 196 167 197 173 196 184 198 173 198 167 198 161 198
111 154 113 170 116 186 121 202 129 216 139 227 152 235 167 237 183 234 196 227 207 215 214 200 218 184 221 167 222 150 222 133 118 132 124 122 135 117 146 119 157 123 170 123 181 117 193 115 205 119 212 129 163 135 164 146 164 156 164 167 151 176 158 178 165 179 173 177 179 175 129 139 135 135 143 135 150 140 143 142 135 142 179 139 186 133 195 133 201 137 195 140 187 140 147 202 154 194 160 191 166 192 172 191 179 193 187 200 180 205 173 206 167 207 161 207 154 206 151 201 160 198 166 198 172 197 183 199 172 199 166 200 161 200
111 153 113 169 116 185 121 201 128 216 139 227 153 235 168 237 184 235 197 227 207 214 214 199 219 183 221 166 222 149 222 133 118 131 124 121 135 117 146 119 157 123 170 122 181 117 193 115 205 119 212 128 164 135 164 146 164 156 165 167 151 176 158 178 165 179 173 177 180 175 128 139 134 135 143 135 150 140 142 143 134 143 179 139 186 133 195 133 202 136 196 140 187 140 147 202 153 194 160 191 166 192 172 191 180 193 187 201 181 206 173 207 167 208 161 208 154 207 150 201 160 198 166 198 172 197 184 200 173 200 166 201 160 200
110 153 111 169 115 185 120 202 127 216 138 228 152 235 168 236 184 234 197 227 208 214 215 198 219 182 222 165 222 148 222 132 118 131 124 121 135 117 146 119 157 123 170 122 181 117 193 115 205 119 211 128 164 135 164 146 164 156 165 167 151 176 158 178 165 180 173 178 179 175 128 139 134 136 142 135 150 140 142 142 134 143 179 138 186 133 194 133 201 136 195 140 187 140 148 204 155 197 161 194 166 195 172 193 179 195 186 201 180 205 173 206 167 207 162 207 155 207 152 202 161 200 167 200 172 199 182 200 173 199 167 200 162 200
110 153 112 169 115 186 120 203 128 217 139 229 153 237 168 239 184 236 197 228 208 216 215 201 219 184 221 167 222 150 221 133 117 131 123 121 134 117 145 119 156 123 170 122 181 117 193 115 205 119 211 129 163 135 163 146 164 156 164 167 151 176 158 178 165 179 172 177 179 175 127 140 133 136 142 136 149 141 142 143 133 143 179 139 186 133 194 133 201 137 195 140 186 141 146 203 153 196 160 193 166 194 171 193 179 195 187 201 180 206 173 207 167 208 161 208 154 207 150 202 160 199 166 199 172 199 183 200 172 201 166 201 161 201
110 153 111 169 115 185 120 202 128 216 139 228 153 235 169 236 184 234 198 226 208 213 215 199 219 182 222 165 222 149 221 132 118 131 123 121 134 117 146 119 156 123 170 122 181 117 193 115 204 118 211 127 163 135 164 146 164 156 165 167 151 176 158 178 165 179 173 177 179 175 127 140 133 136 142 136 149 141 142 143 133 143 179 139 186 133 194 133 201 136 195 140 187 140 147 202 154 197 161 193 166 194 171 193 179 195 186 200 179 205 173 206 167 207 162 207 155 206 150 202 161 199 166 199 172 199 183 199 172 199 167 200 161 200
109 153 111 169 114 185 119 201 127 215 139 226 153 234 169 236 185 233 198 225 209 212 215 197 219 181 222 164 222 148 222 132 118 131 123 121 134 117 146 119 156 123 170 122 181 117 193 115 204 119 210 128 164 135 164 146 164 156 165 167 151 176 158 178 166 180 173 178 180 175 127 140 133 136 142 135 149 141 142 143 133 143 179 139 186 133 194 133 201 136 195 140 187 140 146 204 154 199 161 195 166 196 171 195 178 197 186 202 179 207 173 209 167 210 161 210 154 209 149 204 161 201 166 201 172 201 182 202 172 202 166 203 161 203
110 154 112 170 115 187 120 204 128 219 139 231 153 240 169 242 185 239 198 230 208 216 215 200 219 183 221 166 222 149 222 132 118 131 123 121 134 117 146 118 156 123 170 122 181 117 193 115 204 119 210 128 164 135 164 146 164 156 165 166 151 176 158 179 165 180 173 178 180 175 127 140 133 135 142 135 149 140 142 143 133 143 179 139 186 133 194 133 201 136 195 140 187 140 146 206 154 199 161 195 166 196 171 195 179 197 187 203 181 212 173 215 167 216 162 216 154 213 150 205 161 202 166 202 172 201 183 203 172 206 167 207 162 207
110 154 112 170 115 187 120 203 128 218 138 230 152 238 168 240 183 237 197 229 207 216 214 200 219 184 221 167 222 150 222 133 118 131 124 121 135 117 146 118 156 123 170 121 181 117 193 115 204 118 210 127 163 135 164 146 164 156 165 167 151 176 158 178 165 180 173 178 179 176 127 140 134 135 142 135 149 140 142 143 133 143 179 139 186 133 194 133 201 136 195 140 187 141 146 206 153 198 161 195 166 196 171 195 179 197 186 203 180 211 172 214 166 215 161 215 153 213 150 205 161 202 166 202 172 201 182 203 172 205 166 206 161 206
110 153 111 169 115 186 120 202 127 218 137 231 151 241 167 243 183 240 197 230 207 216 214 200 218 183 221 166 221 149 221 132 118 131 123 121 134 117 146 118 156 123 169 122 181 117 192 115 204 118 210 127 163 135 164 146 164 156 165 167 151 176 158 178 165 180 172 178 179 175 127 139 134 135 142 135 149 140 142 142 133 143 179 138 186 133 194 133 201 136 195 140 186 140 145 204 153 199 160 196 166 197 171 195 179 197 187 202 179 208 172 210 166 211 161 211 154 210 149 203 161 201 166 201 171 201 183 201 172 204 166 205 161 205
110 154 112 170 115 187 120 203 129 218 140 230 153 239 170 240 185 237 198 228 208 214 215 199 219 182 221 165 222 149 221 133 118 131 123 121 134 117 146 118 156 123 169 121 181 117 193 115 204 119 211 128 163 135 164 145 164 155 165 166 151 176 158 178 165 179 173 177 179 175 127 139 133 135 142 135 149 140 142 142 133 143 179 138 186 133 194 133 201 136 195 140 187 140 145 203 153 198 161 195 166 196 171 195 179 197 188 200 180 205 173 206 167 207 161 207 154 206 148 202 161 201 166 201 172 200 184 200 172 200 166 201 161 200
110 153 113 170 116 186 121 203 129 217 139 230 153 239 169 240 185 237 198 228 208 215 215 199 219 183 221 166 221 150 221 134 118 131 123 121 134 116 146 118 156 123 169 122 181 117 193 115 205 118 211 128 163 135 164 145 164 156 165 167 151 176 158 178 165 179 173 177 180 175 127 139 133 135 142 135 149 140 142 142 133 143 179 138 186 133 194 133 201 136 195 140 187 140 145 202 153 197 160 194 166 195 172 194 180 196 188 200 180 205 173 206 167 207 161 207 153 206 148 201 160 200 166 201 172 200 184 199 173 200 166 201 161 200
110 154 112 170 116 186 120 202 128 217 138 230 152 238 168 240 184 237 198 229 208 215 215 200 219 183 222 166 222 150 221 134 118 131 124 121 134 116 146 118 156 122 169 122 180 117 192 115 204 118 210 128 163 135 164 145 164 155 165 166 151 176 158 177 165 179 173 177 180 174 128 139 134 135 142 135 149 140 142 142 134 142 179 138 186 133 194 133 201 136 195 140 187 140 145 202 153 197 160 194 166 195 172 193 179 195 188 199 180 204 173 205 167 206 161 206 154 206 148 201 160 200 166 201 172 200 184 199 172 199 166 200 161 200
111 154 112 170 115 187 120 203 127 218 137 231 151 240 168 241 184 238 198 229 208 216 215 200 219 183 221 167 222 150 222 134 118 131 123 121 134 116 146 118 157 122 170 121 181 117 193 115 205 119 211 128 164 135 164 145 164 155 165 166 151 175 158 177 165 179 173 177 180 174 128 140 134 136 142 136 150 140 142 143 134 143 179 138 186 133 194 134 201 137 195 140 187 140 146 202 154 197 161 194 166 195 172 193 179 195 188 200 180 203 173 204 167 205 162 205 154 205 149 202 161 200 166 200 172 199 184 199 173 198 167 198 162 198
110 152 111 168 115 184 120 201 128 215 139 228 153 236 168 238 184 236 197 227 208 214 215 199 219 182 222 166 222 149 222 132 118 131 124 121 134 116 146 118 156 122 170 121 181 116 193 114 204 118 210 127 164 135 164 145 164 155 165 166 151 176 158 177 165 179 173 177 180 175 128 139 134 136 142 135 150 140 142 142 134 143 179 138 186 133 194 133 200 136 194 140 186 140 147 202 155 197 161 194 166 195 171 193 179 196 187 200 180 206 173 209 167 209 162 209 155 208 150 202 162 200 166 200 172 199 183 200 172 201 167 202 162 202
110 153 111 170 115 186 120 202 128 217 139 229 153 238 168 239 184 237 197 228 207 215 214 199 219 183 221 166 222 149 222 133 118 131 123 121 134 116 146 118 156 122 170 121 181 117 193 115 204 118 210 128 164 135 164 145 165 155 165 166 152 176 158 178 166 179 173 177 180 175 128 140 134 136 142 136 150 140 142 142 134 143 179 138 186 133 194 133 201 136 195 140 187 140 146 204 154 197 161 194 166 195 171 193 179 196 186 201 179 209 173 212 167 213 161 212 154 211 150 203 161 200 166 200 172 200 182 201 172 204 166 205 161 205
110 153 111 170 115 187 120 203 128 218 139 230 153 239 169 240 185 238 198 228 207 215 214 199 219 182 222 165 222 148 222 132 118 131 123 121 134 117 146 118 156 122 170 121 181 117 193 115 204 119 210 128 164 135 164 145 165 155 165 166 152 176 159 177 166 179 173 177 180 175 128 140 134 136 142 135 150 140 142 142 134 143 179 138 186 133 194 133 201 137 195 140 187 140 146 203 154 197 161 194 166 195 172 193 179 196 187 201 180 209 173 212 167 213 161 212 154 210 150 203 161 200 166 200 172 199 183 201 172 204 167 205 161 204
110 153 112 170 115 186 120 202 128 216 139 228 153 235 169 237 185 234 198 225 208 213 215 198 219 181 221 165 222 149 221 132 118 131 123 121 134 116 146 118 156 122 170 121 181 117 193 115 204 119 211 128 164 136 164 146 164 156 165 167 152 176 158 177 166 179 173 177 179 174 128 140 134 136 142 136 149 140 142 143 134 143 179 139 186 133 194 133 201 137 194 140 186 140 146 202 154 195 161 192 166 193 172 192 180 194 187 199 181 207 174 210 168 211 162 211 154 209 149 201 161 199 167 199 173 198 184 199 173 202 167 203 161 203
111 154 113 170 116 186 121 202 128 217 139 230 152 237 168 239 184 236 198 227 208 214 214 198 218 182 221 165 221 149 221 133 118 132 123 121 134 117 146 118 157 123 169 122 181 117 193 115 205 119 211 128 163 135 164 146 164 156 165 167 151 176 158 178 165 179 173 177 180 175 128 139 134 136 142 136 150 140 142 142 134 143 179 139 186 134 194 134 201 137 194 140 186 140 146 202 154 195 161 192 167 194 172 192 180 194 187 200 181 204 174 205 167 205 161 205 154 205 150 201 161 199 167 199 173 198 184 199 173 198 167 199 161 198
111 153 113 170 116 186 121 202 129 217 140 229 154 237 169 239 185 237 198 228 208 214 214 198 218 182 220 165 221 149 221 133 118 131 123 121 134 117 145 118 156 122 169 122 180 117 192 115 204 119 211 128 163 135 164 146 164 156 165 167 151 176 158 177 166 179 173 177 180 175 127 139 134 136 142 136 149 140 142 142 133 143 179 139 186 134 194 134 201 137 195 140 187 141 146 202 153 194 160 191 167 192 173 190 182 192 189 200 183 206 175 207 168 208 161 208 154 206 150 201 160 197 167 197 174 197 185 199 174 200 168 201 161 200
111 154 113 171 116 187 121 203 129 218 139 230 153 238 169 239 184 237 198 228 207 215 214 199 218 183 221 167 221 150 221 134 118 132 123 121 134 117 145 118 156 122 170 121 181 117 193 115 204 119 211 129 163 135 164 146 164 156 165 167 152 176 159 178 166 179 173 177 180 174 127 140 134 136 142 136 150 140 142 143 134 143 179 139 186 134 194 134 201 137 194 140 186 141 146 202 153 194 160 191 167 192 173 190 181 192 188 199 182 205 175 207 168 208 161 207 154 206 150 201 160 197 167 198 174 196 185 198 174 199 167 200 161 200
111 154 113 169 116 184 121 199 130 212 141 220 155 226 169 227 184 225 197 219 208 209 215 195 219 181 222 165 222 150 222 134 118 131 124 121 134 117 146 118 156 123 170 122 181 117 193 115 204 119 211 128 164 136 164 146 164 156 165 167 152 176 159 177 166 179 173 176 180 174 128 139 134 135 142 135 150 141 142 142 134 142 179 139 186 133 194 133 201 136 195 140 187 140 147 199 154 192 161 189 167 190 173 188 181 190 188 196 182 200 175 201 168 201 162 201 155 201 151 198 161 195 167 195 174 194 185 195 174 194 168 194 161 194
110 153 112 169 115 185 121 200 129 214 140 225 154 232 170 234 185 231 198 224 208 211 215 197 220 181 222 164 222 148 221 132 118 131 123 121 134 117 146 118 156 123 169 122 180 117 192 115 204 118 210 128 163 135 164 146 164 156 165 167 152 176 159 178 166 179 173 177 180 174 128 140 134 136 142 135 150 140 142 143 134 143 179 138 186 133 194 133 201 136 195 140 187 140 148 202 155 197 162 193 167 194 173 192 180 194 188 199 181 204 174 206 169 207 163 207 156 207 151 201 162 200 168 200 173 199 184 198 174 198 168 199 163 199
110 154 112 170 115 187 121 203 128 218 139 230 153 239 169 241 185 238 198 229 207 215 214 199 219 183 221 166 221 149 220 132 118 132 123 121 134 117 145 119 156 123 170 122 181 117 192 115 204 119 210 128 163 135 164 146 164 156 165 167 152 177 159 178 166 179 173 177 180 175 128 140 134 136 142 136 149 140 142 143 134 143 179 138 186 133 194 133 200 136 194 140 186 140 147 205 154 198 161 195 167 196 172 194 179 196 187 202 180 208 174 211 168 211 162 211 155 211 150 204 162 201 167 201 173 200 183 201 173 203 167 204 162 204
110 154 112 170 115 187 121 203 129 217 140 229 154 237 170 239 186 236 198 227 208 214 215 198 219 182 222 165 222 149 221 132 118 131 123 121 134 117 146 119 156 123 170 122 180 117 192 115 204 119 210 127 163 135 164 146 164 156 165 167 152 176 159 178 166 179 173 177 180 175 127 140 133 135 142 135 149 141 142 143 133 143 179 139 186 133 194 133 201 136 195 140 187 140 147 204 154 197 161 194 167 195 173 193 180 195 188 201 181 208 174 210 168 211 162 211 155 210 150 203 161 200 167 200 173 199 184 201 173 202 167 203 162 203
110 153 112 170 116 186 121 203 129 218 140 230 153 239 170 240 185 237 198 228 208 214 215 199 219 182 222 165 222 148 221 131 118 131 123 121 134 117 146 119 156 123 170 122 181 117 192 115 204 119 210 128 163 135 164 146 164 156 165 167 152 176 158 178 166 179 173 177 180 175 127 140 134 136 142 135 150 140 142 143 134 143 179 139 186 133 194 133 201 136 195 140 186 140 147 204 155 197 162 194 167 195 173 193 180 195 187 201 181 207 174 209 168 210 162 210 155 210 151 203 162 200 167 200 173 199 184 200 173 201 167 202 162 202
110 155 112 172 116 188 121 204 128 219 139 232 152 240 169 242 184 239 197 231 207 217 214 201 218 184 221 167 221 150 221 133 117 132 123 121 134 117 145 118 156 123 169 122 180 117 192 115 204 119 210 128 163 135 164 146 164 156 165 167 151 176 158 178 166 179 173 177 180 175 127 140 133 136 141 135 149 140 142 143 133 143 179 139 186 133 194 133 201 136 195 140 186 140 146 204 154 197 161 194 167 195 173 193 180 196 188 202 181 208 174 210 168 211 162 211 155 210 150 204 161 200 167 200 173 200 185 201 173 202 167 203 162 202
110 154 112 171 116 187 120 204 128 219 138 233 152 242 169 243 185 240 199 231 208 217 215 201 219 184 221 166 222 149 221 133 117 131 123 121 134 117 145 118 156 122 170 122 181 117 192 115 204 118 210 127 163 135 164 145 164 155 165 166 152 176 158 178 166 180 173 177 180 175 127 140 133 135 142 135 149 140 142 142 133 143 179 138 186 133 194 133 201 136 195 140 186 140 146 204 154 197 161 194 167 195 173 193 180 196 188 202 181 207 174 209 168 209 162 210 155 209 150 204 162 200 167 200 173 200 185 201 174 201 167 202 162 202
110 154 112 170 116 186 121 203 128 218 138 231 152 241 169 242 185 240 199 230 208 216 215 200 219 183 222 165 222 149 222 132 117 132 122 121 134 117 145 118 156 123 169 122 180 117 192 115 204 118 210 128 163 135 164 146 164 156 165 167 152 176 159 178 166 179 173 177 180 175 127 140 134 135 142 135 149 140 142 143 133 143 179 138 186 133 194 132 201 136 195 140 187 140 147 204 154 197 161 194 167 195 173 193 180 195 188 201 181 207 174 208 168 209 162 209 155 209 150 203 162 200 167 200 173 200 184 200 173 201 168 202 162 202
109 153 111 169 115 186 121 202 129 217 140 229 154 237 170 238 185 235 198 226 208 212 215 197 219 181 222 164 222 147 221 130 117 131 123 122 134 117 146 119 156 123 169 122 180 117 192 115 204 118 210 127 163 135 164 146 164 156 165 167 151 176 158 178 166 179 173 177 180 174 127 140 133 135 142 135 150 140 142 143 133 143 179 138 186 133 194 132 201 136 195 140 187 140 147 203 155 197 162 194 167 194 173 193 180 195 188 200 181 206 174 208 168 209 162 209 155 208 150 203 162 200 167 200 173 199 184 199 174 201 168 202 162 202
110 153 112 170 116 186 121 202 129 217 140 229 154 238 170 239 185 237 198 228 208 214 214 199 219 182 221 165 221 149 221 132 118 132 123 121 134 117 146 118 156 122 169 122 180 117 192 114 204 118 210 127 163 135 164 146 165 156 165 167 152 176 159 178 166 179 173 177 180 175 128 140 134 135 142 135 150 140 142 143 134 143 179 138 186 133 194 132 201 136 195 140 186 140 147 203 155 197 162 194 167 195 172 193 180 195 188 200 181 206 174 208 168 209 163 209 155 208 151 203 162 200 167 200 173 199 184 200 173 201 168 202 162 202
110 154 112 170 116 187 121 203 128 218 139 230 153 239 169 241 185 238 198 229 208 216 214 200 219 183 221 166 221 149 221 132 117 132 122 122 134 117 145 118 156 123 170 122 181 117 193 114 204 118 210 128 163 135 164 145 165 155 165 166 152 176 159 178 166 179 173 177 180 175 127 140 134 135 142 135 150 140 142 143 134 143 179 138 186 133 194 132 201 136 195 140 187 140 147 204 155 198 162 194 167 195 173 193 180 196 188 201 181 206 174 208 168 209 163 209 156 209 151 203 162 200 167 200 173 199 185 200 173 201 168 201 162 201
110 154 112 170 116 187 121 203 128 219 139 231 153 240 170 242 186 238 199 229 209 215 215 199 219 182 221 165 221 148 221 132 117 132 122 122 133 117 146 118 156 123 170 122 181 117 193 114 205 118 211 128 163 135 164 145 165 156 165 167 152 176 159 178 166 180 173 177 180 175 127 140 133 135 142 135 150 140 142 142 133 143 179 138 186 132 194 132 201 136 195 140 187 140 147 204 155 198 162 194 167 195 173 194 180 196 188 201 181 206 174 208 168 209 163 209 156 208 151 203 162 201 167 201 173 200 185 200 174 201 168 202 163 201
111 153 112 170 116 186 121 202 129 217 140 228 154 236 169 237 185 235 199 226 208 213 215 197 219 181 222 165 222 148 221 132 117 132 123 122 134 117 145 118 156 123 170 122 180 117 193 114 204 118 210 128 163 135 164 146 164 156 165 167 151 176 158 178 166 180 173 177 180 175 127 139 133 135 142 135 150 140 142 143 133 143 179 138 186 133 195 132 201 136 195 140 187 140 147 203 155 197 162 193 167 194 172 193 180 194 188 199 181 205 174 207 168 208 163 208 156 207 151 202 162 200 167 200 173 199 184 199 174 200 168 201 163 201
110 155 113 171 117 187 122 203 130 218 140 231 154 240 170 242 186 238 199 229 209 214 215 199 219 182 221 165 221 148 220 131 117 131 123 121 134 117 146 118 156 123 169 122 180 117 192 115 204 118 210 127 163 135 164 146 165 156 166 166 152 176 159 178 166 179 174 177 180 175 127 140 134 135 142 135 150 140 142 143 133 143 179 138 186 133 194 132 201 136 195 140 187 140 147 204 155 198 163 194 168 195 173 193 180 195 188 200 181 206 175 208 169 208 164 209 156 208 151 203 163 201 168 201 173 200 185 200 174 200 169 201 163 201
110 154 112 170 116 186 121 203 129 218 140 231 153 239 170 241 186 238 199 229 208 214 215 199 219 182 221 165 221 148 221 132 118 131 123 121 134 117 146 118 156 123 169 122 180 117 193 114 204 118 210 127 164 135 164 146 165 156 165 167 152 176 159 178 166 179 173 177 180 175 127 140 134 135 142 135 150 140 142 143 134 143 179 138 186 133 194 132 201 136 195 140 187 140 147 204 155 197 162 194 167 195 173 193 180 195 189 200 182 206 175 207 169 208 163 208 156 208 151 203 162 201 168 201 173 200 185 200 174 200 168 201 163 201
111 153 113 169 117 185 122 201 130 216 140 228 154 236 170 238 186 235 199 226 209 213 216 198 220 181 222 164 222 148 222 131 117 131 123 121 134 117 145 118 156 123 169 122 180 117 192 114 204 118 210 127 163 135 164 146 164 156 165 167 151 176 158 178 166 179 173 177 180 174 127 139 134 135 142 135 150 140 142 143 134 143 179 138 186 132 194 132 201 136 195 140 187 140 147 202 155 197 162 194 167 194 172 193 180 194 188 199 181 204 175 207 169 208 163 208 156 207 151 202 162 200 167 200 173 199 184 198 174 199 168 200 163 201
110 152 112 169 116 185 121 201 129 216 140 229 153 238 170 240 186 237 199 228 208 214 215 198 219 181 222 164 222 148 222 131 117 131 123 121 134 117 146 118 156 123 169 122 180 117 192 114 203 118 210 127 163 135 164 146 164 156 165 167 152 176 158 178 166 180 173 177 180 175 128 140 134 135 143 135 150 140 143 143 134 143 179 138 186 133 194 132 201 136 195 140 187 140 147 203 155 197 162 194 167 195 172 193 180 195 188 199 181 205 174 207 168 208 163 208 156 208 150 202 162 200 167 200 173 199 184 199 173 200 168 201 163 201
110 154 112 170 116 186 121 202 129 217 140 229 154 238 170 240 186 237 199 227 208 214 215 198 219 182 222 165 222 148 222 131 117 132 123 122 134 117 146 119 156 123 169 122 180 117 192 115 204 118 210 127 163 135 164 146 164 156 165 167 152 176 159 178 166 179 173 177 180 174 127 140 133 136 142 135 150 140 142 143 133 143 179 138 186 132 194 132 201 136 195 139 187 140 148 203 155 197 162 194 167 195 173 193 180 195 188 199 181 205 175 207 169 208 164 208 156 207 151 202 163 200 168 200 173 199 185 199 174 200 168 201 163 201
110 154 113 171 116 187 121 203 129 219 139 231 154 240 170 241 186 238 200 229 209 214 215 198 219 181 221 165 221 148 221 131 117 131 123 121 134 117 146 118 156 123 169 122 180 117 192 114 204 117 210 127 163 135 164 145 165 155 166 166 152 176 159 178 167 179 174 177 180 174 127 140 133 135 142 135 149 140 142 143 133 143 179 138 186 133 195 132 201 136 195 139 187 140 147 204 155 198 163 194 168 195 173 193 180 195 189 200 182 205 175 207 169 208 164 208 156 208 151 203 163 201 168 201 174 200 185 200 174 200 168 201 163 201
111 154 113 170 116 186 122 203 129 218 140 230 153 239 170 241 186 238 199 229 209 215 215 199 219 182 222 165 222 148 221 132 117 132 123 121 134 117 145 119 156 123 169 122 181 117 193 115 204 118 211 127 163 135 164 146 164 156 165 167 151 176 158 178 166 179 173 177 180 174 127 139 133 135 142 135 150 140 142 142 133 143 179 138 186 133 194 132 201 136 195 140 187 140 148 204 156 198 163 195 167 195 172 194 180 196 188 201 181 206 174 207 169 208 164 208 157 208 151 203 163 201 168 201 173 200 184 200 173 200 168 201 163 201
110 153 112 169 115 185 121 201 129 215 140 227 154 235 170 236 186 234 199 225 209 212 216 197 220 180 222 164 222 148 221 131 117 132 123 122 134 117 145 119 156 123 169 122 180 117 192 115 204 118 211 127 163 135 164 146 164 156 165 167 151 176 158 178 166 179 173 177 180 174 127 140 133 135 142 135 149 141 142 143 133 143 179 139 186 133 194 132 201 136 195 140 187 140 147 202 155 196 162 193 167 194 173 192 180 194 188 198 181 204 175 207 169 208 163 208 156 207 150 201 162 199 167 199 173 198 185 198 174 199 168 200 163 200
110 152 112 168 115 184 121 199 129 214 140 225 154 233 170 235 185 233 199 224 209 212 216 196 220 180 222 163 222 147 222 130 117 132 123 122 134 117 146 119 156 123 169 122 180 117 192 115 204 118 211 127 163 135 164 146 165 156 165 167 151 176 158 178 166 179 173 177 180 174 128 140 134 135 143 135 150 140 143 143 134 143 179 138 186 133 194 132 201 136 195 140 187 140 147 202 155 196 162 193 167 194 173 193 180 194 189 198 181 204 175 206 169 206 163 206 156 206 151 201 162 200 167 200 173 199 185 198 174 198 168 199 163 199
110 153 112 170 116 186 121 202 129 217 139 229 153 238 170 240 186 236 199 227 209 213 215 197 219 180 221 164 221 147 221 130 117 133 122 122 133 117 145 119 156 123 169 122 180 117 192 115 204 118 211 128 163 135 164 146 164 156 165 167 152 177 158 178 166 180 173 177 180 175 127 140 133 136 142 135 150 141 142 143 133 143 178 138 186 133 194 132 201 136 195 140 186 140 147 203 156 198 162 194 168 195 173 193 180 195 189 200 181 205 175 207 169 208 164 208 156 208 151 203 163 201 168 200 173 200 185 199 174 200 168 201 163 201
