113 209 118 224 123 239 128 254 135 268 146 280 159 288 174 289 190 286 204 277 217 264 224 247 228 230 230 212 232 194 231 175 116 180 123 174 132 173 141 174 151 176 168 173 178 168 189 165 201 164 212 167 162 188 163 198 163 209 164 220 156 229 161 230 166 231 172 229 177 227 128 193 135 189 142 188 149 193 142 195 135 196 180 189 186 183 194 182 202 184 196 188 188 190 150 252 156 247 163 243 168 244 174 242 183 244 193 248 185 257 177 262 170 263 164 263 157 259 154 252 163 249 169 249 175 247 189 248 175 253 169 254 163 254
112 209 117 224 123 239 128 254 136 269 147 281 160 289 175 290 191 287 205 278 217 265 224 248 228 230 229 212 231 193 231 175 116 179 122 173 132 172 141 173 150 175 169 172 179 167 189 164 201 163 212 167 162 187 162 198 163 208 164 219 156 228 161 229 166 230 172 228 177 226 128 192 134 188 142 188 149 192 142 194 134 195 180 189 186 183 194 182 201 184 196 188 188 189 149 251 155 246 162 242 168 243 174 241 184 243 193 247 185 259 177 265 170 266 164 266 156 261 152 251 163 248 168 248 175 247 189 247 176 256 169 257 163 257
112 209 117 224 123 239 129 254 137 269 147 280 161 288 176 290 191 287 205 278 217 264 224 247 227 230 229 212 231 193 230 175 116 178 123 173 132 172 141 173 150 175 168 172 178 167 189 164 201 163 212 167 162 187 162 197 163 208 164 219 156 228 161 229 166 230 172 228 177 226 128 192 134 188 142 187 149 192 142 194 134 195 179 188 186 183 194 181 201 184 196 188 188 189 149 250 154 245 162 242 168 243 174 241 184 243 193 246 186 258 177 264 170 266 164 265 155 261 152 250 162 248 168 248 175 246 190 247 176 255 169 257 163 256
112 207 117 222 122 237 128 252 135 267 145 279 159 288 174 290 190 287 204 278 217 264 224 247 227 229 229 210 231 192 230 173 116 178 122 173 131 171 141 172 150 175 168 172 178 167 189 163 201 162 212 166 161 187 162 197 163 207 164 218 156 227 161 229 166 229 172 228 177 225 128 192 134 188 142 187 149 192 142 194 134 194 179 188 186 182 194 181 201 183 196 187 188 189 149 250 155 245 162 242 168 243 174 241 184 242 193 245 185 257 177 263 170 264 164 263 156 259 153 250 163 247 169 247 175 246 190 246 176 254 169 256 163 255
112 206 117 221 122 236 127 251 135 266 146 278 159 287 175 288 191 284 206 275 218 261 225 244 228 226 230 209 231 191 231 174 116 178 122 172 131 171 141 172 150 174 168 172 178 166 189 163 201 162 212 166 161 186 162 197 163 207 163 218 155 227 161 228 166 229 171 227 177 225 128 192 134 188 142 187 149 191 142 194 134 194 179 188 186 182 194 181 201 183 196 187 188 188 150 248 156 244 162 242 168 243 174 240 182 242 193 244 184 253 176 257 170 258 164 258 157 255 153 248 163 247 168 247 175 246 189 244 175 248 169 250 163 249
113 205 117 220 122 235 127 250 135 264 146 276 159 285 175 286 191 282 206 273 218 260 225 244 228 226 229 209 231 192 230 175 116 178 123 172 132 171 141 172 151 175 168 172 178 167 189 163 201 162 212 166 162 186 162 197 163 207 164 218 155 227 161 228 166 229 172 227 177 225 128 191 134 188 142 187 149 191 142 194 134 194 179 188 186 182 194 181 201 183 196 187 188 188 149 247 156 244 163 241 168 242 174 240 183 241 193 242 184 250 177 254 170 255 164 255 157 253 153 247 163 246 169 246 175 245 189 243 175 246 169 247 164 247
112 207 117 222 122 236 128 251 135 265 146 277 160 286 175 287 191 283 206 274 217 261 224 245 228 227 230 210 231 192 230 175 116 178 123 172 132 171 142 172 151 175 168 172 179 167 190 163 201 162 212 166 162 187 162 197 163 207 164 218 155 227 161 228 166 229 172 227 177 225 128 191 134 188 142 187 149 192 142 194 134 195 180 188 186 182 194 181 201 183 196 187 188 189 150 247 157 244 163 241 169 242 174 240 183 241 193 243 185 251 177 255 171 256 165 256 158 254 153 247 164 246 169 246 175 245 189 243 176 247 170 248 164 248
112 207 117 222 123 237 128 252 135 267 146 279 159 288 175 289 190 286 204 277 216 264 224 247 227 229 230 211 231 193 231 175 116 178 123 172 132 171 141 172 151 175 168 172 178 167 189 163 201 163 212 166 161 187 162 197 163 208 164 218 156 227 161 229 166 230 172 228 177 225 128 192 134 188 142 187 149 192 142 194 134 195 179 188 186 183 194 181 201 184 195 188 187 189 150 249 156 245 163 242 168 243 174 241 183 242 193 244 185 254 177 258 171 260 165 260 157 257 154 249 163 247 169 247 175 246 189 245 176 250 170 251 164 251
112 207 117 223 123 238 128 253 136 267 146 280 160 288 176 290 191 286 205 277 217 264 224 247 227 229 229 211 231 193 231 174 116 178 123 172 132 171 141 172 151 175 169 172 179 167 189 164 201 163 212 167 162 187 163 197 164 208 164 218 156 227 161 229 166 229 172 228 177 225 128 192 134 188 142 187 149 192 142 194 134 194 180 188 186 183 194 181 201 183 196 188 188 189 149 249 155 245 162 242 168 243 174 241 183 242 193 245 185 257 177 263 170 264 164 264 156 259 153 250 163 247 169 247 175 246 189 246 176 254 169 255 163 254
112 207 117 223 122 238 127 253 134 267 145 280 159 288 174 290 190 287 204 278 216 264 224 247 227 229 229 211 231 193 231 174 115 178 122 173 132 172 141 173 150 175 169 172 179 167 190 164 201 163 212 167 162 187 163 197 163 208 164 219 155 228 161 229 166 230 172 228 177 226 128 192 134 188 142 187 149 192 142 194 134 194 179 189 186 183 194 182 201 184 195 188 188 189 149 249 155 245 162 242 168 243 174 241 183 242 192 245 185 258 177 263 170 264 163 264 156 260 152 249 162 247 168 247 175 246 189 246 175 254 169 256 163 255
112 207 116 222 121 237 126 252 134 266 144 278 158 287 173 290 189 287 203 277 216 264 224 247 228 230 230 211 231 193 231 174 115 178 122 173 131 172 141 173 150 175 169 173 179 168 190 164 201 163 212 167 161 187 162 198 163 208 164 219 155 228 160 229 166 230 171 228 177 226 128 192 134 188 142 187 149 192 142 194 134 194 180 189 186 183 194 182 201 184 195 188 188 189 149 249 155 244 162 242 167 243 174 241 183 242 193 246 185 257 176 262 169 263 163 262 155 258 152 249 162 247 168 247 175 246 189 246 175 253 168 255 162 254
112 205 116 221 121 236 126 251 134 266 145 278 158 286 174 288 189 284 204 275 217 262 225 246 228 228 230 210 231 192 231 175 117 178 123 173 132 172 141 173 151 175 168 173 178 168 189 164 201 163 212 167 162 187 162 198 163 208 163 219 155 228 160 229 166 230 172 228 177 226 128 192 134 188 142 188 149 192 142 194 134 195 179 189 186 183 194 182 201 184 195 188 188 189 149 249 155 245 162 242 168 243 173 241 183 242 193 245 184 255 176 259 169 260 163 260 156 257 152 249 163 247 168 247 174 246 189 245 174 251 168 253 163 252
112 205 116 221 121 236 126 251 133 265 145 276 158 285 174 286 189 282 204 273 217 261 225 244 228 227 230 210 231 192 230 175 116 178 123 172 132 172 142 173 151 175 169 173 179 168 189 164 201 163 212 167 162 187 163 198 163 208 164 219 155 228 160 229 166 230 172 228 177 226 128 192 134 188 142 188 149 192 142 194 134 195 179 189 186 183 194 182 201 184 195 188 188 189 148 248 156 245 163 243 168 244 174 242 183 242 193 243 184 251 176 255 170 256 164 256 156 253 152 248 163 248 169 248 175 247 189 244 175 247 169 249 163 248
112 206 117 221 121 236 126 251 133 265 144 276 158 285 174 286 189 283 204 274 217 261 224 245 228 228 229 210 231 193 230 175 116 178 123 173 132 172 141 173 150 175 169 172 179 167 189 164 201 163 212 167 162 187 162 197 163 208 164 219 155 228 160 229 166 230 172 228 177 226 128 191 134 188 142 187 149 192 142 194 134 194 179 189 186 183 194 182 201 184 196 188 188 189 149 248 155 245 162 243 168 244 174 242 183 243 193 243 184 251 176 255 170 257 164 256 156 254 152 248 163 248 168 249 175 247 189 244 175 248 169 249 163 249
112 206 117 222 122 237 127 252 134 266 145 279 158 287 174 289 190 286 204 277 216 264 224 247 227 229 229 211 231 192 231 174 116 178 123 173 132 172 141 173 151 175 169 172 179 167 190 164 201 163 212 167 162 187 163 198 164 208 164 219 156 228 161 230 166 230 172 228 177 226 128 192 134 188 142 187 149 192 142 194 134 194 179 189 186 183 194 182 201 184 196 188 188 189 150 251 156 247 163 244 168 245 174 243 183 245 192 246 184 256 177 260 170 261 164 260 157 258 153 251 163 250 169 250 175 249 189 247 175 250 169 252 164 251
112 207 117 222 123 237 128 252 135 267 146 279 159 288 175 289 190 286 205 277 217 264 224 247 227 229 229 211 231 193 230 174 116 178 123 173 132 172 141 173 150 175 169 172 179 167 190 164 201 163 212 167 161 187 162 198 163 208 164 219 156 228 161 230 166 230 172 228 177 226 128 192 134 188 142 188 149 192 142 194 134 195 179 189 186 183 194 182 201 184 196 188 188 189 151 252 156 246 163 243 168 244 174 242 182 244 191 247 184 258 177 263 170 264 164 263 157 259 155 251 163 248 169 249 175 247 188 248 175 254 169 255 164 254
112 207 117 222 123 237 129 252 136 267 146 279 160 288 175 290 190 287 204 278 217 264 224 247 228 229 230 211 231 192 231 174 116 178 122 173 132 172 141 173 151 175 168 172 179 167 190 164 202 163 213 167 162 187 163 198 163 208 164 219 156 228 161 229 166 230 172 228 177 226 128 192 134 188 142 188 149 192 142 194 134 194 180 189 186 183 194 182 202 184 196 188 188 189 152 251 157 246 163 243 168 244 174 242 183 244 192 247 184 258 177 263 170 264 165 263 158 259 155 251 163 248 169 248 175 247 188 247 175 254 169 255 164 254
113 207 118 222 123 237 128 251 135 266 146 278 159 287 175 289 191 285 205 276 217 263 224 246 228 228 229 211 231 193 231 174 116 178 123 173 132 172 141 173 151 175 168 172 179 167 189 164 201 163 212 167 162 187 163 198 163 208 164 219 156 228 161 230 166 230 172 228 177 226 128 192 134 188 142 188 149 192 142 194 134 195 180 189 186 183 194 182 201 184 196 188 188 189 151 251 157 247 163 244 168 245 174 243 182 244 192 246 184 255 176 259 170 260 164 260 158 257 154 251 163 249 169 250 175 248 188 246 175 251 169 252 164 252
113 206 118 221 123 236 128 251 135 266 146 278 159 286 175 288 190 284 205 276 217 263 224 246 228 228 229 211 231 193 230 175 116 178 123 173 132 172 141 173 151 175 169 173 179 168 189 164 201 163 212 167 162 187 163 198 163 208 164 219 155 228 161 230 166 231 172 229 178 226 128 192 134 188 142 187 149 192 142 194 134 194 180 189 186 183 194 182 202 184 196 188 188 189 150 251 157 247 163 245 168 246 174 244 182 245 192 245 184 253 176 257 170 259 164 258 158 256 153 251 163 250 169 251 174 249 189 246 175 250 169 251 164 251
113 206 118 222 123 237 128 252 135 266 146 278 159 287 175 289 190 285 205 276 217 263 224 246 228 229 230 211 231 193 231 174 116 178 123 172 132 171 141 172 150 175 169 172 179 167 190 164 201 163 212 167 162 187 163 198 163 208 164 219 155 228 161 230 166 231 172 229 177 227 128 191 134 188 142 187 149 192 142 194 134 194 180 188 186 183 194 181 202 184 196 188 188 189 150 251 156 248 163 245 168 246 174 244 182 245 192 246 184 255 176 259 170 260 164 260 157 257 153 251 163 251 168 251 175 250 189 247 175 251 169 252 164 252
112 207 117 222 123 237 128 252 135 267 146 279 159 288 174 290 190 287 204 278 216 264 224 247 228 229 229 211 231 193 231 174 116 178 123 172 132 171 142 172 151 175 168 172 179 167 190 163 201 162 212 167 162 186 163 197 163 208 164 219 156 228 161 230 167 230 172 228 177 226 128 191 134 188 142 187 149 192 142 193 135 194 180 188 186 182 194 181 201 183 196 187 188 189 150 251 156 247 163 244 168 245 174 243 183 244 193 246 185 256 177 261 170 262 165 262 157 258 153 251 164 250 169 250 175 249 189 247 176 252 170 253 164 253
113 207 118 223 123 237 129 252 136 267 147 279 160 288 175 290 191 286 205 277 217 264 224 247 228 229 230 211 231 193 231 174 116 178 123 172 132 171 142 172 151 174 168 172 179 167 190 163 201 163 212 167 162 187 163 197 163 208 164 219 155 228 161 229 166 229 172 228 177 225 128 191 134 187 142 187 149 191 142 193 134 194 180 188 186 182 194 181 202 183 196 187 188 188 150 251 156 245 163 242 169 243 175 241 184 243 193 246 186 258 178 264 171 265 164 265 157 260 154 251 163 248 169 248 176 246 189 246 176 255 170 256 164 255
112 208 118 223 123 238 129 253 136 268 147 280 160 288 175 290 190 286 205 277 217 264 224 247 228 229 230 211 231 193 231 174 116 178 123 172 132 171 142 172 151 174 168 172 179 167 189 163 201 163 212 167 162 186 163 197 164 208 164 218 156 227 161 229 167 229 172 227 177 225 128 191 134 188 142 187 149 192 142 193 134 194 180 188 186 182 194 181 201 183 196 187 188 189 150 250 155 245 162 241 168 242 175 240 184 242 193 245 186 257 177 263 171 265 164 264 156 260 153 250 163 247 169 247 175 246 189 246 176 254 170 256 164 255
112 206 117 221 123 236 127 252 135 267 146 279 159 288 175 289 191 285 205 276 217 262 224 245 228 228 230 210 232 193 231 175 117 177 124 172 132 171 142 172 151 175 169 172 179 167 190 163 201 163 212 166 162 187 163 197 163 208 164 219 155 228 161 229 166 230 172 228 177 225 128 192 134 188 142 187 149 192 142 194 134 194 180 188 187 182 194 181 202 183 196 188 188 189 149 250 155 245 162 241 168 242 174 240 183 242 192 245 185 255 177 260 170 262 164 262 156 259 153 250 163 247 169 247 175 246 189 246 175 252 169 253 163 253
112 206 117 221 122 236 127 251 134 266 145 278 159 286 175 288 191 284 206 275 218 261 225 244 228 227 229 209 231 192 230 174 116 178 123 172 132 171 142 172 151 175 168 172 179 167 189 164 201 163 212 167 162 187 163 197 163 208 164 218 156 228 161 229 167 230 172 228 178 226 128 191 134 188 142 187 149 192 142 193 135 194 180 188 186 183 194 181 202 183 196 187 188 189 149 249 156 245 163 242 168 243 175 240 183 242 193 244 185 253 177 258 170 259 164 259 157 256 153 249 163 247 169 247 175 246 189 245 176 250 169 251 164 251
112 205 117 221 122 236 127 251 134 266 145 278 159 287 174 288 190 284 205 275 217 262 224 245 228 227 230 210 231 192 231 175 117 178 123 172 132 171 142 173 151 175 168 173 179 167 189 164 201 163 212 166 162 187 163 197 163 208 164 219 156 228 161 229 166 230 172 228 177 225 128 192 134 188 142 188 149 192 142 194 134 195 180 188 187 182 194 181 202 183 196 188 188 189 149 249 156 245 163 242 168 243 174 240 183 241 193 244 184 252 177 256 170 258 164 258 157 256 153 249 163 247 169 247 175 246 189 244 176 248 169 250 163 249
112 205 117 221 122 236 127 251 134 265 145 277 159 286 175 288 191 283 205 274 217 261 225 245 228 228 230 210 232 193 231 175 116 178 123 173 132 171 142 172 151 175 168 172 179 168 190 164 201 163 212 167 162 187 162 197 163 208 164 219 156 228 161 229 166 230 172 228 177 225 128 192 134 188 142 188 149 192 142 194 134 195 180 188 186 183 194 181 201 184 196 188 188 189 150 248 156 244 163 241 168 242 174 240 183 241 193 243 185 252 177 256 170 257 164 257 157 255 154 248 163 247 169 247 175 245 189 244 176 247 169 249 163 248
112 206 117 221 122 236 128 251 135 265 146 278 160 286 175 287 191 283 206 274 218 261 225 245 228 228 230 210 232 193 231 176 117 178 123 173 132 172 142 173 151 175 169 173 179 168 189 164 201 163 212 167 162 187 162 198 163 208 163 219 156 228 161 229 166 230 172 228 177 225 128 192 134 188 142 188 149 192 142 194 134 195 180 188 186 183 194 181 201 184 196 188 188 189 149 249 156 245 163 242 168 243 174 240 183 241 193 243 185 251 177 255 171 256 165 256 157 254 153 248 163 247 169 247 175 246 189 243 176 247 170 248 164 248
112 206 117 221 123 236 128 251 136 265 147 278 160 286 176 287 192 283 206 274 218 261 225 244 229 227 230 210 232 192 231 175 116 178 123 173 132 172 142 173 151 175 169 173 179 168 190 164 202 163 212 167 162 187 163 198 163 208 164 219 156 228 161 229 166 230 172 228 177 226 128 192 134 188 142 188 149 192 142 194 134 195 180 188 186 183 194 181 201 184 196 188 188 189 150 249 157 245 163 242 169 242 175 240 183 241 193 243 185 252 178 256 171 257 165 257 158 255 154 249 164 247 169 247 176 245 189 244 176 247 170 249 164 248
113 207 118 222 124 237 129 252 136 267 147 279 161 287 176 289 191 285 206 276 218 262 225 246 229 228 231 211 232 193 231 175 117 178 123 173 132 172 142 173 151 175 169 172 179 168 190 164 201 163 212 167 162 187 163 197 164 208 164 219 156 228 161 229 167 230 172 228 178 225 129 192 134 188 142 188 149 192 142 194 135 195 180 188 187 183 194 181 202 184 196 188 188 189 151 250 157 245 163 242 169 243 175 240 183 242 193 245 185 254 178 258 171 260 165 259 158 257 155 250 164 247 170 247 176 246 189 245 176 249 170 251 165 250
113 207 118 222 123 237 129 252 136 266 147 279 160 287 176 289 191 286 205 277 217 263 225 246 229 229 230 211 232 192 231 174 116 178 123 173 132 172 142 173 151 175 169 172 179 167 190 164 202 163 213 167 162 187 163 198 164 208 165 219 156 228 162 229 167 230 173 228 178 226 128 192 135 188 142 188 150 192 143 194 135 194 180 189 187 183 194 182 202 184 196 188 188 189 151 250 157 245 164 242 170 243 176 240 185 242 194 245 187 256 179 261 172 263 166 262 158 259 155 250 164 247 170 247 177 246 190 246 177 252 171 254 165 253
113 207 118 223 123 238 129 253 136 267 147 279 160 288 176 290 191 286 205 277 218 263 225 246 229 229 230 211 232 193 232 175 116 178 123 173 132 172 142 173 151 175 169 172 179 168 190 164 202 163 213 167 162 187 163 197 164 208 165 219 156 228 162 229 167 230 173 228 178 226 128 192 135 188 142 188 150 192 143 194 135 194 180 189 187 183 194 182 202 184 196 188 188 189 151 251 156 245 163 242 169 243 176 240 185 242 194 246 187 257 179 263 172 264 165 264 158 260 154 251 164 247 170 247 177 246 190 246 177 254 171 255 164 255
113 208 118 223 124 238 129 253 136 267 147 279 160 288 176 290 191 286 206 277 218 264 225 247 229 229 231 211 232 193 232 175 117 178 123 173 133 172 142 173 151 175 170 172 180 167 191 164 202 163 213 167 162 187 163 198 164 208 165 219 156 228 162 229 167 230 173 228 178 226 129 192 135 188 143 188 150 192 143 194 135 195 180 189 187 183 195 182 202 184 197 188 189 189 151 251 157 245 164 242 169 243 176 241 185 242 194 245 187 257 179 262 172 264 165 263 158 260 154 250 164 247 170 247 177 246 191 246 177 253 171 255 165 254
113 208 118 223 124 238 129 253 137 267 147 280 161 288 176 290 191 286 205 277 218 264 225 247 229 229 230 212 232 193 231 175 117 179 123 173 133 172 142 173 151 175 169 173 179 168 190 165 202 164 213 167 163 187 163 198 164 208 165 219 156 228 162 230 167 230 173 228 178 226 129 192 135 188 143 188 150 192 143 194 135 195 180 189 187 183 195 182 202 184 196 188 189 189 150 251 156 245 163 242 169 243 176 241 185 242 194 245 187 258 179 263 172 265 165 264 157 260 154 251 164 247 170 248 177 246 191 246 177 255 171 256 164 256
113 207 117 223 123 238 129 253 136 267 148 280 161 288 177 290 192 286 206 277 218 264 225 246 229 229 230 211 232 193 232 175 116 178 123 173 133 172 142 173 151 175 170 173 180 168 190 165 202 164 213 167 163 187 163 198 164 209 165 219 157 228 162 230 167 230 173 228 178 226 129 192 135 188 143 188 150 192 143 194 135 195 180 189 187 183 194 182 202 184 196 188 188 189 150 251 156 245 163 242 169 243 176 241 185 243 195 245 187 258 179 264 172 265 165 265 157 261 153 251 164 247 170 248 177 246 191 246 177 255 171 257 164 256
113 207 117 223 123 238 129 252 136 267 147 280 160 288 176 290 191 287 205 278 218 265 225 248 229 230 230 212 232 193 232 175 117 178 124 173 133 172 142 173 151 176 169 173 179 168 190 165 202 164 213 167 162 188 163 198 164 209 165 220 156 228 162 230 167 230 173 228 178 226 129 192 135 188 143 188 150 192 143 194 135 195 180 189 187 183 194 182 202 184 196 188 189 189 150 251 156 246 163 243 169 244 176 241 185 243 195 245 188 258 179 264 172 266 165 265 157 261 153 251 164 248 170 248 177 246 191 246 177 256 171 258 164 257
113 208 118 223 124 238 129 253 137 268 148 280 161 288 176 290 192 287 206 278 218 265 225 248 229 230 231 211 232 193 232 175 116 178 123 173 133 172 142 173 151 176 169 173 179 168 190 165 202 164 213 168 163 188 164 198 164 209 165 220 157 228 162 230 167 230 173 228 179 226 128 192 135 188 143 188 150 192 143 194 135 195 180 189 187 183 195 182 202 184 196 188 189 189 150 250 156 246 163 243 169 244 176 242 185 243 195 245 188 258 179 264 172 266 165 265 157 261 153 250 164 248 170 248 177 246 192 246 177 256 171 257 165 257
113 207 118 223 123 238 129 253 137 268 148 280 162 288 177 290 192 286 207 277 219 264 226 246 229 229 231 210 232 192 231 174 117 178 124 173 133 172 142 173 152 176 169 173 179 168 190 165 202 164 213 168 163 188 163 198 164 209 165 219 157 228 162 230 168 230 173 228 179 226 129 192 135 188 143 188 150 192 143 194 135 195 180 189 187 183 195 182 202 184 196 188 189 190 151 251 157 246 164 242 170 243 176 241 185 243 195 245 187 257 179 262 172 264 166 263 158 260 154 251 164 248 170 248 177 246 191 246 178 254 171 256 165 255
113 208 118 224 124 238 130 253 137 267 148 279 162 287 178 289 193 285 207 276 219 262 226 246 229 228 231 210 232 193 231 175 117 179 124 173 133 172 142 173 152 176 169 173 179 169 190 165 202 164 213 168 163 187 163 198 164 209 165 220 157 228 162 230 167 231 173 229 178 226 129 192 135 188 143 188 150 192 143 194 135 195 180 189 187 183 195 182 202 184 197 188 189 190 152 251 158 246 164 243 170 244 176 242 185 243 194 246 186 255 178 260 172 261 166 261 159 258 155 251 165 248 170 248 176 247 191 246 177 252 171 253 165 253
113 208 118 223 124 238 130 252 137 266 148 278 161 287 176 288 191 284 206 276 219 263 226 246 229 228 231 211 233 193 232 175 117 179 123 173 133 172 142 173 152 176 169 173 179 168 190 165 202 164 213 168 163 187 164 198 164 209 165 220 157 229 162 230 167 231 173 229 178 227 129 192 135 189 143 188 150 193 143 194 135 195 180 189 187 183 195 182 202 184 197 189 189 190 152 251 158 246 164 243 169 245 175 242 184 244 194 246 186 254 178 258 171 259 166 259 159 256 155 250 164 249 170 249 176 247 190 246 177 251 170 252 165 251
113 207 118 221 123 236 129 251 136 266 147 278 160 286 176 288 192 284 207 275 219 261 226 245 229 227 231 210 232 192 232 175 117 179 124 174 133 173 142 174 152 176 169 174 179 169 190 165 202 164 213 168 162 188 163 198 164 209 164 220 156 229 161 230 167 231 173 229 178 227 129 192 135 189 142 188 150 193 142 194 135 195 181 189 187 184 194 182 202 184 196 189 188 190 151 251 157 247 163 244 169 245 174 243 183 244 193 246 185 254 177 257 171 259 165 258 158 256 155 251 164 249 170 250 175 248 189 246 176 250 170 251 164 251
113 206 118 221 124 236 129 251 136 266 147 277 161 285 177 287 193 282 208 273 219 260 226 244 229 227 231 210 232 192 232 175 117 179 124 174 133 173 142 174 152 176 170 174 179 169 190 165 202 164 214 168 163 188 163 198 164 209 165 220 157 229 162 230 167 231 173 229 179 227 129 192 135 188 143 188 150 193 143 194 135 195 181 189 187 184 195 182 203 184 196 189 188 190 151 250 157 247 164 244 169 245 174 243 183 244 194 245 185 253 177 256 171 257 165 257 159 255 154 250 164 249 170 250 175 249 190 246 176 249 170 250 165 250
114 206 118 221 123 235 129 250 136 265 147 276 160 285 176 286 192 282 207 273 219 261 226 244 229 227 231 209 232 192 232 174 117 178 124 173 133 173 142 174 152 176 170 174 180 169 190 165 202 164 214 168 162 188 163 198 164 209 165 220 156 229 162 230 167 231 173 229 178 227 129 192 135 188 143 188 150 193 143 194 135 195 181 189 187 184 195 182 203 184 196 189 188 190 150 250 157 246 163 244 169 245 174 243 183 244 194 245 184 252 176 256 171 257 165 257 158 255 154 250 164 249 169 250 175 248 190 245 175 248 170 250 164 249
113 206 118 221 123 235 129 250 136 264 146 276 160 284 176 286 192 282 208 272 220 260 227 243 230 226 231 209 232 192 232 174 117 178 124 173 133 172 142 173 152 176 170 174 179 168 191 165 203 163 214 167 163 187 163 198 164 209 164 220 157 228 162 230 167 231 173 229 178 227 129 192 135 188 143 188 150 192 143 194 135 195 181 189 187 183 195 182 203 184 197 188 189 189 151 249 157 246 163 243 169 245 174 242 183 243 194 244 185 251 177 255 171 256 165 256 158 254 154 249 164 249 170 249 175 248 190 245 176 248 170 249 164 249
114 206 118 221 123 235 128 250 135 264 146 276 160 284 176 285 192 281 207 272 219 260 226 244 229 227 231 210 232 193 232 175 117 178 124 173 133 172 143 173 152 175 170 173 179 168 190 165 202 164 214 167 163 187 163 198 164 208 164 219 157 228 162 229 167 230 173 228 178 226 129 192 136 189 143 188 150 192 143 194 135 195 181 189 187 184 195 182 203 184 196 188 188 190 151 249 157 246 163 243 169 244 174 242 182 243 193 244 184 251 177 254 171 255 165 255 158 253 154 249 164 248 170 249 175 247 190 244 175 247 170 249 165 248
114 205 118 220 123 235 128 250 135 264 146 275 160 284 176 285 192 281 207 272 219 260 227 244 230 227 231 209 233 192 232 174 118 177 125 173 133 172 143 173 152 175 170 173 180 168 191 164 203 163 214 167 163 187 163 198 164 208 164 219 156 228 161 229 167 230 173 228 178 226 130 192 136 189 143 188 150 192 143 194 136 195 181 189 187 184 195 183 203 184 196 188 189 190 151 248 157 245 163 243 169 244 174 242 182 243 193 244 184 251 176 254 171 255 165 255 158 253 154 248 163 248 169 248 175 247 189 244 175 247 170 249 164 248
114 205 118 220 122 234 127 249 135 263 146 275 159 283 175 285 192 281 207 272 219 260 227 243 230 226 231 209 233 192 232 174 118 178 125 173 133 172 143 173 152 175 170 173 180 168 191 164 203 163 214 167 163 187 163 197 164 208 164 219 156 228 161 229 167 230 172 228 178 226 130 192 136 189 143 188 151 192 143 194 136 195 181 189 187 184 195 183 203 184 196 188 189 189 151 248 157 245 163 243 169 244 174 242 182 243 194 243 184 250 176 253 171 255 165 254 158 253 154 248 164 247 169 248 175 247 190 244 175 247 170 248 164 248
114 205 118 219 123 234 128 249 135 263 145 274 159 282 175 284 192 281 207 272 219 260 227 244 230 226 231 209 233 191 232 174 118 178 124 173 133 172 143 172 152 174 171 172 180 167 191 164 203 163 214 167 163 187 164 197 164 208 165 218 156 227 162 229 167 229 173 228 179 226 130 192 136 189 143 188 151 192 144 194 136 194 181 189 188 184 195 183 203 184 197 188 189 189 151 248 157 245 163 242 169 244 174 241 183 242 194 243 184 250 176 253 171 254 165 254 158 252 154 248 164 247 169 248 175 246 190 244 175 247 170 248 164 248
114 204 118 219 123 234 128 249 135 263 146 274 159 283 175 284 191 281 206 272 219 260 227 244 230 227 232 209 233 192 233 174 118 178 125 172 134 171 143 172 153 174 171 172 181 167 192 164 203 163 215 167 163 187 164 197 164 208 165 218 156 227 162 229 167 229 173 228 179 226 130 192 136 189 144 188 151 192 144 194 137 194 182 189 188 184 196 183 204 184 197 188 189 189 151 248 157 245 163 242 169 243 174 241 183 242 194 243 184 250 176 253 171 254 165 254 158 252 154 248 164 247 170 248 175 246 190 244 175 247 170 248 164 247
114 204 118 219 123 234 128 249 135 263 146 274 160 283 175 284 191 281 207 272 219 260 227 244 230 226 231 209 233 191 232 174 118 177 125 172 134 171 144 172 153 174 171 172 181 167 192 164 203 163 215 167 164 186 164 197 165 208 165 218 157 227 162 229 168 229 173 228 179 226 131 192 137 189 144 188 151 192 144 194 137 194 182 188 189 184 196 183 204 184 197 188 190 189 151 247 157 245 164 242 170 243 175 241 183 242 194 243 185 250 177 253 171 254 165 254 158 252 154 247 164 247 170 248 176 246 191 244 176 246 170 248 164 247
115 205 119 220 123 234 128 249 135 263 146 274 160 282 175 284 191 280 206 272 219 260 227 244 230 227 232 209 233 192 233 174 119 178 125 173 134 172 143 172 153 174 172 172 181 168 192 164 204 163 215 167 164 186 165 197 165 208 165 218 157 227 162 229 168 229 174 228 180 226 131 192 137 189 144 188 152 192 144 194 137 194 182 189 189 184 196 183 204 184 198 188 190 189 151 247 157 245 164 242 170 243 175 241 183 242 195 243 185 250 177 253 171 254 165 254 158 252 154 247 164 247 170 247 175 246 191 243 176 246 170 248 165 247
115 205 119 220 123 235 128 250 136 264 147 274 160 282 175 284 191 280 206 272 219 260 227 245 230 227 232 210 233 192 233 175 119 178 125 173 134 172 144 172 153 174 172 172 182 167 192 164 204 163 215 167 164 186 165 197 165 207 166 218 157 227 162 229 168 229 174 227 180 225 131 192 137 189 144 188 152 192 144 194 137 194 182 189 189 184 196 183 204 184 198 188 190 189 151 247 157 245 164 242 170 243 175 241 183 242 195 243 185 249 177 253 171 254 166 254 158 252 154 247 165 247 170 248 175 246 191 243 176 246 171 248 165 247
115 205 119 219 123 234 128 249 135 263 146 274 159 282 175 284 191 280 206 272 219 260 227 244 230 226 232 209 234 192 233 174 119 177 125 173 134 171 143 172 153 175 172 172 182 168 192 164 204 163 215 167 164 187 164 197 165 208 165 218 157 227 162 229 168 229 173 228 179 226 131 192 137 189 144 188 152 192 144 194 137 194 182 189 189 184 196 183 204 184 197 188 190 189 151 247 158 245 164 242 170 243 175 241 184 242 195 243 185 249 177 253 172 254 166 254 159 252 154 247 165 247 170 248 176 246 191 243 176 246 171 248 165 247
115 204 119 219 123 234 128 249 135 263 146 274 160 282 176 284 191 280 207 272 219 259 227 243 231 226 232 209 234 191 233 174 119 178 125 172 134 171 144 172 153 175 171 173 181 168 192 164 204 163 215 167 164 187 165 197 165 208 166 218 158 227 163 229 168 229 174 228 180 226 131 192 137 189 144 188 152 192 145 194 137 194 182 189 189 184 196 183 204 184 197 188 190 189 151 247 158 245 164 242 170 243 175 241 184 242 195 243 185 250 177 253 172 254 166 254 159 252 154 247 165 247 171 248 176 246 191 243 176 246 171 248 165 247
115 205 119 219 123 234 128 249 135 263 146 274 160 282 176 284 192 280 207 271 220 259 228 243 231 226 232 209 234 191 233 174 119 178 125 173 134 172 144 172 153 175 172 173 182 168 192 164 204 163 215 167 164 187 165 197 165 208 166 218 157 227 163 229 168 229 174 228 180 226 131 192 137 189 145 188 152 192 145 194 137 194 182 189 189 184 196 183 204 184 198 188 190 189 151 247 158 245 164 243 170 244 175 241 184 242 195 243 185 250 177 253 172 254 166 254 159 252 154 247 165 247 170 248 176 246 191 243 176 246 171 248 165 247
115 205 119 220 124 235 129 249 136 263 147 274 160 283 176 285 191 281 207 272 220 260 228 244 231 226 232 209 234 192 234 174 118 178 125 173 134 172 144 172 153 174 172 173 182 168 193 164 204 163 216 167 164 187 165 198 165 208 166 219 157 228 163 229 168 230 174 228 180 226 131 192 137 189 145 188 152 192 145 194 137 194 182 189 189 184 196 183 204 184 198 188 190 189 151 247 158 245 165 243 170 244 175 242 184 242 196 242 186 250 178 253 172 254 166 254 159 252 154 247 165 247 171 248 176 246 192 243 177 247 171 248 165 248
115 205 119 220 123 234 128 249 135 263 146 274 160 283 176 285 191 281 207 272 219 260 227 244 231 227 232 209 234 192 233 175 119 178 125 173 134 172 144 173 153 175 172 173 182 168 192 164 204 163 216 167 164 187 165 198 165 208 166 219 157 228 163 229 168 230 174 228 180 226 131 192 137 189 145 188 152 192 145 194 137 194 182 189 189 184 196 183 204 184 198 188 190 189 151 247 158 245 164 243 170 244 176 242 185 243 196 243 186 250 178 253 172 255 166 254 158 252 154 248 165 248 171 248 177 247 192 244 177 247 171 248 165 248
115 206 119 220 123 235 128 250 135 264 147 275 161 283 176 285 191 281 207 272 220 260 228 244 231 227 232 210 234 192 234 175 119 178 126 173 135 172 144 173 153 175 172 173 182 168 192 165 204 164 215 168 164 187 165 198 165 208 166 219 158 228 163 229 168 230 174 228 180 226 131 192 137 189 145 188 152 192 145 194 137 195 182 189 189 184 196 183 204 185 198 189 190 190 150 248 157 245 164 243 170 244 175 242 184 243 196 243 186 250 177 254 172 255 166 255 158 253 154 248 165 248 171 248 176 247 192 244 176 247 171 248 165 248
115 205 119 220 123 235 128 250 135 264 146 275 160 283 176 285 191 281 207 272 220 260 228 244 231 227 232 209 234 192 233 175 119 178 125 173 134 172 144 173 153 175 172 173 182 168 192 165 204 164 216 168 164 187 165 198 165 209 166 220 158 228 163 230 168 230 174 229 180 227 131 192 137 189 145 188 152 193 145 194 137 195 182 189 189 184 196 183 204 185 198 189 190 190 150 248 157 246 165 243 170 244 175 242 184 243 196 243 186 250 177 254 172 255 166 255 158 253 154 248 165 248 171 249 176 247 192 244 176 247 171 249 165 248
115 206 119 221 123 236 128 251 136 265 147 276 160 284 176 285 191 281 206 273 219 261 227 245 230 228 232 210 234 193 234 175 119 178 126 174 135 173 144 173 153 175 172 173 182 168 193 165 204 164 215 168 165 188 165 198 166 209 167 220 158 229 163 230 169 231 175 229 180 227 131 193 137 189 145 189 152 193 145 195 137 195 183 189 189 185 197 183 204 185 198 189 190 190 150 248 157 246 164 244 170 245 175 243 184 243 195 244 185 251 177 254 172 256 166 255 158 253 153 248 165 248 170 249 176 248 191 245 176 248 171 249 165 249
115 206 119 221 123 235 128 250 135 264 146 275 160 283 175 285 191 281 206 272 219 260 227 244 231 227 232 210 234 192 233 174 118 179 125 174 134 173 144 174 153 176 172 173 182 169 192 165 204 164 215 168 164 188 165 199 165 209 166 220 158 229 163 230 168 231 174 229 180 227 131 193 137 189 145 189 152 193 145 195 137 195 182 190 189 185 196 183 204 185 198 189 190 190 150 248 157 246 164 244 170 245 175 243 184 244 195 244 185 251 177 255 172 256 166 255 158 253 154 248 165 248 171 249 176 248 191 245 176 248 171 249 165 249
115 206 119 220 123 235 128 250 135 264 146 275 159 283 174 285 190 281 205 273 219 261 227 245 230 228 232 210 233 192 233 175 118 178 125 174 135 173 144 174 153 176 172 174 181 169 192 165 204 164 215 168 164 188 165 199 165 209 166 220 158 229 163 230 168 231 174 229 180 227 131 193 137 190 145 189 152 193 145 195 137 195 182 190 189 185 196 183 204 185 198 189 190 190 150 248 157 246 164 244 170 245 175 243 184 244 195 244 185 251 177 255 171 256 165 256 158 254 153 249 164 249 170 249 176 248 191 245 176 248 171 249 165 249
115 207 119 221 123 236 128 250 135 264 146 275 159 283 174 285 190 282 205 273 218 261 227 246 230 228 231 211 233 193 233 175 119 179 125 174 134 173 144 174 153 176 171 174 181 169 192 166 204 164 215 168 164 188 164 199 165 209 165 220 157 229 162 231 168 231 173 229 179 227 131 193 137 190 144 189 152 193 144 195 137 195 182 190 188 185 196 184 204 185 197 189 190 190 150 249 157 246 164 244 170 245 175 243 184 244 195 244 185 251 177 255 171 256 165 256 158 254 153 249 164 249 170 249 175 248 191 245 176 248 170 249 165 249
114 206 118 221 123 236 128 250 134 264 145 275 159 283 174 285 190 282 205 273 218 261 227 245 230 228 231 210 233 193 233 175 118 179 125 174 134 173 144 174 153 177 171 174 181 169 192 166 203 165 215 168 164 188 164 199 165 210 165 221 157 229 162 231 168 231 173 230 179 227 130 193 136 190 144 189 151 193 144 195 136 196 182 190 188 185 195 183 203 185 197 189 189 191 150 249 157 246 164 244 169 245 175 243 183 244 194 245 185 252 177 255 171 256 165 256 158 254 153 249 164 249 170 249 175 248 190 245 176 248 170 249 165 249
114 206 118 221 123 236 127 251 135 264 145 275 159 283 174 285 190 282 205 273 218 261 227 245 230 227 231 210 233 192 233 175 118 179 125 174 134 174 143 175 153 177 171 174 181 170 191 166 203 165 215 168 163 188 164 199 165 210 165 221 157 229 162 231 168 231 173 230 179 228 130 193 136 190 144 189 151 193 144 195 136 196 181 190 188 185 195 184 203 185 197 190 189 191 150 249 157 247 164 244 170 245 175 243 184 244 195 245 185 252 177 255 171 256 165 256 158 254 153 249 164 249 170 250 176 248 191 245 176 248 170 250 165 249
114 207 118 221 123 235 128 250 134 264 145 275 159 284 174 286 190 282 205 273 218 261 227 245 230 228 232 211 234 193 233 175 118 178 125 174 134 174 143 175 152 177 171 174 181 170 191 166 203 165 215 168 163 189 164 199 164 210 165 221 157 230 162 231 167 232 173 230 179 228 130 193 136 190 144 189 151 193 144 195 136 196 181 190 188 185 195 184 203 186 197 190 189 191 150 249 157 247 163 244 169 245 174 243 183 245 194 245 184 252 176 256 171 257 165 257 158 255 153 250 164 249 170 250 175 249 190 246 175 249 170 250 164 250
114 207 118 222 123 236 127 251 134 265 145 276 159 284 174 286 190 283 205 274 218 262 226 246 230 228 231 211 233 193 233 176 118 179 125 175 134 174 143 175 152 177 171 175 180 170 191 166 203 165 215 169 163 189 164 200 164 210 165 221 157 230 162 231 167 232 173 230 179 229 130 194 136 190 143 190 151 194 143 196 136 196 181 191 188 186 195 184 203 186 197 190 189 191 150 250 157 247 164 245 169 246 174 244 183 245 194 246 184 253 176 256 171 257 165 257 158 255 153 250 164 249 170 250 175 249 190 246 175 249 170 251 164 250
114 208 118 222 123 237 128 252 135 265 146 276 159 284 174 286 189 283 204 274 218 262 226 246 230 229 231 211 233 193 232 176 118 179 125 175 134 174 143 175 152 177 171 175 181 170 191 167 203 165 215 169 163 189 164 200 164 210 165 221 157 230 162 232 167 232 173 231 179 228 130 194 136 190 144 190 151 194 143 196 136 196 182 191 188 186 196 184 203 186 197 190 189 191 150 250 157 247 164 245 169 246 175 244 183 245 194 246 185 252 177 256 171 257 165 257 158 255 153 250 164 250 170 250 175 249 190 246 175 249 170 251 164 250
114 207 118 222 123 236 128 251 134 265 145 276 158 284 174 286 189 283 204 274 218 262 226 246 230 229 231 211 233 193 232 176 118 179 125 174 134 174 143 175 153 177 171 175 180 170 191 167 203 165 215 169 163 189 164 200 165 210 165 221 157 230 162 232 168 232 173 231 179 229 130 194 136 190 144 190 151 194 144 196 136 196 181 191 188 186 195 184 203 186 197 190 189 191 150 250 156 247 163 245 169 246 175 244 183 245 194 246 185 252 176 256 171 257 164 256 157 254 153 250 164 250 170 250 175 249 191 246 175 249 170 251 164 250
114 207 118 222 123 237 128 251 135 265 145 276 159 284 174 286 189 283 204 274 218 262 226 246 229 228 231 211 233 193 233 175 117 179 125 175 134 174 143 175 153 177 171 175 181 170 191 167 203 165 214 169 163 189 164 200 164 211 165 222 157 230 162 232 167 232 173 231 179 229 130 194 136 190 143 190 151 194 143 196 136 196 181 191 188 186 195 184 203 186 197 190 189 192 149 250 156 247 163 245 169 246 175 244 183 245 194 246 185 253 176 256 171 257 164 257 157 255 153 250 164 250 170 250 175 249 190 247 175 249 170 251 164 250
114 208 118 222 123 237 128 252 135 266 146 277 159 285 174 286 190 283 205 274 218 262 226 246 229 229 231 212 233 194 233 176 118 179 125 174 134 174 143 175 152 177 171 175 181 171 191 167 203 165 215 168 163 189 164 200 164 211 164 221 157 231 162 232 167 233 173 231 178 229 130 193 136 190 144 190 151 194 143 196 136 196 181 191 188 186 196 184 203 186 197 191 189 192 149 250 157 247 163 245 169 246 175 244 183 245 194 246 185 253 177 256 171 257 165 257 157 255 153 250 164 250 170 250 175 249 191 247 175 249 170 251 164 250
114 207 118 221 122 236 127 251 134 265 145 276 159 284 174 286 190 282 205 273 218 262 226 246 229 228 231 211 233 193 233 175 117 179 125 174 134 174 143 175 152 177 171 175 181 170 191 166 203 165 215 169 163 189 164 200 165 210 165 221 157 230 162 232 167 232 173 230 179 228 130 193 136 190 144 189 151 194 143 196 136 196 181 191 188 185 196 184 203 186 197 190 189 191 150 250 156 247 163 244 169 246 174 244 183 245 194 246 184 253 176 256 170 257 164 257 157 255 153 250 164 249 169 250 175 249 190 246 175 249 170 250 164 250
114 206 118 221 122 236 127 251 134 264 145 276 158 284 173 286 189 283 204 274 218 262 226 245 229 228 231 211 233 193 233 176 118 178 125 174 134 173 143 175 153 177 171 175 181 170 192 166 203 165 215 169 163 189 164 200 164 210 165 221 157 230 162 231 167 232 173 230 178 228 130 193 136 190 143 189 151 194 143 195 136 196 181 191 188 185 196 184 203 186 197 190 189 191 149 250 156 247 163 244 169 245 174 244 182 245 193 246 184 253 176 256 170 257 164 256 157 254 152 250 163 249 169 250 175 249 190 246 175 249 169 250 164 250
114 205 118 220 122 234 126 249 133 264 144 275 157 283 173 286 189 282 204 273 217 261 226 245 229 228 231 210 233 193 232 176 118 178 125 174 134 173 143 174 153 176 171 174 181 170 192 166 204 165 215 169 163 188 164 199 164 210 164 221 156 230 162 231 167 232 172 230 178 228 130 192 136 189 143 189 151 193 143 195 136 195 181 190 188 185 195 184 203 186 197 190 189 191 149 249 155 246 162 244 168 245 174 243 182 245 193 246 183 252 175 256 169 257 163 256 156 254 152 249 163 249 169 250 174 248 189 246 174 249 169 250 163 249
