104 174 108 188 111 203 115 218 121 231 132 243 146 251 161 254 176 252 191 244 203 233 211 219 215 203 218 187 221 170 222 153 111 145 119 141 129 140 138 142 147 145 164 144 175 140 185 138 196 138 206 143 157 158 157 169 157 179 158 190 148 198 153 200 158 201 164 200 170 198 122 161 129 158 137 158 143 163 136 164 129 164 173 162 180 158 188 157 195 159 189 163 181 163 138 218 146 214 153 212 159 214 164 212 173 214 182 217 173 223 165 225 159 226 153 225 146 223 142 218 153 218 159 218 165 218 178 217 165 218 159 219 153 218
105 174 109 189 112 204 116 220 123 233 134 245 147 253 162 257 177 254 191 246 203 235 211 220 215 204 218 188 221 171 223 153 112 145 120 140 130 140 139 142 148 145 165 144 176 140 186 138 197 138 207 143 158 158 158 168 158 179 158 189 148 198 154 200 159 201 164 199 170 198 123 161 130 158 138 158 144 162 137 164 130 164 174 162 181 157 189 156 196 159 190 162 182 163 139 219 146 215 154 213 159 214 165 213 173 215 183 218 174 224 166 227 160 228 154 227 146 225 143 219 154 219 159 220 165 219 179 218 165 220 160 221 154 220
105 173 109 189 113 204 117 220 124 234 135 245 148 254 163 257 177 255 192 246 204 235 212 220 216 204 218 187 221 170 223 152 112 145 120 140 130 140 140 141 149 145 166 144 176 140 186 137 198 138 207 143 158 158 158 168 158 178 159 189 149 198 154 200 159 201 165 199 171 198 124 161 130 157 138 157 145 162 138 164 130 164 174 162 181 157 189 156 196 159 190 162 182 163 140 219 147 215 154 213 160 214 166 213 174 215 183 218 175 225 167 228 160 229 154 228 147 226 143 220 154 219 160 220 166 219 179 219 166 220 160 221 155 220
105 173 109 188 113 204 117 219 124 234 135 245 148 255 162 258 177 256 191 247 203 235 211 220 215 204 218 187 221 170 223 152 112 145 120 140 130 139 139 141 149 144 166 143 176 139 186 137 197 138 207 143 158 157 158 168 158 178 159 189 149 198 154 199 160 201 165 199 171 197 124 161 130 157 138 157 145 162 138 164 130 164 175 162 182 157 189 156 196 159 190 162 182 163 140 219 147 215 154 213 160 214 166 213 174 215 183 218 175 226 167 229 161 229 155 229 147 226 144 220 154 219 160 220 166 219 179 219 166 220 160 221 155 221
105 173 109 189 113 204 117 220 124 234 135 245 148 255 162 258 177 256 191 247 202 235 211 221 215 205 218 188 221 170 222 153 112 144 120 139 130 139 140 141 149 144 166 143 176 139 187 137 197 137 207 142 158 158 159 168 159 178 159 188 149 197 154 199 159 200 165 199 171 197 124 160 131 157 138 157 145 162 138 163 130 163 175 161 182 157 189 156 196 159 190 162 182 162 141 219 147 214 154 212 160 213 166 212 174 214 183 218 175 227 167 230 161 231 155 230 147 226 144 219 155 218 160 219 166 218 179 219 166 222 161 223 155 222
106 173 110 189 113 204 118 220 125 234 136 246 149 255 163 258 177 255 191 247 203 235 211 220 215 204 218 187 222 170 223 152 112 145 120 140 130 139 140 141 149 144 166 142 176 139 187 137 197 137 207 142 158 157 159 167 159 178 159 188 149 197 154 199 160 200 165 198 171 197 124 160 131 157 138 157 145 162 138 163 130 163 175 161 182 156 189 156 196 158 190 162 182 162 141 220 147 214 155 211 160 213 166 211 175 214 183 219 175 228 167 232 161 233 155 232 147 228 145 220 155 217 161 218 166 217 179 219 167 223 161 224 155 223
105 173 109 188 113 204 117 219 125 234 135 246 148 255 163 259 178 255 192 247 203 234 211 220 215 203 218 187 221 169 223 152 112 145 120 139 130 138 140 140 149 143 166 142 176 138 187 136 198 137 207 142 158 157 158 167 158 177 159 188 149 197 154 198 159 199 165 198 171 196 124 160 130 157 138 157 144 162 137 163 130 163 175 161 181 156 189 155 196 158 190 161 182 162 141 219 147 214 154 211 160 212 166 211 174 214 183 218 175 228 167 232 161 232 155 231 147 227 145 219 155 216 160 217 166 216 179 219 166 223 161 224 155 223
105 173 109 189 113 204 118 220 125 234 135 246 149 255 163 258 178 255 191 246 203 234 211 220 215 203 218 187 221 170 222 152 112 144 120 139 130 139 140 140 149 143 166 142 176 138 186 136 197 136 207 141 158 157 158 167 158 177 159 188 149 196 154 198 159 199 165 198 171 196 123 160 130 157 138 157 144 161 137 163 130 163 175 161 181 156 189 155 196 158 190 161 182 162 141 219 147 213 154 210 160 212 166 210 174 213 183 218 175 228 167 232 161 233 154 232 147 228 144 219 154 216 160 217 166 216 179 218 166 223 160 224 154 223
105 173 109 189 113 204 117 220 124 234 135 246 148 255 163 258 178 256 191 247 203 235 211 220 214 203 217 187 221 170 222 152 112 144 120 139 130 138 140 140 149 143 166 142 176 138 186 136 197 136 206 141 158 156 159 167 159 177 159 187 149 196 154 198 160 199 165 198 171 196 124 160 130 157 138 156 144 161 137 163 130 163 175 160 182 155 189 155 196 158 190 161 182 161 141 219 147 213 154 210 160 212 166 210 175 213 183 218 175 227 167 231 161 232 154 231 147 228 144 219 154 216 160 217 166 216 179 218 167 223 160 224 154 223
105 173 109 188 112 204 117 219 124 233 135 245 148 254 163 257 178 254 192 245 203 233 211 218 214 202 217 185 220 168 222 151 112 145 119 139 129 138 139 140 148 143 166 141 176 138 187 136 198 136 207 142 158 157 158 167 158 177 159 187 149 196 154 198 160 199 165 198 171 196 124 160 130 157 137 156 144 161 137 163 130 163 174 160 181 155 189 155 196 158 189 161 182 161 140 219 147 213 154 210 160 212 166 210 174 213 182 218 175 226 167 230 161 230 154 230 147 226 144 218 154 216 160 217 166 216 178 218 166 221 160 222 154 221
105 172 108 187 112 202 116 217 123 231 134 243 148 252 162 255 178 252 192 244 203 232 211 217 215 201 217 185 220 168 222 151 112 145 119 139 129 138 139 140 149 143 166 142 176 138 186 136 197 136 207 142 158 156 158 167 158 177 158 187 149 196 154 198 159 199 165 198 171 196 123 160 130 157 137 156 144 161 137 162 130 163 174 160 181 155 189 155 196 157 189 161 182 161 140 218 147 213 154 211 160 212 166 211 174 213 183 216 174 224 167 227 161 227 155 227 148 224 144 218 155 216 160 217 166 216 179 216 166 219 160 219 155 219
104 172 108 187 112 202 116 217 123 231 134 242 147 250 162 254 177 250 192 242 203 231 211 217 214 201 217 185 220 168 221 151 112 144 120 138 129 138 139 139 148 142 166 141 176 137 186 135 197 136 206 141 158 156 158 167 159 177 159 187 149 196 154 198 160 199 165 198 170 196 123 160 130 156 137 156 144 161 137 162 130 163 174 160 181 155 188 155 195 157 189 161 181 161 140 217 148 213 155 211 160 213 166 211 174 213 183 215 174 221 166 223 161 224 155 223 148 221 144 217 155 217 160 217 166 216 180 215 166 217 160 217 155 217
104 172 108 187 111 202 115 217 122 230 133 242 146 251 161 254 177 251 191 243 203 232 211 217 214 201 217 185 220 168 221 151 111 144 119 139 129 138 139 140 148 142 166 141 176 137 187 135 197 136 206 141 158 156 158 166 159 176 159 187 149 196 154 198 160 198 165 197 170 196 123 159 130 156 137 156 144 161 137 162 130 162 174 160 181 155 188 154 195 157 189 160 182 161 140 217 148 214 155 211 160 212 166 211 174 213 184 215 175 221 167 224 161 225 155 225 148 222 143 217 155 217 160 217 166 217 180 216 166 217 161 218 155 217
104 173 108 189 112 204 116 219 124 233 135 244 148 253 163 256 177 253 191 244 203 233 210 218 214 202 217 185 220 168 221 151 111 145 119 139 129 138 138 140 148 143 166 141 176 137 186 135 197 136 206 141 158 156 158 166 159 176 159 187 149 196 155 198 160 198 165 197 171 195 123 160 130 156 137 156 144 161 137 162 130 163 174 160 180 155 188 154 195 157 189 160 181 161 140 218 148 213 155 210 161 212 166 210 175 212 184 216 175 224 167 227 161 228 156 228 148 225 144 218 155 216 161 217 167 216 180 216 167 219 161 220 156 219
104 173 108 189 112 205 117 220 125 234 136 245 149 254 163 258 178 255 191 246 203 233 211 219 215 202 217 186 220 168 221 150 111 145 119 139 129 139 139 140 149 143 166 141 176 138 186 135 197 136 207 141 158 157 159 167 159 177 159 187 149 196 155 198 160 199 165 197 171 196 123 160 130 157 137 157 144 161 137 163 130 163 174 160 181 155 188 155 195 157 189 161 182 161 140 218 147 213 155 210 161 211 167 209 175 212 184 216 176 227 168 232 162 233 156 232 147 228 144 218 155 216 161 216 167 215 180 217 167 223 161 224 155 224
104 175 108 191 112 206 117 221 125 235 136 247 150 255 164 259 178 255 191 246 203 234 211 219 215 203 217 186 220 168 221 151 111 146 119 140 129 139 139 141 149 144 166 142 177 138 187 136 198 136 207 142 159 157 159 167 160 177 160 188 150 197 155 198 161 199 166 198 171 196 124 161 130 158 138 157 145 162 138 163 130 163 174 161 181 156 188 155 196 158 189 161 182 162 139 217 147 213 156 211 161 212 167 210 176 212 185 216 177 227 169 232 162 233 156 232 147 228 143 218 156 216 161 217 167 216 181 216 168 224 162 225 156 224
104 174 108 190 112 206 117 221 125 235 137 246 150 254 165 257 179 254 192 245 204 233 211 218 215 202 217 185 220 168 221 150 111 146 119 140 129 139 139 141 149 144 166 142 176 138 187 136 198 136 207 141 159 157 159 167 160 178 160 188 150 197 155 199 161 199 166 198 172 196 124 161 130 158 138 157 145 162 138 163 130 163 174 161 181 156 188 155 195 158 189 161 182 162 139 217 147 213 156 211 161 212 167 211 176 212 186 215 177 226 169 231 162 232 156 231 148 227 143 217 156 216 162 217 167 216 182 216 168 223 162 224 156 223
104 175 108 191 112 206 116 221 125 234 136 245 150 253 165 256 180 253 193 244 205 232 212 218 216 202 218 185 220 168 222 150 112 145 120 140 130 139 140 141 149 144 167 142 177 138 187 136 198 136 207 141 159 157 160 167 161 177 161 188 151 197 156 198 161 199 167 198 172 196 124 161 131 157 138 157 145 162 138 163 130 163 175 161 181 156 189 155 196 158 190 161 182 162 140 216 148 213 157 211 162 212 168 211 177 212 186 214 177 224 169 228 163 229 157 229 148 225 143 217 157 216 162 216 168 215 182 215 168 221 162 222 157 222
105 175 108 190 112 206 117 221 125 234 136 244 150 252 165 255 180 252 193 243 204 232 212 218 216 202 218 185 221 168 222 151 112 145 120 140 130 139 140 140 149 143 167 142 177 138 187 136 198 136 207 141 160 157 160 167 161 177 161 188 151 197 156 198 161 199 167 198 172 196 124 161 131 157 138 157 145 162 138 163 131 163 175 161 182 156 189 155 196 158 190 161 182 162 140 216 148 213 156 211 162 212 168 210 177 212 187 214 178 224 169 227 163 228 157 228 148 224 144 216 157 215 162 216 168 215 183 215 169 221 163 222 157 221
105 175 109 190 112 205 116 220 124 233 136 244 150 251 165 254 180 251 194 242 205 231 213 217 216 202 218 185 221 168 222 151 112 146 120 140 130 139 140 140 150 144 168 142 177 138 188 136 199 136 208 141 160 157 160 167 161 177 161 188 151 196 156 198 162 199 167 197 173 196 124 161 131 157 138 157 145 162 138 163 131 163 175 161 182 156 189 155 196 157 190 161 183 161 141 216 149 212 157 210 162 211 168 209 177 211 186 215 178 223 170 227 163 228 157 227 149 224 145 217 157 215 163 215 169 214 182 215 169 220 163 221 157 220
105 173 108 188 112 203 116 218 124 231 135 242 149 250 164 253 179 250 193 242 205 231 212 216 216 200 218 184 220 167 221 150 112 145 120 139 130 139 140 140 150 143 168 142 177 138 187 135 198 136 207 141 160 156 160 167 161 177 161 188 151 196 156 198 162 199 167 197 173 196 124 160 131 157 138 157 145 162 138 163 131 163 175 161 182 156 189 155 196 157 190 161 183 161 141 216 149 212 157 210 163 211 168 209 177 211 186 214 177 221 170 225 163 226 157 225 150 222 145 216 157 215 163 216 169 215 182 215 169 217 163 218 157 218
105 173 109 189 113 204 117 218 125 232 137 242 150 250 165 253 180 250 193 241 204 230 212 216 216 200 218 184 221 167 222 151 112 145 120 139 130 139 140 140 150 143 167 142 177 138 188 136 199 136 208 141 160 156 160 167 161 177 161 187 151 196 156 198 162 199 167 197 173 196 124 160 131 157 139 157 145 161 138 163 131 163 175 160 182 155 190 155 197 157 191 161 183 161 142 215 150 212 157 210 163 211 168 209 177 211 186 213 177 220 169 223 163 224 157 223 150 221 145 215 157 215 163 215 169 214 182 214 169 216 163 216 157 216
105 173 109 188 112 204 117 218 125 232 136 243 150 251 165 253 180 250 194 241 205 230 212 216 216 200 218 184 220 167 221 150 112 145 120 139 130 139 140 140 149 143 168 142 177 138 188 136 199 136 208 141 160 157 160 167 161 177 161 188 151 196 156 198 162 199 167 197 173 195 124 160 131 157 139 157 145 162 138 163 131 163 175 161 182 155 189 155 197 157 190 161 183 161 142 215 150 212 157 210 163 211 169 209 176 211 185 213 177 220 169 223 163 224 157 224 150 221 145 215 157 215 163 215 169 214 182 213 169 215 163 216 157 216
105 173 109 189 113 204 117 219 125 233 136 244 150 252 165 255 180 252 193 243 204 231 212 217 215 201 218 185 221 168 222 151 113 145 120 139 130 139 140 140 149 143 168 141 178 138 188 136 198 136 207 141 160 157 160 167 161 177 161 188 151 197 156 198 162 199 167 197 172 196 124 160 131 157 138 157 145 162 138 163 131 163 175 160 182 156 189 155 196 158 190 161 183 161 142 217 150 213 157 210 163 211 169 209 177 211 185 214 177 222 170 225 163 227 157 226 150 223 146 217 157 215 163 216 169 215 181 215 169 217 163 218 157 218
105 173 109 188 112 204 117 219 124 233 136 244 149 253 164 256 179 253 193 244 204 232 212 217 215 201 218 185 221 168 222 151 112 145 120 139 130 139 140 140 150 144 167 142 177 138 187 136 198 136 207 141 160 156 160 167 161 177 161 187 151 196 156 198 162 199 167 197 172 195 124 160 131 157 139 157 145 162 138 163 131 163 175 160 182 156 189 155 196 157 190 161 183 161 141 217 149 213 157 210 162 211 168 209 176 211 185 215 177 224 170 229 163 230 157 229 149 225 145 218 157 216 163 216 169 215 181 215 169 220 163 221 157 220
105 174 109 190 113 205 117 220 125 233 136 244 150 253 164 256 179 253 192 244 204 232 212 218 215 202 218 185 221 168 222 151 112 145 120 139 130 139 140 140 150 144 167 142 177 138 187 136 198 136 208 141 159 156 160 167 160 177 161 188 151 196 156 198 161 199 167 197 172 196 124 160 131 157 138 157 145 161 138 162 131 163 175 160 182 155 189 155 197 157 190 160 183 161 141 217 149 213 157 210 162 211 168 209 177 211 185 215 177 225 170 229 163 231 157 230 149 226 145 218 157 215 163 216 169 215 181 216 169 221 163 222 157 221
105 174 109 190 112 205 116 220 124 233 136 244 150 253 164 256 178 253 192 244 204 232 212 218 215 202 217 185 220 168 222 151 112 145 119 139 130 139 140 140 149 143 167 142 177 138 187 136 198 136 207 141 159 157 160 167 160 177 161 187 150 196 156 198 161 199 167 197 172 196 124 160 131 157 138 157 145 162 138 163 130 163 175 161 181 156 189 155 196 157 190 161 182 161 141 217 148 212 156 210 162 211 168 209 176 211 185 215 177 225 169 229 163 230 156 229 148 226 144 218 156 215 162 215 168 215 181 216 169 221 162 222 156 222
104 174 109 190 112 205 117 220 125 234 136 245 150 253 164 256 179 253 192 244 204 232 211 218 215 202 217 185 221 168 222 151 112 144 120 139 130 139 140 140 149 144 167 142 177 138 187 136 198 136 207 141 159 157 159 167 160 177 160 188 150 197 155 198 161 199 166 197 171 196 124 160 131 157 138 157 145 162 138 163 130 163 175 161 181 156 189 155 196 157 190 161 182 161 141 218 148 213 156 210 162 211 167 209 176 212 184 216 177 225 169 230 162 231 156 230 148 226 145 218 156 215 162 216 168 215 180 216 168 221 162 222 156 222
104 174 108 190 112 205 116 220 124 234 135 245 149 253 164 256 178 253 191 244 203 233 211 218 214 202 217 185 220 168 221 151 111 145 119 139 129 139 139 140 149 144 166 142 176 138 187 136 197 136 207 141 159 156 159 167 159 177 160 188 150 196 155 198 160 199 166 197 171 196 123 160 130 157 137 157 144 161 137 163 130 163 174 160 181 155 188 155 195 157 189 161 182 161 141 218 148 213 155 210 161 211 167 209 175 212 184 216 176 225 169 230 162 231 156 230 148 226 145 218 156 216 161 216 168 215 180 217 168 221 162 222 156 222
104 174 108 190 112 205 116 220 124 234 135 245 149 253 163 256 178 253 191 244 203 233 211 218 214 202 217 185 220 168 221 151 111 145 119 139 129 139 139 140 148 143 166 142 176 138 186 136 197 136 206 141 158 156 158 167 159 177 159 187 149 196 154 198 159 199 165 197 170 196 123 160 130 157 137 157 144 161 137 163 129 163 174 160 180 156 188 155 195 157 189 161 181 161 141 218 147 213 155 210 161 211 166 209 175 212 183 217 176 226 168 230 162 231 155 231 148 227 145 218 155 215 161 216 167 215 179 217 167 222 161 223 155 222
104 174 108 189 112 205 116 220 124 234 135 245 149 254 163 257 177 254 191 245 202 233 210 219 214 203 216 186 219 169 221 152 110 145 118 139 128 138 138 140 148 143 165 142 175 138 185 136 196 136 206 141 157 157 158 167 158 177 158 187 149 196 154 198 159 199 164 197 170 196 123 160 129 157 137 157 143 161 136 163 129 163 173 160 180 155 187 155 194 157 188 161 181 161 141 219 147 213 154 210 160 211 166 209 174 212 182 217 175 227 167 231 161 232 155 231 147 227 145 218 154 215 160 216 166 215 178 217 166 222 161 223 155 222
103 173 107 189 111 204 115 219 123 233 134 245 148 254 162 257 177 254 191 245 202 233 210 218 214 202 216 185 219 168 220 151 110 144 117 139 127 138 137 139 147 142 164 141 174 138 185 135 196 136 205 141 157 156 157 166 157 176 158 187 148 196 153 198 158 198 164 197 169 195 122 160 128 157 136 157 142 161 135 162 128 162 173 160 179 155 187 155 194 157 188 160 180 161 140 219 147 213 154 209 159 211 165 209 173 212 181 218 174 227 167 231 160 232 154 231 147 227 144 218 154 215 160 216 166 215 177 217 166 222 160 223 154 222
103 173 107 188 111 203 115 219 123 233 134 244 148 253 162 256 177 253 191 244 202 232 210 218 214 202 216 186 219 169 220 152 110 144 117 139 127 138 137 139 146 142 165 141 175 137 185 135 196 136 205 141 156 156 157 166 157 176 157 187 148 196 153 197 158 198 163 197 169 195 121 160 128 156 135 156 142 161 135 162 128 162 172 160 179 155 187 155 194 157 188 161 180 161 140 218 146 212 153 209 159 211 165 209 173 212 181 217 174 226 166 230 160 231 154 230 147 226 144 218 154 215 159 215 165 215 177 217 165 221 160 222 154 221
103 173 107 188 111 203 115 218 122 232 133 244 147 252 161 255 177 252 190 244 202 232 209 218 213 202 215 186 219 169 220 152 110 144 118 139 127 138 137 139 147 142 165 141 175 137 185 135 196 136 205 140 156 156 156 166 157 176 157 187 148 196 153 197 158 198 163 197 168 195 122 160 128 156 135 156 142 161 135 162 128 162 172 160 179 155 187 154 194 157 188 161 180 161 139 218 146 212 153 209 159 210 165 209 173 211 181 216 173 224 166 228 159 229 153 228 146 225 143 218 153 215 159 215 165 214 177 216 165 219 159 220 153 219
103 173 107 188 110 203 114 218 122 232 133 243 146 252 161 255 176 252 190 243 202 232 209 217 213 202 216 186 219 169 220 152 110 144 117 138 127 138 137 139 146 143 164 141 174 137 185 135 196 136 205 141 156 156 156 167 156 177 157 187 147 196 152 197 158 198 163 197 168 195 121 160 128 156 135 156 142 161 135 162 128 162 172 160 179 155 186 155 193 158 187 161 179 161 139 217 146 212 153 210 159 211 164 209 172 211 181 215 173 221 165 224 159 225 154 225 146 222 142 217 153 215 159 215 165 214 177 215 165 217 159 218 154 217
103 173 106 188 110 203 115 218 122 232 133 243 147 251 162 254 177 251 191 242 203 231 210 217 214 201 216 185 219 168 220 151 109 144 117 139 126 138 136 139 146 143 163 141 174 138 184 135 196 136 205 142 156 156 156 167 156 177 156 187 147 196 152 197 157 198 163 197 169 195 121 159 128 156 135 156 142 161 135 162 127 162 172 160 178 155 186 155 193 157 187 161 179 161 138 215 146 212 154 210 159 211 164 210 172 211 182 213 173 219 166 222 160 222 154 222 147 220 142 215 154 215 159 215 165 214 178 213 165 215 160 215 154 215
103 172 106 188 110 203 114 218 122 231 133 243 146 251 162 254 177 251 191 243 202 231 210 217 213 201 216 186 219 169 220 152 109 144 116 139 126 138 136 139 146 142 163 141 173 137 184 135 196 136 205 142 155 156 155 166 156 176 156 187 146 196 151 197 157 198 163 197 169 195 121 159 127 156 135 156 142 161 134 162 127 162 172 160 178 155 186 155 193 157 187 161 179 161 138 214 146 212 153 210 159 211 164 209 172 210 182 212 173 218 165 221 160 222 154 221 147 219 141 214 153 214 159 215 164 214 178 212 165 214 159 215 154 215
102 172 106 188 110 203 114 218 122 231 133 243 146 251 161 254 176 251 190 243 202 232 209 218 213 202 216 186 219 169 220 151 109 144 116 138 126 138 136 139 145 143 163 142 173 138 184 135 196 136 205 142 155 157 155 167 155 176 156 187 146 196 151 197 157 198 162 197 168 195 121 159 127 156 135 156 142 161 134 162 127 162 171 160 178 155 186 155 193 157 186 161 179 161 138 215 146 212 153 210 158 211 164 209 172 211 182 213 173 219 165 222 159 223 154 222 147 220 142 215 153 214 158 215 164 214 178 213 165 215 159 215 154 215
103 172 106 187 110 203 114 218 122 232 133 243 146 252 161 256 176 253 190 244 202 233 209 218 213 202 216 186 219 169 220 152 109 144 116 138 126 138 136 139 145 143 163 142 173 138 184 136 195 136 204 141 155 156 155 167 155 176 155 187 146 196 151 197 156 198 162 197 167 195 120 159 127 156 134 156 141 161 134 162 126 162 171 160 178 155 186 155 193 158 186 161 179 161 139 217 146 213 152 210 158 211 163 209 171 211 180 215 172 222 165 225 159 226 153 225 146 223 142 217 153 215 158 215 164 214 176 215 164 217 159 218 153 217
103 172 106 187 110 202 114 218 122 232 133 244 146 253 160 256 175 253 189 245 201 233 209 218 213 202 216 186 219 169 220 152 109 143 116 138 126 137 135 139 145 142 163 141 173 138 184 136 195 136 204 141 154 157 154 166 154 176 154 186 146 196 150 197 156 198 161 197 167 195 120 159 127 155 134 156 141 161 134 162 126 162 171 160 178 155 185 155 193 158 186 161 178 161 139 218 145 212 152 209 157 210 163 209 171 211 179 216 172 225 165 229 159 229 153 229 146 225 143 218 152 215 158 215 163 215 175 216 164 220 158 220 153 220
102 171 106 187 110 202 114 217 121 232 131 244 144 253 159 256 175 253 189 245 201 234 209 219 213 203 216 187 219 170 220 153 108 143 116 137 126 137 135 138 145 142 162 141 172 137 183 135 195 136 204 141 154 156 154 166 154 176 154 186 145 195 150 197 155 198 161 196 166 195 120 158 127 155 134 155 141 160 133 161 126 161 171 160 178 155 185 154 192 157 186 160 178 161 138 218 144 212 151 209 157 210 162 208 170 211 178 216 171 224 164 228 158 229 152 228 145 225 142 218 151 215 157 215 163 214 174 216 163 220 158 221 152 220
103 171 106 186 109 201 113 217 120 231 131 243 144 252 159 256 174 253 188 244 200 233 208 219 212 203 215 186 218 170 220 153 109 143 116 137 126 137 136 138 145 142 162 141 172 137 183 135 194 136 204 141 154 156 154 166 154 176 154 186 145 195 150 197 155 198 160 196 166 195 120 158 126 155 134 155 140 160 133 161 126 161 171 160 177 155 185 154 192 157 186 161 178 161 137 217 144 212 151 209 156 210 162 208 170 211 178 216 171 224 163 228 157 229 152 228 144 225 141 217 151 215 157 215 162 214 174 216 163 220 157 220 152 220
102 171 105 186 109 201 112 217 119 231 129 242 143 251 158 254 173 251 188 244 200 232 208 218 212 202 215 186 218 169 220 152 108 143 115 137 125 137 135 139 145 142 162 141 172 137 183 135 194 136 204 141 154 156 154 166 154 176 154 186 144 195 149 197 155 198 160 196 166 195 119 158 126 155 133 155 140 160 133 161 125 161 170 160 177 155 185 154 192 157 185 161 178 161 136 215 143 212 150 209 156 210 162 209 170 211 179 214 170 221 163 224 157 224 151 224 144 221 140 216 151 214 156 215 162 214 175 214 162 216 157 217 151 216
101 171 104 186 108 201 111 216 118 230 129 241 143 249 157 253 173 250 188 242 200 232 208 218 212 202 215 186 218 169 219 153 107 143 115 137 125 137 135 139 144 142 162 141 172 137 183 135 194 136 204 142 153 156 153 166 153 176 153 186 144 195 149 197 155 198 160 196 166 195 119 158 126 155 133 155 140 160 133 161 125 161 170 160 177 155 184 155 192 157 185 161 177 161 135 214 143 211 151 210 156 211 161 209 169 211 179 212 170 218 162 220 156 221 151 221 144 219 138 214 151 214 156 215 161 214 175 213 162 214 156 215 151 214
101 171 104 186 107 200 111 216 118 230 129 241 142 249 157 253 172 250 187 243 200 232 208 218 212 202 215 186 218 169 219 153 108 143 116 137 125 137 135 139 144 142 161 141 172 137 183 135 194 136 203 142 153 156 153 166 153 176 153 186 144 195 149 197 154 198 160 196 166 195 119 158 126 155 133 155 140 160 133 161 125 161 170 160 177 155 184 155 192 157 185 160 177 161 135 214 143 211 150 210 155 211 161 209 169 211 179 213 170 219 162 221 156 222 150 221 143 219 138 214 150 214 155 215 161 214 175 213 161 215 156 215 150 215
102 171 105 186 108 201 112 217 119 231 130 242 143 251 157 255 172 252 186 244 199 233 208 219 212 203 215 186 218 169 219 152 108 144 115 138 125 137 135 139 144 143 161 142 171 138 182 136 193 137 203 142 153 156 153 166 153 176 153 186 144 195 149 197 154 198 160 197 166 195 119 158 126 155 133 156 140 160 133 161 125 161 170 160 176 155 184 155 191 157 185 161 177 161 135 216 142 212 149 209 155 210 161 209 169 211 179 215 170 223 162 227 156 227 150 226 142 223 139 216 149 214 155 215 161 214 175 215 161 218 155 219 150 218
102 172 105 188 108 203 113 218 120 232 131 244 143 254 157 257 172 254 186 246 199 234 207 220 212 204 215 187 218 170 219 152 108 143 115 138 125 137 135 139 144 143 161 142 171 138 182 136 193 136 202 141 153 156 153 166 153 176 152 186 143 195 148 197 153 198 159 197 165 195 119 158 126 155 133 156 140 160 132 161 125 161 169 160 176 155 184 155 191 157 184 161 177 161 135 217 142 212 149 209 155 210 160 209 169 211 178 216 170 227 162 231 155 232 149 231 142 226 139 217 149 215 155 215 161 215 174 217 161 222 155 222 149 222
102 173 105 188 109 204 113 219 120 233 131 245 143 255 157 259 172 256 186 247 199 235 208 220 212 204 215 187 218 170 219 152 107 144 115 138 124 137 134 139 143 142 161 142 171 138 182 136 193 136 203 141 153 156 152 166 152 176 152 187 143 196 148 197 153 198 159 197 165 195 119 159 125 155 133 156 139 161 132 162 125 161 170 160 176 155 184 155 191 158 185 161 177 161 135 217 141 212 149 209 155 211 161 209 170 212 179 216 171 228 162 233 155 234 149 233 141 228 138 218 149 215 155 216 161 215 175 217 161 224 155 225 149 224
102 173 106 189 109 204 114 220 121 234 131 245 143 255 157 259 172 256 186 247 199 235 207 220 212 204 215 188 218 170 219 152 107 144 115 138 124 137 134 139 143 142 161 141 171 138 182 136 193 137 203 141 153 156 153 166 153 176 152 187 144 196 148 197 153 198 159 197 165 195 119 159 125 156 133 156 140 161 132 162 125 161 170 160 176 155 184 155 191 158 185 161 177 161 135 217 141 212 149 209 155 211 161 209 170 212 178 216 171 228 162 233 155 234 149 233 141 228 138 218 149 215 155 215 161 215 175 217 161 224 155 225 149 224
102 173 106 189 109 205 113 220 121 233 131 245 144 254 158 258 173 255 187 246 199 235 208 220 212 204 215 188 218 170 220 153 107 143 115 138 125 137 134 139 144 142 161 141 171 138 182 136 193 136 203 141 153 156 153 166 153 176 152 187 144 196 148 197 154 198 159 197 165 195 119 159 125 156 133 156 140 161 132 162 125 162 169 160 176 155 184 155 191 158 185 161 177 161 135 217 142 212 149 209 155 211 161 209 169 212 179 216 170 227 162 232 155 232 149 232 142 227 138 218 149 215 155 215 161 215 175 216 161 223 155 224 149 223
102 172 105 187 109 203 113 218 120 232 131 244 143 253 158 257 173 254 188 245 200 233 208 219 212 203 215 187 218 170 219 152 108 144 115 138 125 138 134 139 144 143 161 141 171 138 182 136 193 136 203 142 153 157 153 167 153 177 153 187 144 196 149 198 154 199 160 197 165 196 119 159 126 156 133 156 140 161 133 162 125 162 170 160 176 156 184 155 191 158 185 161 177 161 136 217 142 212 149 210 155 211 160 210 169 212 178 216 170 225 162 228 155 229 149 228 142 225 139 217 149 215 155 216 161 215 174 216 161 220 155 221 149 221
102 171 105 187 108 202 112 217 119 232 130 243 143 252 158 256 173 252 188 244 200 233 208 218 212 202 215 186 218 169 219 151 108 144 115 138 125 138 134 140 144 143 161 142 171 138 182 136 193 136 202 141 153 157 153 167 153 177 153 187 144 196 149 198 154 199 160 197 165 196 120 160 126 157 133 157 140 161 133 162 126 162 170 160 177 156 184 156 191 158 184 161 177 161 136 217 143 213 150 210 155 212 161 210 169 212 178 216 169 223 162 226 156 227 150 226 143 223 140 217 150 215 155 216 161 215 174 216 161 219 156 219 150 219
102 171 105 186 109 202 113 217 120 231 131 243 144 251 158 255 174 252 188 244 201 232 209 217 213 201 216 185 219 168 220 151 109 144 115 138 125 138 134 139 144 143 162 142 172 138 183 136 194 136 203 142 153 157 153 167 153 177 153 187 144 196 149 198 154 199 160 198 166 196 121 161 127 160 133 160 140 161 134 163 127 163 170 160 176 159 183 158 191 159 184 161 176 162 137 217 143 214 150 211 155 213 161 211 169 213 178 216 169 222 162 225 156 226 150 225 144 222 140 217 150 216 155 217 161 216 174 216 161 217 156 218 150 217
102 170 105 185 109 200 112 216 119 230 130 242 143 250 157 254 173 251 188 243 200 232 209 217 213 201 216 185 219 168 220 150 109 144 116 139 125 138 135 140 144 143 162 142 172 138 183 136 194 136 203 141 154 157 154 167 154 177 153 187 144 197 149 198 155 199 160 198 166 196 120 162 127 162 133 161 141 162 134 164 127 164 170 161 177 159 184 159 191 159 184 162 177 162 136 217 143 214 150 211 155 213 161 211 168 213 178 216 169 222 161 225 156 225 150 224 143 222 140 217 150 216 155 217 161 216 174 216 161 217 156 218 150 217
102 172 105 187 109 202 113 217 120 231 131 242 144 250 159 253 175 251 189 242 201 231 209 217 213 201 216 185 219 168 220 151 109 145 116 139 126 139 135 140 144 143 162 142 172 138 182 136 193 136 203 141 154 157 154 168 154 178 154 188 145 197 150 199 155 200 161 198 167 197 121 162 127 162 134 161 141 162 134 164 127 164 170 161 177 160 184 159 191 160 184 162 177 162 137 217 144 214 150 212 156 213 161 211 169 214 178 216 170 222 162 224 156 225 151 225 144 222 140 217 151 217 156 218 162 217 174 217 162 217 156 218 151 218
102 172 105 187 109 202 113 217 120 231 131 242 144 250 159 253 175 251 189 243 201 231 210 217 214 201 216 185 219 168 220 151 109 145 117 140 126 139 135 141 144 144 162 143 172 139 183 136 194 137 203 141 154 158 154 168 154 178 154 188 145 198 150 199 155 200 161 199 167 197 121 162 127 161 134 160 141 163 134 164 127 164 171 161 177 158 184 158 192 159 185 162 178 162 137 218 144 214 151 212 156 213 162 211 170 213 180 216 171 222 163 224 157 225 151 225 144 222 141 218 151 217 156 218 162 217 176 216 162 217 157 218 151 218
103 173 106 188 109 202 113 217 120 231 131 242 145 250 160 253 175 250 189 242 202 232 210 217 214 202 217 186 219 169 220 152 109 145 117 140 126 139 135 141 144 144 163 143 172 139 183 136 194 137 203 141 154 158 154 168 154 178 154 188 145 198 150 199 156 200 161 199 167 197 121 162 127 160 134 159 141 163 134 164 127 164 171 161 177 158 185 157 192 159 185 162 178 162 138 218 144 214 151 212 157 213 162 211 170 213 180 216 171 222 163 224 157 225 152 224 145 222 141 218 151 217 157 218 162 217 176 216 163 217 157 218 151 217
103 173 106 188 109 202 113 217 120 230 131 241 144 250 159 253 175 250 190 242 202 231 211 217 215 201 217 185 220 169 221 152 109 146 116 140 126 140 135 141 145 145 163 143 173 139 183 136 194 137 204 141 154 158 154 168 154 178 154 188 146 198 151 199 156 200 161 199 167 197 121 162 127 159 135 159 142 163 134 164 127 164 171 161 178 157 185 157 192 159 186 162 178 162 137 218 144 214 151 212 157 213 162 211 170 213 181 216 171 221 164 224 157 224 151 224 145 222 141 218 151 217 157 218 163 217 177 216 163 217 157 218 151 217
103 173 106 188 110 202 114 217 121 231 132 242 145 250 160 253 176 250 191 242 203 231 211 217 215 201 218 185 220 169 221 152 110 146 117 140 126 140 136 141 145 145 163 143 172 139 183 136 194 136 204 141 155 158 155 168 155 178 155 188 146 198 151 199 156 200 162 199 168 197 121 162 128 159 135 159 142 163 135 164 128 164 171 161 178 157 185 156 193 158 186 162 179 162 138 218 145 214 151 211 157 213 163 211 171 213 181 216 172 221 164 224 158 225 152 224 145 222 141 218 152 217 158 218 164 217 177 216 164 217 158 218 152 217
103 173 107 188 110 203 114 218 121 231 133 242 147 250 161 253 177 250 191 242 203 231 211 217 215 202 217 186 220 169 221 152 110 145 118 140 127 140 137 141 146 145 163 143 173 139 184 137 195 137 205 141 156 158 156 168 156 178 156 188 147 198 152 199 157 200 163 199 168 197 121 162 128 159 135 159 142 163 135 164 128 165 172 162 178 157 186 156 193 159 187 162 179 163 139 218 146 214 152 211 158 213 164 211 172 213 182 216 172 222 165 224 159 225 153 224 146 222 142 218 153 217 158 218 164 217 178 216 164 217 159 218 153 218
104 174 107 189 111 203 115 218 122 232 133 242 147 250 162 253 178 250 192 242 204 231 212 217 215 202 218 186 220 169 221 152 111 145 119 140 128 140 137 142 146 145 165 143 174 139 184 137 195 137 205 141 156 158 157 168 157 178 157 189 148 198 153 199 158 200 164 199 169 197 122 162 128 159 136 159 143 163 136 164 128 165 173 162 179 157 187 156 194 159 188 162 180 163 139 218 147 214 153 212 159 213 165 211 173 214 183 217 174 222 166 225 160 225 154 225 147 223 143 218 154 217 159 218 165 217 179 217 165 218 159 218 154 218
105 174 108 189 112 203 116 218 123 232 134 242 148 251 163 253 178 250 192 242 204 231 212 217 216 202 218 186 221 169 222 153 111 145 119 140 128 140 138 141 147 145 165 143 175 139 186 137 197 137 206 142 157 158 158 168 158 178 158 189 149 198 154 199 159 200 165 199 170 197 123 162 130 159 137 159 144 163 137 164 129 164 174 162 180 157 188 156 195 159 189 162 181 163 140 218 147 214 154 212 160 213 165 211 174 214 183 217 174 222 167 225 161 225 155 225 148 223 143 218 154 217 160 218 166 217 179 217 166 218 160 218 155 218
105 173 108 188 112 202 116 218 123 231 134 242 148 250 163 253 179 250 193 242 205 231 213 217 216 201 219 185 221 168 222 151 112 145 120 140 129 140 139 142 148 145 166 143 176 139 186 137 197 137 207 142 158 158 158 169 158 179 158 189 149 198 154 199 160 200 165 199 171 198 123 162 130 158 138 158 144 163 137 164 130 164 174 162 181 157 188 156 195 159 189 162 182 163 140 219 148 214 155 212 160 213 166 212 174 214 184 217 175 222 167 225 161 225 155 225 148 223 144 219 155 217 161 218 167 217 180 217 167 218 161 219 155 218
105 174 109 189 113 204 117 218 124 232 135 243 149 251 164 254 179 251 194 243 205 232 213 217 217 201 219 185 222 168 223 152 113 146 120 140 130 140 140 142 149 145 167 144 176 140 187 137 197 138 207 142 159 158 159 169 159 179 159 189 150 198 155 200 160 201 166 199 172 198 124 162 131 158 138 159 145 163 138 164 130 164 175 162 181 157 189 156 196 159 190 162 182 163 141 219 148 215 155 212 161 213 167 212 175 214 185 217 176 223 168 225 162 226 156 225 149 223 145 219 156 218 161 218 167 217 181 217 167 218 162 219 156 218
106 173 109 188 113 203 117 218 125 231 136 243 150 251 165 254 180 251 194 243 205 231 213 217 217 201 219 185 222 168 223 152 113 146 121 140 130 140 140 142 149 145 167 144 177 140 187 138 198 138 208 142 159 159 160 169 160 179 160 189 150 198 156 200 161 201 167 200 172 198 124 162 131 159 139 159 146 163 139 164 131 165 175 162 182 157 190 157 197 159 191 163 183 163 142 219 149 215 156 212 162 214 168 212 176 214 185 217 176 223 169 226 162 226 156 226 149 224 145 219 156 218 162 219 168 218 181 217 168 218 162 219 156 218
105 173 109 189 113 203 117 219 125 232 136 243 150 251 165 254 180 251 194 243 206 232 214 217 217 201 220 185 222 169 223 152 113 146 121 141 131 141 141 142 150 145 168 144 177 140 188 138 198 138 208 142 160 159 160 169 160 179 160 190 151 199 156 200 162 201 167 200 173 198 125 162 131 159 139 159 146 163 139 165 131 165 176 162 182 158 190 157 197 159 191 163 183 163 142 219 149 215 157 213 162 214 168 212 176 215 186 218 177 223 169 226 163 226 157 226 150 224 145 219 157 218 162 219 168 218 182 218 168 219 163 220 157 219
106 174 110 189 114 204 118 219 125 233 137 244 150 252 166 254 181 251 195 243 206 232 214 218 217 202 220 185 223 169 224 152 114 146 122 141 131 141 141 143 150 146 168 145 177 141 188 138 199 138 208 142 160 159 160 169 161 180 161 190 151 199 157 200 162 201 168 200 173 198 125 162 132 159 139 159 146 164 139 165 132 165 176 163 183 158 190 157 197 159 191 163 184 164 143 220 150 215 157 213 163 214 168 213 177 215 186 218 177 223 169 226 163 227 157 226 150 224 146 219 157 218 163 219 169 218 182 218 169 219 163 220 157 219
106 175 110 190 114 205 118 220 126 233 137 244 151 252 166 255 181 252 195 244 206 232 214 218 218 202 220 186 223 169 224 152 114 146 122 141 132 141 142 143 151 146 169 145 178 141 188 138 199 138 209 143 161 159 161 170 161 180 162 190 151 199 157 201 162 202 168 200 174 199 125 162 132 159 139 159 146 164 139 165 132 165 177 163 183 158 191 157 198 160 192 163 184 164 143 220 150 215 157 213 163 214 169 213 177 215 187 218 178 224 170 226 163 227 158 227 150 224 146 220 157 218 163 219 169 218 183 218 169 219 163 220 157 219
106 174 110 189 114 204 118 219 126 233 137 244 151 253 166 255 181 252 195 244 206 232 214 218 218 202 220 186 223 169 224 152 114 147 122 142 132 142 141 143 150 146 169 145 179 141 189 139 199 139 209 143 161 160 161 170 161 180 162 191 152 199 157 201 162 202 168 201 174 199 125 163 132 159 140 159 147 164 139 166 132 166 176 163 183 158 191 157 198 160 192 164 184 164 143 220 150 216 157 213 163 215 169 213 177 215 187 218 178 224 170 227 164 228 158 227 150 225 146 220 157 219 163 220 169 219 183 219 169 220 163 221 158 220
106 174 110 189 114 204 118 219 125 233 137 244 151 252 166 255 181 252 195 244 207 232 214 218 218 202 221 185 223 169 224 152 114 147 122 142 131 141 141 143 151 147 169 145 178 141 189 139 200 139 209 143 160 160 161 170 161 180 161 191 152 200 157 201 162 202 168 201 174 199 125 163 132 159 139 159 146 164 139 166 132 166 176 163 183 158 191 157 198 160 192 164 184 164 143 220 150 216 157 213 163 215 169 213 177 215 186 219 178 224 170 227 164 228 158 227 150 224 146 220 157 219 163 220 169 219 183 219 169 220 163 221 158 220
106 174 110 189 114 204 118 219 126 233 137 244 151 253 165 256 181 252 195 244 206 233 214 218 218 203 220 186 223 169 224 152 114 146 122 141 132 141 141 143 151 146 169 145 179 141 189 139 199 139 209 143 161 160 161 170 161 180 161 191 152 200 157 201 162 202 168 201 174 199 125 162 132 159 140 159 147 164 139 165 132 166 177 163 183 158 191 158 198 160 192 164 184 164 143 220 150 216 157 213 163 215 169 213 177 216 186 219 178 224 170 227 164 228 158 227 150 225 146 220 157 219 163 220 169 219 182 219 169 220 163 220 158 220
107 174 111 189 114 204 118 219 126 232 137 244 150 252 165 255 181 252 194 244 206 233 214 219 218 203 221 186 223 169 224 153 115 147 122 141 132 141 142 143 151 147 169 145 179 141 189 139 200 139 209 144 161 160 161 170 161 181 161 191 152 200 157 201 162 202 168 201 173 199 126 162 133 159 140 159 147 164 140 166 132 166 177 164 184 158 191 158 198 160 192 164 184 164 143 220 150 216 157 213 163 215 169 213 177 216 187 219 178 224 170 227 164 228 158 227 150 225 146 220 157 219 163 220 169 219 183 219 169 220 163 221 158 220
107 174 111 189 114 204 118 219 126 233 137 244 151 253 165 256 181 253 195 244 206 233 214 219 218 203 221 187 224 170 225 153 115 146 123 141 132 141 142 143 151 146 169 145 179 142 189 139 200 139 209 144 161 160 161 171 161 181 161 191 152 200 157 201 162 202 168 201 174 199 126 162 133 159 140 159 147 164 140 165 132 165 177 164 184 158 191 158 198 160 192 164 184 165 143 220 150 216 157 213 163 215 169 213 177 216 186 219 178 224 170 227 163 228 157 227 150 225 146 220 157 219 163 220 169 219 183 219 169 220 163 220 157 220
107 173 111 188 114 203 118 218 126 232 137 244 150 252 165 256 180 253 195 244 206 233 214 219 218 203 221 186 224 170 226 153 115 145 123 141 133 141 142 143 151 146 170 145 179 141 189 139 200 139 210 143 161 160 162 170 162 180 162 191 152 200 157 201 162 202 168 201 174 199 126 162 133 159 141 159 147 164 140 165 132 165 177 163 184 158 192 158 199 161 192 164 185 165 143 220 150 216 157 213 163 215 169 213 177 216 186 219 177 225 169 227 163 228 157 227 150 225 146 220 157 219 163 220 169 219 183 219 169 220 163 221 157 220
