130 205 135 220 140 234 144 249 151 263 163 274 178 281 194 282 210 277 225 269 236 257 243 241 245 223 246 206 247 189 246 172 134 178 141 172 150 171 160 171 170 173 188 170 198 165 208 161 220 160 230 164 181 185 183 195 184 206 185 216 176 226 181 227 187 228 192 226 198 224 146 191 153 187 160 186 168 191 161 193 153 194 198 187 205 181 213 179 220 181 215 186 207 187 169 247 176 243 182 240 188 241 194 239 202 240 212 242 203 247 196 250 190 251 184 251 177 250 172 247 183 245 189 245 195 244 208 242 195 244 189 245 183 245
130 205 135 220 140 234 145 249 152 263 163 274 178 281 195 282 211 278 225 269 237 257 243 241 245 224 247 207 248 190 248 173 135 177 142 172 151 170 161 171 170 173 189 170 198 165 209 161 220 160 231 164 182 185 183 195 184 206 185 216 176 226 182 227 187 227 192 226 198 223 147 191 154 187 161 186 169 191 161 193 154 194 199 187 206 181 213 179 221 181 215 186 207 187 169 247 176 243 183 240 189 241 194 238 202 240 212 242 204 248 196 250 191 252 185 252 177 251 173 247 183 245 189 245 195 244 209 242 195 244 190 245 184 245
131 206 136 220 141 235 146 250 153 264 164 276 179 282 195 284 211 279 226 271 237 257 243 241 245 223 247 206 248 189 248 172 135 177 142 172 151 170 161 171 171 173 189 170 199 165 209 161 220 160 231 164 182 185 183 195 184 205 186 216 177 226 182 227 187 227 193 225 198 223 147 191 154 187 161 186 169 190 162 192 154 193 199 186 206 180 214 179 221 181 215 185 207 187 170 248 177 243 183 240 189 241 195 238 202 240 212 242 204 248 197 252 191 253 185 253 178 252 173 247 184 246 190 246 195 245 208 243 196 245 190 246 184 246
131 206 137 221 142 236 147 252 154 266 166 278 180 285 196 286 212 282 226 272 236 259 243 242 246 224 247 207 249 190 248 172 136 178 142 172 151 170 161 171 171 173 189 170 199 165 209 161 221 160 231 164 182 184 184 194 185 205 186 216 177 226 182 227 188 227 193 225 199 223 148 191 154 187 162 186 169 190 162 192 154 193 199 186 206 180 214 179 221 181 215 185 208 186 171 249 177 244 184 240 190 241 195 239 203 240 212 244 204 251 197 254 192 256 186 256 178 254 174 249 185 247 190 247 196 245 208 244 196 246 191 248 185 247
132 206 138 221 143 237 148 253 155 267 167 279 181 286 197 288 212 284 226 274 236 260 243 242 246 225 247 207 249 189 248 171 136 178 142 172 151 170 161 170 171 173 189 170 199 165 209 161 221 160 231 164 183 184 184 194 185 205 186 216 177 226 183 227 188 227 194 225 199 223 148 190 154 186 162 185 169 190 162 192 155 193 200 186 206 180 214 179 221 181 216 185 208 186 172 250 178 245 185 241 191 242 196 240 204 241 213 244 205 252 198 256 192 257 187 257 179 255 175 250 185 247 191 247 197 246 209 245 197 248 191 249 186 249
132 207 138 222 143 238 148 254 156 268 168 280 182 287 198 289 213 285 226 275 236 261 243 243 246 225 248 208 250 190 249 172 136 177 143 171 152 170 162 170 172 173 189 169 199 164 210 161 221 160 232 164 183 184 184 194 185 205 186 215 178 225 183 227 188 227 194 225 199 223 149 190 155 186 162 185 170 190 163 192 155 193 200 186 207 180 214 178 222 181 216 185 208 186 173 250 178 244 185 240 191 241 196 239 204 241 213 245 206 255 199 259 193 260 187 260 180 257 176 250 186 246 191 246 197 245 209 246 197 251 192 252 186 252
132 206 138 222 143 237 148 253 156 268 167 280 181 287 197 289 213 285 226 275 237 261 243 244 246 226 248 208 250 190 249 172 136 177 143 171 152 170 162 170 172 172 190 169 200 164 210 161 221 160 232 164 183 184 184 194 186 204 187 215 178 225 183 226 189 227 194 225 199 223 149 190 155 186 162 185 170 190 163 192 155 193 201 186 207 180 215 178 222 181 216 185 208 186 173 250 178 243 185 239 191 240 196 238 205 240 213 245 207 255 199 260 193 261 187 261 179 258 176 249 186 245 191 245 197 244 210 245 198 252 192 253 186 253
132 205 138 221 143 236 148 252 156 267 167 279 182 287 197 289 213 284 226 274 237 260 243 243 246 225 248 208 250 190 250 172 136 177 143 171 152 169 162 170 172 172 190 169 200 164 210 161 222 160 232 164 183 184 185 194 186 205 187 215 178 225 183 226 189 227 194 225 200 223 149 190 155 186 163 185 170 190 163 192 155 192 201 186 207 180 215 178 222 181 216 185 209 186 173 249 178 243 185 239 191 240 196 238 205 240 213 244 206 254 199 259 193 260 187 260 179 257 176 249 186 245 191 245 197 244 210 245 197 251 192 252 186 252
132 205 138 221 143 236 148 252 156 266 167 278 181 286 197 287 213 283 227 273 237 260 244 243 247 225 248 207 250 190 250 172 137 178 143 171 152 169 162 170 172 172 190 169 200 164 211 161 222 160 232 164 183 184 185 194 186 205 187 215 178 225 183 226 189 227 194 225 200 223 149 190 155 186 163 185 170 190 163 192 155 193 201 186 207 180 215 178 222 181 216 185 209 186 172 248 178 243 185 239 191 240 196 238 205 240 213 244 206 253 199 257 193 258 187 258 179 255 176 248 185 245 191 245 197 244 210 244 198 249 192 250 186 250
132 205 138 220 143 235 148 250 155 265 166 277 181 284 197 285 213 281 227 272 238 258 244 241 247 224 248 206 249 189 249 172 136 177 143 171 152 169 162 170 172 172 190 169 200 164 211 161 222 160 232 164 183 184 185 194 186 205 187 215 178 225 183 226 189 227 194 225 200 223 149 190 155 186 163 185 170 190 163 192 155 193 201 186 207 180 215 178 222 181 217 185 209 186 172 248 178 243 185 239 191 240 196 238 204 240 213 243 206 251 199 255 193 256 187 256 179 254 176 247 186 245 191 245 197 244 210 243 198 247 192 248 186 248
132 205 137 220 142 234 147 250 154 264 166 276 180 283 197 284 213 280 227 271 238 258 245 242 247 224 248 207 250 189 250 172 136 177 143 172 153 170 163 170 173 172 191 169 200 164 211 161 222 160 232 165 184 184 185 194 186 205 187 215 178 225 183 226 189 227 194 225 199 223 149 190 155 186 163 185 170 190 163 192 155 193 201 186 207 180 215 178 222 181 217 185 209 186 172 247 178 242 185 239 191 240 196 238 204 239 214 242 206 250 199 253 193 254 187 254 180 253 175 247 186 245 191 245 197 244 210 243 197 246 192 247 186 247
132 204 137 219 142 234 147 249 154 264 165 275 180 282 197 283 213 279 227 270 238 257 245 241 247 223 248 206 250 189 249 172 136 177 143 171 152 169 162 170 172 172 191 169 200 164 211 161 222 160 233 164 184 184 185 194 186 204 187 215 178 225 183 226 189 227 194 225 199 223 149 190 155 186 163 185 170 190 163 192 155 193 201 186 207 180 215 178 222 181 216 185 209 186 171 247 178 242 185 239 191 240 196 238 204 239 214 242 206 249 199 252 193 253 187 253 179 252 175 247 185 244 191 245 197 243 210 242 197 245 192 246 186 246
132 205 137 220 142 235 146 250 154 264 165 275 180 282 197 283 213 279 227 270 238 257 245 241 247 224 249 207 250 190 250 172 137 177 143 171 153 169 162 170 172 172 190 169 200 164 210 161 222 160 233 164 184 184 185 194 186 204 187 215 178 225 183 226 189 227 194 225 199 223 149 190 155 186 163 185 170 190 163 192 155 193 201 186 207 180 215 178 222 180 217 185 209 186 171 247 178 242 185 239 191 240 196 237 204 239 214 242 206 249 199 252 193 253 187 253 179 252 175 246 186 244 191 245 197 243 210 242 197 245 192 246 186 246
132 205 137 221 142 235 147 250 154 264 166 275 181 282 197 284 212 280 226 271 238 258 245 242 247 225 248 208 250 190 249 173 136 177 143 171 153 169 163 170 172 172 191 169 200 164 211 160 222 160 233 164 184 184 185 194 186 204 187 215 178 225 184 226 189 227 194 225 199 223 149 190 155 186 163 186 170 190 163 192 156 193 201 186 207 180 215 179 222 181 217 185 209 186 171 246 178 242 185 239 191 240 197 238 205 239 214 241 207 249 199 253 193 254 187 255 179 252 175 246 186 244 192 245 197 243 211 242 198 246 192 247 186 247
132 204 137 220 141 235 146 250 154 264 166 275 181 283 196 284 212 280 226 271 237 259 244 243 247 225 248 208 250 190 249 172 137 176 144 171 153 169 163 170 172 172 191 169 201 164 211 161 222 160 232 164 184 184 185 194 186 204 187 215 178 225 183 226 189 226 194 224 199 222 149 190 155 187 163 187 170 190 163 192 156 193 201 186 207 181 214 180 222 181 216 185 209 186 170 246 178 242 185 239 191 240 196 237 205 239 215 241 207 250 199 254 193 255 187 255 179 253 174 246 185 244 191 244 197 243 211 241 198 247 192 248 186 248
132 204 137 220 141 235 146 251 154 265 166 275 181 283 196 284 211 281 225 271 237 259 244 242 247 225 248 207 250 190 250 172 137 176 144 170 153 169 162 170 172 172 191 169 201 164 211 160 222 160 232 163 184 184 185 194 186 204 186 215 178 225 183 226 188 226 194 224 199 222 150 191 156 190 163 189 170 190 163 192 157 193 200 186 207 184 213 183 221 182 215 186 208 186 170 245 177 241 185 238 190 239 196 237 205 238 215 240 207 250 199 254 193 255 186 255 179 253 174 245 185 243 191 243 197 242 211 241 197 247 192 248 186 248
132 204 136 219 141 234 146 250 154 264 166 275 180 283 195 284 211 281 225 272 237 259 244 242 247 225 248 207 250 190 249 172 136 176 143 170 153 169 163 170 172 172 191 169 200 164 211 161 222 160 232 164 183 183 184 194 185 204 186 215 178 225 183 226 188 226 194 224 199 222 150 191 156 190 163 189 170 190 163 192 157 193 200 186 207 184 213 183 221 182 215 186 207 187 170 245 177 241 184 239 190 239 196 237 205 238 215 240 207 251 198 255 192 256 186 256 178 253 173 245 185 243 191 243 197 242 212 241 197 248 191 249 185 249
132 204 137 220 142 235 147 251 154 266 166 278 181 286 196 287 211 283 225 274 236 260 243 243 246 226 248 208 249 190 249 172 137 175 144 170 153 169 163 170 172 172 191 169 200 164 211 161 222 160 232 164 184 183 185 194 186 204 187 215 178 225 183 226 189 226 194 224 199 222 149 191 155 188 162 187 170 189 163 191 156 192 201 185 207 182 214 182 221 182 215 185 208 186 170 247 177 242 185 238 191 239 196 237 205 238 215 242 207 253 199 258 193 259 186 259 178 256 174 247 185 244 191 244 197 243 211 242 198 250 192 251 186 251
131 204 137 219 141 235 146 251 154 265 166 277 180 286 196 287 211 283 225 274 236 260 243 243 246 225 247 208 249 190 249 172 136 177 143 171 153 169 163 170 172 172 191 169 200 164 211 161 222 160 233 165 184 184 185 194 186 205 187 215 178 225 183 226 188 227 194 225 199 223 149 190 155 187 163 186 170 189 163 191 156 192 200 186 207 182 214 180 221 182 215 185 208 186 170 247 177 242 184 239 190 240 196 238 205 239 214 242 207 254 199 258 192 260 186 259 178 256 173 247 185 244 191 245 197 243 211 243 197 251 191 252 185 251
132 204 137 219 142 234 146 250 154 265 166 276 180 284 196 286 212 281 226 272 237 258 243 241 246 224 247 207 249 190 249 172 136 176 143 170 153 169 163 170 172 172 191 169 200 164 211 161 222 160 233 165 184 183 185 194 186 204 187 215 178 224 183 226 188 226 194 224 199 222 149 190 155 186 162 185 170 189 163 191 155 192 201 186 207 181 214 179 222 181 216 185 208 186 171 247 177 242 184 239 190 240 196 237 204 239 213 242 206 251 199 256 192 257 186 257 178 254 174 247 185 244 191 244 197 243 210 243 197 248 191 249 185 249
131 203 137 218 141 234 146 249 154 264 165 276 180 283 196 285 212 280 226 271 237 257 243 240 246 223 247 206 249 189 249 172 136 176 143 170 153 168 163 169 173 172 190 169 200 164 211 161 222 160 232 164 183 183 184 194 185 204 186 215 177 225 183 226 188 226 194 224 199 222 149 189 155 186 162 185 170 189 163 191 155 191 201 185 207 180 214 179 222 181 216 185 208 186 171 246 178 242 184 239 190 239 196 237 204 239 213 242 205 249 198 253 192 255 186 255 179 252 174 246 185 244 191 244 197 243 209 242 197 246 191 247 185 247
132 203 137 218 141 233 146 249 154 264 165 275 180 283 196 284 211 280 225 271 236 258 243 241 246 224 247 207 249 190 249 172 136 176 143 170 153 169 163 170 172 172 190 169 200 165 211 161 222 160 233 165 183 184 184 194 185 205 186 215 177 225 182 226 188 227 194 225 199 223 149 189 155 186 162 185 170 189 163 191 155 192 200 186 207 180 214 179 222 181 216 185 208 186 170 246 177 242 184 239 190 240 196 237 204 239 213 241 205 248 198 252 192 253 186 253 178 251 174 246 185 244 191 244 196 243 209 241 197 244 191 246 185 245
131 203 137 219 141 234 146 250 153 264 165 276 180 283 196 284 211 280 225 271 236 258 243 241 245 224 247 207 249 190 249 172 136 176 143 171 153 169 163 170 172 172 190 170 200 165 211 162 222 161 233 165 183 184 185 194 186 205 187 216 177 225 183 227 188 227 194 225 199 223 148 189 155 186 162 185 170 189 163 191 155 192 200 186 207 181 214 179 222 182 216 185 208 186 170 246 177 242 184 239 190 240 196 238 204 239 213 241 205 248 198 252 192 253 186 253 178 251 173 246 185 244 191 245 196 243 209 241 197 244 191 246 185 245
131 203 136 219 141 234 146 250 153 264 165 276 179 284 195 285 211 281 225 272 235 258 242 242 245 225 247 208 249 190 249 173 136 176 143 170 153 169 163 170 172 172 190 170 200 165 211 162 222 161 232 165 183 184 185 195 186 205 187 216 177 226 183 227 188 227 194 226 199 223 148 189 155 186 162 185 170 190 162 191 155 192 200 186 207 181 214 179 222 182 216 186 208 187 170 247 177 243 184 239 190 240 196 238 204 240 213 242 205 250 198 254 192 255 186 255 178 253 174 247 185 245 191 245 196 244 209 243 197 246 191 247 185 247
131 204 136 219 141 235 146 250 153 265 165 277 179 285 195 287 210 283 224 273 235 259 242 243 245 225 247 208 249 190 248 173 136 176 143 170 152 169 162 170 172 172 190 170 200 165 211 161 223 161 233 165 183 184 185 195 186 205 187 216 178 226 183 227 188 227 193 225 199 223 148 189 155 185 162 185 170 189 162 191 155 192 200 186 207 181 214 179 222 182 216 186 208 187 171 248 177 243 184 240 190 241 196 238 203 240 212 243 205 252 198 257 192 258 186 258 178 255 175 248 185 245 191 245 196 244 208 244 197 248 191 250 185 249
131 204 136 220 141 235 146 251 154 266 165 277 179 286 195 287 210 283 224 273 235 260 242 243 245 226 247 208 249 191 248 173 135 176 143 170 152 169 162 170 172 172 190 170 200 165 211 162 222 161 233 165 183 184 184 195 185 205 186 216 177 226 182 227 188 227 193 226 198 223 148 189 154 185 162 185 169 189 162 191 154 192 200 186 206 181 214 179 221 181 215 186 208 187 171 249 177 244 184 240 190 241 196 239 203 240 211 244 205 254 198 258 192 260 186 260 178 256 175 249 185 245 191 245 196 244 207 245 197 250 191 251 185 251
131 204 136 220 141 235 146 251 153 266 165 278 179 286 195 287 210 283 224 274 235 260 242 243 245 226 246 209 249 191 248 173 135 176 143 170 152 169 162 170 172 173 191 170 200 166 210 162 222 161 232 166 183 185 184 195 185 206 186 216 177 226 182 227 188 228 193 226 198 224 148 190 154 186 162 185 169 190 162 191 154 192 200 187 206 181 214 180 221 182 215 186 208 187 170 249 177 245 184 241 190 242 196 240 203 241 212 244 205 254 198 258 192 260 186 259 178 256 174 249 184 246 190 247 196 245 208 245 197 250 191 251 185 251
131 203 136 219 141 234 146 250 153 265 164 277 178 285 194 286 209 282 223 273 234 259 241 243 244 226 246 209 248 192 248 174 136 176 143 171 152 170 162 171 172 173 190 171 200 166 210 162 222 162 232 166 183 185 184 196 185 206 186 217 177 227 182 228 188 228 193 227 198 225 148 190 154 186 162 185 169 190 162 192 154 193 200 187 206 181 214 180 221 182 215 186 207 187 170 248 177 245 184 243 190 244 195 241 203 242 212 243 204 251 197 255 191 257 186 257 178 254 173 248 185 248 190 249 195 247 208 244 196 248 191 250 185 249
130 203 135 218 140 233 145 249 153 264 164 276 178 284 194 286 209 282 223 273 234 259 241 243 244 225 246 208 248 191 248 173 135 176 143 171 152 170 162 171 172 173 190 171 200 166 211 163 222 162 232 167 183 185 184 196 185 207 186 218 177 227 182 228 188 229 193 227 199 225 148 190 154 186 162 186 169 190 162 192 154 193 200 187 206 182 214 180 221 182 215 187 207 188 170 248 177 245 184 243 190 244 195 242 202 243 212 244 204 252 197 256 191 257 185 257 178 254 174 248 184 248 190 249 195 248 208 245 196 248 191 250 185 249
131 204 136 219 141 235 146 250 153 265 164 278 179 286 194 288 209 284 223 275 234 261 241 244 244 227 246 209 248 191 248 173 136 176 143 171 153 170 162 171 172 173 190 171 200 166 211 163 222 162 233 166 183 185 184 196 185 207 186 218 177 227 182 228 188 229 193 227 198 225 148 190 154 186 162 186 169 190 162 192 154 193 200 187 206 182 214 180 222 183 216 187 208 188 170 249 177 246 184 243 190 244 195 242 203 243 212 245 204 254 197 258 191 259 185 259 178 256 173 249 184 249 190 249 195 248 208 246 196 250 191 251 185 250
131 203 136 219 141 234 145 250 153 265 164 277 178 285 194 287 209 283 223 274 235 260 242 244 245 226 247 209 249 191 248 173 136 176 143 171 153 170 162 171 172 173 191 171 200 166 211 163 222 162 232 166 183 185 184 196 185 207 186 217 177 227 182 228 187 229 193 227 198 225 148 190 154 186 162 186 169 190 162 192 154 193 200 187 206 182 214 180 221 183 216 187 208 188 169 249 177 244 184 241 189 242 195 240 203 242 212 245 205 254 197 258 191 260 185 259 177 256 173 249 184 247 190 247 196 246 208 245 196 250 190 251 185 251
131 204 136 219 141 234 145 250 153 265 164 277 178 285 194 287 209 282 223 273 235 260 241 243 245 226 246 208 249 191 248 173 136 176 143 171 153 170 163 171 172 173 190 171 200 166 211 163 222 162 232 166 183 185 184 196 185 206 186 217 177 227 182 228 187 228 193 227 198 225 148 190 154 186 162 186 169 190 162 192 154 192 200 187 207 181 214 180 222 182 216 187 208 188 169 248 176 244 183 241 189 242 195 240 203 241 212 244 204 253 197 257 191 258 185 258 177 255 173 248 184 246 190 247 195 245 207 245 196 248 190 250 184 249
131 203 135 219 140 234 145 250 152 265 164 276 178 285 193 286 209 283 223 274 234 261 241 244 245 226 247 209 249 191 249 173 136 176 143 171 153 170 162 171 172 174 191 171 200 166 211 163 222 162 232 166 183 185 184 196 185 207 186 217 177 227 182 228 187 228 192 227 198 225 148 190 154 186 162 186 169 190 162 192 154 193 200 187 206 182 214 180 222 183 216 187 208 188 169 248 176 244 183 240 189 242 194 239 202 241 211 244 204 253 197 257 191 258 184 258 177 255 173 248 184 246 189 246 195 245 207 245 195 248 190 250 184 249
131 204 136 219 140 234 145 250 152 265 164 277 178 285 193 287 209 283 223 274 234 261 241 244 244 226 246 209 249 191 248 174 136 176 143 171 152 170 162 172 172 174 190 171 200 167 210 163 222 162 232 167 183 186 184 196 185 207 186 218 177 227 182 228 187 229 193 227 198 225 148 191 154 187 162 186 169 191 162 193 154 193 200 188 206 182 214 181 222 183 216 187 208 188 169 248 176 244 183 241 189 242 194 240 202 242 211 245 204 253 196 257 190 258 184 258 177 255 173 248 183 246 189 247 195 246 207 246 195 249 190 250 184 249
130 204 135 219 140 234 145 250 153 265 164 277 178 285 194 287 209 283 223 274 235 260 241 244 245 226 247 209 249 191 249 174 136 176 143 171 153 170 162 171 172 174 190 171 200 167 210 163 222 162 232 167 183 186 184 196 185 207 186 218 177 227 182 228 187 229 193 227 198 225 148 190 154 187 161 186 169 191 161 192 154 193 200 188 206 182 214 181 222 183 215 187 208 188 169 248 176 244 183 241 189 242 195 240 202 242 211 245 204 253 197 258 191 259 185 259 177 255 173 249 184 246 190 247 195 246 207 246 196 249 190 250 184 250
131 204 136 219 141 234 146 250 153 265 164 277 178 285 194 286 209 283 223 273 235 260 241 243 245 225 247 208 249 190 249 173 136 176 143 171 153 170 162 171 172 173 190 171 200 167 211 163 222 162 232 166 183 186 184 196 185 207 186 218 177 227 182 228 188 229 193 227 198 225 148 190 154 186 162 186 169 190 162 192 154 193 200 187 206 181 214 180 222 183 215 187 208 188 169 248 176 244 183 241 189 242 195 240 203 242 212 245 204 253 197 257 191 258 184 258 177 255 173 248 184 246 190 247 195 245 207 245 196 248 190 250 184 249
130 203 135 218 140 234 145 249 152 264 164 276 178 284 194 286 210 282 224 273 235 259 241 243 244 225 246 208 248 191 248 173 135 176 143 171 152 170 162 171 172 173 190 171 200 166 210 163 222 162 232 166 183 185 184 196 185 206 186 217 177 226 182 227 188 228 193 226 198 224 148 190 154 186 162 185 169 190 162 192 154 192 200 187 206 181 214 180 222 182 216 186 208 188 169 248 176 243 184 240 189 241 195 239 203 241 212 244 204 252 197 256 191 257 185 257 177 254 173 248 184 246 190 246 195 245 208 244 196 248 190 249 184 249
130 203 135 218 140 233 145 249 152 264 164 275 178 283 194 285 209 281 224 272 235 258 242 242 245 224 246 207 248 190 248 172 135 176 143 171 152 170 162 171 172 173 190 171 200 166 210 163 222 162 232 166 183 185 184 196 185 206 186 217 177 226 182 227 188 228 193 226 198 224 148 190 154 186 162 185 169 190 162 192 154 192 199 187 206 181 214 180 221 182 215 186 207 187 169 247 176 243 183 240 189 241 195 239 203 241 212 243 204 251 197 255 191 256 184 256 177 253 173 247 183 246 189 246 195 245 208 244 196 247 190 248 184 247
130 203 135 219 140 234 145 250 152 264 164 276 178 284 194 285 210 281 224 272 235 258 242 242 244 224 246 207 248 190 248 173 135 177 142 171 152 170 162 171 172 173 190 171 200 166 210 163 222 162 232 166 183 185 184 196 185 207 186 217 176 227 182 228 187 228 193 227 198 224 147 190 154 186 162 186 169 190 162 192 154 193 199 187 206 181 214 180 221 182 215 186 207 188 169 247 176 244 183 240 189 241 195 239 202 241 212 243 204 250 197 254 191 256 185 256 177 253 173 247 184 246 190 246 195 245 208 243 196 246 190 248 184 247
131 203 136 218 140 234 145 249 152 264 164 276 179 283 195 285 210 280 225 271 235 258 242 242 244 224 246 207 248 190 248 173 135 177 143 171 152 170 162 171 172 174 190 171 200 167 210 163 222 162 232 166 183 185 184 196 185 207 186 218 176 227 182 228 188 229 193 227 198 225 147 190 154 186 161 186 169 191 162 192 154 193 200 188 206 182 214 180 221 182 215 187 207 188 169 247 176 244 184 241 189 242 195 240 203 241 212 242 204 250 197 254 191 255 185 255 177 253 173 247 184 246 190 246 196 245 208 243 196 246 190 247 184 247
131 204 135 219 140 235 145 250 153 265 164 277 179 284 195 286 210 281 224 272 235 259 242 242 244 225 246 208 248 191 248 173 135 177 142 172 152 170 162 171 172 174 190 172 200 167 210 163 222 162 232 167 183 186 184 196 185 207 186 218 176 227 182 228 188 229 193 227 198 225 147 190 154 186 161 186 169 191 161 192 154 193 200 187 206 182 214 180 221 183 215 187 207 188 169 248 176 244 184 241 190 242 195 240 203 241 212 243 204 251 197 254 191 256 185 256 177 253 173 248 184 246 190 246 196 245 208 243 196 246 191 248 185 247
131 204 136 219 141 235 146 251 153 266 165 277 179 285 195 287 210 283 224 273 235 259 241 243 244 225 246 208 248 191 248 173 135 177 143 172 152 171 162 172 172 174 190 172 200 167 210 163 222 162 232 167 183 186 184 196 186 207 187 218 177 227 182 228 188 229 193 227 199 224 148 190 154 186 162 186 169 191 162 192 154 193 200 187 206 181 214 180 221 183 215 187 207 188 170 248 177 244 184 241 190 242 195 240 203 241 212 244 204 252 198 257 192 258 186 258 178 255 174 248 185 246 190 246 196 245 207 244 196 248 191 249 185 249
131 205 136 220 141 236 145 252 153 266 164 278 179 286 194 288 209 284 223 274 234 260 241 244 244 226 246 209 248 191 248 173 135 177 143 172 152 171 162 172 172 174 190 172 199 167 210 163 221 162 232 166 183 186 184 196 185 207 186 218 177 227 182 228 188 229 193 227 199 225 148 190 154 186 162 186 169 191 162 193 154 193 200 188 206 182 214 180 221 183 215 187 207 188 170 249 177 245 184 241 190 242 195 240 203 242 211 245 204 254 197 258 191 260 185 259 178 256 174 249 185 246 190 246 196 245 207 245 196 250 191 251 185 251
131 204 136 220 141 235 145 251 153 266 164 278 178 286 194 288 209 284 223 275 234 261 241 244 244 227 246 209 249 192 248 174 136 176 143 171 152 170 162 172 172 174 190 172 200 167 210 163 222 162 232 166 183 185 184 196 185 207 186 218 177 227 182 228 188 229 193 227 198 225 148 190 154 186 162 186 169 191 162 192 154 193 200 187 206 181 214 180 221 182 215 187 208 188 170 249 177 245 184 242 189 243 195 241 202 242 211 245 204 254 197 258 191 260 185 259 178 257 174 249 184 247 190 248 195 246 207 245 196 250 190 251 185 251
131 203 135 219 140 234 145 250 152 265 164 277 178 285 193 287 209 283 223 274 234 260 241 244 244 226 246 209 249 192 248 174 135 178 142 172 152 171 162 172 172 174 190 172 200 167 210 164 222 163 233 167 183 186 184 196 185 207 186 218 177 227 182 229 187 230 193 228 198 226 147 190 154 186 162 186 169 191 162 192 154 193 200 188 206 182 214 181 221 183 215 187 207 188 170 248 177 246 184 243 189 244 194 242 202 244 212 244 203 252 196 256 190 257 185 257 177 254 173 249 184 249 189 249 195 248 208 245 195 249 190 250 184 250
130 204 135 219 140 235 145 250 152 265 163 277 177 286 193 288 208 284 223 275 234 261 241 245 244 228 246 210 248 192 248 174 136 177 143 172 152 170 162 172 172 174 191 172 200 167 211 164 222 163 232 167 183 185 184 196 185 207 186 218 177 227 182 229 188 229 193 228 198 226 148 190 154 186 162 186 169 191 162 192 154 193 200 188 206 182 214 180 221 183 216 187 208 188 170 249 177 246 184 243 189 245 195 242 203 244 212 244 204 253 197 257 191 258 185 258 177 255 173 249 184 249 190 249 195 248 209 245 196 249 190 251 184 250
131 204 136 220 141 235 145 251 153 266 164 278 178 286 193 288 208 284 222 275 234 261 241 245 244 227 246 209 248 191 248 173 136 177 143 171 153 170 162 171 172 173 191 171 200 167 211 163 222 162 232 166 184 185 185 196 186 207 187 218 177 227 182 228 188 229 193 227 199 225 148 190 154 186 162 186 169 190 162 192 154 193 200 187 206 182 214 180 221 182 215 187 208 188 170 249 177 245 184 242 190 243 196 241 203 242 212 244 205 254 197 259 191 260 185 259 178 256 174 249 184 247 190 247 196 246 208 245 196 251 191 252 185 252
131 205 136 221 141 236 146 252 153 267 165 278 179 287 194 289 209 285 222 275 234 262 241 245 244 227 246 210 248 192 249 173 136 176 143 171 153 170 163 171 173 173 190 171 200 167 210 163 222 162 232 166 184 185 185 196 186 207 187 217 177 226 183 228 188 228 193 227 199 224 148 190 154 186 162 186 169 190 162 192 154 193 200 187 206 181 214 180 221 182 216 187 208 188 169 249 177 244 184 241 190 242 195 240 204 241 213 244 205 255 197 260 191 262 185 261 177 257 173 249 184 246 190 246 196 245 209 245 196 252 191 253 185 253
131 205 136 221 140 236 145 252 153 267 164 279 178 287 193 289 208 285 222 276 233 262 241 246 244 228 246 210 248 192 248 173 136 176 143 171 153 170 162 171 172 174 190 171 200 167 210 163 222 162 232 166 183 185 184 196 186 207 187 217 177 226 182 228 188 228 193 227 198 224 148 190 154 186 162 186 169 191 162 192 154 193 200 188 206 182 214 180 221 183 215 187 207 188 168 248 176 244 184 240 189 241 195 239 204 241 213 244 205 255 197 260 191 262 185 262 176 258 172 248 184 246 190 246 196 245 209 245 196 252 190 254 184 253
131 205 136 221 141 237 145 252 153 267 164 278 178 287 193 289 208 285 222 275 233 262 241 246 244 228 246 210 248 192 248 174 135 177 143 171 152 170 162 171 172 174 190 172 200 167 210 163 222 162 232 167 183 186 184 196 185 207 186 218 177 227 182 228 188 228 193 227 198 225 148 190 154 186 162 186 169 191 162 193 154 193 200 188 206 182 214 180 221 183 216 187 208 188 168 248 175 244 183 241 189 242 195 240 203 241 213 244 205 255 197 260 191 261 184 261 176 257 172 248 184 246 189 246 195 245 209 244 196 252 190 254 184 253
130 205 136 221 140 236 145 252 153 267 165 278 179 287 194 288 209 284 223 275 234 261 241 245 244 227 246 210 248 192 248 173 135 177 143 172 153 171 163 172 173 175 190 172 200 167 211 164 222 163 232 167 184 186 185 196 186 207 186 218 177 227 182 228 188 229 193 227 198 225 148 190 154 186 162 186 169 191 162 193 154 193 200 188 206 182 214 181 221 183 216 187 208 189 168 248 176 244 183 241 189 242 195 240 204 241 213 243 205 254 197 260 191 261 184 261 176 257 172 248 184 246 190 246 196 245 210 244 196 252 190 253 184 253
131 205 136 221 140 237 145 253 153 267 165 278 179 286 194 288 209 284 223 274 235 261 242 245 245 227 246 209 248 191 248 173 135 177 143 172 153 171 163 172 173 175 190 172 200 168 211 164 222 163 233 167 183 186 184 196 185 207 186 218 177 227 182 228 188 229 193 227 198 225 148 190 154 187 162 186 169 191 162 193 154 193 200 188 206 182 214 181 221 183 216 187 208 188 169 248 176 244 183 241 189 242 195 240 204 242 213 243 205 254 197 259 191 260 185 260 176 256 172 248 184 246 190 246 196 245 210 244 196 251 190 253 184 252
130 205 135 221 140 236 145 252 152 266 164 278 178 286 194 287 209 283 223 274 235 261 242 244 245 227 246 209 249 192 249 174 136 177 143 172 153 171 163 172 172 175 190 172 200 168 211 164 222 163 233 167 183 186 184 197 185 207 186 218 177 227 182 228 188 229 193 227 198 225 148 190 154 186 162 186 169 191 162 193 154 193 200 188 206 182 214 181 222 183 216 187 208 188 169 248 176 244 183 241 189 242 195 240 203 241 213 243 205 253 197 258 191 259 185 259 177 255 172 248 184 246 190 246 196 245 210 244 196 251 190 252 184 252
130 204 135 220 140 235 145 251 152 265 164 277 178 285 194 287 210 283 224 273 235 260 242 244 245 226 246 209 248 191 248 174 135 177 143 172 152 171 162 172 172 175 190 172 200 167 211 164 222 163 232 167 183 186 184 197 185 207 186 218 177 227 182 228 188 229 193 227 198 225 148 190 154 187 162 186 169 191 162 193 154 193 200 188 206 182 214 181 221 183 215 187 207 188 169 247 176 244 184 241 189 242 195 240 203 241 214 242 205 252 197 256 191 258 185 258 177 255 172 247 184 245 190 246 196 245 210 243 196 250 190 251 184 251
130 203 135 219 139 234 144 250 152 265 164 276 178 284 194 286 210 282 224 273 236 260 243 243 245 226 247 208 249 191 249 173 136 177 143 171 153 171 163 172 172 175 190 172 200 167 211 163 222 163 232 167 183 186 184 196 186 207 187 218 177 227 182 228 188 229 193 227 198 225 148 190 154 186 162 186 169 191 162 193 154 193 200 188 206 182 214 180 222 183 216 187 208 188 169 247 176 244 184 241 190 242 195 240 204 241 214 242 205 251 198 255 191 257 185 257 177 254 172 247 184 246 190 246 196 245 210 243 196 249 191 250 185 249
131 204 135 219 139 235 144 250 152 264 164 276 178 284 194 285 210 281 224 272 236 259 243 243 245 226 247 209 249 192 248 174 136 177 144 171 153 171 163 172 172 175 191 172 201 167 211 163 222 163 233 166 184 186 185 196 186 207 187 218 177 227 183 228 188 229 193 227 198 225 148 190 154 186 162 186 169 191 162 193 154 193 200 188 207 182 214 180 222 183 216 187 208 188 169 247 176 244 184 241 189 242 195 240 203 241 214 242 205 251 197 255 191 256 185 256 177 253 172 247 184 247 190 247 196 246 210 243 196 248 191 249 185 249
130 204 135 219 139 235 144 251 152 265 164 276 178 283 194 285 210 281 224 272 236 259 243 243 245 225 247 208 249 191 248 173 136 177 143 171 153 170 163 172 173 175 191 172 200 167 211 163 222 162 233 167 184 186 185 196 186 207 187 218 178 227 183 228 188 229 194 227 199 225 148 190 154 186 162 186 170 191 162 193 154 193 200 188 207 182 214 180 222 183 216 187 208 188 169 247 177 244 185 241 190 242 196 240 204 241 214 241 205 250 198 254 192 255 186 255 178 253 172 247 185 247 191 247 196 246 211 242 197 247 191 248 185 248
131 204 135 219 140 234 144 250 152 264 164 275 179 282 195 283 210 279 225 271 236 258 243 242 245 225 247 208 249 191 248 174 136 177 143 171 153 170 163 172 173 174 191 172 200 167 211 164 222 162 233 167 184 186 185 197 186 207 187 218 177 227 183 228 188 229 194 227 199 225 148 191 154 186 162 186 170 191 162 193 154 193 200 188 207 182 214 180 222 183 216 187 208 188 169 246 177 244 185 242 190 243 196 240 204 241 215 241 205 248 198 252 192 254 186 254 178 252 172 247 185 247 191 247 196 246 211 242 197 246 191 247 185 247
131 204 135 219 140 234 144 250 152 264 164 275 179 282 195 283 211 279 225 270 237 257 243 241 245 224 247 207 248 191 248 173 136 177 143 172 153 171 163 172 173 175 191 172 201 167 211 164 223 163 233 167 184 186 185 197 186 208 187 219 177 227 183 229 188 229 194 227 199 225 148 191 154 187 162 186 170 191 162 193 154 194 200 188 207 182 214 181 222 183 216 187 208 189 169 246 177 244 185 242 190 243 196 241 204 241 214 241 205 248 198 252 192 253 186 253 178 251 172 247 185 246 191 247 196 246 211 242 197 246 191 247 185 247
131 203 135 219 140 234 144 249 152 263 164 274 178 281 194 283 210 279 224 270 236 258 243 242 245 225 247 208 249 191 249 174 136 177 143 172 153 171 163 172 172 175 191 172 201 167 211 164 223 163 233 167 184 186 185 197 186 208 187 219 177 227 182 229 188 229 193 227 199 225 148 191 155 187 162 187 169 191 162 193 154 194 200 188 207 182 214 181 222 183 216 188 208 189 169 246 177 244 184 242 190 243 195 241 204 241 214 241 205 248 197 252 191 253 186 253 178 251 173 246 185 246 190 247 196 245 210 242 196 245 191 247 185 247
131 203 135 218 139 233 144 249 152 263 163 274 178 281 194 283 210 279 224 270 236 258 243 242 246 225 247 208 249 191 248 173 136 177 144 171 153 171 163 172 172 174 191 172 201 167 211 163 223 162 234 166 184 186 185 197 186 207 187 218 177 227 183 228 188 229 194 227 199 225 148 191 155 187 162 187 170 191 163 193 155 193 200 188 207 182 214 181 222 183 216 187 208 188 169 246 177 244 185 241 190 243 195 241 204 241 214 241 205 248 197 251 191 252 186 252 178 250 172 246 185 246 191 247 196 245 211 242 196 245 191 247 185 246
131 202 135 217 139 233 144 248 151 262 163 273 178 280 194 282 210 278 225 269 236 257 243 241 246 224 248 207 249 190 249 172 136 177 144 171 153 170 163 171 172 174 191 172 201 167 211 163 223 162 233 166 184 185 185 196 186 207 187 218 177 227 183 228 188 229 194 227 199 225 148 190 155 186 162 186 170 191 163 192 155 193 200 188 207 182 215 180 222 183 216 187 208 188 169 245 177 243 185 241 190 242 196 240 204 241 215 240 205 247 197 250 191 252 186 252 178 250 172 245 185 246 191 246 196 245 211 241 196 245 191 246 185 246
131 203 135 218 140 233 144 248 152 262 164 273 178 281 194 282 210 278 225 269 236 257 243 241 246 224 247 207 249 190 249 173 136 177 143 171 153 170 163 171 173 174 192 172 201 167 212 163 223 162 234 166 184 185 185 196 186 207 187 218 177 227 183 228 188 228 194 227 200 225 149 190 155 186 163 186 170 191 163 192 155 193 200 188 207 182 215 180 222 182 216 187 208 188 169 245 177 243 185 241 190 242 196 240 204 240 215 240 205 247 197 250 191 252 185 252 178 250 172 245 185 245 191 246 196 244 211 241 196 244 191 246 185 245
131 203 135 218 140 233 144 248 152 261 163 273 178 280 194 282 210 278 225 269 236 257 243 241 246 224 247 207 249 190 249 173 137 176 144 171 153 170 163 171 172 173 192 171 201 166 212 163 223 162 234 166 184 185 185 196 186 207 187 218 177 226 183 228 188 228 194 226 200 224 149 190 155 186 163 186 170 190 163 192 155 193 201 187 207 181 215 180 222 182 217 187 209 188 169 245 178 243 185 241 190 242 195 240 204 240 214 240 205 247 197 250 191 251 186 251 178 249 173 245 185 245 191 246 196 244 211 241 196 244 191 246 185 245
131 203 135 218 140 233 145 248 152 262 164 273 179 280 195 282 210 278 225 269 236 256 243 241 246 224 247 207 249 190 249 173 136 177 144 171 153 170 163 171 173 173 192 171 202 166 212 163 224 162 234 166 184 185 185 196 186 206 187 217 177 226 183 227 188 228 194 226 199 224 148 190 155 186 163 186 170 190 163 192 155 193 201 187 207 181 215 180 223 182 217 186 209 188 169 245 177 243 185 241 190 242 196 240 204 240 215 240 205 247 197 250 192 252 186 252 178 250 172 245 185 245 190 246 196 244 211 241 197 244 191 245 185 245
131 203 135 218 140 233 145 248 152 262 164 273 178 280 194 282 210 278 224 269 236 257 243 241 246 224 247 207 249 191 249 173 137 177 144 171 153 170 163 171 173 173 191 172 201 167 212 163 223 162 234 166 184 185 185 196 186 207 187 218 177 226 183 228 188 228 194 226 199 224 149 190 155 186 163 186 170 190 163 192 155 193 201 187 207 181 215 180 222 182 216 186 208 188 169 245 177 243 184 241 190 242 196 240 204 240 215 240 205 247 197 251 191 252 185 252 177 250 172 245 184 245 190 246 196 244 211 241 196 244 191 246 185 245
131 203 135 219 140 234 145 249 152 263 164 273 179 281 194 282 210 278 224 269 236 257 243 241 246 224 248 208 249 191 249 173 136 177 143 171 153 170 163 171 173 174 192 171 202 167 212 163 224 162 234 166 184 185 185 196 186 207 187 218 177 227 183 228 189 228 194 226 200 225 149 190 155 186 163 186 170 190 163 192 155 192 201 187 208 182 215 180 222 182 217 186 209 188 169 245 177 243 185 241 190 242 196 240 204 241 215 240 205 248 197 251 191 253 186 252 178 250 172 245 185 246 191 246 196 245 211 241 196 245 191 246 185 246
131 203 135 219 140 233 145 248 152 262 164 273 178 281 194 282 210 279 224 270 236 257 243 242 246 225 248 208 250 191 249 174 137 177 144 171 153 170 163 172 173 174 192 171 202 167 212 163 223 162 234 166 184 185 186 196 186 207 187 218 178 227 183 228 189 229 194 227 200 225 149 190 155 187 163 186 170 191 163 193 155 193 201 188 207 182 215 181 222 183 217 187 209 188 168 246 177 243 185 241 191 242 196 240 204 241 215 241 206 248 198 252 192 253 186 253 178 251 172 246 185 246 191 247 197 245 211 242 197 245 191 247 185 246
131 203 135 218 140 233 145 248 152 262 164 273 178 281 194 283 210 279 224 269 236 257 243 241 246 225 248 208 250 191 249 174 137 177 144 171 154 171 163 172 173 174 192 172 202 167 212 164 224 162 234 167 184 185 185 196 186 207 187 219 177 227 183 228 188 229 194 227 199 225 149 190 155 187 163 186 170 191 163 193 155 193 201 188 207 182 215 181 223 183 217 187 209 188 169 246 177 244 184 242 190 243 196 241 204 241 215 241 205 249 197 253 191 254 185 254 178 251 172 246 185 246 190 247 196 245 211 242 196 246 191 247 185 247
131 203 136 218 140 233 145 248 152 262 164 274 178 282 194 283 210 279 225 269 236 257 243 241 246 224 248 208 249 191 249 174 137 177 144 172 154 171 163 172 173 174 192 172 202 167 212 164 223 163 234 166 185 186 186 197 187 208 187 219 178 228 183 229 189 229 194 227 200 226 149 191 155 187 163 187 170 191 163 193 155 193 201 188 207 182 215 181 223 183 217 187 209 189 168 246 177 244 185 242 190 243 196 241 205 242 215 241 206 249 198 253 192 254 186 254 178 252 172 247 185 247 191 247 196 246 211 243 197 246 191 247 185 247
131 203 135 218 140 233 145 248 153 262 164 274 179 282 194 283 209 279 224 270 236 258 243 242 246 225 248 208 250 191 249 174 136 178 144 172 154 171 164 172 174 175 192 172 202 168 213 164 224 163 235 167 185 186 186 197 186 208 187 219 178 228 183 229 189 230 194 228 200 226 149 191 155 187 163 187 171 191 163 193 155 193 201 188 208 182 215 181 223 183 217 187 209 188 169 247 177 244 185 242 191 243 196 241 205 242 215 242 206 249 198 253 192 255 186 254 178 252 173 247 185 247 191 248 197 246 211 243 197 246 191 248 185 247
131 204 136 219 140 234 145 248 152 262 164 274 179 282 194 283 210 279 225 270 236 257 243 242 246 225 248 209 250 192 250 175 137 177 145 172 154 171 164 172 173 175 192 172 202 168 212 164 223 163 234 167 185 186 186 197 187 208 188 219 178 228 183 229 189 230 195 228 200 226 149 191 156 187 163 187 171 191 163 193 156 194 201 188 208 183 215 181 223 183 217 187 209 189 169 247 177 244 185 242 190 243 196 241 204 242 215 242 206 250 198 254 192 255 186 255 178 252 173 247 185 247 191 248 196 246 211 243 197 246 191 248 185 247
132 204 136 219 141 234 145 249 153 263 164 274 179 282 194 283 210 279 225 270 236 258 243 242 246 225 248 208 250 192 250 175 137 178 145 172 154 171 164 172 174 175 193 173 202 168 213 164 224 163 235 167 185 186 186 197 187 208 188 219 178 228 183 229 189 230 195 228 200 226 149 191 156 187 164 187 171 191 164 193 156 194 202 188 208 183 216 181 223 183 217 187 209 189 169 247 177 245 185 243 191 244 196 241 205 242 215 243 206 250 198 254 192 255 186 255 178 252 173 247 185 247 191 248 197 246 211 243 197 247 191 248 185 247
132 203 136 219 141 233 145 248 153 263 164 274 179 282 195 283 210 279 225 270 237 258 244 242 246 225 248 208 250 192 250 175 137 177 145 172 155 171 165 173 174 175 193 173 202 168 213 164 224 163 235 167 185 186 186 197 187 208 188 219 179 228 184 229 189 230 195 228 200 226 150 191 156 187 164 187 171 192 164 193 156 194 202 189 208 183 216 181 223 183 218 188 210 189 170 247 178 245 185 242 191 244 197 242 205 243 215 243 206 250 198 254 192 255 186 255 178 252 173 248 186 247 191 248 197 247 211 244 197 247 192 248 186 248
