136 168 138 184 141 200 146 213 154 226 165 236 176 244 189 247 202 243 213 234 223 222 231 210 236 195 239 180 240 164 240 149 145 143 153 139 161 140 170 142 177 145 193 145 202 141 211 139 220 139 228 142 185 157 186 168 186 178 186 190 175 195 180 197 186 199 191 197 196 194 154 155 161 152 168 153 174 158 168 160 160 159 198 158 204 152 212 152 218 155 213 159 205 159 169 213 174 209 181 207 186 208 192 206 199 208 205 211 199 220 193 225 187 226 181 226 174 222 172 213 181 212 186 212 192 211 202 212 192 217 187 218 182 218
137 168 138 184 140 199 145 213 153 226 163 238 174 247 187 250 201 247 213 238 223 226 231 212 236 197 239 181 239 165 240 150 145 142 153 139 161 139 170 141 177 145 194 145 202 141 210 139 219 139 228 142 185 156 185 167 185 178 185 189 175 195 180 198 185 199 191 197 196 195 154 155 161 152 168 152 174 158 167 160 160 159 198 158 204 152 212 151 218 154 213 159 205 159 169 213 174 209 181 207 186 208 192 206 199 208 206 212 200 221 193 226 187 228 181 227 174 223 172 213 181 212 186 213 192 211 202 212 193 218 187 220 181 219
137 168 138 183 140 199 145 213 153 226 163 237 174 247 187 250 201 246 213 237 223 225 230 212 235 197 238 181 239 165 240 150 145 142 153 139 161 139 169 141 177 144 194 145 202 141 210 139 219 138 228 142 185 156 185 167 185 178 185 189 175 195 180 197 185 199 191 197 196 194 154 155 161 152 168 152 174 158 167 159 160 159 198 158 204 152 212 151 218 154 213 158 205 159 168 213 174 209 181 207 186 208 192 206 199 208 205 211 200 221 193 226 187 227 181 227 174 223 172 213 181 212 186 212 192 211 202 212 192 218 187 220 181 219
136 168 138 183 140 199 145 213 153 226 163 237 174 247 188 250 201 247 213 237 223 225 231 211 236 197 238 181 239 165 240 149 145 142 153 139 161 139 170 141 177 145 194 145 202 140 210 138 219 138 227 142 185 156 185 167 185 178 185 189 175 195 180 197 186 199 191 197 196 194 155 155 161 152 168 152 174 158 167 159 160 159 198 158 204 152 212 151 218 154 213 158 205 159 168 213 174 209 181 207 186 208 192 206 199 208 205 211 200 221 193 226 187 227 181 227 174 222 172 213 181 212 186 212 192 211 202 212 192 218 187 219 181 219
137 167 138 182 140 198 145 212 152 226 162 237 174 246 187 249 201 246 213 237 224 225 231 211 236 196 238 180 239 164 240 149 145 142 153 139 161 139 170 141 177 145 194 145 201 141 210 138 219 138 227 142 185 156 185 167 185 178 185 189 176 195 180 197 186 199 191 197 196 194 155 155 161 152 168 152 174 158 167 159 160 159 198 158 204 152 212 151 218 154 213 158 205 159 169 213 174 209 181 207 186 208 192 206 199 207 205 211 200 221 193 226 187 227 181 226 174 222 172 213 181 212 186 213 192 211 202 212 192 218 187 219 181 218
137 167 138 182 140 198 145 212 153 226 163 237 174 246 187 250 201 247 213 237 223 225 230 211 235 197 238 181 239 165 240 149 145 142 153 139 161 139 169 141 177 144 194 145 202 140 210 138 220 138 228 141 185 156 185 167 185 178 185 189 175 195 180 197 185 199 191 197 196 194 154 155 161 152 168 152 174 158 167 159 160 159 198 158 204 152 212 151 218 154 213 158 205 159 168 213 174 209 180 207 186 208 192 206 199 207 205 211 199 221 193 226 187 227 181 227 174 222 171 213 180 212 186 213 192 211 202 212 192 218 187 219 181 219
136 170 138 185 141 201 146 215 154 227 164 238 175 246 188 249 201 246 213 236 223 224 230 211 235 196 238 181 239 166 240 150 144 142 152 139 161 139 169 141 176 144 194 144 202 140 211 138 220 138 228 142 185 156 185 167 185 178 185 189 175 195 180 197 186 198 191 196 195 194 154 155 160 152 168 152 174 158 167 159 159 159 198 158 204 152 212 151 218 154 213 158 205 159 168 213 174 209 181 207 186 208 192 206 199 208 205 211 199 221 193 226 187 227 181 227 174 222 171 213 181 212 186 212 192 211 201 212 192 218 186 219 181 219
136 169 138 184 141 200 146 213 153 226 163 237 175 246 188 249 201 245 213 236 223 224 230 211 235 196 238 181 239 165 240 150 145 143 152 139 161 139 169 141 177 145 193 144 201 140 210 138 220 138 228 142 185 156 185 167 185 177 185 188 175 195 180 197 185 198 191 196 195 194 154 155 160 152 168 152 174 158 167 159 159 159 198 158 204 152 212 151 218 154 213 158 205 159 168 213 174 209 181 207 186 208 191 206 198 208 204 212 199 221 192 226 186 227 181 227 174 222 171 213 181 212 186 213 192 212 201 212 192 218 186 219 181 219
136 169 138 184 140 200 146 214 154 226 164 237 175 246 188 248 201 245 213 236 222 224 230 211 235 197 238 181 239 166 240 150 144 142 152 139 160 139 169 141 176 145 193 144 201 140 210 138 220 138 228 142 185 156 185 167 185 178 185 189 175 195 180 197 185 198 191 197 195 194 154 155 160 152 168 152 173 158 167 159 159 159 198 158 204 152 212 151 218 154 213 158 205 159 168 213 173 209 180 207 186 208 191 206 198 208 204 211 199 221 192 226 186 227 180 226 173 222 171 213 181 212 186 213 192 211 201 212 192 217 186 219 181 218
136 168 137 184 140 199 145 213 153 225 163 236 174 245 187 248 201 244 212 235 222 224 230 211 235 196 238 180 239 165 240 149 144 142 152 139 160 139 169 141 176 145 193 144 201 140 210 138 219 138 227 142 185 156 185 167 185 178 185 189 175 194 179 197 185 198 190 196 195 194 154 155 160 152 168 152 173 158 167 159 159 159 198 158 204 152 212 151 218 154 213 158 205 159 168 212 174 209 180 206 185 208 191 206 198 208 204 211 198 220 192 225 186 226 180 226 174 221 171 213 181 211 185 212 191 211 201 212 191 217 186 218 181 218
136 168 138 184 140 199 145 213 153 225 163 236 174 245 188 247 201 244 212 235 223 223 231 210 235 195 238 180 239 165 240 149 144 143 151 139 160 139 169 141 176 145 193 145 201 140 210 138 219 138 227 142 185 156 185 167 185 178 185 189 175 194 179 197 185 198 190 196 195 194 154 155 160 152 167 152 173 158 167 159 159 159 197 158 204 152 212 151 218 154 213 158 205 159 168 212 174 209 181 207 185 208 191 206 198 208 204 211 199 220 192 225 186 226 180 225 174 221 171 213 181 212 186 212 191 211 201 212 191 216 186 217 181 217
136 168 137 183 139 198 144 212 152 225 162 235 174 244 187 247 201 244 212 234 222 223 230 210 235 195 238 180 239 164 240 149 144 143 151 139 160 139 169 141 176 145 193 145 201 140 210 138 219 138 227 142 184 156 184 167 184 178 184 188 174 194 179 197 184 198 190 196 195 194 153 155 160 152 167 152 173 158 166 159 159 159 197 158 204 152 211 151 217 154 212 158 205 159 167 212 173 209 180 207 185 208 190 206 197 208 204 211 198 219 191 224 185 225 180 224 173 220 170 212 180 212 185 212 191 211 201 211 191 216 185 217 180 216
136 167 137 182 139 198 144 212 152 224 162 235 174 244 187 247 201 244 212 234 223 223 230 210 235 195 238 180 239 164 239 149 144 142 152 138 160 139 169 141 176 145 193 145 201 141 210 138 219 138 227 142 184 156 184 167 184 178 184 189 174 194 179 197 184 198 190 196 195 194 153 155 160 151 167 152 173 158 166 159 159 159 197 158 204 152 211 151 217 154 212 159 205 159 166 211 172 208 180 206 185 208 190 206 197 208 204 210 198 219 191 224 185 225 179 224 172 220 169 212 180 211 185 212 190 211 201 210 190 216 185 217 180 216
136 167 137 183 139 198 144 213 152 225 163 236 175 245 188 247 202 244 213 234 223 222 231 209 235 195 238 179 239 164 240 149 144 142 152 139 161 139 169 141 176 145 193 145 201 141 210 138 219 138 227 142 185 156 185 167 185 178 185 189 174 194 179 197 185 198 190 196 195 194 153 155 160 152 167 152 173 158 166 159 159 159 197 158 204 152 211 151 218 155 212 159 205 159 165 210 172 208 180 206 185 208 190 206 198 207 205 209 199 219 191 224 185 225 179 225 172 220 169 211 180 211 185 211 191 210 202 210 191 217 185 218 180 217
136 169 137 185 140 200 145 215 153 227 163 237 175 246 188 248 202 245 213 235 223 223 231 210 235 195 238 180 239 165 240 149 144 143 152 139 160 139 169 141 176 145 192 145 200 141 210 139 219 139 227 142 185 156 185 167 184 178 185 189 174 194 179 197 185 198 190 196 195 194 153 155 159 152 167 153 173 158 166 159 158 159 197 158 204 152 211 152 218 155 212 159 205 159 165 210 172 207 179 206 185 207 190 206 198 207 205 209 199 220 191 225 185 226 179 226 171 221 168 211 179 210 185 211 191 210 202 210 191 218 185 219 179 218
135 168 136 184 139 200 144 214 153 227 163 238 174 246 187 249 201 246 212 236 222 224 230 211 235 196 237 181 239 165 239 150 144 143 151 139 160 139 168 141 176 145 192 145 200 141 209 139 219 139 227 143 184 157 184 168 184 179 184 190 174 195 179 197 184 198 190 197 195 194 153 156 159 152 167 153 173 159 166 160 158 159 197 158 203 153 211 152 217 155 212 159 204 159 165 210 171 207 179 206 184 207 190 206 198 207 205 209 199 220 191 226 185 227 179 226 171 221 168 211 179 210 184 211 190 210 202 210 190 219 185 220 179 220
135 169 137 185 139 200 144 214 153 227 163 237 174 246 187 249 201 246 212 236 222 224 230 211 235 197 237 181 239 166 240 150 144 143 151 139 160 139 168 141 176 146 192 146 200 141 209 139 219 139 227 143 184 157 184 168 184 179 184 190 174 194 179 197 184 198 190 197 195 194 153 155 159 152 167 153 173 159 166 159 158 159 197 158 203 153 211 152 217 155 212 159 204 159 165 210 171 207 179 206 184 207 190 206 198 207 205 209 198 220 191 226 185 227 178 226 171 221 168 211 179 210 184 211 190 210 202 210 190 219 184 220 179 219
135 169 137 184 139 200 144 214 152 226 162 237 174 246 187 248 201 245 212 235 222 224 230 211 235 197 237 181 239 166 239 150 144 143 151 139 160 139 168 141 176 145 192 145 200 141 209 139 219 139 227 142 184 156 184 168 184 179 184 190 174 194 179 197 184 198 190 197 195 194 153 155 159 152 167 153 173 158 166 159 158 159 197 158 203 152 211 152 217 155 212 159 204 159 165 211 172 208 179 206 184 208 190 206 198 207 204 211 198 220 191 225 185 226 179 225 172 221 169 212 179 211 185 212 190 211 201 211 190 217 185 219 179 218
135 168 136 183 139 198 144 212 152 224 162 235 173 244 187 247 200 244 212 234 222 223 230 210 235 196 238 180 239 165 240 150 144 143 151 139 160 139 168 141 176 145 192 145 200 140 210 138 219 138 227 142 184 156 184 167 184 178 184 189 174 194 179 196 184 198 190 196 195 194 153 155 159 151 167 152 173 158 166 159 159 159 197 157 204 152 211 151 217 154 212 158 204 159 167 212 173 209 180 207 185 209 190 207 197 208 204 211 197 219 191 223 185 224 180 223 173 220 170 212 180 212 185 212 190 211 200 212 190 215 185 216 180 216
135 167 137 183 139 198 144 212 152 224 163 235 174 243 187 246 201 243 212 233 222 222 230 209 235 195 238 179 239 163 240 148 144 142 151 138 160 138 168 140 176 144 193 144 201 140 210 138 219 138 227 141 184 155 184 167 184 178 184 189 174 194 179 197 185 198 190 196 195 194 154 154 160 151 167 152 173 157 166 159 159 158 197 157 204 151 211 151 217 154 212 158 205 159 168 212 174 210 180 208 185 209 190 208 197 209 203 212 197 219 191 223 186 224 181 223 174 220 171 213 181 213 185 213 190 212 200 212 190 215 185 216 181 215
135 167 137 182 139 197 144 211 152 223 162 234 173 243 187 246 200 242 211 233 222 222 230 209 235 195 238 180 239 164 240 149 144 142 151 138 160 138 168 140 176 144 193 144 201 140 210 138 219 138 227 141 184 156 184 167 184 177 184 189 174 194 179 196 185 198 190 196 195 194 154 155 160 151 167 152 173 157 166 159 159 158 197 157 203 152 211 151 217 154 212 158 204 159 168 212 174 210 180 208 185 210 190 208 197 209 203 212 197 219 191 223 186 224 180 224 174 220 171 213 180 213 185 214 190 213 200 212 190 215 185 216 181 216
135 167 136 183 139 198 144 212 152 224 162 234 173 243 186 246 200 243 211 234 222 222 230 209 235 195 238 179 239 164 239 149 144 142 151 138 160 138 168 140 176 144 193 144 201 140 210 138 219 138 227 142 184 156 184 167 184 178 184 189 174 194 179 197 184 198 190 196 195 194 153 154 160 151 167 152 173 157 166 159 159 158 197 157 204 152 211 151 217 154 212 158 204 159 167 212 174 210 180 208 185 209 190 208 197 209 203 212 197 219 191 224 185 225 180 224 174 220 171 212 180 213 185 213 190 212 200 212 190 216 185 217 180 216
135 167 136 183 139 198 144 212 152 225 162 235 174 244 187 247 200 244 212 234 222 222 230 209 235 195 238 179 239 164 239 148 143 143 151 139 160 139 168 141 176 145 192 145 200 140 210 138 219 138 227 142 184 156 184 167 184 178 184 189 174 194 179 196 184 198 190 196 195 194 153 154 159 151 167 152 173 157 166 159 159 158 197 157 203 152 211 151 217 154 212 158 204 159 166 211 173 208 180 207 184 208 190 206 197 208 204 210 198 219 191 224 185 225 179 224 173 220 169 211 180 211 185 212 190 211 200 211 190 216 185 217 180 216
135 168 136 184 139 199 144 213 152 225 162 236 174 244 187 247 200 244 212 234 222 223 230 210 235 195 237 180 238 164 239 149 144 142 152 138 160 139 168 141 176 144 192 144 200 140 209 138 218 138 226 142 184 156 184 167 184 178 184 189 174 194 179 196 184 198 190 196 195 193 153 155 160 152 167 152 173 158 166 159 159 158 197 157 203 152 211 151 217 154 211 158 204 159 166 210 172 207 179 206 184 207 190 205 197 207 204 210 198 219 191 224 185 225 179 224 172 220 169 211 179 210 184 210 190 210 201 210 190 217 185 218 179 217
135 168 136 184 139 199 144 213 152 226 162 236 173 245 187 248 200 245 212 235 222 224 230 210 235 196 237 180 239 164 239 149 145 143 152 139 160 139 169 141 176 145 192 145 200 140 209 138 218 138 226 142 184 156 184 167 184 178 184 189 174 193 179 196 184 198 190 196 195 193 155 156 161 154 167 154 173 158 167 159 160 159 197 158 203 154 210 153 216 155 210 158 204 158 165 210 172 207 179 205 184 207 190 205 197 206 204 209 198 219 191 224 185 225 179 224 171 220 168 211 179 209 184 210 190 209 201 210 190 217 184 218 179 218
135 167 136 182 138 198 143 213 152 226 162 237 173 246 187 248 200 245 212 235 223 223 231 209 235 195 238 179 239 163 239 148 146 144 153 140 161 139 169 141 176 145 192 145 200 141 209 138 217 139 224 143 184 157 184 167 184 178 184 189 174 193 179 196 184 197 190 196 195 193 156 159 162 159 168 158 173 159 168 160 162 160 196 159 202 158 208 158 214 158 208 160 202 160 165 209 172 206 179 205 184 207 190 205 198 206 204 209 198 219 191 224 185 225 179 225 171 220 168 210 179 209 185 209 190 209 201 210 190 217 185 219 179 218
135 168 136 183 139 199 144 213 152 226 162 236 173 245 187 248 200 245 212 235 222 224 230 211 235 196 238 180 239 165 240 149 145 144 152 140 161 139 169 141 176 145 192 145 200 141 209 138 218 139 226 143 184 156 184 167 184 178 184 189 173 193 179 196 184 198 190 196 195 193 155 158 161 157 167 157 173 158 167 160 161 160 197 158 203 157 209 157 215 157 209 159 203 159 165 209 172 206 179 205 185 206 190 205 198 206 204 209 198 219 191 224 185 225 179 224 171 220 168 210 179 208 185 209 191 208 201 210 191 217 185 218 179 218
135 169 136 184 139 199 144 213 152 225 162 236 173 245 186 247 200 244 212 235 222 223 230 210 235 196 238 180 239 165 240 150 145 143 152 139 160 139 169 141 176 145 192 145 200 141 209 139 218 139 226 143 184 156 184 167 184 178 184 189 174 193 179 196 184 198 190 196 195 193 155 157 161 155 167 155 173 158 167 159 160 159 197 158 203 155 209 154 215 156 210 159 204 159 165 210 172 207 179 205 185 206 190 205 197 206 204 209 198 219 191 224 185 225 179 224 171 220 168 211 179 209 185 209 190 208 201 210 190 217 185 218 179 217
135 168 137 184 139 199 144 213 152 225 162 235 174 244 187 246 200 243 212 234 222 223 230 210 235 195 238 180 239 165 240 149 144 143 151 139 160 139 169 141 176 145 192 145 200 141 209 138 218 138 226 142 184 156 184 167 184 178 185 189 174 193 179 196 185 197 190 196 195 193 154 156 160 153 167 154 173 158 167 159 160 159 197 158 203 154 210 153 216 155 211 158 204 159 166 211 172 207 180 205 185 206 191 204 198 206 204 210 198 218 191 223 185 224 179 223 172 219 170 211 180 209 185 209 191 209 200 210 191 215 185 216 179 215
135 168 137 183 139 199 144 212 152 225 162 235 173 244 187 246 200 243 212 234 223 223 231 209 236 195 238 180 239 164 240 149 144 143 151 139 160 139 168 141 176 145 192 144 201 140 210 138 219 138 227 142 184 156 184 167 184 178 184 189 174 193 179 196 185 197 190 195 196 193 154 155 160 152 167 153 173 157 166 158 159 158 197 157 204 153 211 152 217 155 212 158 204 158 167 211 173 207 180 204 185 206 191 204 198 206 204 210 198 218 192 223 186 224 180 223 173 219 171 211 180 209 185 210 191 208 200 210 191 214 185 215 180 215
135 167 137 183 139 199 144 213 152 225 163 236 174 244 187 246 201 243 213 234 223 223 231 209 235 195 238 180 239 164 240 149 144 143 151 139 160 139 169 141 176 144 193 144 201 140 210 138 219 138 228 142 184 156 184 167 184 178 184 189 174 193 179 196 185 197 190 195 195 193 154 155 160 152 167 153 173 158 166 159 159 158 197 157 204 153 211 152 217 155 212 158 204 159 168 212 173 207 180 204 186 205 191 203 198 205 204 211 199 219 193 224 186 225 180 224 173 220 172 212 180 209 186 210 192 208 200 211 192 215 186 216 180 215
136 168 137 184 140 199 144 213 152 225 162 236 174 244 187 247 200 243 212 234 222 223 230 210 235 196 238 181 239 165 239 150 144 143 151 139 160 139 169 141 177 145 193 144 201 140 210 138 219 138 227 142 185 156 185 167 185 177 185 188 175 193 180 195 185 197 191 195 196 193 154 155 160 152 167 153 173 158 167 158 159 158 197 157 204 152 211 152 217 155 212 158 205 159 168 213 174 206 181 204 186 205 192 203 199 205 204 211 199 220 193 225 187 226 180 225 173 221 172 212 181 209 186 209 192 208 200 211 192 216 186 217 181 217
136 168 137 183 140 199 145 213 153 226 163 237 174 246 187 249 200 246 212 237 222 225 230 212 235 197 238 181 239 165 240 149 144 142 152 139 160 139 169 141 177 144 193 145 201 141 210 139 219 139 228 142 185 156 185 167 184 178 184 189 175 194 179 196 185 198 190 196 196 193 154 155 160 152 167 153 173 158 167 159 159 159 198 157 204 153 211 152 217 154 212 158 204 159 169 213 173 207 180 205 186 206 192 204 199 206 204 212 200 221 193 226 186 227 180 227 173 222 172 213 180 209 186 210 192 209 201 212 192 218 186 219 180 218
136 169 137 185 140 201 145 215 153 227 164 238 175 246 188 249 202 246 213 236 223 224 231 210 235 196 238 180 239 164 240 149 144 143 151 139 160 139 169 141 177 145 193 145 201 140 210 138 220 138 228 142 185 156 185 167 185 178 185 189 175 194 180 196 186 198 191 196 196 193 154 155 160 152 167 153 173 158 167 159 159 158 197 158 204 152 211 152 218 155 212 158 205 159 168 213 174 208 181 205 186 206 192 205 199 207 205 211 200 222 193 227 187 229 181 228 174 223 171 213 181 209 186 210 192 209 202 211 192 220 187 221 181 220
136 169 137 185 140 200 145 214 154 227 164 237 176 246 189 249 203 245 214 235 224 223 231 210 236 195 238 180 239 164 240 149 144 143 152 139 161 139 169 141 177 145 193 145 201 141 210 138 220 138 228 142 185 156 185 167 185 178 186 189 175 194 180 196 186 198 191 196 196 194 154 155 160 152 167 153 173 158 167 159 159 159 197 158 204 152 211 152 218 154 212 158 205 159 167 211 173 208 181 206 186 207 192 205 199 206 206 209 200 221 193 227 187 228 181 228 174 223 170 212 181 210 186 210 192 209 203 210 192 219 187 221 181 220
136 168 137 184 139 199 145 213 153 226 164 236 176 245 189 248 202 244 214 235 224 223 231 210 236 195 238 180 239 165 240 150 144 143 152 139 161 139 169 141 177 145 193 145 201 141 210 138 219 138 228 142 185 156 185 167 185 178 185 189 175 194 180 196 186 198 191 196 196 193 154 155 160 152 167 153 173 158 167 159 159 158 197 158 204 152 211 151 217 154 212 158 205 159 166 210 173 207 181 206 186 207 192 205 199 206 206 208 200 219 193 225 187 226 181 226 173 221 169 211 181 210 186 210 192 209 203 209 192 217 187 219 181 218
136 167 137 182 139 198 144 212 153 224 163 235 175 244 189 247 202 243 214 234 224 222 232 209 236 194 238 179 239 164 240 149 145 142 152 139 161 139 169 141 176 145 193 145 201 140 210 138 219 138 227 142 185 156 185 167 185 178 185 189 175 194 180 196 185 198 191 196 196 193 154 155 160 152 167 153 173 158 167 159 159 158 198 158 204 152 211 152 218 154 212 158 205 159 166 209 173 207 181 205 186 206 192 205 199 205 207 207 200 218 193 223 187 224 181 224 173 219 169 210 181 209 186 210 192 209 204 208 192 216 186 217 181 217
136 167 137 183 139 198 144 212 153 224 164 234 176 243 189 246 203 243 214 233 224 221 232 208 236 194 238 179 239 164 240 148 144 143 152 139 160 139 169 141 177 145 193 145 201 141 210 138 219 138 228 142 185 156 185 167 185 178 185 189 175 193 180 196 186 197 191 195 196 193 154 155 160 152 167 152 173 158 167 159 159 158 198 158 204 152 211 151 218 154 212 158 205 159 166 208 173 206 181 205 186 206 192 205 200 205 207 206 201 217 193 222 187 224 181 223 173 218 169 209 181 209 186 210 192 208 204 207 192 216 187 217 181 216
136 167 137 183 140 198 144 212 152 224 163 235 175 243 188 246 202 243 214 233 224 222 232 209 236 195 239 179 239 164 240 149 145 142 152 139 161 139 169 141 177 145 193 145 201 141 210 138 220 138 228 141 185 156 185 167 185 178 185 189 175 194 180 196 185 197 191 196 196 193 154 155 160 152 168 152 174 158 167 159 159 158 198 158 204 152 211 151 218 154 212 158 205 159 166 208 173 206 181 205 186 206 192 205 199 205 207 206 200 217 193 223 187 224 181 223 173 219 169 209 181 209 186 210 192 209 204 207 192 215 186 217 181 216
136 168 137 183 140 199 145 213 153 225 164 236 176 245 189 247 203 244 214 234 224 222 232 209 236 194 238 179 239 164 240 149 145 143 152 139 161 139 169 141 177 145 193 145 201 140 210 138 220 138 228 142 185 156 185 167 185 178 185 189 175 194 180 196 186 197 191 195 196 193 154 155 160 152 168 152 174 158 167 159 160 158 198 158 204 152 212 151 218 154 213 158 205 159 166 210 173 207 181 205 186 206 192 205 200 206 207 207 200 218 193 223 187 225 181 224 173 220 170 211 181 210 186 210 192 209 204 208 192 216 187 217 181 217
136 166 137 182 140 197 144 212 152 225 162 236 173 245 187 248 201 244 213 236 223 224 231 211 236 196 238 181 239 165 240 149 145 142 152 139 161 139 169 141 176 145 193 145 201 141 210 138 219 138 228 142 185 156 185 167 184 178 184 189 175 194 179 197 185 198 190 196 196 194 154 155 160 152 168 152 174 158 167 159 159 158 198 158 204 152 211 151 218 154 212 158 205 159 166 211 173 208 180 206 186 207 192 205 199 206 206 209 199 216 193 220 187 221 180 221 173 217 170 211 180 211 186 212 192 211 202 209 192 213 186 214 180 214
136 168 137 183 140 199 144 212 153 224 163 234 175 242 188 244 202 241 213 233 224 222 232 209 236 195 238 179 240 164 240 149 144 143 152 139 160 139 169 141 176 145 194 145 202 141 211 138 220 138 228 142 185 156 185 167 185 178 185 189 175 194 180 196 185 198 191 196 196 194 154 155 160 152 168 152 174 158 167 159 160 158 198 157 204 152 212 151 218 154 213 158 205 158 167 210 174 208 181 206 186 207 191 205 199 207 206 209 199 216 193 219 187 221 181 220 174 217 170 211 181 211 186 212 192 211 202 209 192 212 186 213 181 213
136 168 137 183 140 198 144 212 152 224 163 234 175 243 188 245 202 242 213 232 224 221 231 208 235 194 238 179 239 164 240 150 144 143 152 139 161 139 169 141 177 145 193 145 202 140 211 138 220 138 228 142 185 156 185 167 185 178 186 189 175 194 180 196 186 198 191 196 196 194 154 155 160 152 168 152 174 158 167 159 159 159 198 158 204 152 212 151 218 154 213 158 205 159 166 211 174 208 181 206 186 207 191 205 198 207 205 209 199 217 192 221 187 223 181 222 174 219 170 211 181 211 186 212 191 210 202 209 192 213 186 215 181 214
136 168 137 183 140 198 145 212 153 225 163 235 175 244 189 246 202 243 213 233 224 222 231 209 236 194 238 179 239 164 240 149 145 143 152 139 161 139 169 141 176 145 193 145 201 141 210 138 220 138 228 142 185 156 185 167 185 178 185 189 175 194 180 197 185 198 191 196 196 194 154 155 160 152 168 152 174 158 167 159 160 159 198 158 204 152 212 151 218 154 213 158 205 159 167 211 173 208 181 206 186 207 191 205 199 206 206 209 200 218 193 223 187 225 181 224 173 220 170 211 181 211 186 211 192 210 202 210 192 216 186 217 181 217
136 168 137 184 140 200 145 214 153 226 164 236 175 245 189 248 202 244 213 234 223 223 231 209 236 195 238 180 239 164 240 149 145 143 152 139 161 139 169 141 176 145 193 145 201 141 210 139 219 139 227 142 185 157 185 168 185 178 185 190 175 195 180 197 185 198 191 196 196 194 154 155 160 152 168 153 174 158 167 159 159 159 198 158 204 152 212 152 218 154 213 159 205 159 167 211 173 208 181 206 186 207 192 206 199 207 206 209 200 220 193 225 187 226 181 226 173 221 170 212 181 211 186 211 192 210 203 210 192 217 186 219 181 218
136 167 137 182 139 198 144 213 152 226 162 237 174 247 188 250 202 247 213 237 223 225 231 211 236 196 238 180 239 165 240 149 145 143 153 139 161 140 169 142 176 146 193 146 201 141 210 139 219 138 227 142 185 157 185 168 185 179 185 190 175 195 179 197 185 199 190 197 196 194 154 156 160 152 167 153 174 159 167 160 159 159 197 158 204 153 211 152 218 155 212 159 204 159 166 211 173 208 180 207 186 208 191 206 199 207 206 209 200 220 192 225 186 227 180 226 172 222 170 212 180 212 186 212 191 211 203 210 192 218 186 219 180 219
136 169 137 184 139 200 144 214 152 226 163 237 174 246 188 250 201 246 213 236 223 224 231 210 235 196 238 180 239 165 240 150 144 143 152 139 161 139 169 142 176 146 193 145 201 141 210 139 219 139 227 143 185 157 185 168 185 179 185 190 175 195 180 197 185 199 191 197 196 194 154 155 160 152 168 153 174 159 167 159 159 159 197 158 204 153 211 152 218 155 212 159 205 160 166 211 172 208 180 206 186 208 191 206 199 207 206 210 200 221 192 227 186 228 180 228 172 223 169 212 180 211 186 212 191 211 203 211 192 219 186 220 180 220
136 168 137 184 139 200 144 214 153 227 163 238 175 247 188 250 201 247 213 236 223 224 230 211 235 196 237 180 239 165 239 150 145 143 152 140 161 140 169 142 176 146 193 145 201 141 210 139 219 139 227 142 185 157 185 168 185 179 185 190 175 195 180 197 185 199 191 197 196 195 154 156 160 152 168 153 173 159 167 160 159 159 197 159 204 153 211 152 218 155 212 159 205 160 166 211 172 208 180 206 185 208 191 206 199 207 206 210 200 222 192 228 186 229 180 228 172 223 169 212 180 211 185 212 191 211 203 211 192 220 186 221 180 221
136 168 137 184 139 199 144 214 152 227 163 238 174 247 188 250 201 247 213 237 223 225 230 211 235 197 237 181 239 165 240 150 145 143 152 140 161 140 169 142 177 146 193 146 201 142 210 139 219 139 228 143 185 157 185 168 185 179 185 190 175 195 180 197 185 199 191 197 196 195 154 156 160 153 168 153 173 159 167 160 159 159 198 159 204 153 212 152 218 155 212 159 205 159 166 211 172 208 180 206 185 208 191 206 199 207 206 210 200 222 192 228 186 230 179 229 172 223 169 212 180 211 185 212 191 211 203 211 192 220 186 222 180 221
136 167 137 183 139 199 144 214 152 228 162 239 174 250 188 253 202 249 213 239 224 226 231 211 236 197 239 181 239 165 240 150 145 143 153 140 161 140 169 142 177 146 194 146 201 142 210 139 219 139 227 143 185 157 185 168 185 179 185 190 175 195 180 198 185 200 191 198 196 195 154 156 161 153 168 153 174 159 167 160 160 159 198 159 204 153 212 152 218 155 213 159 205 159 166 212 172 208 180 207 186 208 192 206 200 207 207 211 200 223 193 228 186 229 179 229 172 223 169 212 180 211 186 212 192 211 203 211 192 221 186 222 180 221
136 167 137 183 139 199 144 214 152 227 162 239 173 249 187 252 201 249 213 239 223 226 230 212 235 197 238 181 239 165 239 150 145 143 153 140 161 140 170 142 177 146 194 146 201 142 210 140 219 139 227 142 185 157 185 168 185 179 185 191 175 196 180 198 185 200 191 198 196 195 154 156 160 153 168 153 174 159 167 160 159 160 198 159 204 153 212 152 218 155 213 159 205 160 167 212 173 209 180 208 186 209 192 207 199 208 206 211 200 222 193 228 187 229 180 228 173 223 170 213 180 213 186 213 192 212 203 212 192 220 186 222 181 221
136 166 137 182 139 198 144 213 152 226 162 238 173 248 187 251 201 248 213 238 223 225 230 211 235 197 238 181 239 165 240 149 145 143 153 140 161 140 169 142 177 146 194 146 201 142 210 139 219 139 227 143 185 157 185 168 185 179 185 190 175 196 180 198 185 200 190 198 195 195 154 156 161 153 168 153 174 159 167 160 160 160 198 159 204 153 212 152 218 155 213 159 205 160 168 213 174 211 180 209 186 211 191 209 198 210 205 212 199 222 193 226 187 228 181 227 174 222 171 214 180 214 186 215 191 213 202 213 192 219 186 220 181 219
136 166 137 182 140 198 145 213 153 226 163 237 174 247 187 251 201 248 213 238 223 226 231 212 236 197 238 181 239 164 239 149 145 143 153 140 161 140 169 142 177 146 194 146 202 141 211 139 220 139 227 143 185 157 185 168 185 179 185 190 175 196 180 199 185 200 190 198 195 195 155 156 161 153 168 153 174 159 167 160 160 160 198 158 204 153 212 152 218 155 213 160 205 160 169 214 174 212 180 211 185 212 190 210 197 211 204 213 198 222 192 226 186 227 181 226 175 222 173 215 181 215 186 216 190 215 201 214 191 219 186 220 181 219
136 166 137 182 140 198 145 212 152 226 162 237 173 247 187 250 200 247 212 238 223 225 231 212 236 197 239 181 240 165 240 149 145 143 153 139 161 140 169 142 177 146 194 146 201 141 210 139 219 139 227 142 185 157 185 168 185 179 185 190 175 196 180 199 185 200 190 198 195 196 154 156 161 153 168 153 174 159 167 160 159 160 198 158 204 153 212 152 218 155 213 160 205 160 169 215 175 213 180 212 185 213 190 211 196 212 203 213 197 221 191 225 186 226 181 226 175 222 173 215 181 216 185 216 190 215 200 214 191 218 186 219 181 218
136 166 137 182 140 198 145 213 153 226 162 237 173 247 187 250 201 247 213 238 223 226 231 212 236 197 239 181 239 164 240 148 146 143 153 139 161 139 170 141 177 146 194 145 202 141 211 139 220 138 227 142 185 157 185 168 185 179 185 190 175 196 180 198 185 200 190 198 195 195 156 156 162 154 169 154 174 158 168 160 161 160 198 158 205 154 212 153 218 155 212 159 205 160 170 214 175 213 181 212 186 213 190 211 196 212 203 213 197 221 191 225 186 226 181 225 175 222 173 215 181 215 186 216 190 215 199 214 191 218 186 219 181 218
136 170 138 185 140 200 145 214 153 227 163 238 174 247 187 249 200 246 212 237 222 225 230 212 235 197 238 182 239 166 240 151 147 144 153 140 162 139 170 141 177 146 194 145 202 141 211 139 220 139 226 144 186 157 185 168 185 179 185 190 175 196 180 198 185 200 191 198 195 195 158 160 163 159 169 159 175 160 169 162 163 162 198 159 204 158 210 158 215 158 210 161 204 161 170 213 175 212 181 211 185 212 190 210 197 211 203 213 197 220 191 224 186 225 181 225 175 222 173 214 181 215 186 215 190 214 200 213 191 217 186 218 181 218
136 169 138 185 140 200 145 214 153 226 163 237 174 245 187 248 201 245 212 236 223 224 231 211 236 196 238 181 240 165 240 150 148 144 154 140 162 139 170 141 177 145 194 145 202 141 211 139 219 139 226 143 186 158 186 168 186 179 186 189 176 196 180 198 186 200 191 198 196 195 158 160 164 160 170 160 175 161 170 162 164 163 198 160 204 159 210 159 216 159 210 162 204 162 169 213 175 212 182 211 186 212 191 210 197 211 204 212 198 219 192 223 187 224 182 223 176 220 172 213 182 214 186 215 191 214 200 213 191 216 186 217 182 217
136 168 137 183 140 198 145 212 152 225 163 236 174 244 187 247 201 243 213 235 223 223 231 210 236 195 238 180 240 165 240 149 147 144 154 140 162 139 170 141 177 145 194 145 202 141 211 139 220 139 227 143 186 157 186 168 186 179 186 190 176 195 181 198 186 199 191 197 196 195 157 159 163 158 169 158 175 159 169 161 163 161 198 159 205 158 211 158 217 158 211 160 205 161 169 212 176 211 182 210 186 211 191 209 197 210 204 211 198 218 192 222 187 223 182 222 175 219 172 213 182 214 186 214 191 213 201 212 191 215 186 216 182 215
136 167 138 183 140 198 145 213 152 226 161 237 173 246 186 249 200 246 213 237 224 225 232 212 238 197 240 181 241 165 242 149 147 143 154 139 162 139 170 141 177 145 195 145 202 141 210 139 219 138 227 142 186 157 185 168 185 178 185 189 176 195 180 198 185 199 191 197 196 195 157 158 163 156 169 156 174 158 169 160 163 160 199 158 205 156 211 155 217 156 211 159 205 159 169 212 175 211 181 210 186 211 191 209 197 210 204 211 198 217 191 221 186 222 181 221 175 218 172 212 181 214 186 214 191 213 201 211 191 215 186 216 181 215
136 168 138 183 140 198 145 212 153 224 163 235 175 243 189 246 202 243 214 233 224 222 231 209 236 195 238 180 240 164 241 149 146 143 153 139 161 139 170 141 177 145 194 145 202 141 211 138 220 138 228 142 186 156 186 167 186 178 186 190 176 195 181 197 186 199 191 197 196 195 156 156 162 154 169 155 174 159 168 160 161 160 198 158 205 154 211 153 217 155 212 159 205 159 169 211 175 210 182 209 186 210 191 209 198 209 205 210 198 217 192 221 187 222 182 221 175 218 172 212 182 213 186 214 191 213 202 211 192 214 187 216 182 215
137 165 138 181 140 197 144 211 152 225 161 236 173 245 187 248 201 245 213 236 223 225 231 211 236 197 239 181 240 164 240 149 146 143 153 139 161 139 170 141 177 145 194 145 202 141 211 139 220 138 227 142 186 157 186 168 186 178 185 189 175 195 180 198 185 199 191 197 196 195 155 156 162 154 168 154 174 158 168 160 161 159 198 158 204 154 211 153 218 155 212 159 205 159 168 211 175 210 181 209 186 210 191 209 197 209 205 210 198 217 192 220 186 221 181 221 175 217 172 212 181 213 186 214 191 213 201 211 191 214 186 216 181 215
136 167 137 183 140 198 144 212 152 224 163 234 174 243 188 245 201 242 213 233 223 222 231 209 236 195 238 180 239 164 240 149 145 143 153 139 161 139 170 141 177 145 194 145 202 141 211 138 220 138 227 142 186 156 186 167 186 178 186 190 176 195 180 197 186 199 191 197 196 195 155 156 161 153 169 153 174 158 168 159 161 159 198 158 205 153 212 152 218 155 213 159 206 159 168 210 175 210 181 209 186 210 191 208 198 209 205 210 198 217 192 220 186 221 181 221 174 217 171 211 181 213 186 213 191 212 202 210 191 214 186 215 181 214
136 167 137 183 140 198 144 211 152 224 163 234 174 243 188 245 201 242 213 233 223 222 231 209 235 195 238 180 239 165 240 149 145 143 152 139 161 139 169 141 177 145 194 145 202 141 211 138 220 138 227 142 186 156 186 167 186 178 186 189 175 195 180 197 186 198 191 197 196 194 155 156 161 153 168 153 174 158 168 159 160 159 198 158 205 153 212 152 218 155 213 158 205 159 167 210 174 209 181 208 186 209 191 208 198 208 205 209 199 217 192 220 186 221 181 221 174 217 170 211 181 212 186 213 191 212 202 210 191 214 186 215 181 215
136 167 137 182 139 197 144 211 152 223 162 233 174 242 187 245 201 241 213 232 223 221 231 208 235 194 238 179 239 163 240 148 145 143 152 139 161 139 169 141 177 145 194 145 202 141 210 138 220 138 227 142 185 156 185 167 186 178 186 189 175 194 180 197 186 198 191 196 196 194 155 155 161 153 168 153 174 158 167 159 160 159 198 158 204 153 211 152 218 155 212 158 205 159 167 210 174 209 181 208 186 209 191 207 198 208 205 209 198 216 192 220 186 221 181 220 174 217 170 211 181 212 186 213 191 211 202 210 191 214 186 215 181 214
136 166 137 182 139 197 144 211 152 223 162 233 174 242 187 245 201 241 213 232 223 221 231 208 235 194 238 178 239 163 240 148 144 143 152 139 161 139 169 141 176 145 193 145 201 141 210 138 220 138 228 141 185 156 185 167 185 178 186 189 175 195 180 197 185 198 191 197 196 194 155 155 161 153 168 153 174 158 168 159 160 159 198 158 204 153 211 152 218 155 212 158 205 159 167 210 174 209 181 208 186 209 191 207 198 208 205 209 198 216 192 220 186 221 181 220 174 217 170 211 181 212 186 213 191 212 202 210 191 214 186 215 181 214
135 167 137 182 139 197 144 211 152 223 162 233 174 242 187 244 201 241 212 232 223 221 231 208 235 194 238 179 239 164 240 149 144 143 152 139 160 139 169 141 176 145 193 144 201 140 210 138 219 138 227 141 185 156 185 167 185 178 185 189 175 195 180 197 185 198 190 196 195 194 154 155 161 153 168 153 173 158 167 159 160 159 197 157 204 153 211 152 217 154 212 158 205 158 167 210 174 209 181 208 185 209 190 208 197 208 205 209 198 216 191 220 186 221 181 220 174 217 170 210 181 212 185 213 191 211 202 210 191 214 186 215 181 214
135 167 137 182 139 197 144 211 152 223 162 234 174 242 187 244 201 241 212 232 223 221 230 209 235 194 237 179 238 164 239 149 144 143 151 139 160 139 168 141 176 145 193 145 201 141 210 138 219 138 227 142 185 156 185 167 185 178 185 190 175 195 180 197 185 198 190 197 195 194 154 156 160 153 167 153 173 158 167 159 160 159 197 158 204 153 211 152 217 155 212 158 204 159 167 210 174 209 181 208 185 209 190 208 197 208 205 209 198 216 191 220 186 221 181 220 174 217 170 211 181 212 185 213 191 211 202 210 191 213 186 215 181 214
135 168 137 183 139 198 144 211 151 223 162 234 174 242 187 245 201 241 212 232 223 221 231 209 235 194 237 179 239 164 239 149 144 143 151 139 160 139 168 141 176 145 193 145 201 141 210 138 219 138 227 142 184 156 184 167 184 178 185 190 175 195 179 197 185 198 190 197 195 194 154 156 160 153 167 153 173 158 167 159 159 159 197 158 204 153 211 152 217 154 212 158 204 159 167 210 174 209 180 208 185 210 190 208 197 208 205 209 198 216 191 220 186 221 181 220 174 217 170 211 180 212 185 213 190 212 202 210 190 214 185 215 181 214
135 167 137 182 139 197 144 211 152 223 162 234 174 242 187 244 201 241 213 232 223 222 231 209 235 195 237 179 238 164 239 149 144 143 151 139 160 140 168 142 175 146 193 145 201 141 209 138 219 138 227 142 184 156 184 167 184 179 185 190 174 195 179 197 185 198 190 197 195 194 154 156 160 153 167 153 173 158 166 159 159 159 197 158 203 153 211 152 217 154 212 158 204 159 167 210 173 209 180 208 185 209 190 208 197 208 205 209 198 216 191 220 186 221 180 220 173 217 170 211 180 212 185 213 190 212 202 210 191 214 185 215 181 214
135 168 137 183 139 198 144 211 152 224 162 234 174 242 188 245 201 241 213 232 223 221 231 209 235 195 237 179 238 164 239 149 144 143 151 139 160 139 168 141 175 145 193 145 201 141 210 138 219 138 227 142 184 156 184 168 184 179 184 190 174 195 179 197 185 199 190 197 195 194 153 156 160 153 167 153 173 158 166 160 159 159 197 158 204 153 211 152 217 154 212 158 204 159 167 210 174 209 180 208 185 210 190 208 197 208 205 209 198 216 191 220 186 221 181 220 174 217 170 211 180 213 185 213 190 212 201 210 191 214 186 215 181 214
135 168 137 183 139 198 144 211 152 223 162 234 174 242 187 245 201 241 213 232 223 221 231 209 235 194 237 179 238 164 239 149 143 144 151 139 159 139 168 141 175 145 193 145 201 141 210 138 219 138 227 142 184 156 184 167 184 178 184 190 174 195 179 197 185 198 190 197 195 194 154 156 160 153 167 153 173 158 166 159 159 159 197 158 203 152 211 152 217 154 212 158 204 159 167 210 174 209 180 208 185 210 190 208 197 208 205 209 198 216 191 220 186 221 181 220 174 217 170 211 180 212 185 213 190 212 201 210 190 214 185 215 181 214
135 167 136 183 139 198 144 211 152 223 162 233 174 242 188 244 201 241 213 232 223 221 231 209 235 194 237 179 239 164 239 149 144 143 151 140 160 140 168 142 176 146 193 145 201 141 210 138 219 138 227 142 184 157 184 168 184 179 185 190 175 195 179 197 185 199 190 197 195 195 154 156 160 153 167 153 173 158 167 160 159 159 197 158 203 153 211 152 217 155 212 159 204 159 167 210 174 209 180 208 185 210 190 208 197 208 204 209 198 216 191 220 186 221 181 220 174 217 170 211 180 212 185 213 190 212 201 210 190 214 185 215 181 214
135 167 136 182 139 198 144 212 152 224 162 234 174 242 188 244 202 241 213 232 223 221 231 208 235 194 237 179 238 164 239 148 144 143 151 140 160 140 168 142 176 146 193 145 201 141 210 139 219 138 227 142 185 157 185 168 185 179 185 190 175 195 180 197 185 199 190 197 195 195 154 156 160 153 167 153 173 158 167 160 159 159 197 158 203 153 211 152 217 155 212 159 204 159 167 210 174 209 180 208 185 210 190 208 197 209 205 209 198 217 191 220 186 221 181 220 174 217 170 211 181 212 185 213 190 212 202 210 191 214 186 215 181 214
135 166 136 181 139 197 143 211 151 223 161 233 173 242 187 244 201 241 213 232 223 221 230 208 235 194 237 179 238 164 239 149 144 143 151 140 160 140 168 142 176 146 193 145 201 141 209 139 219 139 226 142 184 157 184 168 184 179 184 190 175 195 179 197 185 199 190 197 195 195 154 156 160 153 167 153 173 159 166 160 159 159 197 158 203 153 211 152 217 155 212 159 204 159 167 210 174 209 180 209 185 210 190 208 197 209 205 210 198 217 191 220 186 221 181 221 174 217 170 211 180 213 185 213 190 212 202 210 190 214 185 215 181 214
