135 167 136 182 139 197 143 211 152 223 162 233 174 241 187 243 200 240 212 231 222 220 230 207 234 193 237 178 238 163 239 148 144 142 152 139 160 139 168 141 176 145 192 144 200 140 209 138 218 138 226 141 184 156 185 167 185 178 185 189 175 194 179 196 185 198 190 196 195 193 153 155 160 151 167 152 173 158 167 159 159 158 197 157 203 151 211 151 217 154 212 158 204 158 167 210 173 207 180 206 185 207 191 205 198 206 204 208 198 215 192 220 186 221 180 221 173 217 170 210 180 211 185 211 191 210 201 209 191 212 186 214 180 213
135 167 137 182 139 197 143 211 152 223 162 233 174 241 187 243 201 240 212 231 222 220 230 207 234 193 237 178 238 163 239 148 144 142 151 139 160 139 168 141 176 145 192 144 200 140 209 138 218 138 226 141 184 156 185 167 185 178 185 189 175 194 179 196 185 197 190 196 195 193 153 155 160 151 167 152 173 158 166 159 159 158 197 157 203 151 211 151 217 153 212 158 204 158 167 210 173 207 180 206 185 207 190 205 197 206 204 208 198 216 192 221 186 222 180 222 173 218 170 211 180 211 185 211 191 210 201 209 191 213 186 214 180 214
135 167 137 183 139 198 144 211 152 224 162 234 174 243 187 245 201 242 212 232 222 221 230 208 234 193 237 178 238 163 239 148 144 142 151 139 160 139 168 141 176 145 192 144 200 140 209 138 218 138 226 141 184 156 184 167 184 178 185 189 174 194 179 196 185 198 190 196 195 193 153 155 160 151 167 152 173 157 166 159 159 158 197 157 204 151 211 151 217 154 212 158 204 158 167 211 173 208 180 206 185 207 191 205 198 206 204 208 199 217 192 222 186 224 180 223 173 220 170 211 180 211 185 211 191 210 201 209 191 214 186 216 181 216
135 167 136 183 139 198 144 212 152 225 163 235 175 244 188 246 201 243 212 233 222 221 230 208 234 194 237 178 238 163 239 149 143 142 151 139 160 139 168 141 176 145 192 144 200 140 209 138 218 138 227 141 184 156 184 167 184 178 185 189 174 194 179 196 185 198 190 196 195 193 153 155 159 151 167 152 173 158 166 159 158 158 197 157 203 151 211 151 217 154 212 158 204 158 167 211 173 208 180 206 185 207 191 205 198 206 204 209 199 219 192 224 186 225 180 225 173 221 170 212 180 211 185 211 191 210 201 210 191 216 186 217 180 217
135 168 137 184 139 199 144 213 153 225 163 236 175 244 188 247 201 243 212 234 222 222 230 209 234 194 237 179 238 164 239 149 143 142 151 139 160 139 168 141 176 145 192 144 200 140 209 138 219 138 227 141 184 156 184 167 184 178 185 189 175 194 179 196 185 198 190 196 195 193 153 155 159 151 167 152 173 158 166 159 159 159 197 157 203 151 211 151 217 154 212 158 204 158 167 212 173 208 180 206 185 207 191 205 198 206 204 209 199 219 192 224 186 226 180 225 173 221 170 212 180 211 185 211 191 210 201 210 191 216 186 218 180 218
135 168 137 183 139 199 144 213 152 225 162 235 174 244 187 247 200 244 212 234 222 222 229 209 234 194 237 178 238 163 239 148 143 142 151 139 160 139 168 141 176 145 192 144 200 140 209 138 219 138 227 141 184 156 184 167 184 178 184 189 174 194 179 196 185 198 190 196 195 193 153 155 159 151 167 152 173 158 166 159 158 159 196 157 203 151 211 151 217 154 212 158 204 158 167 212 173 208 180 206 185 207 191 205 198 206 204 209 198 219 192 225 186 226 180 226 173 221 170 212 180 211 185 211 191 210 201 210 191 217 186 218 180 218
135 168 137 184 139 199 144 213 153 225 163 236 175 244 188 247 201 243 212 234 222 222 230 209 234 195 237 179 238 164 239 148 143 142 151 139 160 139 168 141 176 144 192 144 200 140 209 138 218 137 227 141 184 156 184 166 185 177 185 188 175 194 180 196 185 197 190 195 195 193 153 154 159 151 167 152 173 157 166 159 158 158 196 157 203 151 211 150 217 153 212 157 204 158 167 211 173 207 180 205 185 207 191 204 198 206 204 209 199 219 192 224 186 226 180 225 173 221 170 212 180 210 185 211 191 209 201 210 191 217 186 218 180 218
135 168 137 183 139 199 145 213 153 225 163 236 175 244 188 247 201 243 213 233 222 222 230 208 234 194 237 178 238 163 239 148 143 142 151 138 159 138 168 140 175 144 192 144 200 140 209 137 218 137 226 141 184 155 184 166 184 177 184 188 174 193 179 196 185 197 190 195 195 193 153 154 159 151 167 151 173 157 166 158 158 158 196 157 203 151 211 150 217 153 212 157 204 158 167 211 173 207 180 205 185 206 191 204 198 206 204 209 199 219 192 224 186 226 180 225 173 221 170 212 180 210 185 210 191 209 201 209 191 216 186 218 180 218
135 168 137 183 139 198 144 212 152 225 163 235 174 243 187 246 201 242 212 233 222 222 230 209 234 194 237 179 238 164 239 148 143 142 151 138 160 138 168 140 175 144 192 144 200 140 209 137 218 137 226 141 184 155 184 166 184 177 184 188 174 193 179 195 184 197 190 195 195 192 152 154 159 151 166 151 172 157 166 158 158 158 197 157 203 151 211 150 217 153 212 157 204 158 166 210 172 207 179 205 185 206 190 204 198 205 204 208 199 218 192 224 185 225 180 224 172 220 169 211 180 210 185 210 191 209 201 209 191 216 185 217 180 217
135 166 136 182 139 197 144 211 152 223 163 234 175 242 188 245 202 241 213 231 223 220 230 207 235 193 237 177 238 163 239 148 143 142 151 138 159 138 168 140 175 144 192 143 200 139 209 137 218 137 226 141 184 155 184 166 184 177 184 188 174 193 179 195 184 196 190 195 195 192 153 154 159 151 166 151 172 157 166 158 158 158 196 157 203 151 210 150 217 153 212 157 204 158 166 209 172 206 180 204 185 206 191 204 198 205 205 207 199 217 192 222 186 224 180 223 172 219 169 210 180 209 185 209 191 208 202 208 191 215 185 216 180 216
135 166 136 182 139 197 144 211 152 223 163 233 174 241 188 244 201 240 212 231 223 220 230 207 235 193 237 177 238 162 239 147 143 141 151 138 160 138 168 140 175 144 192 143 200 139 209 137 218 137 226 140 184 155 184 166 184 177 184 188 174 193 179 195 184 196 190 195 195 192 153 154 159 151 166 151 172 157 166 158 158 158 196 157 203 151 210 150 217 153 211 157 204 157 166 208 172 205 180 204 185 205 190 203 198 204 205 206 199 216 192 221 186 222 180 222 172 217 169 209 180 208 185 209 191 208 202 207 191 214 185 215 180 215
135 166 137 182 139 197 144 210 152 222 162 233 174 241 187 244 201 240 213 231 223 220 231 208 235 193 237 178 238 163 239 148 144 141 151 138 160 138 168 140 175 144 192 143 200 139 209 137 218 137 227 140 184 155 184 166 184 177 184 188 174 192 179 195 184 196 190 194 195 192 153 154 159 150 167 151 172 157 166 158 158 158 197 157 203 151 211 150 217 153 212 157 204 158 166 207 172 205 180 204 185 205 190 203 198 204 206 205 199 215 192 220 186 222 180 221 172 217 169 208 180 208 185 209 191 208 202 206 191 213 185 215 180 214
135 167 137 182 139 197 144 211 152 223 162 233 174 241 187 244 201 241 213 232 223 220 231 207 235 193 237 178 238 163 239 148 143 141 151 138 160 138 168 140 176 144 192 144 200 139 209 137 219 137 227 141 184 155 184 166 184 177 184 188 174 192 179 195 184 196 190 194 195 192 153 154 159 150 167 151 173 157 166 158 158 157 197 157 203 151 211 150 217 153 212 157 204 158 165 207 172 205 179 203 185 205 191 203 198 203 206 205 199 215 192 221 186 222 179 221 172 217 168 208 180 208 185 208 191 207 202 206 191 213 185 215 180 214
135 166 137 181 139 197 144 211 152 223 163 233 175 242 188 244 201 241 213 232 223 220 231 208 235 194 237 178 239 163 239 148 143 142 151 138 160 138 168 140 176 144 192 144 200 140 209 137 219 137 227 141 184 155 184 166 184 177 184 188 174 192 179 195 185 197 190 195 195 192 153 154 159 151 167 151 173 157 166 158 158 158 197 157 203 151 210 150 217 153 212 157 204 158 165 207 172 205 180 204 185 205 191 203 198 204 206 205 199 216 192 221 186 223 180 222 172 218 168 208 180 208 185 209 191 207 203 206 191 214 185 216 180 215
135 166 137 182 139 197 144 211 153 223 163 234 175 243 188 246 202 242 213 232 223 220 231 207 235 193 237 178 238 163 239 147 143 142 151 138 160 138 168 140 176 144 192 144 200 140 209 137 219 137 227 141 184 155 184 167 184 178 185 189 174 193 179 195 185 197 190 195 195 192 153 154 159 150 167 151 173 157 166 158 158 157 197 157 203 151 211 150 217 153 212 157 204 158 166 208 172 205 180 204 185 205 191 203 198 204 205 206 199 217 192 223 186 224 180 224 172 219 169 209 180 208 185 209 191 208 202 207 191 216 186 217 180 217
135 167 137 182 139 197 144 211 152 223 163 234 174 243 188 246 201 242 213 233 223 221 230 208 235 194 237 179 238 164 239 149 143 142 151 138 160 138 168 140 176 144 192 144 200 140 209 138 219 137 227 141 184 155 184 166 184 177 184 189 174 193 179 195 185 197 190 195 195 192 153 154 159 151 167 151 173 157 166 158 158 158 197 157 203 151 211 150 217 153 212 157 204 158 166 209 172 206 180 204 185 206 191 204 198 205 205 207 199 218 192 223 186 225 180 224 172 219 169 210 180 209 185 209 191 208 202 208 191 216 185 217 180 217
135 165 137 180 139 196 143 209 151 222 162 232 173 240 187 243 200 240 212 231 222 220 230 207 234 193 237 177 238 162 239 147 144 142 151 138 160 138 168 140 176 144 192 144 200 140 209 137 218 137 227 141 184 155 184 166 184 177 184 188 174 193 179 195 185 197 190 195 195 192 153 154 159 151 167 151 173 157 166 158 158 158 197 157 203 151 211 150 217 153 212 157 204 158 166 209 173 207 180 205 185 206 191 204 198 206 204 208 198 216 192 221 186 222 180 221 173 217 170 210 180 210 185 210 191 209 201 209 191 213 186 215 180 214
135 166 137 181 139 196 143 209 151 221 162 231 173 239 186 242 200 239 212 230 222 220 230 207 235 193 237 178 238 163 239 148 143 142 151 138 160 138 168 140 176 144 193 143 201 139 210 137 219 137 227 140 184 155 184 166 184 177 185 188 174 193 179 195 185 197 190 195 195 193 153 154 159 150 167 151 173 157 166 158 158 158 197 157 204 151 211 150 217 153 212 157 204 158 167 209 173 207 180 206 185 207 191 205 197 206 204 208 198 215 192 218 186 219 180 219 173 216 170 210 180 211 185 211 191 210 201 209 191 211 186 212 180 212
135 165 136 179 138 194 143 208 150 220 161 230 173 239 186 242 200 239 212 230 223 219 230 206 235 192 237 177 238 162 239 147 143 141 151 138 160 138 168 140 176 143 192 143 200 139 209 137 219 137 227 140 184 155 184 166 184 177 184 188 174 193 179 195 184 197 190 195 195 192 153 153 159 150 167 151 173 157 166 158 158 157 197 156 203 150 211 150 217 152 212 157 204 157 167 210 173 207 180 206 185 207 190 205 197 206 204 208 197 215 191 219 185 220 180 219 173 216 170 210 180 211 185 211 190 210 200 209 190 211 185 212 180 212
135 166 136 181 139 196 143 209 151 221 161 232 173 240 186 243 200 240 212 231 222 219 230 206 235 192 237 177 238 162 239 147 144 141 151 137 160 138 168 140 176 143 192 143 200 139 209 136 218 136 226 139 184 155 184 166 184 177 184 188 174 193 179 195 184 197 190 195 195 192 153 153 159 150 167 150 173 156 166 158 158 157 196 156 203 150 211 149 217 152 212 157 204 157 167 210 173 207 180 206 185 207 190 205 197 206 204 209 198 216 191 220 185 221 180 220 173 217 170 210 180 211 185 211 190 210 200 209 190 212 185 213 180 213
135 166 136 181 139 197 144 211 152 223 162 234 173 243 187 246 201 242 212 233 222 221 230 208 234 193 237 178 238 162 239 147 143 141 151 137 159 137 168 139 176 143 192 143 200 139 209 136 218 136 226 140 184 154 184 165 184 176 184 187 174 193 179 195 184 197 189 195 194 192 153 153 159 150 167 150 173 156 166 157 158 157 196 156 203 150 210 149 217 152 212 157 204 157 166 210 172 207 179 205 184 207 190 205 197 206 204 209 198 218 191 222 185 223 179 223 172 219 169 210 180 211 184 211 190 210 200 209 190 214 185 215 180 215
135 166 136 181 139 197 144 211 151 223 162 234 173 243 187 246 200 243 212 233 222 222 229 208 234 194 237 178 238 163 239 148 143 141 150 137 159 138 168 140 175 143 192 143 200 139 209 137 219 136 227 140 184 155 184 166 184 176 184 187 174 193 179 195 184 197 190 195 195 192 152 153 159 150 166 150 173 156 166 158 158 157 196 156 203 150 210 149 217 152 212 157 204 157 166 210 172 207 179 206 185 207 190 205 197 206 204 209 198 218 191 223 185 224 179 224 172 219 169 210 180 210 185 211 190 210 201 210 190 215 185 216 180 216
135 165 136 180 138 196 143 210 151 222 162 232 173 241 187 244 200 241 212 231 222 220 230 207 234 193 237 177 238 162 239 147 143 141 151 137 159 138 168 140 175 144 192 143 200 139 209 137 218 136 226 140 184 155 184 166 184 177 184 188 174 193 179 195 184 197 189 195 194 193 153 153 159 150 167 150 173 156 166 158 158 157 196 156 203 150 210 149 217 152 211 157 204 157 167 210 173 208 180 207 184 209 189 207 196 208 203 209 197 217 191 220 185 221 180 221 173 217 170 211 180 212 185 212 190 211 200 210 190 213 185 214 180 214
135 166 136 181 139 196 143 210 151 222 161 232 173 241 186 244 200 240 212 232 222 220 230 207 234 193 237 177 238 162 238 147 143 142 151 138 159 138 168 140 175 144 192 143 200 139 209 137 218 136 226 140 184 155 184 166 184 177 184 188 174 193 178 195 184 197 189 195 194 193 153 154 159 150 166 151 172 157 166 158 158 157 196 156 203 150 210 149 217 152 212 157 204 158 166 210 173 209 179 208 184 209 189 207 196 208 203 209 197 216 190 220 185 221 180 220 173 217 170 211 180 212 184 213 189 211 200 210 190 213 185 214 180 214
135 166 136 181 139 196 144 210 151 223 162 233 173 242 187 245 201 242 212 232 222 221 230 207 234 193 237 177 238 162 238 147 143 141 151 138 159 138 168 140 175 144 192 143 200 139 209 137 218 136 226 140 184 155 184 166 184 177 184 188 174 193 178 195 184 197 189 195 194 193 153 153 159 150 166 151 172 156 166 158 158 158 196 156 203 150 210 149 217 152 211 157 204 157 166 211 173 209 179 207 184 209 189 207 196 208 204 209 197 218 191 221 185 222 180 222 173 218 170 211 179 212 184 213 189 211 201 210 190 214 185 215 180 214
135 167 136 182 139 197 144 211 152 224 162 235 173 243 187 246 200 243 212 234 222 222 229 208 234 194 237 178 238 162 238 147 143 141 150 138 159 138 168 140 175 144 192 143 200 139 209 137 218 137 226 140 184 155 184 166 184 177 184 188 174 193 179 196 184 197 190 195 194 193 153 154 159 150 167 151 173 156 166 158 158 157 196 156 203 150 210 149 217 152 211 157 204 157 166 211 172 208 179 206 184 208 190 206 197 207 204 210 198 219 191 223 185 224 180 224 172 219 169 211 180 211 185 212 190 211 201 210 190 216 185 217 180 216
135 166 136 182 139 197 144 211 152 224 162 235 173 244 187 247 200 243 212 234 222 222 229 208 234 194 237 178 238 163 239 148 143 141 151 138 159 138 168 140 175 144 192 143 200 139 209 137 218 137 226 140 184 155 184 166 184 177 184 188 174 193 178 195 184 197 190 195 195 192 153 154 159 150 166 151 172 157 166 158 158 158 196 156 203 150 210 149 217 152 211 157 204 157 166 211 172 207 179 205 184 206 190 205 197 206 204 209 198 219 191 225 185 226 179 225 172 221 169 211 179 210 184 210 190 209 200 210 190 217 185 218 179 217
135 167 137 183 139 198 145 213 153 225 164 235 175 244 188 247 202 244 213 234 223 221 230 208 235 193 237 177 238 162 239 147 143 141 151 138 159 138 168 140 175 144 192 143 200 139 209 137 218 137 226 140 184 155 184 166 184 177 184 188 174 193 179 195 185 197 190 195 195 192 152 154 159 150 166 151 172 157 165 158 158 157 197 156 203 150 210 150 217 152 211 157 204 157 166 210 172 206 180 204 185 206 190 204 198 205 205 208 199 219 192 225 186 226 180 226 172 221 169 210 180 209 185 209 191 208 201 209 191 217 185 219 180 218
135 166 137 181 139 197 144 211 152 224 162 235 174 244 187 247 201 243 212 234 222 222 229 208 234 194 237 178 238 163 239 148 143 142 151 138 160 138 168 140 176 144 192 143 200 139 209 137 218 137 227 140 184 155 184 166 184 177 184 188 174 192 179 195 184 196 190 194 195 192 153 154 159 150 167 151 173 157 166 158 158 158 197 156 203 150 211 149 217 152 212 157 204 157 166 209 172 206 180 204 185 205 191 203 198 205 205 208 199 219 192 224 186 226 180 225 172 220 169 210 180 208 185 209 191 208 202 208 191 217 185 218 180 218
135 166 136 181 139 197 144 211 152 224 163 235 174 244 187 247 201 243 212 233 222 222 229 208 234 194 237 178 238 163 238 148 144 141 151 138 160 138 168 140 176 144 192 144 200 139 209 137 218 137 227 140 184 155 184 166 184 177 184 188 174 192 179 195 185 196 190 194 195 192 153 154 159 150 167 151 173 157 166 158 158 158 197 156 203 150 211 150 217 153 212 157 204 157 165 209 171 205 179 203 185 205 191 203 199 204 206 207 200 219 192 224 186 226 179 225 171 220 168 209 179 208 185 209 191 207 203 208 191 217 185 219 179 218
135 167 137 182 139 198 145 212 153 225 163 235 175 244 188 247 201 244 212 234 222 221 230 208 234 193 237 178 238 163 238 148 143 141 151 138 160 138 168 140 176 144 192 144 200 139 209 137 218 137 226 140 184 155 184 166 185 177 185 188 174 192 179 195 185 196 190 194 196 192 153 154 159 150 167 151 173 157 166 158 158 157 197 156 203 150 211 150 217 153 212 157 204 157 165 208 172 204 180 203 185 204 191 203 199 204 205 206 199 218 192 224 186 225 179 225 171 219 168 209 180 207 185 208 191 207 202 207 191 217 185 218 180 218
135 166 137 181 139 197 144 211 153 224 163 235 175 244 188 247 201 243 213 233 222 221 230 208 235 193 237 178 238 163 239 148 143 141 151 138 160 138 168 139 175 144 192 143 200 139 209 137 218 137 226 140 184 154 184 166 184 177 184 188 174 192 179 194 184 196 190 194 195 192 153 154 159 150 167 151 173 156 166 158 158 157 197 156 203 150 211 150 217 153 212 157 204 157 165 207 172 204 179 203 185 204 191 202 199 203 206 206 199 218 192 223 185 225 179 224 172 219 168 208 179 207 185 208 191 207 203 207 191 216 185 218 179 217
135 166 137 181 139 196 144 210 153 223 163 234 175 243 188 246 201 242 213 232 223 220 230 207 235 193 237 177 238 162 239 147 143 141 151 137 160 137 168 139 176 143 192 143 200 139 209 136 218 136 226 140 184 154 184 165 184 176 184 187 174 192 179 194 184 196 190 194 195 191 153 153 159 150 166 151 173 156 166 157 158 157 196 156 203 150 210 149 217 152 211 156 204 157 165 207 172 204 179 202 185 204 191 202 199 203 206 205 199 216 192 222 186 223 179 222 172 217 168 207 180 206 185 207 191 206 203 206 191 214 185 216 180 215
135 167 137 182 139 197 144 211 152 223 163 233 174 241 188 244 201 241 213 232 223 220 231 207 235 193 237 178 238 163 239 148 143 141 151 137 160 137 168 139 176 143 192 143 200 139 209 136 218 136 226 140 184 154 184 165 184 176 184 187 174 191 179 194 184 195 190 193 195 191 153 153 159 149 167 150 173 156 166 157 158 156 196 156 203 150 210 149 217 152 211 156 204 157 165 206 172 203 180 202 185 203 191 201 199 202 206 204 200 215 192 220 186 221 180 220 172 216 168 207 180 206 185 207 191 205 203 205 191 213 185 214 180 214
135 166 137 181 139 197 144 210 153 223 163 233 175 241 188 244 202 241 213 231 223 220 231 207 235 192 238 177 238 162 239 147 144 140 152 137 160 137 168 139 176 143 192 142 200 138 209 136 218 136 226 139 184 154 184 165 184 176 185 187 174 191 179 193 185 195 190 193 196 190 154 153 160 150 167 151 173 156 166 157 159 156 197 155 203 151 210 150 216 152 211 156 204 156 165 205 172 203 180 202 185 203 191 201 199 202 206 203 200 214 192 219 186 220 180 220 172 215 168 206 180 205 185 206 191 205 203 204 192 212 186 214 180 213
135 167 136 182 139 197 144 211 152 223 162 234 173 242 187 244 200 241 213 232 223 220 231 207 236 193 238 177 239 162 239 147 147 141 153 137 161 137 169 138 176 143 193 142 200 138 208 136 217 136 224 140 184 154 184 165 184 175 184 186 174 190 179 193 185 195 190 193 196 190 157 156 162 156 168 156 174 156 168 158 162 158 196 156 202 155 208 155 214 155 208 157 202 157 165 205 172 202 180 201 185 203 191 201 199 201 206 203 200 214 192 219 185 220 179 220 172 215 168 206 180 205 185 206 191 205 203 204 192 212 185 214 179 213
135 167 137 183 139 198 144 211 153 224 163 234 174 243 187 245 201 241 213 232 223 220 231 207 235 192 238 177 239 162 239 147 146 141 153 137 161 137 169 138 176 143 193 142 200 138 208 136 217 136 224 140 184 154 184 165 184 175 184 186 174 190 179 193 185 195 190 193 196 190 156 157 162 157 168 157 173 157 168 158 162 159 196 156 202 156 208 156 214 156 208 158 202 158 166 206 172 203 179 201 185 203 191 201 199 201 206 204 200 215 192 220 186 222 179 221 172 217 168 207 180 205 185 206 192 205 203 205 192 213 185 215 180 214
135 168 137 183 140 198 145 212 152 224 163 235 174 243 188 246 201 242 213 233 223 221 231 208 235 193 238 178 239 163 239 147 145 141 152 137 160 137 169 139 176 143 193 142 200 138 209 136 218 136 225 140 185 154 185 165 185 176 185 187 174 191 179 193 185 195 190 193 196 190 156 155 161 154 167 154 173 156 167 157 161 157 197 156 203 154 209 154 215 154 209 156 203 157 166 207 172 203 180 202 185 203 192 201 199 202 205 205 200 216 193 221 186 223 179 222 172 217 169 208 180 205 185 206 192 205 203 206 192 214 186 216 180 215
136 167 137 182 140 198 144 212 152 224 163 235 174 243 187 246 201 242 213 232 223 221 231 207 235 193 237 177 238 163 239 147 145 141 152 137 161 137 169 139 176 143 193 143 200 139 209 136 218 136 226 140 185 154 185 165 185 176 185 187 174 191 179 194 185 195 191 193 196 191 154 154 160 152 167 152 173 156 167 157 160 157 197 156 203 152 210 152 216 153 210 156 204 157 166 207 172 203 180 202 185 203 192 201 199 202 206 205 200 216 193 222 186 223 180 223 172 218 169 208 180 206 185 207 192 205 203 206 192 215 186 216 180 216
136 166 137 182 139 197 144 211 153 223 163 234 175 243 188 245 201 242 212 232 222 220 230 207 235 193 238 178 239 163 239 147 144 141 151 137 160 137 169 139 176 144 193 143 200 139 209 136 219 136 227 140 185 154 185 165 185 176 185 187 174 191 179 194 185 196 191 194 196 191 154 154 160 151 167 152 173 156 167 157 160 157 197 156 204 151 210 151 217 153 211 156 204 157 166 207 172 203 180 202 185 203 192 201 199 202 206 205 200 216 193 222 186 224 180 223 172 218 168 208 180 206 186 207 192 206 203 206 192 215 186 216 180 216
136 167 137 182 139 198 144 212 152 224 162 235 174 243 188 246 201 242 213 232 223 220 230 207 235 193 237 178 238 163 239 148 144 141 152 137 160 137 169 139 176 143 193 143 200 139 209 137 219 136 226 140 185 154 185 165 185 176 185 187 174 191 179 194 185 196 191 194 196 191 154 154 160 151 167 151 173 156 166 157 159 157 197 156 203 151 210 150 217 153 211 156 204 157 165 207 172 203 180 202 185 203 191 201 199 202 206 205 200 216 192 222 186 223 179 223 172 218 168 208 180 206 185 207 192 205 203 206 192 215 186 217 180 216
135 166 137 182 139 198 144 212 152 224 163 235 175 243 188 246 201 243 213 233 223 221 230 207 235 193 237 177 238 162 239 147 144 141 152 137 160 137 169 139 176 144 193 143 201 139 210 137 219 137 227 140 185 154 185 165 185 176 185 188 174 192 179 194 185 196 191 194 196 191 154 154 160 151 167 152 173 156 166 157 160 157 197 156 203 152 210 151 217 153 211 156 204 157 165 206 172 203 180 202 185 204 191 202 199 202 206 205 200 217 192 223 186 224 179 223 171 218 168 207 180 206 185 207 192 206 203 206 192 216 185 217 180 217
135 166 136 182 139 198 144 212 152 225 162 236 173 245 187 248 201 244 213 234 223 222 231 208 235 193 238 177 239 162 239 147 146 142 153 138 161 138 169 139 176 144 193 143 200 139 209 136 218 136 225 140 185 155 184 166 184 177 184 187 173 191 179 194 184 196 190 194 195 191 157 157 162 157 168 157 174 157 168 159 162 159 196 157 203 156 208 156 215 155 209 158 203 158 165 206 171 204 179 203 185 204 191 202 199 202 206 205 200 217 192 223 185 224 179 224 171 219 167 207 179 206 185 207 191 206 203 206 192 216 185 217 179 217
135 167 136 183 139 199 144 213 152 226 162 237 174 246 187 249 201 245 212 235 222 223 230 209 234 194 237 179 238 164 239 149 146 142 153 138 161 138 169 140 176 144 193 144 200 139 209 137 217 138 224 142 184 155 184 166 184 177 184 188 174 192 179 195 184 196 190 194 195 191 156 158 162 158 168 157 174 158 168 159 162 160 196 158 203 157 208 157 214 157 209 159 203 159 164 207 171 204 179 203 185 204 191 202 199 203 206 205 200 218 192 224 185 226 179 225 171 220 167 208 179 207 185 207 191 206 203 207 192 217 185 219 179 218
135 167 136 183 139 199 144 213 152 226 162 238 173 247 187 250 200 246 212 236 222 223 230 210 234 195 237 179 238 164 239 149 145 142 152 138 161 138 169 140 176 144 193 144 201 139 209 137 218 137 225 141 184 155 184 166 184 177 184 188 174 193 179 195 184 197 190 195 195 192 155 156 161 155 167 155 173 157 167 158 161 158 197 157 203 155 209 154 215 155 209 157 203 158 165 208 171 204 179 203 185 205 191 203 200 203 206 206 200 219 192 226 185 227 178 226 170 221 167 209 179 207 185 208 192 207 203 207 192 219 185 220 179 219
135 166 137 182 139 198 144 212 152 225 162 236 174 246 187 249 200 245 212 235 222 223 230 209 234 194 237 178 238 162 239 147 144 142 152 138 160 138 169 140 176 144 193 144 201 140 209 137 219 137 227 141 184 155 185 166 184 177 185 188 174 193 179 195 185 197 190 195 195 192 154 155 160 153 167 153 173 157 166 158 160 158 197 157 203 153 210 152 216 154 211 157 204 158 165 208 171 205 179 204 185 205 191 203 199 204 205 207 199 220 192 226 185 227 179 226 171 221 168 209 179 208 185 208 191 207 203 208 191 219 185 220 179 219
135 167 137 183 139 198 144 213 153 226 163 237 174 246 188 249 201 245 213 235 222 223 230 209 235 194 237 179 238 163 239 148 144 142 152 138 160 138 169 140 176 144 193 144 201 140 210 137 219 137 227 141 185 155 185 166 185 178 185 189 174 193 179 196 185 197 190 195 196 193 154 154 160 152 167 152 173 157 166 158 159 157 197 157 204 152 211 151 217 153 212 157 204 158 166 210 171 206 179 204 185 206 191 204 198 206 205 209 199 220 191 226 185 227 179 226 171 221 168 210 179 209 185 210 191 209 202 210 191 219 185 220 179 219
135 167 137 182 139 198 144 212 153 225 163 236 174 245 187 248 200 245 211 235 221 223 229 210 234 195 237 180 238 164 239 148 144 142 151 138 160 139 168 141 176 144 193 144 201 140 210 138 219 137 227 141 185 156 185 167 184 178 185 189 174 194 179 196 185 198 191 196 196 193 154 154 160 151 167 152 173 157 166 158 159 158 197 157 203 151 211 151 217 154 212 158 204 158 167 212 173 208 180 206 185 208 190 206 198 208 204 211 198 221 191 226 185 228 180 227 173 222 170 212 180 211 185 212 190 211 201 212 191 218 185 219 180 219
135 166 137 182 139 198 145 212 153 225 163 235 174 244 187 247 201 244 212 234 222 222 230 209 234 195 237 179 238 163 239 147 144 143 151 139 160 139 169 140 176 144 193 144 201 140 210 138 219 138 227 141 184 156 184 167 184 178 184 189 174 194 179 197 185 198 190 196 195 194 154 154 160 151 167 152 173 157 166 158 159 158 197 157 203 151 211 151 217 153 212 158 204 158 169 213 174 210 181 208 185 209 190 207 197 209 203 212 197 221 191 226 186 227 181 226 174 222 172 214 181 213 185 213 190 212 200 212 190 218 186 219 181 218
135 167 137 183 140 199 145 213 153 225 164 235 175 244 188 247 201 244 212 234 222 223 229 209 234 195 237 179 238 163 239 147 144 142 152 138 160 139 169 141 176 144 193 144 201 140 210 138 219 137 227 141 185 156 185 167 185 178 185 189 175 195 180 197 185 198 190 197 195 194 154 154 160 151 168 152 173 157 167 159 159 158 197 157 204 151 211 151 217 153 212 158 205 158 170 214 175 211 181 210 185 211 190 209 196 210 202 213 197 221 191 225 186 226 181 225 175 222 173 214 181 214 185 215 190 214 199 213 190 217 186 218 182 218
135 167 137 183 140 199 146 213 154 225 164 236 175 244 188 247 201 244 212 235 222 223 230 209 235 194 238 178 239 162 239 147 144 142 151 138 160 139 169 141 176 144 193 144 201 140 210 138 219 137 227 141 185 156 185 167 185 177 185 189 175 195 180 197 185 198 191 197 196 194 154 154 160 151 168 152 173 157 167 158 159 158 197 157 204 151 211 150 217 153 212 158 205 158 171 214 176 212 182 210 186 212 191 210 197 211 203 213 197 221 192 225 187 226 182 225 176 222 174 215 182 215 186 216 191 214 200 214 191 217 186 218 182 217
136 166 137 182 140 197 145 212 153 224 163 235 175 244 188 247 202 243 213 234 223 222 230 208 235 194 237 178 239 162 239 147 144 142 152 138 160 138 169 140 176 144 193 144 201 140 210 137 219 137 227 141 185 155 185 166 185 177 185 189 175 195 180 197 185 198 191 197 196 194 154 154 160 151 168 151 174 157 167 158 159 158 197 157 204 151 211 150 218 153 212 157 205 158 171 214 176 212 182 210 186 211 191 209 197 211 203 212 198 220 192 224 187 225 182 224 176 221 174 214 182 215 186 215 191 214 200 213 191 216 187 217 182 217
136 166 137 182 140 198 145 212 153 224 164 235 176 243 189 246 203 242 214 233 224 221 231 208 236 193 238 178 239 162 240 147 144 142 152 138 160 138 169 140 176 144 193 144 201 140 210 137 219 137 227 141 185 156 185 166 185 177 185 188 175 194 180 197 185 198 191 196 196 194 154 154 160 151 168 151 173 157 167 158 159 158 197 157 204 151 211 150 218 153 213 158 205 158 170 213 176 210 182 209 186 210 191 208 197 209 204 211 198 219 192 222 187 223 182 223 176 220 173 213 182 213 186 214 191 213 201 212 191 215 186 216 182 215
136 166 138 181 140 196 144 210 152 223 162 233 174 241 187 244 201 241 213 232 223 221 230 208 235 194 238 178 239 163 240 148 144 142 152 138 160 138 169 140 176 144 193 144 201 140 210 137 219 137 227 141 185 155 185 166 185 177 185 188 175 194 180 196 185 197 190 196 195 194 154 154 160 151 167 151 173 157 167 158 159 158 197 157 204 151 211 150 218 153 213 157 205 158 168 211 175 210 181 208 185 209 190 207 196 209 203 210 197 217 191 220 186 221 181 221 175 218 172 212 181 213 185 213 190 212 200 211 190 213 186 214 181 214
136 166 137 181 139 196 144 210 152 222 162 232 174 240 187 243 201 240 213 232 223 221 231 208 235 193 238 178 239 163 240 148 145 142 152 138 160 138 168 140 176 144 193 144 201 140 210 137 219 137 227 141 185 155 185 166 185 177 185 188 175 194 180 196 185 197 191 196 196 194 154 154 160 151 167 151 173 157 167 158 159 158 197 157 204 151 212 150 218 153 213 157 205 158 168 210 175 209 181 208 185 209 190 207 197 208 204 209 197 216 191 219 186 220 181 219 175 217 171 211 181 212 185 213 190 212 201 210 190 212 186 214 181 213
136 166 137 181 139 196 144 210 152 222 162 232 174 241 187 243 201 240 213 231 223 220 231 208 235 194 238 178 239 163 239 148 144 142 152 138 160 138 169 140 176 144 193 144 201 140 210 137 219 137 227 141 185 155 185 166 185 177 185 188 175 194 180 196 185 197 191 196 196 194 154 154 160 151 168 151 173 157 167 158 159 158 197 157 204 151 212 150 218 153 213 157 205 158 168 210 174 209 181 208 185 209 190 207 197 208 204 209 197 215 191 219 186 220 181 219 175 216 171 210 181 212 185 212 190 211 201 210 190 212 186 213 181 213
136 165 137 180 139 196 144 209 152 222 162 232 174 240 187 243 201 240 212 231 223 220 230 208 235 194 238 178 239 163 240 148 144 142 152 138 161 138 169 140 176 144 193 144 201 140 210 137 220 137 228 141 185 155 185 166 185 177 185 188 175 194 180 196 185 198 191 196 196 194 154 154 160 151 168 151 174 157 167 159 159 158 197 157 204 151 212 150 218 153 213 158 205 158 168 210 174 209 181 208 185 209 190 207 197 208 204 209 197 215 191 219 186 220 181 219 174 216 171 210 181 212 185 212 190 211 201 210 190 212 186 213 181 213
136 166 137 181 139 196 144 210 152 222 162 232 173 240 187 243 201 240 213 232 223 221 231 208 235 194 238 179 239 164 240 149 144 142 152 138 160 138 169 140 176 144 193 144 201 140 210 137 220 137 228 141 185 155 185 166 185 177 185 188 175 194 180 196 185 197 191 196 196 193 153 154 160 151 167 151 173 157 167 158 159 158 197 157 204 151 212 150 218 153 213 157 205 158 168 210 174 208 181 207 185 208 190 207 197 208 205 209 198 215 191 218 186 219 181 218 174 216 171 210 181 212 185 212 190 211 201 209 191 212 186 213 181 212
136 166 137 180 139 195 144 209 151 222 162 232 174 240 187 243 201 240 213 231 223 221 231 208 235 194 238 178 239 163 240 148 144 142 152 138 160 138 169 140 176 145 193 144 201 140 210 137 220 137 228 141 185 155 185 166 185 177 185 188 175 194 180 196 185 197 191 196 196 193 154 154 160 151 168 151 173 157 167 158 159 158 197 157 204 151 212 150 218 153 213 158 205 158 168 209 174 208 181 207 185 208 190 207 197 208 205 208 198 215 191 218 186 219 181 219 174 216 171 210 181 211 185 212 190 211 201 209 190 212 186 213 181 212
135 168 136 183 139 198 144 212 152 223 163 233 174 240 187 243 201 240 213 231 223 220 231 208 236 194 238 179 239 163 240 148 144 142 152 138 160 138 169 140 176 144 193 144 201 140 210 137 220 137 228 141 185 155 185 166 185 177 185 188 175 194 180 196 185 197 191 196 196 193 154 154 160 151 168 151 173 157 167 159 159 158 197 157 204 151 212 150 218 153 213 158 205 158 167 209 174 208 181 207 186 208 190 207 197 207 205 208 198 215 191 218 186 219 181 218 174 215 171 210 181 211 186 212 190 211 201 209 191 212 186 213 181 212
135 167 136 182 139 197 144 210 152 222 162 232 173 240 187 243 200 240 212 231 222 221 230 208 235 194 238 179 239 164 240 148 144 142 152 138 160 138 168 140 176 144 193 144 201 140 210 137 220 137 228 141 185 155 185 166 185 177 185 188 175 194 180 196 185 197 191 196 196 193 154 154 160 151 167 151 173 157 167 158 159 158 197 157 204 151 212 150 218 153 213 158 205 158 167 209 174 208 181 207 185 208 190 207 197 207 205 208 198 215 191 218 186 219 181 218 174 215 171 210 181 211 186 212 190 211 201 209 190 212 186 213 181 212
136 167 137 182 140 196 144 210 152 222 161 232 173 240 187 243 200 240 212 232 223 221 231 208 235 194 238 179 239 164 240 149 145 142 152 138 160 138 169 140 176 144 193 144 201 140 210 137 219 137 227 141 185 155 185 166 185 177 185 188 175 194 180 196 185 197 191 195 196 193 154 154 160 151 168 151 174 157 167 159 159 158 197 157 204 151 212 150 218 153 213 158 205 158 168 209 175 208 181 207 186 208 191 206 197 207 205 208 198 215 191 218 186 219 181 218 175 215 171 210 181 211 186 212 191 211 202 209 191 211 186 212 181 212
135 167 136 182 139 197 144 211 152 222 162 232 174 240 187 243 200 240 212 231 222 220 230 208 235 194 238 178 239 163 240 148 144 142 152 138 160 138 169 140 176 144 193 144 201 140 210 137 220 137 228 141 185 155 185 166 185 177 185 188 175 194 180 196 185 197 191 196 196 193 154 154 160 151 168 151 174 157 167 158 159 158 198 157 204 151 212 150 218 153 213 157 205 158 168 209 174 208 181 207 186 208 190 206 197 207 205 208 198 215 191 218 186 219 181 218 175 215 171 210 181 211 186 212 190 211 201 209 191 211 186 212 181 212
136 166 137 181 139 196 144 209 151 221 162 232 173 240 187 242 201 239 213 231 223 220 231 207 235 193 238 178 239 163 240 148 144 142 152 138 160 138 169 140 176 144 193 144 201 140 210 137 220 137 228 141 185 155 185 166 185 177 186 188 175 194 180 196 185 197 191 196 196 193 154 154 160 150 168 151 174 157 167 158 159 158 198 157 204 151 212 150 218 153 213 157 205 158 168 209 175 208 181 207 186 208 190 206 197 207 205 208 198 214 191 217 186 218 181 218 175 215 171 210 181 211 186 212 191 211 201 209 191 211 186 212 181 212
136 167 137 181 139 196 144 210 152 221 162 231 173 239 187 242 201 239 213 230 223 220 231 207 235 193 238 178 239 163 239 148 144 142 151 138 160 138 169 140 176 144 193 144 201 140 210 137 219 137 227 141 185 155 185 166 185 177 185 188 175 194 180 196 185 197 191 196 195 193 153 154 160 151 168 151 173 157 167 159 159 158 197 157 204 151 212 150 218 153 213 158 205 158 167 209 174 208 181 207 186 208 190 206 197 207 205 208 198 215 191 218 186 219 181 218 174 215 170 210 181 211 186 212 191 211 202 209 191 212 186 213 181 212
136 167 137 182 139 197 144 210 152 222 162 232 174 240 187 242 201 239 213 231 223 220 231 208 235 193 238 178 239 163 239 148 144 142 151 138 160 138 168 140 176 144 193 144 201 140 210 137 219 137 227 141 185 155 185 166 185 177 185 188 175 194 180 196 185 197 191 196 196 193 153 154 160 151 167 151 173 157 167 159 159 158 197 157 204 151 212 150 218 153 213 158 205 158 167 209 174 208 181 207 185 208 190 207 197 207 205 208 198 215 191 218 186 219 181 218 174 215 170 210 181 211 185 212 190 211 202 209 190 212 186 213 181 212
136 166 137 181 139 196 144 210 151 222 162 232 174 240 187 242 201 239 213 231 223 220 231 207 235 193 238 178 239 163 240 147 144 142 151 138 160 138 168 140 176 144 193 144 201 140 210 137 219 137 227 141 185 155 185 166 185 177 185 188 175 194 180 196 185 197 190 196 195 193 153 154 160 151 167 151 173 158 166 159 159 158 197 157 204 151 211 150 218 153 213 158 205 158 167 209 174 208 181 207 185 208 190 206 197 207 205 208 197 215 191 219 186 220 181 219 174 216 171 210 181 211 185 212 190 211 201 209 190 212 186 213 181 212
136 167 137 181 139 196 143 210 151 222 161 231 173 239 186 242 200 239 212 231 222 220 230 208 235 194 237 178 238 163 239 148 143 142 151 138 160 138 168 140 176 144 193 144 201 140 210 137 219 137 227 141 184 155 185 166 185 177 185 188 174 194 179 196 185 198 190 196 195 194 153 154 159 151 167 151 173 158 166 159 158 158 197 157 204 151 211 150 218 153 212 157 205 158 167 209 174 208 181 207 185 208 190 206 197 207 204 209 197 215 191 218 186 219 181 219 174 216 170 210 181 211 185 212 190 211 201 209 190 212 185 213 181 212
135 167 137 182 139 196 143 210 151 222 161 232 173 240 186 242 200 239 212 231 223 220 230 207 235 193 237 178 239 163 239 148 143 142 151 138 160 138 168 141 176 144 192 144 200 140 209 137 219 137 227 141 184 155 184 166 184 177 185 188 174 194 179 196 185 198 190 196 195 193 153 154 159 151 167 151 173 157 166 159 158 158 197 157 204 151 211 150 218 153 212 158 204 158 167 209 174 208 180 207 185 208 190 206 197 207 205 209 197 215 191 218 186 219 180 219 174 216 170 210 181 211 185 212 190 211 201 209 190 212 185 213 181 212
135 167 137 182 139 197 144 210 151 222 162 232 174 240 187 242 200 239 212 231 223 220 230 208 235 194 237 178 239 163 239 148 143 142 151 138 160 138 168 140 175 144 192 144 200 140 209 137 219 137 227 141 184 155 185 166 185 177 185 188 174 194 179 196 185 197 190 196 195 193 153 154 159 151 167 151 173 157 166 159 158 158 197 157 203 151 211 150 217 153 212 158 204 158 167 209 174 208 181 207 185 208 190 206 197 207 205 209 198 215 191 219 186 220 181 219 174 216 170 210 181 211 185 212 190 211 201 209 190 212 185 213 181 212
135 167 137 182 139 197 143 210 151 222 161 232 173 240 186 243 200 240 212 231 222 221 230 208 234 194 237 178 238 163 239 148 144 142 151 138 160 138 168 140 176 144 192 144 200 140 209 137 219 137 227 141 184 155 184 166 184 177 185 188 174 194 179 196 185 197 190 196 195 193 153 154 159 151 167 151 173 157 166 159 158 158 197 157 204 151 211 150 218 153 212 158 204 158 167 210 174 208 181 207 185 208 190 206 197 207 205 209 198 216 191 219 186 220 181 219 174 216 170 210 181 211 185 212 190 211 201 209 190 212 185 213 181 213
135 167 137 182 139 197 144 210 151 222 162 232 173 240 186 242 200 239 211 231 222 221 230 208 234 194 237 178 238 163 239 148 143 142 151 138 160 138 168 140 175 144 192 144 200 140 209 137 219 137 227 141 184 155 184 166 184 177 184 188 174 194 179 196 184 197 190 196 195 194 153 154 159 151 167 151 173 158 166 159 158 158 197 157 203 151 211 150 217 153 212 157 204 158 167 210 174 208 180 207 185 208 190 206 197 207 204 209 197 216 191 219 185 220 180 219 174 216 170 210 180 211 185 212 190 211 201 209 190 212 185 213 180 212
135 167 136 182 139 197 143 210 151 222 161 232 173 240 186 242 200 239 212 231 222 221 230 208 234 194 237 178 238 163 239 148 143 142 151 138 159 138 168 140 175 144 192 144 200 140 209 137 219 137 227 141 184 156 184 166 184 177 184 188 174 194 179 196 184 197 190 196 195 193 153 154 159 151 167 151 173 157 166 159 158 158 196 157 203 151 211 150 217 153 212 158 204 158 166 209 173 208 180 207 185 208 190 206 197 207 204 209 197 215 191 218 185 219 180 219 173 216 170 210 180 211 185 212 190 211 201 209 190 212 185 213 180 212
135 168 136 183 139 198 143 211 151 223 161 232 173 240 186 243 200 240 212 231 222 221 230 208 234 194 237 179 238 164 239 149 143 142 151 138 159 138 167 140 175 144 192 144 200 140 209 137 218 137 226 141 184 155 184 166 184 177 184 188 174 194 179 196 184 197 190 195 195 193 152 154 159 151 166 151 172 157 166 159 158 158 196 157 203 151 211 150 217 153 212 158 204 158 166 210 173 208 180 207 185 208 190 206 197 207 204 209 197 215 191 219 185 219 180 219 173 216 170 210 180 211 185 212 190 211 201 209 190 212 185 213 180 212
