135 152 137 167 139 183 143 198 150 211 160 222 172 230 186 233 201 231 214 224 225 215 234 202 239 188 243 172 245 156 246 141 143 126 151 121 162 122 172 126 182 129 195 130 205 127 216 124 227 123 235 129 188 138 188 147 187 157 187 167 176 176 181 178 187 179 193 178 198 177 154 139 161 136 168 136 174 141 167 142 160 142 203 141 209 137 217 137 223 140 217 144 210 144 167 197 174 195 181 194 186 196 192 194 199 196 208 199 199 203 192 203 186 204 180 203 173 201 169 197 181 197 186 199 192 198 205 199 192 198 186 198 180 197
135 153 137 168 139 184 143 199 150 211 160 222 172 230 186 233 201 231 214 224 225 215 234 203 239 188 242 173 245 157 246 142 143 126 151 121 162 122 172 125 182 129 195 130 205 126 216 123 227 123 235 129 188 138 188 147 187 157 187 167 176 176 181 177 187 179 193 178 198 176 155 139 160 136 168 136 174 140 167 142 160 142 203 141 210 137 217 137 223 140 217 144 210 143 167 197 174 194 181 193 186 195 192 194 200 196 208 199 199 202 192 203 186 203 180 203 174 201 170 197 181 197 186 198 192 198 205 199 192 197 186 198 180 197
135 153 137 168 139 184 143 199 150 212 160 222 171 230 186 233 201 231 214 224 225 215 234 202 239 188 242 173 245 157 246 141 143 126 151 120 162 121 172 125 182 129 195 129 206 126 217 123 228 123 235 129 188 138 188 147 187 157 187 167 176 175 181 177 187 179 193 178 198 176 155 139 161 136 168 136 174 140 168 142 160 142 203 141 210 137 217 137 223 140 217 144 210 143 167 197 174 194 180 193 186 195 193 194 200 196 208 199 199 202 192 203 186 203 180 203 173 201 170 197 180 197 186 198 192 198 204 199 192 197 186 198 180 197
135 153 137 169 139 184 142 199 149 212 159 222 171 230 185 233 200 231 213 224 225 215 233 203 239 189 243 174 245 157 246 142 143 126 151 120 162 121 172 125 182 129 195 129 206 126 216 123 227 123 235 129 188 137 188 147 187 156 187 166 176 175 181 177 187 178 193 177 198 176 155 139 161 136 168 136 174 140 167 142 160 142 204 141 210 137 217 137 223 140 217 143 210 143 167 196 174 194 181 193 186 195 192 193 199 196 208 199 199 202 192 203 186 203 180 203 173 201 170 197 180 197 186 198 192 198 204 199 192 197 186 198 180 197
135 153 137 168 139 184 143 199 150 212 161 223 172 232 187 234 201 232 214 224 225 215 234 203 240 188 243 173 245 157 247 142 144 126 152 121 162 121 172 124 183 129 195 129 205 126 216 123 227 123 235 129 188 137 188 147 187 156 187 166 176 175 182 177 187 178 193 177 199 176 155 138 161 135 168 135 174 140 168 142 160 142 204 140 210 137 217 136 223 140 218 143 210 143 167 197 174 194 181 193 187 195 192 193 200 196 208 199 199 202 192 204 186 204 180 203 174 201 170 197 181 197 187 198 192 197 204 199 192 198 186 198 181 197
134 153 136 168 139 184 143 199 151 212 161 224 172 232 186 235 201 233 214 225 226 215 235 202 240 188 244 173 246 157 247 141 144 125 152 120 163 121 173 124 182 128 195 129 206 125 216 123 227 122 235 128 189 137 188 146 188 155 187 165 176 174 182 176 187 178 193 177 199 175 155 138 161 135 168 135 174 139 168 141 161 141 204 140 210 136 217 136 223 139 218 143 210 143 167 197 174 194 181 192 186 195 192 193 199 196 207 199 199 203 192 204 186 204 180 203 174 201 170 197 181 197 186 198 192 197 204 199 192 197 186 198 181 197
135 154 137 169 140 185 144 200 151 213 161 224 172 232 186 235 201 233 214 225 225 215 234 203 240 189 243 174 245 158 246 143 144 125 152 120 163 120 173 123 183 128 195 128 206 125 217 122 228 122 236 129 189 136 188 145 188 154 187 164 177 174 182 176 187 177 193 176 199 175 155 137 161 134 168 135 175 139 168 141 161 141 204 140 210 136 218 136 224 139 218 142 211 142 167 196 174 193 181 192 187 194 193 193 200 195 208 199 199 203 192 204 186 204 180 203 174 201 171 196 181 196 187 198 193 197 204 199 192 197 186 198 181 197
135 153 137 168 140 184 143 199 151 212 161 223 172 232 186 235 201 233 214 225 225 215 234 202 239 188 243 173 245 158 247 142 144 124 152 119 163 119 173 123 183 127 196 127 207 124 218 122 228 122 236 128 189 136 189 145 188 154 188 164 177 173 182 175 188 177 194 176 199 174 155 137 161 134 169 134 175 138 168 140 161 140 204 139 211 135 218 135 224 139 218 142 211 142 168 196 175 193 182 192 187 194 193 193 200 195 208 199 199 203 192 204 186 205 180 204 174 201 171 196 181 196 187 197 193 197 204 199 192 197 187 198 181 197
135 151 137 167 140 183 144 199 151 212 162 224 173 233 187 236 201 233 214 225 226 214 235 202 240 187 244 171 246 156 247 140 144 124 152 118 163 119 173 122 183 126 196 127 207 123 218 121 229 121 237 127 189 135 189 144 188 153 188 163 177 172 182 175 188 176 194 175 199 173 156 136 162 133 169 133 175 138 168 139 161 140 204 139 211 135 218 135 224 138 218 141 211 141 169 196 175 192 182 190 187 193 193 191 200 194 207 199 199 204 192 207 186 207 180 206 174 203 172 197 182 195 187 196 193 196 203 199 192 200 187 200 181 199
135 152 137 167 140 183 144 198 151 212 161 224 172 233 186 236 201 234 213 226 225 216 233 203 240 189 243 173 245 158 247 142 144 123 152 117 163 118 173 121 184 125 196 126 207 123 218 121 229 121 237 127 190 134 189 143 189 152 188 162 177 171 183 174 188 175 194 174 199 173 155 135 162 133 169 133 175 137 168 139 161 139 205 138 211 134 219 134 225 138 219 141 212 141 169 196 175 192 182 189 187 192 193 190 200 194 207 199 200 206 192 208 186 209 180 208 174 204 172 196 182 194 187 195 193 195 203 199 193 200 187 201 181 199
134 151 136 167 139 182 143 198 150 212 160 224 172 234 186 237 201 234 214 226 225 215 234 202 240 188 244 173 246 157 248 141 145 122 153 117 163 117 174 120 184 124 196 125 207 122 218 120 229 120 236 127 190 134 189 143 188 152 188 161 177 171 182 173 188 175 194 174 199 172 156 135 162 132 169 132 175 137 169 138 161 138 205 138 211 134 218 134 224 137 219 140 211 140 169 196 175 191 182 188 187 191 193 189 200 193 207 199 200 205 193 208 186 208 180 207 174 203 172 196 182 193 187 194 193 194 203 198 193 200 187 201 181 199
135 152 137 168 140 183 144 199 151 213 161 224 172 233 187 236 201 234 214 225 226 215 235 202 241 188 245 173 247 157 248 142 145 121 153 116 163 116 174 119 183 124 197 124 207 121 218 119 228 120 236 126 190 133 189 142 188 151 188 160 178 170 182 173 188 174 193 173 199 171 156 135 162 131 169 132 175 136 168 138 161 138 205 137 211 133 219 133 224 137 219 140 212 140 169 195 175 190 182 188 187 190 193 189 200 192 207 198 200 204 192 207 186 207 180 206 174 202 172 195 182 193 187 194 193 193 203 198 193 199 187 199 181 198
135 149 137 165 139 181 143 196 150 211 160 222 171 232 186 235 201 233 214 225 225 214 234 201 240 187 244 172 246 156 248 140 145 121 152 115 163 116 173 119 184 123 196 124 207 121 218 119 229 119 237 126 189 133 189 141 188 150 188 160 177 170 182 172 188 174 193 173 199 171 156 134 162 131 169 131 175 136 168 137 161 137 205 137 211 133 219 133 224 137 219 140 211 139 168 195 174 190 182 187 187 189 193 188 200 192 207 198 199 204 192 206 186 206 180 205 173 202 172 195 181 192 187 193 193 193 203 197 192 198 187 198 181 197
135 150 136 165 139 181 143 197 150 211 160 223 171 232 186 235 201 233 213 225 225 215 233 202 239 187 243 172 245 157 247 141 144 121 152 115 163 115 173 119 184 123 196 124 207 121 218 119 229 119 237 126 189 133 189 141 188 150 188 159 177 169 182 172 188 173 193 172 199 171 155 134 161 131 169 131 175 135 168 137 161 137 204 137 211 133 219 133 224 136 219 140 211 139 168 195 174 189 181 187 187 189 193 188 200 191 207 198 200 204 192 206 186 206 180 205 173 201 172 195 181 192 187 193 193 193 203 197 192 198 187 198 181 197
135 151 136 166 139 182 143 197 150 211 160 222 171 232 185 235 200 233 213 225 224 215 232 202 239 188 242 172 245 157 246 141 144 122 152 115 163 115 173 118 183 122 196 123 207 120 218 118 229 119 237 126 189 132 189 141 188 150 187 159 177 169 182 171 187 173 193 172 199 170 155 134 161 130 169 131 175 135 168 137 161 137 204 136 211 132 219 133 224 136 219 139 211 139 168 194 174 189 181 186 187 189 193 187 200 191 206 198 199 204 192 206 186 206 179 205 173 202 171 194 181 191 187 192 192 192 202 197 192 199 186 199 180 197
135 152 136 167 139 183 143 198 150 212 161 223 172 232 186 235 200 233 213 225 224 215 233 202 239 188 243 173 245 157 246 142 144 121 152 115 163 115 173 118 183 122 196 123 207 120 218 118 229 119 236 126 189 132 189 141 188 149 187 158 177 169 182 171 187 173 193 172 198 170 155 133 161 130 169 130 175 135 168 137 161 137 204 136 211 132 218 132 224 136 218 139 211 139 168 194 173 189 181 186 187 188 193 187 200 191 207 197 200 204 192 207 186 207 179 206 172 202 171 194 180 191 186 192 192 192 203 197 192 199 186 199 180 198
134 151 136 166 139 182 143 197 150 211 160 223 171 232 186 235 200 233 213 225 225 215 234 202 240 188 244 173 246 157 248 142 144 121 152 115 163 115 173 118 183 122 195 123 206 120 218 118 228 119 236 126 189 132 188 140 187 149 187 159 176 169 181 171 187 173 192 172 198 170 155 133 161 130 168 130 175 135 168 136 160 136 204 136 210 132 218 133 224 136 218 139 210 139 167 194 173 189 180 186 186 188 192 187 200 191 207 197 199 204 191 207 185 207 179 206 172 202 170 194 180 191 186 192 192 192 203 197 191 199 185 199 180 198
134 151 136 167 139 182 143 198 150 211 160 223 171 232 185 235 200 233 213 225 224 214 233 202 239 188 242 172 245 157 247 141 144 121 151 115 162 115 173 118 183 122 196 123 207 120 218 118 229 119 236 126 189 132 188 140 187 149 186 159 176 169 181 171 186 172 192 171 198 170 154 133 161 130 168 130 174 135 167 136 160 136 204 136 210 132 218 132 224 136 218 139 210 138 167 194 172 188 180 186 186 188 192 187 200 191 206 197 199 205 191 207 185 208 178 206 172 202 170 194 180 191 186 192 192 192 202 197 191 199 185 199 179 198
134 150 136 166 138 181 142 197 149 210 159 222 170 232 185 235 199 232 212 224 224 214 233 202 239 188 243 173 245 157 247 142 144 121 151 115 162 114 172 118 182 122 195 123 206 120 217 118 228 119 236 126 188 132 188 140 187 149 186 158 176 169 181 171 186 172 192 171 198 170 155 133 160 130 168 130 174 135 167 136 160 136 203 136 210 132 217 132 223 136 217 139 210 138 166 193 172 188 179 186 185 188 191 187 199 191 206 197 198 204 191 207 184 207 178 206 171 202 169 194 179 191 185 192 191 192 202 197 191 199 185 199 179 198
134 151 135 167 138 183 142 198 149 211 159 223 171 232 185 235 199 233 212 225 224 215 233 202 239 188 242 173 245 157 246 142 144 121 151 115 162 115 173 118 182 122 195 123 206 120 217 118 228 118 235 125 188 132 188 140 187 149 186 158 176 168 181 171 186 172 192 171 198 170 154 133 160 130 168 130 174 135 167 136 160 136 203 136 210 132 217 132 223 136 217 138 210 138 166 194 171 188 179 186 185 188 191 187 199 191 206 196 198 204 190 207 184 207 178 206 171 202 169 194 179 191 185 192 191 192 203 196 190 198 184 198 178 197
133 152 135 167 138 183 142 198 149 211 159 223 170 232 185 235 199 233 212 225 224 214 232 202 238 188 242 173 245 157 246 141 143 120 151 114 161 115 172 118 182 122 194 123 205 119 216 118 227 118 235 125 188 132 187 140 186 149 186 158 175 168 180 171 185 172 192 171 197 170 154 133 160 130 167 130 174 135 167 136 159 136 203 136 209 132 217 132 223 136 217 139 209 138 165 193 171 188 179 186 185 188 191 187 199 190 206 196 198 204 190 207 184 207 177 206 170 202 168 193 179 191 185 192 191 192 202 196 190 198 184 198 178 197
133 151 135 166 138 182 142 197 149 211 159 223 170 232 184 236 198 233 211 225 223 215 232 203 239 189 243 173 245 157 247 141 143 121 150 115 161 115 171 118 181 122 194 123 205 120 216 118 228 118 235 125 188 132 187 140 186 149 186 158 175 168 180 171 185 173 192 171 197 170 154 133 160 130 167 130 173 135 167 136 159 137 203 136 209 132 217 132 223 136 217 139 210 138 164 192 171 188 178 186 184 188 191 187 199 191 206 195 198 204 190 207 183 207 177 206 170 202 167 193 178 191 184 192 190 192 203 195 190 199 184 199 178 198
133 151 135 166 138 182 141 197 148 211 158 222 170 232 183 235 198 232 212 225 224 214 232 202 238 188 242 173 244 157 246 141 142 121 150 115 161 115 171 118 182 123 194 124 205 120 216 117 227 118 235 125 187 131 187 140 186 149 186 158 175 168 180 171 185 172 191 171 197 170 153 133 160 130 167 131 173 135 166 136 159 136 202 136 209 132 216 133 222 136 216 138 209 138 164 192 171 188 179 186 184 189 191 187 199 191 207 195 198 202 190 205 183 205 177 204 170 200 167 192 178 191 184 192 190 192 203 195 190 196 184 197 178 195
134 149 135 164 137 180 141 195 148 209 158 220 169 230 183 234 198 231 211 224 223 214 232 201 238 187 242 171 244 155 246 140 142 121 150 115 160 115 171 118 181 122 194 123 205 120 216 118 227 118 235 125 187 131 186 140 186 149 185 158 174 168 179 171 185 172 191 171 197 170 153 133 159 130 167 131 173 135 166 136 159 136 202 136 209 132 216 133 222 136 216 139 209 138 165 192 171 189 179 187 184 189 190 188 198 191 206 195 198 201 190 204 183 204 177 203 171 199 168 192 179 191 184 192 190 192 202 195 190 196 184 197 178 195
134 150 136 165 138 180 141 195 148 209 158 220 169 229 184 232 199 230 212 222 223 212 232 200 237 187 241 172 244 156 245 141 142 121 150 115 161 115 171 118 181 122 193 123 204 120 215 118 226 118 234 125 187 131 186 140 186 149 185 159 174 169 180 171 185 173 191 171 197 170 154 133 159 130 167 131 173 135 166 136 159 137 202 136 209 132 216 133 222 136 216 139 209 138 166 192 172 189 179 187 184 190 190 188 197 191 205 195 197 199 189 200 184 200 178 199 172 197 169 192 179 192 184 193 190 193 201 195 190 194 184 194 179 193
134 149 135 164 138 179 141 194 147 207 157 218 168 228 183 231 199 229 212 222 223 212 232 200 237 186 241 171 243 156 245 141 143 121 150 114 161 115 171 118 181 122 194 123 204 120 216 118 227 118 234 126 187 131 186 140 186 149 185 159 174 169 179 171 185 173 191 171 197 170 153 133 159 130 166 131 173 135 166 136 159 136 202 136 209 132 216 133 222 136 216 139 209 138 166 192 172 189 179 187 184 189 190 188 197 191 204 195 196 199 189 200 184 200 179 199 172 197 169 192 179 192 184 193 189 193 201 194 189 193 184 193 179 192
134 150 136 165 138 180 141 195 148 209 158 220 169 229 184 232 200 230 213 223 225 213 234 202 239 188 243 173 245 157 246 142 143 120 150 114 161 114 172 118 182 122 194 123 204 119 216 117 227 118 235 125 187 131 186 140 186 149 185 158 175 169 180 171 185 172 191 171 197 170 154 133 160 130 167 130 173 134 166 136 159 136 202 136 209 132 216 132 222 136 216 139 209 138 165 193 172 189 179 186 185 189 191 187 198 191 206 196 198 200 190 202 184 202 178 201 171 198 168 193 179 192 185 194 190 193 203 196 190 193 184 194 179 193
134 149 136 164 138 179 141 194 148 208 157 219 169 229 183 233 199 231 212 223 224 213 233 200 239 186 242 171 244 156 245 140 143 120 150 114 161 114 171 117 181 122 194 123 205 119 216 117 227 118 235 126 187 132 187 141 186 149 185 159 175 169 180 171 185 173 191 171 197 170 154 133 160 130 167 131 173 135 166 136 159 136 202 136 209 132 216 133 222 136 216 139 209 138 166 194 172 189 179 187 185 189 191 187 198 191 205 196 198 201 191 203 184 204 178 202 171 199 169 194 179 192 185 193 191 193 201 196 191 196 185 196 179 195
134 150 136 165 138 180 142 196 149 210 159 221 170 230 184 233 199 231 212 223 224 213 233 201 239 187 242 172 245 156 246 141 143 120 150 114 161 114 171 117 181 121 195 123 205 120 217 118 227 118 235 125 187 132 187 140 186 149 185 158 175 168 180 171 185 172 191 171 197 170 154 133 160 130 167 130 173 134 166 136 159 136 203 136 209 132 216 132 222 136 216 139 209 138 166 193 172 188 179 186 185 188 191 187 198 190 205 196 198 202 190 204 184 204 178 203 171 199 169 193 179 191 185 192 191 192 201 196 190 196 185 197 179 195
133 149 135 164 138 179 141 195 148 208 158 220 169 229 183 232 198 230 212 223 224 213 233 201 239 186 243 171 245 156 246 141 143 120 150 114 161 114 172 117 182 121 194 123 205 119 216 118 227 118 235 126 187 131 187 140 186 149 185 158 175 168 180 171 185 172 191 171 197 169 154 133 160 130 167 130 173 134 166 136 159 136 203 136 209 132 216 132 222 136 216 139 209 138 166 193 172 188 180 186 185 188 191 187 198 190 205 196 198 200 190 203 184 203 178 202 172 199 170 193 179 190 185 191 191 191 201 195 190 195 185 195 179 194
134 149 136 164 138 179 141 195 148 208 158 219 169 228 184 232 199 230 212 222 224 212 233 200 239 186 243 171 245 156 247 141 143 120 151 114 161 114 172 117 182 121 194 123 205 119 216 118 227 118 235 125 187 131 187 140 186 149 185 158 175 168 180 171 185 172 191 171 197 169 154 133 160 130 167 130 173 134 166 136 159 136 203 136 209 132 217 132 223 136 217 139 209 138 166 192 172 188 180 186 185 188 191 187 198 190 205 196 198 200 190 201 184 202 179 201 172 198 169 192 179 191 185 192 191 191 201 195 191 194 185 194 179 193
134 149 136 164 138 179 141 194 148 208 158 219 169 228 184 231 199 229 212 222 224 213 233 201 239 187 242 172 245 157 246 142 143 119 151 114 162 114 172 117 182 121 195 123 206 119 217 117 228 118 235 125 188 131 187 140 186 149 185 158 175 168 180 171 186 172 191 171 197 170 154 133 160 130 167 130 173 134 167 136 160 136 203 136 209 132 216 132 223 136 217 139 209 138 166 192 173 188 180 186 185 189 191 187 198 190 206 196 198 199 190 201 184 201 178 200 172 197 169 192 179 191 185 192 191 192 202 195 191 194 185 194 179 193
134 149 136 164 138 179 141 194 148 207 158 219 169 228 184 231 200 229 213 222 225 213 234 201 240 187 243 172 245 156 247 141 144 120 152 114 162 115 172 118 182 122 194 123 205 120 217 118 227 119 235 126 188 132 187 140 186 149 185 159 175 168 180 171 186 173 192 172 197 170 155 133 161 130 168 130 174 135 167 136 160 136 203 136 210 132 217 133 223 136 217 139 210 139 166 192 173 189 180 187 185 189 191 188 199 191 206 196 198 200 190 201 184 201 179 200 172 197 169 193 180 192 185 193 191 193 203 196 191 194 185 194 179 193
134 148 135 163 137 178 141 193 148 207 158 219 169 228 184 232 199 230 213 223 224 213 233 200 239 186 242 171 244 156 246 140 144 120 152 115 162 115 172 118 182 122 195 124 206 120 217 118 228 119 235 126 188 132 188 141 187 150 186 159 175 169 181 171 186 173 192 172 198 171 154 133 160 131 167 131 174 135 167 136 160 136 203 136 210 133 217 133 223 136 217 139 210 139 166 193 173 189 180 187 185 190 191 188 199 192 206 197 198 201 191 202 185 202 179 201 172 198 169 193 179 192 185 194 191 193 202 196 191 195 185 195 179 194
134 148 136 163 138 178 141 194 148 208 158 220 170 230 184 234 199 232 212 224 224 213 232 200 238 185 241 170 243 154 245 139 144 121 151 115 162 115 172 118 182 122 195 123 206 120 217 118 228 119 235 126 188 132 188 141 187 150 186 159 176 169 181 172 186 173 192 172 198 171 155 133 160 131 168 131 174 135 167 136 160 137 203 136 210 133 217 133 223 136 217 139 210 139 167 194 173 190 180 187 186 189 192 188 199 192 206 197 198 203 191 205 185 205 179 204 173 200 171 194 180 192 186 193 192 193 202 197 191 197 186 197 180 196
134 149 136 164 138 180 142 195 149 209 159 221 170 231 185 234 200 232 213 224 224 213 232 200 238 186 242 171 244 155 245 140 144 121 151 115 162 115 173 118 183 123 195 124 206 120 217 119 228 119 236 126 189 132 188 141 187 150 187 159 176 169 181 171 186 173 192 172 198 170 155 133 161 131 168 131 174 135 167 137 160 137 203 137 210 133 217 133 223 137 217 140 210 139 167 194 173 190 181 187 186 189 192 188 199 191 206 197 199 203 192 205 185 206 179 204 173 201 171 194 180 192 186 193 192 193 202 197 192 198 186 198 180 197
134 149 136 164 138 179 142 195 149 209 159 221 170 230 185 233 200 231 213 224 225 213 233 201 239 186 242 171 245 156 246 141 144 121 152 115 162 115 173 118 183 122 195 124 206 121 217 119 228 119 236 126 189 132 188 141 188 150 187 159 176 169 181 171 187 173 192 172 198 170 155 133 161 131 168 131 175 135 168 136 160 136 204 137 210 133 217 133 223 137 217 140 210 139 167 194 174 189 181 187 187 189 192 187 200 191 206 197 199 202 192 204 186 204 180 203 173 200 171 194 181 191 186 192 192 192 202 197 192 197 186 197 180 196
135 149 136 164 138 179 142 195 149 208 159 220 171 229 185 233 200 231 213 223 225 213 233 201 239 187 243 172 245 156 246 141 145 121 152 115 163 115 173 119 184 123 195 124 206 121 218 119 228 119 236 126 189 132 189 141 188 150 187 159 176 169 181 171 187 173 193 172 199 170 156 133 161 131 169 131 175 135 168 137 161 137 204 137 210 133 218 134 223 137 218 140 210 139 167 194 174 189 181 187 187 189 193 188 200 191 207 197 199 201 192 203 186 203 180 202 173 199 171 194 181 192 186 193 192 193 203 196 192 196 186 196 181 195
135 149 137 164 139 180 142 195 149 208 159 220 170 229 186 232 201 230 214 222 226 212 234 200 240 186 243 172 245 157 246 142 144 121 152 115 163 116 174 119 184 123 196 124 207 121 218 119 229 120 237 127 190 133 189 142 188 151 188 160 177 169 182 172 188 174 193 172 199 171 155 134 162 131 169 132 175 136 168 137 161 137 204 137 211 134 218 134 224 137 218 140 211 140 167 193 174 189 182 187 187 189 193 188 201 191 208 196 200 201 193 202 186 203 180 201 174 199 171 193 181 192 187 193 193 193 204 196 193 195 187 195 181 194
135 150 137 165 139 180 142 195 149 209 159 220 171 229 186 232 202 230 215 222 227 213 235 201 240 187 244 172 246 157 247 142 145 121 153 115 164 116 174 119 184 123 196 124 207 121 219 119 230 120 237 127 190 133 189 142 189 151 188 160 177 169 182 172 188 173 194 172 200 171 156 134 162 131 169 132 175 136 169 137 162 137 205 137 211 134 218 134 224 137 218 140 211 140 168 193 174 189 182 186 187 189 194 187 201 191 208 196 201 200 193 202 187 203 180 202 174 199 171 193 181 192 187 193 194 192 205 196 193 195 187 195 181 194
136 149 137 165 140 181 143 196 150 209 160 221 172 230 186 233 201 231 214 223 226 214 235 202 240 188 244 173 246 157 247 142 145 121 153 115 164 116 174 119 185 124 196 125 207 122 219 119 230 120 237 127 190 133 189 141 189 150 188 160 177 169 182 171 188 173 194 172 200 171 157 134 162 131 169 132 175 136 169 137 162 137 205 137 211 134 218 134 224 137 218 140 211 140 168 193 174 188 181 186 187 188 193 187 201 191 208 197 200 202 192 205 186 205 180 204 173 200 172 193 181 191 187 192 193 192 204 196 193 197 186 197 181 195
135 151 137 166 139 182 143 197 150 211 160 223 172 232 186 236 200 233 213 225 225 215 234 203 240 189 243 174 246 158 247 143 145 122 153 115 164 115 174 119 185 123 196 124 207 121 219 119 230 120 237 127 190 133 189 141 189 150 188 160 176 168 182 171 188 173 194 172 200 170 156 134 162 131 169 131 175 135 169 137 162 137 205 137 211 133 218 134 224 137 218 140 211 139 167 193 173 188 181 186 186 188 192 187 200 191 208 197 199 204 191 206 185 206 179 205 172 201 170 193 180 191 186 192 192 192 204 196 192 198 186 198 180 197
135 152 137 168 139 184 143 199 150 213 160 225 172 234 186 238 201 235 214 227 226 217 235 204 241 190 245 174 247 158 248 142 145 121 153 115 164 115 174 119 185 123 196 124 207 121 219 119 230 120 237 127 190 132 190 141 189 150 188 159 176 168 182 171 188 173 194 172 200 170 156 133 162 131 169 131 175 135 169 136 162 136 205 137 211 133 218 134 224 137 219 140 211 139 166 193 173 188 181 186 186 188 193 187 201 191 209 197 200 205 192 208 185 208 179 207 171 203 169 193 180 191 186 192 193 192 205 197 192 199 185 200 180 198
135 152 137 168 139 184 143 199 150 213 160 225 171 235 186 239 200 236 214 228 226 217 235 204 241 190 245 174 247 158 248 143 145 121 153 115 164 115 174 119 184 123 196 124 207 121 218 119 229 119 237 126 190 132 190 141 189 150 188 159 177 168 182 171 187 173 194 172 200 170 156 133 162 131 169 131 175 135 169 136 162 136 205 137 211 133 219 134 225 137 219 140 211 139 166 193 172 188 180 186 186 189 193 188 201 191 208 197 200 205 192 208 185 209 178 207 171 203 169 193 180 191 186 192 192 192 205 197 192 200 185 200 179 198
135 152 137 168 139 183 143 199 150 213 160 224 171 234 185 238 200 235 214 227 226 217 235 205 241 190 245 175 247 159 248 143 145 120 153 115 164 115 174 118 184 123 196 124 207 121 218 119 229 119 237 126 190 132 189 141 189 149 188 159 176 168 182 171 187 173 194 172 199 170 156 133 162 130 169 131 175 135 168 136 161 136 205 137 211 133 218 133 225 137 219 140 211 139 166 192 172 188 180 186 186 189 192 188 201 191 209 196 200 204 191 206 185 207 178 205 171 201 168 192 180 191 186 192 192 192 205 196 191 198 185 198 179 197
135 151 136 167 139 182 142 197 149 211 160 223 171 232 186 236 201 233 214 225 225 215 234 202 240 189 243 173 245 157 247 142 145 122 153 115 163 115 174 118 184 123 196 124 207 121 218 119 229 119 237 126 190 131 189 140 189 149 188 159 176 168 182 171 187 173 194 172 199 170 156 133 162 130 169 131 175 135 168 136 161 136 204 137 211 133 218 133 224 137 218 139 211 139 165 192 173 188 180 186 186 189 193 188 201 191 209 195 200 202 191 205 185 205 179 204 171 200 169 192 180 191 186 192 192 192 205 195 192 197 185 197 179 196
135 150 137 166 139 181 142 197 149 210 159 222 171 231 186 234 201 232 214 224 226 214 235 202 240 188 243 173 245 157 247 142 145 121 153 115 164 115 174 119 184 123 196 124 207 121 218 119 229 120 237 127 190 132 189 141 188 150 188 159 176 168 182 171 187 173 193 172 199 170 156 133 162 130 169 131 175 135 168 136 161 136 204 137 211 133 218 133 224 137 218 140 211 139 166 191 173 188 181 186 186 189 192 188 200 191 209 195 200 201 191 203 185 203 179 202 172 199 169 192 180 192 186 193 192 193 205 195 192 195 186 195 180 194
135 150 137 165 138 180 142 195 149 209 159 220 170 229 185 232 200 230 214 223 225 213 234 201 239 187 242 172 244 156 245 141 145 121 152 115 163 115 174 119 184 123 196 124 207 121 218 119 229 120 236 127 190 132 189 141 188 150 188 160 176 168 181 171 187 173 193 172 199 170 156 133 162 131 169 131 175 135 168 136 161 136 204 137 211 133 218 134 224 137 218 140 211 139 167 191 174 188 181 186 187 189 193 187 200 190 208 195 200 200 192 201 185 201 179 200 173 197 170 191 181 191 186 192 193 192 204 195 192 195 186 195 180 193
135 150 137 164 138 180 141 195 148 208 159 219 170 228 185 231 200 229 214 222 226 212 235 201 240 187 243 172 245 157 246 142 145 121 153 115 163 115 174 119 184 123 196 124 207 121 218 119 229 120 236 127 190 132 189 141 188 150 188 160 176 168 182 171 188 173 194 172 200 170 156 133 162 131 169 131 175 135 168 136 161 136 204 137 211 133 218 134 224 137 218 140 211 139 166 191 174 188 181 186 187 188 193 187 200 190 208 195 200 198 192 200 186 200 180 199 173 196 170 191 181 191 187 192 193 192 204 194 192 193 186 193 180 192
135 149 136 164 138 180 141 195 148 209 158 220 170 229 185 232 200 230 214 223 226 213 235 201 240 187 243 172 245 157 247 142 144 121 152 115 163 115 173 119 184 123 195 125 206 121 218 119 229 120 236 127 189 132 189 141 188 150 187 160 176 169 182 171 187 173 193 172 199 170 156 134 162 131 169 131 175 135 168 137 161 137 204 137 210 133 218 134 224 137 218 140 211 139 166 191 174 188 181 186 187 188 193 187 200 190 208 195 199 199 192 200 186 200 180 199 173 196 170 191 181 191 187 192 193 192 204 194 192 193 186 194 180 192
135 151 137 166 139 181 142 196 149 210 159 221 170 230 185 233 201 231 214 224 226 214 235 202 240 188 244 173 246 157 247 142 144 121 153 115 163 116 174 119 184 123 196 124 207 121 218 119 229 120 236 127 189 132 189 141 188 150 188 160 176 169 182 171 187 173 194 172 200 170 156 134 162 131 169 131 175 135 168 137 161 137 204 137 210 133 218 134 224 137 218 140 211 139 166 192 173 188 181 186 187 189 194 187 201 190 208 195 200 200 193 202 186 202 180 201 173 197 170 192 181 191 187 193 193 192 204 195 193 195 186 195 180 194
134 150 136 166 138 182 142 197 150 211 160 222 171 231 186 234 201 232 214 224 225 214 234 201 239 187 243 172 245 157 247 141 144 121 153 116 163 116 173 119 184 123 195 124 207 121 218 119 228 120 236 127 189 133 189 142 188 150 187 160 176 169 181 171 187 174 193 172 199 170 156 134 161 131 169 131 175 136 168 137 161 137 204 137 210 134 218 134 224 137 218 140 211 139 167 193 174 189 181 187 186 189 192 188 200 191 207 196 199 201 192 203 186 203 180 202 173 198 171 193 181 191 186 193 192 192 203 196 192 196 186 196 180 195
134 151 136 166 138 182 142 197 149 210 160 222 171 231 185 234 201 232 214 224 225 214 234 202 240 188 243 173 245 157 247 142 145 121 153 116 164 116 174 120 184 124 196 124 207 121 218 119 228 120 236 127 189 133 189 142 188 151 187 160 176 169 181 172 187 174 193 173 199 171 156 134 161 131 168 131 175 136 168 137 161 137 204 137 210 134 217 134 223 137 218 140 210 139 167 193 174 189 181 187 187 190 192 188 200 192 207 196 199 201 192 203 185 203 179 202 173 199 170 193 181 192 186 193 192 193 203 196 192 196 186 196 180 195
135 151 137 166 139 182 142 197 149 210 159 221 171 230 186 234 201 232 214 224 225 214 234 202 240 188 243 173 246 158 247 142 145 121 153 116 163 116 173 120 183 123 196 124 207 121 218 119 229 120 236 127 189 133 189 142 188 151 187 160 176 169 182 172 187 174 193 173 199 171 156 134 162 131 169 132 175 136 168 137 161 137 204 137 211 134 218 134 224 137 218 140 211 140 168 193 174 189 181 188 187 190 193 189 200 192 207 196 199 200 192 201 186 201 180 200 174 198 171 193 181 192 187 193 193 193 204 196 192 194 186 195 181 193
134 150 136 166 138 181 142 196 149 210 159 221 171 230 186 234 201 232 214 224 226 214 234 201 240 187 243 172 245 156 246 141 145 122 153 116 163 117 174 120 184 124 196 125 207 122 218 120 229 120 236 127 189 133 189 142 188 151 188 161 177 170 182 172 188 174 194 173 199 171 156 134 162 132 169 132 175 136 168 137 161 137 204 137 211 134 218 134 224 137 218 140 211 140 168 193 175 190 181 188 187 190 193 189 199 192 207 197 199 200 192 201 186 202 180 200 174 198 171 193 181 192 187 193 192 193 203 196 192 194 186 195 181 193
134 151 136 166 139 181 142 197 149 211 159 223 171 232 186 236 201 233 215 225 226 215 235 202 240 188 244 173 246 157 247 142 145 122 153 116 163 117 174 120 184 124 196 125 207 122 218 120 229 120 237 127 190 133 189 142 188 151 188 161 177 170 182 172 188 174 194 173 199 171 156 135 162 132 169 132 175 136 168 137 161 137 205 137 211 134 218 134 224 137 218 140 211 140 168 195 175 190 182 188 187 191 193 189 200 193 207 198 199 203 192 205 186 205 181 204 174 200 172 195 182 193 187 194 193 194 203 198 192 197 187 197 181 196
134 151 136 166 139 181 142 197 149 211 159 223 171 233 186 236 202 234 215 226 227 215 235 202 241 187 244 172 246 157 247 142 145 122 153 116 164 117 174 120 184 124 196 125 207 122 218 120 229 120 237 127 190 133 189 142 189 151 188 161 177 170 182 173 188 175 194 173 199 172 156 135 162 132 169 132 175 136 168 138 161 138 205 138 211 134 218 134 224 138 219 141 211 140 169 195 175 191 182 188 188 191 193 189 200 193 206 198 199 203 192 206 186 206 181 205 174 201 172 195 182 193 187 194 193 194 202 198 193 198 187 198 181 197
135 151 137 166 139 182 143 197 150 211 160 223 171 232 186 235 202 233 215 225 226 214 234 201 239 187 243 172 245 156 246 141 145 123 153 117 163 117 174 120 184 124 196 125 207 122 218 120 229 121 237 128 190 134 189 142 189 151 188 161 177 170 182 173 188 174 194 173 199 171 156 135 162 132 169 132 175 136 168 138 161 138 205 138 211 134 218 134 224 138 219 140 211 140 169 195 175 191 182 189 188 191 193 189 200 193 207 198 200 203 193 205 187 205 181 204 175 201 172 195 182 193 187 194 193 194 203 198 193 197 187 197 182 196
135 151 137 166 139 182 143 197 150 211 160 222 171 231 187 234 202 232 215 224 226 214 234 201 239 186 243 171 245 156 246 141 145 122 152 117 163 117 173 120 184 124 196 125 207 122 218 120 229 120 236 127 190 133 189 142 188 151 188 161 177 170 182 173 188 175 194 173 200 172 156 135 161 132 169 132 175 136 168 137 161 138 204 138 211 134 218 134 224 138 218 140 211 140 169 195 175 191 182 189 188 191 193 190 200 193 207 198 199 201 192 203 187 203 181 202 175 200 172 195 182 193 187 194 193 194 203 197 193 195 187 196 182 195
135 151 137 166 139 181 142 196 149 210 159 221 171 231 187 234 202 232 215 224 226 213 234 201 240 186 243 171 246 156 247 141 145 122 152 116 163 117 174 120 184 125 196 126 207 122 218 120 229 120 236 127 190 133 189 142 189 151 188 160 177 170 182 173 188 174 194 173 199 172 156 135 162 132 169 132 175 136 168 138 161 138 204 137 211 134 218 134 224 138 218 141 211 140 169 195 176 192 183 190 188 192 193 190 200 193 207 197 199 202 192 203 187 203 181 203 175 200 172 195 182 195 187 196 193 195 204 197 192 196 187 196 182 195
135 150 137 166 139 181 143 196 150 210 160 221 172 231 187 234 203 232 215 223 227 213 236 201 241 186 244 171 246 156 247 140 145 122 153 116 164 117 174 120 184 124 196 125 207 122 218 120 229 120 236 127 190 133 189 142 189 151 188 161 177 171 182 173 188 174 194 173 199 172 156 134 162 132 169 132 175 136 168 137 161 138 204 137 210 134 218 134 224 137 218 140 211 140 169 195 176 192 183 190 188 192 193 191 200 193 207 197 199 201 192 203 187 203 182 203 175 200 172 195 182 195 187 196 193 195 203 197 192 196 187 197 182 196
135 150 137 166 139 181 143 197 150 210 160 222 172 232 187 235 203 232 216 224 228 213 236 201 241 187 244 171 246 156 247 142 145 122 153 116 163 116 174 120 184 124 196 125 207 122 218 120 229 120 236 127 190 133 189 142 189 151 188 161 177 171 182 173 188 175 194 173 200 172 156 134 162 132 169 132 175 136 169 137 161 138 204 138 211 134 218 134 224 137 218 140 211 140 168 196 175 192 182 189 187 192 193 190 201 193 208 197 201 203 193 205 187 206 181 205 174 201 172 196 182 195 187 196 193 196 204 197 193 197 187 198 182 197
135 151 137 167 139 182 143 198 150 211 160 223 171 232 186 236 201 233 214 225 226 215 235 203 241 189 244 173 246 158 247 143 145 122 153 116 163 117 174 120 184 124 196 125 207 122 218 120 229 120 236 127 189 134 189 142 188 151 187 160 176 170 182 173 187 174 193 173 199 171 156 135 162 132 169 132 175 136 168 138 161 138 204 138 211 134 218 134 224 138 218 141 211 140 168 195 174 191 181 188 187 191 193 189 200 193 208 198 200 204 192 207 186 207 180 206 173 203 171 195 181 194 187 195 193 194 204 197 192 199 186 199 181 198
135 151 137 167 139 182 144 197 151 211 161 223 172 232 185 236 200 233 213 225 225 215 234 203 240 188 243 173 245 157 247 142 144 122 152 116 163 116 174 120 184 124 195 125 206 122 218 120 229 120 236 127 189 133 189 142 188 151 187 160 176 170 181 172 187 174 193 173 199 171 156 134 161 131 169 132 175 136 168 137 161 137 204 137 211 134 218 134 224 137 218 140 211 140 167 194 173 190 181 188 186 190 193 189 200 192 208 197 200 204 192 206 185 207 179 205 172 202 170 194 181 193 186 194 192 194 204 197 192 198 186 199 180 198
135 150 137 165 139 181 143 197 150 211 160 222 171 232 186 235 201 233 213 225 225 214 234 202 240 188 244 172 246 157 248 141 145 122 153 116 163 116 174 120 184 124 195 125 207 122 218 120 229 120 237 127 189 133 189 142 188 151 187 160 176 170 181 172 187 174 193 173 199 171 156 134 162 132 169 132 175 136 168 138 161 138 204 137 210 134 218 134 224 137 218 140 211 140 167 193 173 190 181 188 187 190 193 189 201 192 208 196 200 204 192 206 185 206 179 205 173 201 170 194 181 193 186 194 192 193 204 197 192 199 186 199 180 198
135 149 137 165 139 181 143 196 150 210 160 222 171 231 186 235 201 232 214 224 226 213 235 201 240 186 244 171 245 155 247 140 144 122 152 116 163 116 173 120 184 124 195 125 206 122 217 120 229 120 236 127 189 133 189 142 188 151 187 160 176 170 182 172 187 174 193 173 199 171 156 134 161 132 168 132 175 136 168 137 161 137 204 137 210 134 218 134 224 137 218 140 211 140 167 193 173 190 181 188 187 190 193 189 201 192 208 196 200 203 192 205 185 205 179 204 172 200 170 193 181 193 186 194 192 194 204 196 192 198 186 198 180 197
135 150 137 166 139 182 143 197 150 210 160 222 172 231 186 234 201 232 214 223 226 213 234 200 240 186 244 171 246 156 247 141 145 122 153 116 163 117 174 120 184 124 195 125 206 122 217 120 228 120 236 127 189 133 189 142 188 151 188 160 177 170 182 172 188 174 194 173 199 171 156 135 162 132 169 132 175 136 168 138 161 138 204 137 211 134 218 134 224 137 218 140 211 140 167 193 174 190 181 188 187 191 193 189 200 192 208 196 199 202 192 204 186 204 180 203 173 200 170 193 181 193 187 194 193 194 204 196 192 197 186 197 181 196
135 151 137 166 139 181 143 196 150 210 160 221 171 230 186 233 201 231 214 224 226 213 234 201 239 187 243 172 245 157 247 142 144 123 152 117 163 117 174 120 184 125 195 126 206 122 218 120 229 120 236 128 189 133 189 142 188 151 188 160 177 170 182 172 188 174 194 173 199 171 155 135 161 132 169 132 175 136 168 138 161 138 204 138 211 134 218 134 224 138 218 141 211 140 167 193 174 190 181 188 187 191 193 189 200 192 208 196 199 201 192 203 186 203 180 202 173 199 170 194 181 193 187 194 193 194 204 196 192 196 186 196 181 195
134 150 137 166 139 181 142 196 149 210 159 221 171 230 186 233 202 231 215 223 226 214 235 201 240 187 243 172 245 157 247 142 144 122 153 116 164 117 174 121 184 125 195 126 206 122 217 120 228 120 236 127 189 134 189 142 188 152 188 161 177 170 182 173 188 175 194 173 199 172 155 135 161 133 168 133 175 137 168 138 161 139 204 138 211 135 218 135 224 138 218 141 211 141 167 193 174 190 181 188 187 190 193 189 200 192 207 197 199 200 192 202 186 202 180 201 174 198 171 194 181 193 187 194 193 193 204 196 192 195 187 195 181 194
135 151 137 166 139 181 142 196 149 210 159 221 171 230 186 233 201 231 215 223 227 214 236 201 241 187 244 172 246 157 248 142 144 122 153 117 164 117 174 121 184 125 195 126 206 122 218 120 229 120 237 127 190 134 189 143 188 152 188 161 177 170 182 173 188 175 194 173 199 172 156 136 162 133 168 133 175 137 168 139 161 139 204 138 211 135 218 136 224 138 218 141 211 141 167 194 174 190 181 188 187 191 193 189 200 192 208 197 200 200 193 201 186 201 180 200 174 198 171 194 181 193 187 194 193 193 204 196 193 194 187 195 181 194
135 150 137 165 139 181 143 196 150 210 160 221 171 230 186 233 202 231 216 223 227 213 236 200 241 186 244 171 246 156 248 141 144 122 153 117 163 117 174 121 184 125 195 126 207 123 218 120 229 121 237 127 190 134 189 143 189 152 188 162 177 171 182 173 188 175 194 173 199 172 155 136 161 133 168 133 175 137 168 139 161 139 205 138 211 135 218 136 224 139 218 142 211 141 168 194 175 191 182 188 187 191 194 189 200 192 208 197 200 201 193 202 186 202 180 201 174 199 171 194 181 193 187 194 193 194 204 197 193 195 187 196 181 194
135 152 137 167 139 182 142 197 150 211 160 221 172 230 187 233 203 231 215 223 227 214 235 202 240 188 243 173 245 158 247 143 144 122 153 117 164 117 174 121 184 125 195 126 206 123 217 121 228 121 236 127 190 134 189 143 189 152 188 162 177 171 182 173 188 175 194 174 199 172 155 136 161 133 168 134 175 137 168 139 161 139 205 138 211 135 218 136 224 139 218 142 211 141 167 194 174 191 182 189 187 191 193 190 200 193 208 198 200 201 193 202 187 203 181 202 174 199 171 195 181 194 187 195 193 194 204 197 193 195 187 196 181 195
135 151 137 166 139 182 143 197 150 210 160 221 172 230 186 233 202 230 215 223 226 213 234 201 240 187 243 172 245 157 246 143 144 122 153 117 164 118 174 121 184 125 195 126 206 123 217 121 228 121 236 127 190 134 189 143 189 152 188 162 177 171 182 173 188 175 194 174 199 172 156 136 162 134 169 134 175 137 168 139 161 139 204 138 211 135 218 136 224 139 218 142 211 141 168 194 175 192 182 190 187 192 193 191 200 193 207 197 199 201 192 202 186 203 181 202 174 199 170 195 182 195 187 196 193 195 204 197 192 196 187 196 181 195
135 150 137 165 139 181 142 196 149 209 159 220 171 229 186 232 202 230 215 222 227 212 235 200 240 186 243 171 246 156 247 141 144 122 153 117 163 118 174 121 184 125 196 126 207 123 218 121 229 121 237 127 190 134 189 143 189 152 188 162 177 171 182 174 188 175 194 174 199 173 155 136 162 134 169 134 175 137 168 139 161 139 205 139 211 136 218 136 224 139 218 142 211 141 167 194 175 191 182 190 187 192 193 191 200 194 208 198 199 201 192 202 186 202 180 201 174 199 170 194 182 195 187 196 193 195 204 197 192 195 187 195 181 194
