136 166 138 181 141 196 145 211 152 224 163 235 174 244 188 246 203 244 215 236 226 226 234 214 239 200 242 185 244 170 245 156 146 137 153 131 164 131 174 134 184 139 197 139 208 135 219 133 229 133 236 140 191 148 190 157 190 166 190 175 179 185 184 187 190 189 195 187 201 186 157 151 163 148 170 148 176 151 170 153 163 153 205 152 212 149 219 149 224 152 219 155 212 154 170 208 177 205 184 202 189 205 195 203 203 206 210 210 202 214 195 216 189 217 183 216 176 213 173 208 183 208 189 209 195 208 207 210 195 210 189 210 183 209
136 166 138 181 141 196 145 211 153 225 163 236 175 245 188 248 202 246 214 238 225 227 233 215 239 201 242 186 244 170 246 155 146 137 154 131 164 131 174 134 184 139 198 139 209 135 219 132 230 133 237 140 191 149 191 157 190 166 190 175 179 185 184 187 190 189 196 188 201 186 158 151 164 148 170 148 177 151 170 153 163 153 205 152 212 149 219 149 225 152 219 155 212 154 170 209 177 204 184 202 190 204 196 203 203 206 210 211 202 217 195 219 189 219 183 218 176 215 174 209 184 207 190 208 195 207 206 211 195 212 189 212 183 211
136 166 138 181 141 197 145 212 153 225 163 236 175 245 189 248 203 246 215 238 226 227 234 214 239 200 242 185 244 169 245 154 146 137 153 131 164 131 174 134 184 138 198 139 209 135 219 133 230 133 237 140 191 148 191 157 191 166 190 175 179 185 185 187 190 188 196 187 201 186 157 150 163 148 170 148 177 151 170 153 163 153 206 152 212 149 219 149 225 152 219 155 212 154 171 209 177 204 184 202 190 204 196 203 203 206 210 211 203 217 195 219 189 219 183 218 176 215 174 209 184 207 190 208 196 207 206 211 195 212 189 213 183 211
136 166 138 181 141 197 145 212 153 225 163 237 175 245 189 248 204 245 216 237 226 227 234 214 239 200 242 185 244 170 245 155 146 137 154 131 164 131 174 134 184 138 198 139 209 135 219 133 230 134 237 141 191 148 191 157 190 165 190 175 179 184 185 187 190 188 196 187 201 185 158 150 163 148 170 148 177 151 170 153 163 153 206 152 212 149 219 149 225 152 219 155 212 154 171 209 177 204 184 202 190 204 196 202 204 206 210 211 203 217 196 219 189 219 183 218 176 215 174 209 184 207 190 208 196 207 207 211 196 212 190 212 184 211
136 165 138 180 141 196 145 211 153 225 163 236 175 245 189 248 203 246 216 238 226 228 234 215 240 200 243 185 245 170 246 155 146 137 154 131 164 131 175 134 185 138 198 139 209 135 220 132 230 133 237 140 191 148 191 157 191 165 190 174 180 184 185 186 190 188 196 187 201 185 158 150 164 148 171 148 177 151 170 153 163 153 206 152 212 149 219 149 225 152 219 154 213 154 171 209 177 204 184 201 190 204 196 202 203 205 210 211 203 217 195 219 189 219 183 218 176 215 174 209 184 206 190 207 196 207 206 211 195 212 189 212 184 211
136 165 138 180 141 195 145 211 153 224 163 236 175 245 189 248 203 246 216 238 226 228 234 215 240 201 243 186 245 171 246 156 147 136 154 130 165 130 175 134 185 138 199 138 209 134 220 132 230 133 237 140 191 148 191 156 191 165 190 174 180 184 185 186 190 188 196 187 201 185 158 150 163 147 170 147 177 151 170 153 163 153 206 152 212 149 219 149 225 152 219 154 212 154 171 209 177 204 184 201 190 203 196 202 203 205 210 211 203 217 196 219 189 219 183 218 176 215 174 209 184 206 189 207 196 207 206 211 195 212 189 212 183 211
136 166 138 181 141 197 145 212 153 225 163 236 175 245 189 248 203 246 216 238 227 228 235 215 240 201 243 186 245 171 246 156 147 136 155 130 165 131 175 134 185 138 198 138 208 134 219 132 230 133 237 140 191 148 191 156 191 165 190 174 179 184 185 186 190 188 196 186 201 185 158 150 164 147 171 147 177 151 170 152 163 152 206 152 212 149 219 149 225 152 219 154 212 154 171 209 177 203 184 201 190 203 196 201 203 205 210 211 203 217 196 219 189 219 183 218 177 215 174 209 184 206 190 207 196 206 206 210 196 212 189 212 184 211
136 165 138 181 141 196 145 211 152 225 163 236 175 245 189 248 203 246 216 238 227 228 234 215 240 201 243 186 245 171 246 156 147 136 155 130 165 130 175 134 185 138 198 138 208 134 219 132 230 133 237 140 191 147 191 156 191 165 190 174 179 184 185 186 190 188 196 186 201 184 158 150 164 147 170 147 177 151 170 152 163 152 206 152 212 148 219 149 225 152 219 154 212 154 171 209 177 203 184 201 190 203 196 201 203 205 209 210 203 216 196 218 189 219 183 218 176 215 174 209 184 206 190 207 196 206 206 210 196 211 190 212 184 211
136 165 138 181 140 196 145 211 153 225 163 236 175 245 189 247 204 245 216 237 226 227 234 214 239 200 242 185 244 170 245 155 147 136 155 130 165 130 175 133 185 137 198 138 209 134 219 132 230 133 237 140 191 147 191 156 191 164 190 173 180 183 185 185 190 187 196 186 201 184 158 149 164 147 170 147 177 150 170 152 163 152 206 151 212 148 219 149 225 151 219 154 212 153 171 208 177 203 184 201 190 203 196 201 203 205 209 210 202 215 195 217 189 217 183 216 177 214 174 208 184 206 190 207 195 206 205 210 195 210 189 210 184 210
136 165 138 180 141 195 145 210 152 223 162 234 174 243 189 246 204 244 216 236 227 226 235 214 240 200 243 185 244 170 245 156 146 136 154 130 165 130 175 133 185 138 198 138 208 134 219 132 229 133 237 139 191 147 191 156 190 164 190 174 179 183 184 186 190 187 196 186 201 184 157 149 163 147 170 147 177 150 170 152 163 152 205 151 212 148 219 149 225 151 219 154 212 153 171 208 178 204 184 201 190 203 195 202 202 205 209 209 202 213 195 214 189 214 183 214 177 212 174 208 184 207 190 207 195 207 206 209 195 208 189 208 184 207
136 165 138 180 141 195 145 210 152 223 162 234 174 242 189 245 204 243 216 236 226 226 233 214 238 200 241 185 243 170 244 155 146 135 154 129 165 130 175 133 185 137 198 138 208 134 219 132 230 132 237 139 191 147 191 155 191 164 190 173 179 183 185 185 190 187 196 186 201 184 157 149 163 147 170 147 177 150 170 152 163 152 205 151 212 148 219 149 225 151 219 154 212 153 171 207 178 203 184 201 190 203 195 201 202 204 209 208 202 212 195 213 189 213 184 212 177 211 174 207 184 206 190 207 195 206 206 208 195 206 190 207 184 206
136 166 138 181 141 196 145 211 152 224 162 235 174 243 189 246 204 243 216 236 226 226 234 214 239 200 242 185 244 170 245 156 146 135 154 129 164 130 175 133 184 137 198 137 208 134 219 132 229 132 236 139 191 146 191 155 190 164 190 173 179 183 184 185 190 187 195 185 201 184 157 149 163 146 170 146 176 150 170 151 163 152 205 151 212 148 218 148 224 151 219 153 212 153 170 207 177 203 184 200 190 202 196 201 203 204 210 209 202 213 195 214 189 215 183 214 176 212 173 207 184 206 189 207 195 206 206 209 195 207 189 208 184 207
136 165 138 180 141 195 145 210 152 224 162 235 174 244 188 247 203 245 215 237 226 226 234 214 240 201 243 186 244 170 245 156 146 135 154 129 164 129 175 132 184 137 198 137 208 133 219 131 229 132 236 138 191 146 191 155 190 163 189 173 179 182 184 184 190 186 195 185 201 183 158 149 163 146 170 146 176 149 170 151 163 151 206 150 212 148 219 148 224 151 219 153 212 152 170 207 176 201 183 199 189 201 195 199 203 203 209 209 203 215 195 217 188 218 182 217 175 214 173 207 183 204 189 205 195 205 205 209 195 209 189 209 183 208
136 165 138 180 141 196 145 211 152 224 163 235 175 244 189 247 203 244 215 237 226 227 235 214 240 200 243 185 245 169 246 154 146 135 154 129 164 129 175 132 184 137 198 137 208 133 219 131 230 131 237 138 191 146 191 155 190 163 190 172 178 182 184 184 190 185 196 184 201 183 157 148 163 146 170 146 177 149 170 151 163 151 205 150 212 147 219 148 225 150 219 153 212 152 169 206 175 200 183 198 189 200 195 199 203 202 210 208 203 215 195 217 188 218 182 217 175 213 172 206 183 203 189 204 195 204 207 208 195 209 188 209 182 208
136 166 138 182 140 197 145 212 153 224 163 234 174 243 188 246 203 244 215 236 226 227 234 215 240 201 243 186 245 171 246 156 146 135 154 129 164 129 175 132 185 137 198 137 209 133 220 130 230 132 237 139 191 146 191 154 190 163 190 172 178 181 184 183 190 185 196 184 201 183 157 148 163 146 170 146 177 149 170 151 163 151 205 150 212 147 219 147 225 150 219 153 212 152 169 205 175 200 183 197 189 200 195 198 203 202 211 207 203 213 195 215 188 216 182 215 174 211 172 205 183 203 189 204 195 204 207 207 195 207 188 207 182 206
136 165 138 180 141 195 145 210 153 223 163 233 175 242 189 245 203 242 216 235 226 225 234 213 239 199 243 184 244 169 245 154 146 136 154 129 164 129 175 132 185 136 198 137 209 133 219 131 230 131 237 139 191 145 191 154 190 163 190 172 178 181 184 183 190 185 195 184 201 182 157 148 163 146 170 146 177 149 170 151 163 151 205 150 212 147 219 147 224 150 219 152 212 152 169 204 176 199 183 197 189 199 196 198 204 201 211 206 203 212 195 214 188 214 182 213 175 210 172 204 183 202 189 203 195 202 208 206 195 207 189 207 183 206
137 163 139 177 141 192 145 207 152 220 163 231 174 240 189 243 203 240 216 233 226 223 234 211 239 197 243 183 244 168 245 153 146 135 154 129 164 128 175 132 185 136 198 137 208 132 219 130 230 131 237 139 191 145 191 154 191 163 190 173 179 181 184 183 190 185 196 184 202 182 157 148 163 146 170 146 177 149 170 151 163 151 205 150 212 147 219 147 225 150 219 152 212 152 170 203 177 199 184 197 190 199 196 198 203 201 211 204 203 209 196 212 189 212 183 211 177 208 173 203 184 202 190 203 196 202 207 204 196 205 190 206 184 205
136 163 139 178 141 193 145 208 152 220 163 231 176 239 190 241 205 239 217 232 227 222 235 210 239 196 242 182 244 167 245 152 146 135 154 128 164 128 175 132 185 136 198 136 208 132 219 130 230 131 237 138 191 145 191 154 191 163 191 173 179 181 185 183 191 185 197 184 203 181 157 148 163 145 170 146 177 149 170 150 163 151 205 150 212 147 219 147 225 150 219 152 212 152 170 202 178 200 186 198 191 200 197 198 204 200 212 203 204 207 197 209 191 210 185 209 178 207 173 203 186 203 191 204 197 203 208 203 197 203 191 204 186 203
137 163 139 178 141 193 145 208 152 220 163 231 175 239 190 242 205 240 217 232 228 222 235 210 239 196 242 182 244 167 245 153 146 134 154 128 164 128 175 131 185 136 198 136 208 132 219 130 230 131 237 138 191 145 191 154 191 163 191 172 179 181 185 183 191 185 197 184 203 182 157 147 163 145 170 145 177 149 170 150 163 150 205 149 212 147 219 147 225 150 219 152 212 151 171 203 178 200 186 198 191 200 197 199 204 201 211 203 203 208 197 210 191 210 185 210 178 208 174 203 186 203 191 204 197 203 208 204 196 204 191 204 186 203
136 163 139 178 141 193 145 208 152 221 163 232 175 241 190 243 205 241 218 233 228 223 235 211 240 197 243 182 244 167 245 152 146 134 154 128 165 128 175 131 185 136 198 136 209 132 219 130 230 131 236 138 192 145 191 153 191 162 191 172 179 181 185 183 191 185 197 184 203 182 157 148 163 145 170 145 177 148 170 150 163 150 206 149 212 147 219 147 225 149 219 152 212 152 171 204 178 201 185 198 191 201 197 199 204 202 211 205 203 210 197 212 190 213 185 212 178 209 174 204 185 204 191 205 197 204 207 205 196 205 191 206 185 205
137 163 139 178 141 193 145 208 152 221 163 232 175 241 189 244 204 242 217 234 228 224 236 211 241 197 244 183 245 168 246 153 147 134 155 128 165 128 175 131 185 135 199 135 210 132 220 130 230 131 237 137 192 145 191 153 191 162 190 172 179 181 185 183 190 185 196 183 202 181 158 148 164 145 171 145 178 148 171 150 164 150 206 149 213 147 219 147 225 150 220 152 213 151 171 205 177 200 185 198 190 200 197 198 204 201 211 207 204 212 196 214 190 214 184 213 177 211 175 205 185 203 190 204 196 204 207 207 196 206 190 207 184 206
137 162 139 177 141 192 145 207 152 221 163 232 175 241 190 244 205 242 217 234 228 224 236 211 240 197 243 182 245 167 246 152 146 134 154 128 165 128 175 131 185 135 199 135 210 132 221 130 231 131 238 138 192 145 192 154 191 162 191 172 180 180 185 183 191 185 197 183 202 181 158 147 164 145 171 145 177 148 171 150 164 150 206 149 213 146 220 147 225 149 220 152 213 151 171 205 178 200 185 197 191 199 197 198 205 201 211 207 204 212 197 215 190 215 184 214 177 211 175 205 185 203 191 203 197 203 207 207 197 207 191 207 185 206
137 163 139 178 142 193 145 207 153 221 163 231 175 240 190 243 205 241 217 234 228 224 235 211 239 197 242 182 245 167 246 153 147 134 155 128 165 127 176 131 185 135 199 135 210 132 221 130 231 131 238 138 192 145 192 153 191 162 191 171 180 180 185 183 191 184 197 183 202 181 159 147 164 145 171 145 178 148 171 150 164 150 206 149 213 146 220 147 226 150 220 152 213 151 172 205 178 200 186 197 191 199 197 198 205 201 211 206 205 212 197 214 191 214 185 214 178 211 175 205 186 203 191 203 197 203 208 206 197 207 191 207 185 206
137 163 139 178 141 193 145 207 152 220 163 231 174 240 189 243 204 241 217 233 227 223 235 211 239 197 242 182 244 167 245 152 147 134 155 128 166 128 176 131 186 135 199 136 209 132 220 130 230 131 238 138 192 145 192 153 192 162 191 171 180 180 186 183 191 184 197 183 202 181 158 147 164 145 171 145 178 148 171 150 164 150 206 149 213 146 220 147 226 149 220 152 213 151 172 204 178 200 186 197 192 199 197 198 205 201 211 206 204 211 197 213 191 213 185 212 178 210 175 205 186 203 191 203 197 203 208 206 197 206 191 206 185 206
137 163 139 178 141 193 145 207 153 220 163 231 175 240 190 243 204 241 217 233 227 223 235 211 239 197 242 183 244 168 246 153 148 134 155 127 166 127 176 131 186 135 199 136 210 132 220 130 230 131 237 138 192 145 192 153 192 162 192 171 180 180 186 183 191 184 197 183 203 181 159 147 165 145 172 145 178 148 171 149 165 150 207 149 213 146 220 147 225 149 220 152 213 151 172 204 178 200 186 197 191 199 197 198 205 201 211 206 204 210 197 212 191 213 185 212 178 209 175 204 186 203 191 204 197 203 208 206 197 205 191 206 185 205
137 163 139 178 141 193 145 207 152 220 163 231 174 239 189 242 204 240 217 233 227 224 235 211 239 198 242 183 244 168 246 153 147 134 155 128 165 128 176 131 186 135 199 136 210 132 220 130 231 131 238 138 192 145 192 153 192 162 192 171 180 181 186 183 191 185 197 183 202 182 158 147 165 145 172 145 178 148 171 150 164 150 207 149 213 146 220 147 226 150 220 152 213 151 171 204 178 200 186 198 191 200 197 198 204 201 211 206 204 210 197 211 191 212 185 211 178 208 175 204 186 203 191 204 197 204 208 206 197 205 191 205 185 204
137 164 139 179 142 194 145 208 152 221 163 232 175 240 190 243 205 241 217 234 227 224 235 212 240 198 243 184 245 169 246 154 147 134 155 128 166 128 176 131 186 136 199 136 210 132 220 130 231 131 237 138 192 145 192 154 192 162 191 171 180 181 186 183 191 185 197 184 202 182 159 148 165 145 172 145 178 149 171 150 165 150 206 150 213 147 220 147 226 150 220 152 213 152 171 205 178 201 186 198 191 201 197 199 204 202 211 206 204 210 197 212 191 212 185 211 178 209 174 205 186 204 191 205 197 204 208 206 197 205 191 206 185 205
137 164 139 179 142 194 146 209 153 222 163 233 175 241 190 244 205 242 218 235 229 225 237 213 242 199 245 184 246 170 247 155 148 134 156 128 166 128 176 132 186 136 199 137 209 133 220 131 230 131 237 138 192 146 192 154 191 163 190 172 180 181 185 184 191 185 197 184 202 182 159 148 165 146 172 146 178 149 171 150 165 151 207 150 213 147 220 147 225 150 220 152 213 152 171 205 178 201 185 198 191 201 197 199 205 202 212 207 204 212 197 214 190 214 185 213 178 211 175 205 185 204 191 205 197 205 208 207 197 207 191 207 185 206
137 164 139 179 141 194 145 209 153 222 164 233 175 242 190 245 204 243 216 235 227 225 235 212 240 198 243 184 245 168 246 153 148 135 155 128 165 128 176 132 186 136 199 137 209 132 220 130 231 131 238 139 192 146 192 154 191 163 191 172 180 181 185 184 191 185 197 184 202 182 158 148 164 146 171 146 178 149 171 150 164 151 206 150 213 147 220 147 225 150 220 152 213 152 171 205 177 200 185 198 191 200 197 199 205 202 211 207 204 213 197 216 190 216 184 215 177 212 175 206 185 203 191 204 197 204 208 207 197 208 190 209 184 208
137 166 139 181 142 196 146 210 153 223 163 234 175 243 189 246 204 244 216 236 227 226 235 214 240 200 243 185 245 170 246 155 147 135 155 128 165 128 176 132 186 136 199 137 209 133 220 131 230 132 237 139 192 146 192 154 191 163 191 172 180 181 185 184 191 185 197 184 202 182 159 148 164 146 171 146 178 149 171 150 164 151 206 150 213 147 220 148 225 150 220 152 213 152 171 205 177 201 185 198 191 200 197 199 205 202 212 207 204 214 197 216 190 217 184 216 177 212 174 206 185 204 191 204 197 204 208 207 197 208 190 209 184 208
137 164 139 179 141 195 145 209 153 223 163 234 175 242 190 245 204 243 217 235 228 225 236 213 241 199 244 184 246 169 247 154 147 134 155 128 165 128 175 132 185 136 199 137 209 133 220 131 230 131 238 138 192 146 192 154 191 163 191 172 180 181 185 184 191 186 197 184 202 183 158 148 164 146 171 146 177 149 171 150 164 151 206 150 213 148 220 148 225 150 220 153 213 152 171 205 177 201 185 198 191 201 197 199 204 202 211 207 204 213 196 215 190 216 184 215 176 212 174 205 185 204 190 205 197 204 208 207 196 208 190 209 184 208
137 163 139 178 142 194 145 209 153 222 163 233 175 242 190 245 205 242 218 235 228 224 236 212 240 198 243 183 245 168 246 154 147 135 155 129 165 128 175 132 185 136 199 137 210 133 221 131 231 132 238 139 192 146 192 155 191 163 191 172 180 182 185 184 191 186 197 185 202 183 158 148 164 146 171 146 178 149 171 151 164 151 206 150 213 148 220 148 226 151 220 153 213 152 171 205 177 201 185 199 191 201 197 200 204 203 211 208 204 212 196 214 190 215 184 214 177 211 174 206 185 204 190 205 197 205 208 208 196 207 190 208 185 207
137 164 139 179 142 194 146 209 153 222 163 233 175 242 190 245 205 242 218 234 229 224 237 212 242 198 245 183 246 169 248 154 147 135 155 128 165 128 176 132 186 136 199 137 209 133 220 131 231 132 237 139 192 146 192 154 191 163 191 172 180 182 185 184 191 186 197 185 202 183 158 148 164 146 171 146 177 149 171 151 164 151 206 150 213 147 220 148 225 150 220 153 213 152 171 206 178 201 185 199 191 201 197 200 204 203 211 208 204 212 196 214 190 215 184 214 177 211 174 206 185 205 190 205 196 205 207 208 196 208 190 208 185 207
137 165 139 180 142 194 145 209 152 223 163 234 175 242 189 246 204 243 217 235 228 225 236 213 241 199 244 184 246 169 247 154 147 135 155 129 165 128 176 132 185 137 199 137 210 133 220 131 230 132 237 139 192 146 192 155 191 163 191 172 180 182 185 184 191 186 197 185 202 183 158 148 164 146 171 146 177 149 171 151 164 151 207 150 213 148 220 148 225 151 220 153 213 152 171 206 178 201 185 199 191 201 197 200 204 203 211 208 203 213 196 215 190 215 184 214 177 212 174 206 185 204 190 205 196 205 207 208 196 208 190 209 185 208
137 165 139 180 142 195 145 210 153 224 163 235 175 244 189 247 204 245 216 237 227 227 235 214 240 199 243 184 245 169 247 154 147 135 154 129 165 128 176 132 186 136 199 137 209 132 220 130 230 132 237 138 192 146 192 154 191 163 191 172 180 182 185 184 191 186 196 185 202 183 158 148 164 146 171 146 177 149 171 151 164 151 206 150 213 147 220 148 226 150 220 153 213 152 171 207 178 202 185 199 191 201 197 200 204 203 210 209 204 215 196 218 190 218 184 217 177 214 175 207 185 204 191 205 197 205 206 209 196 210 190 211 184 210
136 165 138 181 141 196 145 211 153 225 163 236 175 245 189 248 204 246 216 238 227 227 234 214 240 200 243 185 245 169 247 154 147 135 155 129 165 128 175 132 185 136 199 137 209 133 220 130 230 131 237 138 192 146 192 154 191 162 191 171 180 182 185 184 191 185 196 184 202 183 158 148 164 146 171 146 177 149 171 150 164 151 206 150 213 147 220 147 225 150 220 152 213 152 172 207 178 201 185 198 191 201 197 199 204 203 210 210 204 216 196 219 190 219 184 218 177 215 175 207 185 204 190 205 196 204 206 209 196 211 190 212 184 211
137 167 139 182 142 197 146 212 153 225 163 236 175 245 189 248 204 246 217 238 227 227 235 214 240 200 243 185 245 169 246 154 148 134 155 128 165 128 176 131 185 136 199 136 209 132 220 130 230 131 237 137 192 146 192 154 191 162 191 171 180 181 185 184 191 185 197 184 202 182 158 148 164 146 171 146 177 149 171 150 164 151 206 150 213 147 220 147 225 150 220 152 213 152 172 207 177 201 185 198 190 200 197 199 204 202 210 209 204 216 196 219 190 219 184 218 177 215 175 207 185 203 190 204 196 204 206 209 196 211 190 212 184 211
136 167 137 182 140 197 145 212 152 225 163 236 175 244 189 247 204 245 216 238 227 227 235 215 240 201 243 185 245 170 247 155 147 135 154 128 165 128 176 131 185 136 199 136 209 132 220 130 230 131 237 138 192 145 192 153 192 162 191 171 180 181 185 183 191 185 197 184 202 182 158 148 164 145 171 145 177 149 171 150 164 150 206 150 213 147 220 147 225 150 220 152 213 152 172 207 178 201 185 198 191 200 196 199 204 202 210 209 204 215 196 217 190 218 184 217 177 214 175 207 185 203 190 204 196 204 206 208 196 211 190 211 185 210
136 166 137 181 140 197 144 211 152 224 162 235 174 243 189 246 204 244 216 237 227 227 235 214 240 200 243 185 245 170 247 155 147 135 155 129 165 128 176 131 186 136 199 136 209 132 220 130 230 131 237 138 192 145 192 153 192 162 191 171 180 181 185 183 191 185 197 184 202 182 158 148 164 146 171 146 177 149 171 150 164 151 206 150 213 147 220 147 225 150 220 152 213 152 172 207 177 201 185 198 191 200 197 199 204 202 210 209 204 214 196 216 190 217 184 216 177 213 175 206 185 203 190 204 196 204 207 208 196 210 190 210 184 209
137 164 139 179 142 194 145 209 152 223 163 234 174 242 189 246 204 244 217 236 228 226 236 213 241 199 244 184 246 169 247 154 147 134 155 128 165 128 176 132 186 136 200 136 210 132 221 131 231 131 237 138 192 146 192 154 192 162 191 171 180 181 185 184 191 185 197 184 202 182 158 148 164 146 171 146 177 149 171 150 164 151 206 150 213 147 220 148 225 150 220 153 213 152 172 206 178 201 185 198 191 201 197 199 204 203 210 209 203 214 196 216 190 216 184 215 177 212 175 206 185 203 190 204 196 204 207 208 196 209 190 209 184 208
137 165 140 179 142 194 146 209 153 222 163 233 175 242 189 245 204 243 216 236 227 226 235 214 240 200 244 185 246 170 248 155 147 135 155 129 165 129 176 132 186 136 199 137 210 133 221 131 231 132 238 139 192 146 192 154 192 163 191 172 180 182 185 184 191 186 197 185 203 183 159 148 165 146 171 146 178 149 171 151 164 151 207 150 213 147 220 148 226 151 220 153 213 152 171 206 177 201 185 199 191 201 197 199 204 203 211 209 204 214 196 216 190 216 184 215 177 212 174 206 185 204 190 205 197 204 207 208 196 209 190 209 184 208
137 164 139 179 141 194 145 208 152 221 162 233 174 241 189 245 204 242 217 235 228 225 235 212 240 198 243 183 245 168 246 153 147 135 155 129 165 128 176 132 186 136 199 137 210 133 221 131 231 132 238 139 193 146 192 154 192 163 192 172 180 182 186 184 191 186 197 185 203 183 159 148 165 146 171 146 178 149 171 150 165 151 207 150 213 148 220 148 226 151 220 153 213 152 171 206 178 202 185 200 191 202 197 201 204 204 211 208 203 212 196 214 190 214 184 213 178 211 175 206 185 205 191 206 197 206 207 208 196 207 190 207 185 206
137 164 139 179 142 194 145 208 152 221 162 232 174 240 189 244 204 241 216 234 228 225 236 213 241 199 244 184 246 169 247 155 147 134 156 128 166 129 177 132 186 137 199 137 210 133 221 131 231 132 238 138 193 146 192 154 192 163 192 172 180 181 186 184 191 186 197 184 203 183 159 148 165 146 171 146 178 149 171 150 165 151 207 150 213 148 220 148 226 150 220 153 213 152 172 206 179 202 186 200 191 202 196 201 204 204 210 209 203 212 196 213 190 213 185 212 178 210 175 206 186 205 191 206 196 206 207 208 196 206 190 206 185 205
137 164 139 179 142 194 145 208 152 221 163 232 174 240 189 243 204 241 217 234 228 224 236 213 241 199 244 184 246 169 247 154 148 134 156 128 166 129 176 132 186 137 199 137 210 133 220 131 231 132 238 138 193 146 192 154 192 163 192 172 180 182 186 184 191 186 197 185 203 183 159 148 165 146 171 146 178 149 171 151 165 151 207 150 213 148 220 148 226 150 220 153 213 152 172 205 179 202 186 200 191 202 196 201 204 204 211 209 203 212 196 213 190 213 185 213 178 210 175 206 186 205 191 206 196 206 207 208 196 206 190 207 185 206
137 164 139 179 142 193 145 208 152 221 162 232 174 240 189 244 204 242 216 234 227 224 235 212 239 198 242 183 244 168 246 154 147 135 155 128 165 128 176 131 186 136 199 136 209 132 220 130 231 131 238 139 192 145 192 154 192 163 192 172 180 181 186 184 191 186 197 184 203 183 159 148 164 146 171 146 178 149 171 150 164 151 206 150 213 147 220 148 226 150 220 153 213 152 172 206 179 202 185 200 191 202 197 201 204 204 210 209 203 212 196 213 190 213 184 212 178 210 175 206 185 205 191 206 196 206 207 208 196 206 190 207 185 206
137 164 139 179 141 193 145 208 152 221 162 231 173 240 189 243 204 241 216 234 227 225 235 213 240 199 243 184 245 169 246 154 147 135 155 128 166 128 176 131 186 136 199 137 210 132 221 130 231 131 238 139 193 146 192 154 192 163 191 172 180 181 185 184 191 186 197 184 202 183 159 148 165 146 172 146 178 149 171 150 164 150 207 150 213 147 220 148 226 150 220 153 213 152 171 205 178 201 185 199 191 202 197 200 204 203 211 208 203 211 196 213 190 213 184 212 178 210 174 205 185 205 191 206 197 205 208 208 196 206 190 206 185 205
137 163 139 178 141 193 145 207 152 221 162 231 174 240 189 243 204 241 217 234 227 224 235 212 239 198 242 183 245 168 246 153 147 135 155 128 165 128 176 131 186 136 199 137 209 132 220 130 231 131 238 139 193 145 192 154 192 162 192 172 180 181 185 184 191 186 197 184 203 183 158 148 164 146 171 146 178 149 171 150 164 151 206 150 213 147 220 148 226 150 220 153 213 152 171 205 178 201 185 200 191 202 197 200 204 203 211 208 203 211 196 213 190 213 184 212 178 210 174 205 185 205 190 206 196 205 208 207 196 206 190 207 185 205
137 163 139 178 141 193 145 208 152 221 163 232 175 241 190 244 205 242 218 234 229 224 236 211 241 197 244 183 246 168 247 153 147 134 155 128 166 128 176 132 186 136 200 136 210 132 221 130 231 131 238 138 193 146 192 154 192 163 192 172 180 181 186 184 191 186 197 184 203 182 159 148 165 147 171 147 178 149 171 150 165 151 207 150 213 148 220 148 226 151 220 153 213 152 172 205 178 201 185 198 191 200 197 199 205 202 211 208 204 212 197 214 190 214 184 213 178 210 175 205 185 203 191 204 197 204 207 208 197 207 191 207 185 206
137 164 139 179 142 195 146 209 153 223 164 234 175 242 190 245 205 243 217 235 229 225 236 212 241 198 244 183 246 168 247 153 147 135 155 129 165 129 176 132 186 136 199 137 210 133 221 131 231 132 238 139 193 146 192 155 192 164 192 173 180 182 186 184 191 186 197 185 203 183 159 149 165 147 171 147 178 149 171 151 165 151 207 151 213 149 220 149 226 151 220 153 213 153 172 206 178 201 185 199 191 201 197 199 205 203 212 209 204 214 197 216 190 216 184 215 177 212 175 206 185 204 191 205 197 204 207 208 197 209 190 209 185 208
136 165 138 180 141 196 145 211 153 224 164 235 175 244 189 247 204 245 217 237 228 226 236 213 241 199 245 184 247 169 248 153 148 135 155 129 166 129 176 132 186 137 199 137 210 133 221 131 231 132 238 139 193 147 192 155 192 164 192 173 180 182 186 185 191 186 197 185 203 183 159 149 165 148 172 148 178 150 172 151 165 151 207 151 213 149 220 150 226 152 220 154 213 153 171 206 177 201 185 199 191 201 197 200 205 203 212 209 205 216 197 219 190 219 184 218 177 214 175 206 185 204 191 205 197 205 208 209 197 211 190 211 184 210
137 167 139 182 142 198 146 212 153 226 164 236 175 245 190 248 204 246 217 238 228 227 236 215 242 201 245 186 246 170 247 155 147 135 155 129 166 129 176 133 186 137 200 138 210 133 221 131 231 132 238 139 193 147 193 155 192 164 192 173 180 182 186 185 192 186 197 185 203 184 159 150 165 148 171 148 178 150 171 151 165 152 207 151 213 149 220 150 226 152 220 154 213 153 171 206 177 201 185 199 191 201 198 200 205 204 212 209 205 216 197 220 190 220 184 219 176 215 174 207 185 204 191 205 197 205 208 209 197 211 190 212 184 211
137 166 139 182 142 197 146 212 154 225 164 236 176 245 190 248 204 246 217 238 228 227 235 214 241 200 244 185 246 169 247 154 148 136 155 129 165 129 176 132 186 137 199 138 210 133 221 131 231 132 238 139 193 146 192 155 192 164 192 173 180 182 186 185 191 186 197 185 203 184 159 150 165 148 171 148 178 150 171 152 165 152 207 151 213 149 220 150 226 152 220 154 213 153 171 206 177 202 185 199 191 202 197 200 205 204 212 209 205 216 197 219 190 220 183 219 176 215 174 207 185 205 191 206 197 205 208 209 197 210 190 211 184 210
136 167 138 182 141 198 145 212 153 225 164 236 176 244 190 248 204 245 217 237 228 227 236 214 241 200 244 185 246 169 247 154 148 135 155 129 166 129 176 132 186 137 200 137 211 133 221 131 232 132 238 139 193 147 193 155 192 164 192 174 180 182 186 185 191 187 197 185 203 184 159 150 165 148 172 148 178 150 172 152 165 152 207 151 214 149 220 150 226 152 220 154 214 153 170 206 177 202 185 200 191 202 197 200 205 204 213 208 205 216 197 219 190 219 184 218 176 214 174 206 185 205 191 206 197 205 209 208 197 210 190 211 184 210
136 165 138 181 141 196 145 210 153 224 164 234 175 244 189 247 204 245 216 237 228 227 236 214 241 200 244 185 246 170 247 154 148 135 156 129 166 129 176 132 186 137 200 137 211 133 221 131 231 132 238 139 193 147 193 155 192 164 192 173 180 182 186 184 191 186 197 185 203 184 159 150 165 148 172 148 178 150 172 152 165 152 207 151 213 149 220 150 226 152 220 154 213 153 170 206 177 201 185 199 191 201 198 200 205 203 213 208 205 215 197 218 190 218 184 217 176 213 174 206 185 204 191 205 197 205 209 208 197 210 190 210 184 209
137 165 138 181 141 196 145 210 153 223 164 234 175 243 189 246 204 244 216 236 227 226 235 214 240 200 244 185 246 170 247 154 148 135 155 128 166 128 176 132 186 136 200 137 211 133 221 130 232 132 238 139 193 146 193 155 192 164 192 173 180 182 186 184 191 186 197 185 203 183 159 149 165 148 172 148 178 150 172 151 165 152 207 151 214 149 221 150 226 151 221 153 214 153 170 205 177 201 185 199 191 201 197 200 205 203 213 207 205 214 197 217 190 217 184 216 176 212 174 205 185 204 191 205 197 204 209 208 197 209 190 210 184 208
137 164 138 180 141 195 145 209 152 223 163 233 174 243 189 246 204 244 217 236 228 226 237 213 242 199 245 184 247 169 248 154 148 135 155 128 166 128 176 132 186 137 200 137 210 133 221 130 231 131 238 139 193 146 193 154 192 163 192 172 180 182 186 184 192 186 198 185 203 183 159 149 165 147 172 147 178 150 172 151 165 151 207 151 214 149 220 149 226 151 220 153 214 153 170 205 177 201 185 199 191 201 198 200 205 203 213 207 204 214 197 216 190 216 184 215 177 212 174 205 185 204 191 205 197 205 209 207 197 208 190 209 185 208
137 164 138 179 140 194 145 209 152 222 163 233 175 241 189 245 204 242 217 235 228 225 236 212 241 198 244 183 246 168 247 153 147 135 155 129 166 128 176 132 186 137 200 137 211 133 221 131 231 132 238 139 193 146 193 155 192 164 192 173 181 182 186 185 192 186 197 185 203 183 159 149 165 148 172 147 178 150 172 151 165 151 207 151 214 149 220 150 226 151 220 154 214 153 170 205 178 202 186 200 191 202 198 200 205 203 212 207 204 212 197 214 190 214 184 213 177 211 174 205 185 205 191 206 197 205 209 207 197 207 191 208 185 207
137 164 139 179 141 194 145 209 152 222 163 232 175 240 190 243 205 241 218 234 229 224 237 212 241 198 245 184 246 169 247 154 148 135 155 128 166 128 177 132 187 137 200 138 210 133 221 131 232 132 238 139 193 147 193 155 192 164 192 174 181 183 186 185 192 187 198 186 203 184 159 149 165 147 172 147 178 150 172 151 165 152 207 151 214 149 220 149 226 152 220 154 214 153 170 205 178 202 186 200 191 202 198 201 205 203 213 207 204 211 197 212 190 212 184 211 177 209 173 205 185 205 191 206 197 206 209 207 197 206 191 207 185 205
138 164 139 178 141 193 145 208 152 221 163 231 175 239 190 242 205 240 218 233 229 223 237 211 242 197 244 183 246 168 247 154 147 135 155 129 166 129 176 133 186 137 200 138 210 134 221 131 231 132 238 139 193 147 193 156 193 164 192 174 181 183 186 185 192 187 198 186 203 184 159 149 165 147 172 148 178 150 172 151 165 152 207 151 214 149 220 150 226 152 220 154 214 153 170 205 178 202 186 200 191 202 197 201 205 204 213 207 204 210 197 211 190 211 185 210 177 209 173 205 186 205 191 206 197 206 209 207 197 206 191 206 185 205
137 165 139 180 141 195 145 209 153 221 164 231 176 239 191 241 206 239 218 232 229 223 237 211 242 198 244 184 246 169 246 155 148 134 156 128 166 129 176 133 186 137 200 138 210 134 221 131 231 132 237 139 193 147 193 156 192 165 192 174 180 183 186 185 192 187 197 186 203 184 159 149 165 147 172 147 178 150 172 152 165 152 207 152 214 149 220 149 226 152 220 154 214 154 170 204 178 201 186 200 191 202 197 201 205 203 213 207 204 210 196 211 190 211 184 210 177 208 173 204 185 204 191 206 197 205 210 207 197 205 191 206 185 205
137 164 139 179 141 194 145 208 152 220 163 230 175 238 190 241 206 239 218 232 229 222 237 211 242 197 244 183 246 168 246 154 148 134 155 129 166 129 176 133 185 137 200 138 210 134 220 132 231 132 238 139 193 147 192 156 192 165 192 174 181 183 186 185 192 187 197 186 203 184 159 149 165 147 172 147 178 150 171 152 165 152 207 152 213 149 220 150 226 152 220 154 213 154 170 204 178 202 185 200 191 202 197 201 205 203 213 207 204 209 197 210 190 211 184 210 177 208 173 205 185 205 191 206 197 205 210 206 197 205 191 205 185 204
137 165 139 179 142 194 145 208 152 220 163 230 175 238 190 241 205 239 217 232 228 223 236 211 241 198 244 184 245 169 246 155 148 135 155 129 166 129 176 133 186 138 199 138 210 134 220 132 231 132 237 139 192 147 192 156 192 165 192 174 180 183 186 185 191 187 197 186 203 184 159 149 165 147 171 147 178 151 171 152 164 152 206 152 213 149 220 149 225 152 220 154 213 154 170 204 178 202 185 200 191 202 197 201 204 203 212 206 204 209 196 210 190 211 184 210 177 208 173 204 185 204 191 206 197 205 209 206 196 205 190 205 185 204
138 165 139 180 141 194 145 208 152 221 163 231 175 238 190 241 205 239 217 232 228 223 236 212 241 198 243 184 245 169 246 155 147 135 154 129 165 129 175 132 185 137 199 138 210 133 220 131 231 132 238 139 192 147 192 156 192 165 192 174 180 183 186 185 191 187 197 186 203 184 159 149 165 147 171 147 178 150 171 152 164 152 207 152 213 149 220 149 225 152 220 154 213 154 170 204 178 201 185 200 191 202 197 201 204 203 212 206 204 209 196 210 190 210 184 210 177 208 173 204 185 204 191 206 197 205 209 206 196 205 190 205 185 204
137 164 139 179 141 194 145 208 152 220 163 231 175 238 190 241 206 239 218 232 229 222 237 211 242 198 245 184 246 169 247 155 147 135 155 128 165 129 176 133 185 138 199 138 210 134 221 131 231 132 238 139 192 147 192 156 192 165 192 174 180 183 186 185 191 187 197 186 202 184 158 149 164 147 171 147 178 150 171 152 164 152 206 151 213 149 220 149 225 152 220 154 213 154 169 204 178 201 185 200 191 202 197 201 204 203 212 206 204 209 196 210 190 210 184 210 177 208 172 204 185 204 191 206 197 205 209 206 197 205 190 205 185 204
137 164 139 179 141 194 144 208 152 220 163 230 175 238 190 241 205 238 217 232 228 223 237 211 241 198 244 183 245 169 246 154 147 134 155 128 165 129 176 133 185 138 199 137 209 133 220 131 230 132 237 138 192 147 192 156 192 164 191 174 180 183 185 185 191 187 196 186 202 184 158 149 164 147 171 147 177 150 171 152 164 152 206 151 213 149 219 149 225 151 220 154 213 154 169 204 178 201 185 200 191 202 197 200 204 203 212 206 203 209 196 210 190 210 184 209 177 208 172 204 185 204 191 205 197 205 209 206 196 204 190 205 185 204
137 164 139 179 141 194 144 208 152 220 163 230 175 238 190 240 205 238 217 231 229 222 237 211 242 197 245 183 246 169 247 154 147 135 154 129 165 129 175 132 185 137 199 138 210 133 220 131 231 132 238 139 192 147 192 156 192 165 191 174 180 183 185 185 191 187 197 185 202 184 158 150 164 148 171 148 177 151 171 152 164 153 206 152 213 150 219 150 225 152 219 154 213 154 169 204 178 201 185 200 191 202 197 200 204 203 212 206 203 209 196 210 190 210 184 209 177 208 172 204 185 204 191 205 197 205 209 206 196 204 190 205 185 204
135 164 137 179 139 194 143 208 151 220 162 230 174 237 189 240 204 238 217 231 228 222 237 211 241 197 244 183 245 169 246 154 146 135 154 129 165 129 175 132 185 137 199 138 209 133 220 131 231 132 238 139 192 147 192 156 192 164 191 173 180 183 185 185 191 186 197 185 202 184 158 150 164 148 171 148 177 150 171 152 164 152 206 152 213 150 219 150 225 152 219 154 213 154 169 204 177 201 185 200 191 202 197 200 204 203 213 206 204 209 196 210 190 210 184 209 177 208 172 204 185 204 191 205 197 204 209 206 196 204 190 205 185 204
136 164 137 179 139 194 143 208 151 220 162 230 174 238 189 240 205 238 217 231 228 222 236 211 241 197 244 183 245 168 246 154 147 135 154 129 165 129 175 132 185 137 199 138 209 133 220 131 231 132 237 139 192 147 192 156 192 164 192 173 180 183 186 185 191 186 197 185 202 184 158 150 164 148 171 148 178 150 171 152 164 152 206 152 213 150 219 150 225 152 219 154 213 154 169 204 177 201 185 200 191 202 197 200 204 203 212 206 204 209 196 210 190 210 184 209 177 208 172 204 185 204 191 205 197 204 209 206 196 204 190 205 185 204
136 164 137 179 139 194 143 208 151 220 162 230 174 238 189 240 204 239 217 232 228 222 236 211 240 197 243 183 245 169 246 154 147 134 154 128 165 129 175 132 185 137 200 138 210 133 220 131 231 132 237 139 192 147 192 156 192 165 192 174 180 183 186 185 191 187 197 185 202 184 158 150 164 148 171 148 178 150 171 152 164 152 206 152 213 150 220 150 225 152 219 154 213 154 169 204 178 201 185 200 191 202 197 200 205 203 212 206 204 209 197 210 190 210 184 209 177 208 173 204 185 204 191 205 197 205 209 206 197 204 191 205 185 204
135 164 137 179 139 194 143 208 151 220 162 230 174 238 189 240 205 238 217 232 228 222 236 211 241 197 243 183 245 168 246 154 147 134 154 128 165 129 175 132 185 137 199 137 209 133 220 131 231 131 237 139 192 147 192 155 192 164 192 173 180 183 186 185 191 187 197 185 202 184 158 150 164 148 171 148 177 150 171 152 164 152 206 151 213 150 219 150 225 152 219 154 213 154 169 204 178 201 185 200 191 202 197 200 204 203 213 206 204 209 196 210 190 210 184 209 177 208 173 204 185 204 191 205 197 205 209 206 197 204 191 205 185 204
136 165 137 179 139 194 143 208 151 220 162 230 174 237 189 240 204 238 217 231 228 222 237 211 241 197 244 183 246 169 247 154 147 135 154 128 165 129 176 132 186 137 199 138 209 133 220 131 231 132 238 139 192 146 192 155 192 164 192 173 180 183 186 185 191 187 197 185 202 184 158 150 164 148 171 148 178 150 171 152 164 152 206 151 213 150 219 150 225 152 219 154 213 154 169 204 178 201 185 200 191 202 197 200 204 203 213 206 204 209 196 210 190 210 184 209 177 207 173 204 185 204 191 205 197 205 209 206 197 204 190 204 185 203
136 164 138 178 140 193 143 207 151 220 162 230 175 237 190 240 205 238 218 231 229 222 237 210 241 197 244 183 245 168 246 154 147 134 155 128 165 128 175 132 185 137 199 137 210 133 220 131 231 132 238 139 192 147 192 155 192 164 192 174 180 183 186 185 191 186 197 185 202 184 158 150 164 148 171 148 178 150 171 152 164 152 206 152 213 150 219 150 225 152 220 154 213 154 169 204 178 201 185 200 191 202 197 200 205 203 213 206 204 209 197 210 190 210 184 209 177 208 173 204 185 204 191 205 197 205 209 206 197 205 191 205 185 204
136 164 138 178 140 193 143 207 151 219 162 230 174 238 189 240 205 238 218 231 229 222 237 211 241 197 244 183 246 169 247 154 147 134 154 128 165 128 175 132 185 136 199 137 210 133 221 131 231 131 238 139 192 146 192 155 192 164 192 173 180 183 186 185 191 186 197 185 202 184 158 150 164 148 171 148 177 150 171 152 164 152 206 151 213 150 220 150 225 152 220 154 213 154 169 204 178 201 185 199 191 202 197 200 205 203 213 206 204 209 197 210 190 210 184 209 177 208 173 204 185 204 191 205 197 204 210 206 197 204 190 204 185 204
136 164 138 178 140 193 144 207 151 220 162 230 174 238 189 240 205 238 217 231 228 222 237 211 241 197 244 183 245 168 246 154 147 134 155 128 165 128 175 132 185 136 199 137 210 133 220 130 231 131 237 138 192 147 192 155 192 164 192 173 180 183 186 185 191 186 197 185 202 184 158 150 164 148 171 148 178 150 171 152 164 152 206 151 213 150 220 150 225 152 220 154 213 154 169 204 178 201 185 199 191 201 197 200 205 202 212 206 204 209 196 210 190 210 184 209 177 208 173 204 185 204 191 205 197 204 209 206 197 204 191 205 185 204
