128 160 130 176 133 192 138 208 146 222 157 233 169 242 185 246 200 243 211 234 222 223 229 210 234 195 236 180 238 164 239 149 140 131 149 125 160 125 171 129 181 133 194 133 204 130 215 128 226 128 233 135 187 142 187 151 187 160 187 170 175 180 181 182 187 184 192 183 198 181 152 144 158 142 165 142 172 146 165 148 157 148 201 146 208 143 215 143 221 146 215 149 208 149 166 206 173 201 180 198 186 201 192 199 199 202 205 208 199 213 192 216 186 216 180 215 173 213 170 206 180 203 186 204 192 204 201 207 192 208 186 209 180 208
129 160 131 176 134 192 138 207 146 221 157 232 170 241 185 245 200 242 212 234 222 223 229 211 233 197 236 182 239 166 240 151 142 130 150 123 161 124 172 127 183 131 196 132 207 128 218 126 228 127 235 135 189 141 189 150 189 159 188 169 177 179 182 181 188 183 193 181 199 180 153 143 159 140 167 140 173 144 166 146 159 146 203 145 210 141 217 141 223 145 217 148 210 148 168 205 174 199 181 196 187 199 193 197 200 201 206 207 200 212 193 214 187 215 180 214 174 211 171 205 181 202 187 203 193 202 202 206 193 207 187 207 181 206
129 162 131 178 134 194 139 209 147 222 158 232 170 240 185 244 200 242 212 234 223 223 229 210 233 196 236 182 239 167 241 151 143 129 151 123 162 123 173 126 184 131 196 132 207 128 218 126 228 127 235 134 190 140 190 149 190 158 189 168 178 178 183 180 189 182 194 181 199 179 154 142 160 139 168 139 174 144 167 145 159 145 204 145 210 141 218 141 223 145 218 148 210 147 168 204 175 198 182 196 188 198 194 196 201 200 206 206 200 212 194 214 187 214 181 213 174 211 172 204 182 201 188 202 194 202 203 206 194 206 188 207 182 206
130 159 132 175 135 190 139 206 146 219 158 231 170 240 186 244 201 241 213 233 223 222 230 209 235 195 238 181 240 165 241 151 143 128 151 122 163 122 174 126 184 130 197 131 208 127 219 126 229 127 236 135 190 140 190 148 190 157 190 167 178 177 183 179 189 181 194 180 200 178 154 142 161 139 168 139 175 143 168 145 160 145 204 144 211 141 218 141 224 145 218 148 211 147 168 203 175 198 182 195 188 197 194 196 201 200 207 206 201 211 194 214 188 214 181 213 174 210 172 203 182 200 188 201 194 201 203 205 194 206 188 206 182 205
130 159 133 175 135 191 139 206 147 219 158 231 170 240 186 243 201 241 213 233 223 222 229 209 234 195 237 181 240 166 241 151 143 128 152 122 163 122 174 125 184 130 198 130 208 127 219 125 229 127 236 134 191 139 191 148 190 157 190 166 178 176 184 179 189 181 195 180 200 178 155 141 162 138 169 138 175 143 168 144 161 144 205 144 211 141 219 141 224 145 218 147 211 147 169 203 176 197 183 194 189 197 195 195 201 199 207 206 201 211 194 213 188 213 182 212 175 209 172 203 183 200 189 201 194 201 203 205 194 206 188 206 182 205
130 161 132 176 135 192 140 207 147 220 158 231 171 240 186 243 201 241 213 233 223 223 230 210 235 196 238 182 240 166 242 152 144 127 152 121 164 121 175 125 185 129 198 130 209 127 220 125 230 126 236 134 191 139 191 148 191 156 191 166 179 176 184 178 190 180 195 179 200 178 155 141 162 137 169 138 175 142 168 144 161 144 205 144 212 140 219 140 224 144 219 147 211 146 169 203 176 197 183 194 189 196 195 195 201 199 207 205 201 211 194 213 188 213 182 212 175 209 172 203 183 199 189 201 194 200 203 205 194 205 188 206 183 205
131 160 133 175 136 191 140 206 147 220 158 231 170 240 185 243 200 241 213 234 223 223 230 210 235 196 238 181 240 166 242 151 144 127 152 121 164 121 175 124 185 129 198 130 209 126 220 125 230 126 236 134 191 138 191 147 191 156 191 166 179 176 184 178 190 180 195 179 201 177 155 140 162 137 169 138 175 142 169 144 161 144 205 144 212 140 219 141 225 144 219 147 212 146 169 203 176 197 183 194 189 196 195 195 201 199 207 205 201 211 194 213 188 213 182 212 175 209 172 202 183 199 189 200 195 200 203 205 194 205 188 206 183 205
130 160 133 175 136 191 140 206 147 220 158 231 171 239 186 243 201 241 213 233 222 223 229 211 234 197 237 182 240 167 241 152 144 127 153 120 164 121 175 124 186 129 198 130 209 126 220 125 230 126 236 134 192 139 192 147 191 155 191 165 179 175 184 178 190 179 195 178 201 177 156 140 162 137 169 137 176 142 169 143 161 143 205 143 212 140 219 140 225 144 219 147 212 146 169 202 176 196 183 193 189 196 195 194 201 198 207 205 201 210 194 212 188 213 182 212 175 209 173 202 183 199 189 200 195 199 203 204 194 205 189 205 183 204
131 157 133 173 135 189 139 205 147 219 158 230 170 239 186 243 201 241 213 233 223 222 230 209 235 195 239 181 241 165 243 150 145 125 153 120 165 120 176 124 186 128 199 129 210 126 221 124 231 126 237 134 192 138 192 146 192 155 191 164 179 175 184 177 190 179 195 178 201 176 156 140 163 137 170 137 176 141 169 143 162 143 206 143 212 140 220 140 225 143 219 146 212 145 169 202 176 196 183 193 189 195 195 194 201 197 207 204 201 210 194 212 188 212 182 212 175 209 173 202 183 198 189 199 195 199 203 204 195 204 189 205 183 204
131 159 133 175 136 191 140 206 148 220 159 230 171 239 186 242 201 241 213 233 223 222 230 210 235 195 239 181 241 165 243 150 145 125 154 119 165 120 176 123 186 128 199 128 210 125 221 124 231 126 237 133 193 137 192 146 192 154 192 164 180 174 185 177 190 178 196 177 201 176 156 139 163 136 170 137 176 141 170 142 162 142 206 143 213 139 220 140 225 143 220 146 213 145 170 201 176 195 184 192 190 194 196 193 202 197 207 204 201 210 195 212 189 212 182 211 175 208 173 201 184 197 189 198 195 198 203 204 195 204 189 204 183 203
131 158 133 174 136 189 140 205 147 218 158 229 170 238 185 242 201 240 213 232 223 222 230 209 235 195 238 180 241 165 242 150 145 125 154 119 165 119 176 123 187 127 199 129 209 125 220 124 231 125 237 133 193 137 192 145 192 154 192 163 180 174 185 176 190 178 196 177 201 176 157 139 163 136 170 136 176 140 170 142 162 142 206 142 213 139 220 140 225 143 220 146 213 145 170 201 177 194 184 191 190 194 196 192 202 196 207 204 201 210 195 212 189 212 182 211 176 208 174 201 184 197 189 198 195 197 203 203 195 204 189 204 183 203
131 156 133 172 136 187 140 203 148 217 159 229 171 238 187 242 202 239 214 231 224 220 231 207 236 193 240 178 242 164 243 150 145 125 154 119 165 118 177 122 187 127 199 128 210 124 221 123 232 125 238 133 193 137 193 145 193 154 192 163 180 173 185 176 191 178 196 177 202 175 157 138 163 135 170 136 177 140 170 141 163 141 206 142 213 139 220 139 226 143 220 146 213 145 170 200 177 194 185 191 190 193 196 192 202 196 208 203 202 209 195 211 189 211 183 210 176 207 174 200 184 196 190 197 195 197 204 203 195 203 189 203 184 202
132 153 133 169 136 185 140 201 148 216 158 228 171 238 186 241 202 239 214 230 225 220 233 206 239 192 243 177 245 161 247 146 146 124 154 118 165 118 176 122 187 126 200 127 211 124 222 123 232 125 238 132 193 137 192 145 192 154 191 163 179 173 185 176 190 178 196 177 202 175 157 138 163 135 171 136 177 140 170 141 163 141 206 142 213 139 220 139 226 143 220 145 213 144 170 200 177 194 185 191 190 194 195 193 202 196 207 203 201 208 195 210 189 211 183 210 176 207 174 200 184 197 189 197 195 197 203 202 195 202 189 203 184 202
132 156 134 171 136 187 140 202 147 216 158 227 170 236 186 239 202 238 214 230 224 219 231 207 235 193 238 179 241 164 243 149 145 125 154 118 165 118 176 122 187 127 199 128 210 124 221 123 232 125 237 133 193 136 193 145 192 153 192 163 179 173 185 176 190 178 196 177 202 175 157 138 163 135 171 136 177 140 170 141 163 141 206 142 213 139 220 139 226 143 220 145 213 144 171 200 178 195 184 193 189 195 195 194 201 197 207 202 200 206 194 207 189 207 183 206 177 204 174 199 184 198 189 199 194 199 204 202 194 200 189 200 184 199
132 154 134 170 136 185 139 200 146 214 157 226 169 235 185 238 201 236 213 229 223 219 231 207 236 193 239 179 241 164 242 150 145 124 154 118 166 118 177 122 187 127 199 127 210 124 221 123 231 125 237 133 193 136 192 145 192 153 191 162 179 173 184 176 190 178 196 177 201 175 157 138 163 135 170 136 177 140 170 141 162 141 206 142 213 138 220 139 225 143 220 145 213 144 170 199 177 195 184 192 189 195 194 193 201 196 207 201 200 204 194 205 188 205 183 205 177 203 173 199 184 198 189 198 194 198 204 200 194 199 189 199 184 198
132 154 133 169 136 185 139 200 146 214 157 226 169 235 185 239 201 237 213 230 224 220 231 207 236 194 240 179 242 165 243 150 146 123 155 118 166 118 177 122 187 126 199 127 210 124 221 123 231 124 238 132 193 136 192 145 192 154 191 163 179 173 184 176 190 178 196 177 201 175 157 138 163 135 170 135 177 139 170 141 163 141 206 142 213 138 220 139 226 143 220 145 213 144 169 199 176 194 184 192 189 194 195 193 202 196 208 202 201 205 194 206 188 207 182 206 176 203 172 199 183 198 189 199 195 199 204 201 194 199 189 199 183 198
132 154 133 170 135 186 139 202 147 216 157 228 169 237 185 241 200 239 213 231 225 220 233 208 239 194 243 179 245 164 247 149 146 123 155 118 166 118 176 122 186 126 200 127 210 124 221 123 231 124 237 132 193 136 192 145 191 153 191 163 178 172 184 175 190 177 196 176 201 174 157 138 163 135 170 135 177 139 170 140 163 141 206 141 213 138 220 139 225 142 220 145 213 144 168 198 175 192 183 189 189 192 195 191 202 195 208 202 201 208 194 210 187 211 181 210 174 206 172 198 182 196 188 197 195 197 204 201 194 201 188 202 182 201
132 156 133 172 136 188 140 203 147 217 158 228 170 238 185 241 200 239 212 231 223 221 230 209 236 195 239 180 241 165 243 150 145 124 154 118 165 118 176 122 187 127 198 128 209 124 220 122 231 124 237 132 192 136 192 144 191 153 191 162 178 172 183 175 189 177 196 176 201 174 156 138 163 135 170 135 176 139 170 140 162 140 205 141 212 138 220 139 225 142 219 145 212 144 166 197 173 191 182 188 188 191 194 190 202 194 208 201 201 209 193 211 186 212 180 210 172 206 170 197 181 195 188 196 194 196 204 201 193 202 187 202 181 200
132 155 133 171 135 187 139 203 147 216 158 228 171 237 186 240 201 238 214 230 225 220 233 208 238 194 242 180 243 164 245 149 145 124 154 118 165 118 176 121 186 127 198 127 209 124 220 122 231 124 237 132 192 136 192 144 191 153 190 163 177 172 183 174 189 177 196 176 201 174 156 137 162 135 170 135 176 139 169 140 162 140 205 141 212 138 219 138 225 142 219 144 212 144 166 196 173 191 182 188 188 191 194 190 202 194 208 200 201 207 193 209 186 209 180 208 173 204 170 196 181 195 187 196 194 196 204 200 193 200 187 200 181 199
132 156 133 172 136 187 139 202 147 215 158 226 170 235 186 238 201 236 213 229 224 219 231 206 236 193 239 179 241 165 243 150 144 125 153 118 165 118 176 121 186 126 198 127 209 124 220 122 231 124 237 132 192 135 192 144 191 153 191 162 178 171 184 174 190 176 196 175 201 173 156 138 163 135 170 135 176 139 169 140 162 140 205 141 212 138 219 138 224 142 219 144 212 143 167 196 174 190 182 188 188 191 194 190 202 193 208 199 201 205 193 207 187 207 180 206 173 202 170 196 182 194 188 195 194 195 204 199 194 199 187 199 181 198
132 155 133 170 135 185 138 200 146 214 157 225 169 233 185 237 201 235 214 227 224 218 232 206 237 192 240 178 242 163 243 149 145 124 153 118 165 118 176 121 186 126 198 127 208 124 220 122 230 124 237 132 192 135 191 144 191 153 190 162 178 171 183 174 189 176 195 175 201 173 156 137 162 135 169 135 176 139 169 140 162 140 205 141 212 138 219 138 225 142 219 144 212 144 168 195 174 190 182 188 188 190 194 189 202 193 209 199 201 203 193 204 187 204 181 203 174 200 171 195 182 194 188 195 194 195 205 198 194 197 187 197 181 195
132 155 133 170 135 185 138 200 145 213 156 224 169 232 185 236 200 234 213 227 224 218 231 205 235 192 238 178 241 163 242 149 144 124 153 118 164 118 176 121 186 126 198 127 209 123 220 122 230 124 236 132 192 135 191 144 191 153 190 162 178 172 183 174 189 176 195 175 201 174 156 137 162 135 169 135 176 139 169 140 162 140 205 141 212 138 219 138 225 142 219 144 212 143 168 195 175 190 183 188 189 190 195 189 202 193 208 199 201 202 194 202 187 202 181 201 174 199 172 195 182 193 188 194 195 194 205 198 194 195 188 195 182 194
131 155 133 170 135 185 138 200 146 213 156 224 169 232 185 236 201 234 214 227 224 217 231 205 236 192 239 178 241 164 242 149 145 124 153 118 164 118 175 121 186 126 198 127 209 123 220 122 230 124 236 131 192 135 191 144 191 153 190 162 178 171 184 174 190 176 196 175 201 173 156 137 162 135 170 135 176 139 169 140 162 140 205 141 212 138 219 138 224 142 219 144 212 143 168 195 175 189 183 187 189 190 195 188 202 192 208 199 201 201 194 202 188 202 181 201 174 199 171 194 182 193 188 194 195 194 205 198 194 194 188 195 182 193
131 156 133 171 135 186 138 201 145 214 156 224 169 233 185 236 201 234 214 227 224 217 231 205 235 192 238 178 240 163 242 149 145 123 153 117 164 117 175 121 186 125 199 126 209 123 220 122 230 123 236 131 192 135 191 144 191 153 191 162 178 172 184 174 190 176 195 175 201 174 156 137 162 135 169 135 176 139 169 140 162 140 205 141 212 138 219 138 224 142 219 144 212 143 168 195 175 190 183 187 189 190 195 189 202 192 208 199 201 201 194 202 187 202 181 201 174 199 171 195 182 193 188 195 195 195 204 198 194 194 188 195 182 193
131 155 133 170 135 186 138 201 145 215 156 226 168 235 184 238 200 237 213 229 224 219 231 206 236 193 240 178 241 163 243 149 145 123 153 117 165 117 176 120 186 125 198 126 209 122 220 121 230 123 236 130 192 135 191 143 191 152 190 161 178 171 183 174 189 176 195 175 201 173 156 137 162 134 169 134 176 138 169 140 162 140 205 140 212 137 219 138 224 141 219 143 212 143 168 196 175 190 183 188 189 190 195 189 202 193 207 200 200 203 193 204 187 204 181 202 174 200 172 196 182 194 188 195 194 195 204 199 194 196 188 196 182 195
131 154 133 170 135 186 139 201 146 215 157 228 169 237 185 241 200 239 213 231 223 220 230 207 236 194 239 179 241 164 243 149 145 124 153 117 164 117 175 120 186 125 198 126 209 122 220 121 231 123 236 131 192 135 191 143 191 152 190 161 178 171 183 173 189 176 195 174 201 173 156 137 162 134 169 134 176 138 169 140 162 140 205 140 212 137 219 138 224 141 219 144 212 143 169 197 175 190 183 188 189 190 195 189 202 193 207 201 201 208 194 210 187 211 180 209 173 204 172 196 182 193 188 194 194 194 203 200 194 202 188 203 182 201
132 155 133 171 135 187 139 203 147 217 157 230 170 239 185 243 200 241 212 233 223 221 231 208 236 194 240 179 242 164 243 149 145 124 154 117 165 117 176 120 186 125 198 126 209 123 220 121 231 123 237 131 192 135 191 143 191 152 190 161 178 171 183 173 189 176 195 175 201 173 156 137 163 134 170 135 176 138 169 139 162 139 205 140 212 137 219 138 225 141 219 143 212 143 167 197 173 190 182 187 188 190 195 189 202 193 207 201 201 209 194 213 187 213 180 211 172 206 170 197 182 193 188 194 194 194 203 201 194 204 187 205 181 203
132 154 133 171 135 187 139 203 147 217 157 230 169 240 184 244 200 242 213 233 224 222 232 209 237 194 241 179 243 163 244 148 145 124 154 117 165 117 176 121 186 126 198 127 209 123 220 122 231 123 237 132 192 135 191 144 191 152 190 162 177 171 183 174 189 176 195 175 201 173 156 137 162 135 169 135 176 139 169 140 162 140 205 141 212 138 219 138 225 142 219 144 212 143 166 196 173 190 182 188 188 191 194 190 202 194 208 201 201 210 193 213 186 213 180 211 172 206 170 197 182 194 188 195 194 195 204 201 194 204 187 204 181 203
130 158 132 173 134 189 138 204 146 218 157 229 170 239 184 243 199 241 212 233 223 223 230 210 236 196 239 181 241 166 243 151 145 124 154 118 165 118 176 121 186 126 198 127 209 124 220 122 230 124 237 132 192 136 192 144 191 153 191 162 178 172 183 175 189 177 195 176 201 174 156 138 162 135 170 135 176 139 169 140 162 140 205 141 212 138 219 139 225 142 219 144 212 143 166 197 173 191 182 189 188 192 195 191 202 195 209 201 202 210 194 213 187 213 180 211 172 206 170 197 182 194 188 196 194 196 205 201 194 205 187 205 181 203
132 155 133 172 135 188 139 203 147 217 158 229 170 238 185 241 200 240 213 231 225 221 233 208 238 194 241 179 243 164 244 149 145 125 154 119 165 119 176 122 186 127 198 128 209 124 220 123 231 125 237 133 192 136 191 145 191 154 190 163 178 173 183 176 189 178 196 176 201 175 156 138 163 136 170 136 176 140 169 141 162 141 206 142 212 139 219 139 225 143 219 145 212 144 166 196 174 192 183 190 188 192 195 191 202 195 209 200 201 208 193 210 187 210 180 209 173 205 169 197 182 195 188 197 194 197 205 200 194 203 187 203 181 202
130 158 131 174 134 189 138 204 146 217 157 228 170 236 185 240 200 238 213 231 224 221 231 209 236 195 239 180 241 165 243 150 145 125 154 119 165 119 176 123 186 127 198 128 209 125 220 123 230 125 237 132 192 137 192 145 191 154 191 163 178 173 184 176 190 178 196 177 201 175 156 139 163 136 170 137 176 140 169 142 162 141 206 142 212 139 219 140 225 143 219 145 212 145 166 196 174 192 182 191 188 193 195 192 202 195 209 200 201 207 194 209 187 209 180 208 173 204 169 197 182 196 188 197 194 197 206 200 194 202 188 203 181 201
130 156 132 172 134 188 138 203 146 217 157 228 169 237 185 241 200 239 213 231 223 221 231 208 236 194 239 179 241 164 243 149 145 125 154 119 165 119 176 123 187 128 199 129 209 125 220 124 231 125 237 133 192 138 192 146 191 155 191 164 178 173 184 176 190 178 195 177 201 175 157 139 163 136 170 137 176 141 169 142 162 142 206 143 212 140 219 140 225 143 219 146 212 145 166 196 174 192 182 191 189 194 195 193 202 196 209 201 201 208 194 210 187 211 180 209 173 205 169 197 182 196 188 198 194 198 206 201 194 203 188 204 181 202
129 157 130 174 132 190 137 205 145 219 157 230 169 240 185 244 200 242 212 234 223 223 230 210 235 196 239 181 241 165 243 150 145 125 154 119 165 119 176 123 187 127 199 128 209 125 220 124 230 125 237 133 192 137 192 146 192 154 191 163 178 173 184 176 190 178 196 177 201 175 156 139 163 136 170 137 176 140 170 142 162 142 206 142 212 139 219 140 225 143 219 146 212 145 166 197 173 193 182 191 189 193 195 192 203 196 209 202 202 211 194 214 187 214 180 213 172 208 169 198 182 196 188 197 195 197 205 202 194 206 188 207 181 205
130 159 131 175 134 192 138 208 146 222 158 234 170 243 185 247 201 245 213 236 224 225 232 212 238 198 241 183 242 166 244 151 146 125 154 119 165 119 176 122 187 127 199 128 210 124 221 123 231 125 237 133 193 137 192 145 192 154 191 163 178 173 184 175 190 178 196 177 202 175 157 139 163 136 170 136 176 140 170 141 163 141 206 142 212 139 219 140 225 143 219 145 212 144 167 198 174 193 183 191 189 193 195 192 203 196 209 202 202 213 194 216 187 217 181 215 173 210 170 199 182 196 189 197 195 197 205 202 195 208 188 209 182 207
131 159 132 175 135 192 139 208 147 222 158 234 170 244 185 248 201 246 214 237 227 227 237 215 244 200 248 185 251 169 253 153 146 125 154 119 165 119 176 122 186 127 199 128 210 124 221 123 231 125 237 133 192 136 192 145 191 153 190 163 178 172 183 175 189 178 196 176 202 174 157 138 163 136 170 136 176 140 169 141 162 141 206 142 213 138 220 139 225 143 219 145 212 144 167 199 174 193 183 190 188 193 195 192 203 195 209 203 202 212 194 215 187 215 180 214 173 209 170 199 182 196 188 197 195 197 206 203 194 206 187 206 181 205
129 160 131 177 133 195 139 211 147 224 159 236 171 246 186 249 201 246 214 238 225 226 233 213 239 199 242 183 243 166 244 150 146 126 154 119 165 119 176 122 186 127 199 128 209 124 220 123 230 125 236 132 192 137 192 145 191 154 191 163 178 172 184 175 190 178 196 176 202 175 156 139 163 136 170 136 176 140 169 141 162 141 206 142 212 139 219 140 225 143 219 145 212 144 167 199 174 193 183 191 189 193 196 192 203 196 209 203 203 212 195 216 188 216 181 214 173 210 170 199 182 196 189 197 195 197 206 203 195 206 188 207 182 205
129 159 130 177 133 193 138 209 146 223 158 235 170 245 186 249 201 246 214 237 224 226 232 212 237 198 240 182 242 166 243 150 145 126 154 120 165 120 176 123 186 128 198 129 209 125 220 124 230 125 236 133 192 137 192 146 191 155 191 164 178 173 184 176 190 178 196 177 202 175 156 140 163 137 170 137 176 141 169 142 162 142 206 143 212 140 219 140 224 143 219 145 212 145 167 199 174 193 183 191 189 193 195 192 203 196 209 203 203 213 195 216 188 217 181 215 173 211 170 200 182 197 188 198 195 198 206 203 195 208 188 208 182 207
130 159 132 176 135 192 139 208 148 221 159 233 172 243 187 246 202 244 215 235 225 224 233 211 238 196 240 181 241 165 242 149 145 127 153 121 165 121 176 124 186 129 198 130 208 126 219 124 230 126 236 134 192 138 191 147 191 156 190 165 177 174 183 177 189 179 196 178 201 176 156 140 162 138 169 138 175 142 169 143 162 143 205 143 212 141 219 141 224 144 218 146 212 146 166 199 173 194 182 192 188 194 195 193 203 197 209 202 203 212 195 215 188 216 181 214 173 210 170 199 182 197 188 198 195 198 206 202 195 207 188 208 181 206
131 160 133 176 136 192 140 207 148 221 159 231 172 240 187 243 202 241 214 233 225 223 232 211 237 197 239 181 241 166 242 150 144 128 153 122 164 122 175 125 186 130 197 131 208 127 219 125 230 127 237 135 191 139 191 148 191 157 191 167 177 175 183 178 190 180 196 179 202 177 156 141 162 139 169 139 175 143 169 144 162 144 205 144 212 141 219 142 224 145 219 147 212 147 166 199 174 194 182 192 189 195 195 194 203 197 210 201 202 209 194 211 188 212 181 211 173 207 169 199 182 196 188 198 195 197 206 201 195 205 188 206 181 204
130 159 131 174 134 190 138 205 146 218 158 229 171 237 186 241 202 239 215 231 225 220 233 208 237 194 240 179 241 164 242 150 144 128 152 122 164 123 175 126 185 131 197 132 207 128 219 126 229 127 236 135 191 140 191 149 190 158 190 168 177 176 183 179 189 181 195 180 201 178 155 142 161 139 168 140 175 143 168 144 161 144 204 145 211 142 218 142 224 145 218 148 211 147 165 198 173 194 182 193 188 196 195 194 203 197 210 200 202 207 194 209 187 209 180 208 173 205 168 198 182 197 188 199 194 198 207 200 194 203 188 203 181 202
131 158 133 174 135 190 138 205 146 218 158 229 171 237 186 241 202 238 214 231 225 220 232 208 236 194 238 179 240 164 241 149 143 130 152 123 163 123 174 127 185 132 196 133 207 129 218 127 229 128 236 136 190 140 190 149 190 159 189 169 176 176 182 179 188 181 195 180 201 178 155 142 161 140 168 140 174 144 168 145 161 145 204 145 211 142 217 143 223 146 217 148 210 147 165 198 173 195 181 194 188 196 195 195 202 197 210 200 202 206 194 209 187 209 180 208 172 205 168 198 181 197 188 199 194 198 206 200 194 203 187 203 181 202
131 159 133 174 135 190 138 205 146 218 158 229 170 238 186 241 201 239 214 232 224 222 232 209 236 195 239 180 240 165 241 150 143 130 151 123 163 123 174 127 184 132 196 133 207 129 218 127 229 128 236 136 190 140 190 150 189 159 189 169 176 177 182 180 188 182 194 180 200 179 154 143 161 140 168 141 174 144 167 145 160 145 204 146 210 143 217 143 223 146 217 148 210 148 165 199 172 195 181 194 187 196 194 195 202 198 210 201 201 207 193 210 186 210 180 209 172 206 168 199 181 198 187 199 194 199 206 201 193 204 187 204 180 203
131 158 133 174 135 190 139 205 146 218 157 229 170 238 186 241 201 239 213 231 224 221 231 209 235 194 238 179 240 164 241 149 143 130 151 123 163 124 174 128 184 132 196 133 207 129 218 127 229 128 235 136 190 140 189 150 189 160 189 170 175 177 181 180 188 182 194 181 200 179 154 143 160 140 167 141 174 144 167 146 160 146 203 146 210 143 217 143 223 146 217 149 210 148 164 199 172 196 181 194 187 197 194 196 201 198 209 201 201 208 193 210 186 210 180 209 172 206 168 199 180 198 187 200 193 199 206 201 193 204 187 204 180 203
130 159 132 174 134 190 138 205 146 218 157 229 170 238 186 241 201 239 214 231 225 221 232 208 236 194 239 179 240 164 242 149 143 130 151 123 163 124 174 128 184 132 196 133 207 129 218 127 229 128 236 136 190 141 189 150 189 160 189 170 176 177 182 180 188 182 194 181 200 179 154 143 160 140 167 141 174 144 167 146 160 146 203 146 210 143 217 143 223 146 217 148 210 148 164 199 172 196 180 194 187 197 193 196 201 198 209 201 201 207 193 210 186 210 179 209 172 206 168 199 180 199 187 200 193 200 205 201 193 203 186 204 180 203
130 159 132 175 135 191 139 206 146 219 158 229 170 238 186 241 201 239 214 231 224 221 232 208 236 194 238 179 239 164 241 149 143 130 151 123 163 124 174 128 184 133 196 133 206 129 217 127 228 128 235 135 190 141 189 150 189 160 189 170 176 177 182 180 188 182 194 181 200 179 154 143 160 140 167 141 174 144 167 145 160 145 203 146 210 143 217 143 222 146 217 148 210 148 165 199 173 196 181 195 187 197 194 196 201 198 209 201 201 207 193 210 186 210 180 209 172 206 168 199 181 199 187 200 193 200 205 202 193 203 186 204 180 203
130 159 132 175 134 190 138 205 146 218 157 229 169 237 185 241 201 239 214 231 224 220 231 208 235 194 237 179 239 164 241 149 143 130 151 123 162 124 173 127 183 132 196 133 207 129 218 127 228 128 235 136 190 141 189 150 189 160 189 170 175 177 181 180 188 182 194 181 200 179 154 143 160 140 167 141 174 145 167 146 160 146 203 146 210 143 217 143 223 146 217 149 210 148 164 199 172 196 181 195 187 197 194 196 201 198 209 201 201 207 193 209 186 209 179 208 172 205 168 199 180 199 187 200 193 200 206 201 193 203 187 203 180 202
130 159 132 175 135 191 139 206 146 219 158 229 171 237 186 240 202 238 214 230 225 220 232 208 236 194 239 179 240 164 241 149 142 130 151 124 162 124 174 128 184 133 195 134 206 129 217 127 228 128 235 136 190 141 189 150 189 160 189 170 175 177 181 180 188 182 194 181 200 179 154 143 160 141 167 141 174 145 167 146 160 146 203 146 210 143 217 143 223 146 217 149 210 148 165 199 173 196 181 195 187 197 193 196 201 198 209 201 200 207 193 209 186 210 180 208 172 206 168 199 180 199 187 200 193 199 205 201 193 203 186 204 180 202
131 158 133 174 135 190 139 205 147 218 158 229 171 238 186 241 201 239 214 231 224 221 231 208 235 194 238 179 240 164 241 149 143 130 151 124 162 124 173 128 184 133 196 134 207 130 218 128 228 128 235 136 190 141 189 151 189 161 189 171 175 178 181 180 188 183 194 181 200 179 154 143 160 141 167 141 174 145 167 146 160 146 203 146 210 143 217 144 223 146 217 149 210 148 164 199 172 196 181 195 187 197 193 196 201 198 209 201 201 208 193 210 186 210 180 209 172 206 168 200 180 199 187 200 193 200 206 201 193 203 186 204 180 203
130 161 132 176 135 192 139 206 146 219 158 229 170 238 186 241 201 239 213 232 224 222 232 210 236 196 238 181 240 166 241 151 143 130 152 124 163 125 173 128 184 133 196 134 207 130 218 127 228 128 235 136 190 141 189 151 189 160 189 170 175 178 182 180 188 183 194 181 201 179 154 143 160 141 167 141 174 145 167 146 160 146 203 146 210 143 217 143 223 146 217 149 210 148 164 199 173 196 181 195 187 197 193 196 201 198 209 201 201 207 193 209 186 209 180 208 172 205 168 200 181 199 187 200 193 200 206 201 193 203 187 203 180 202
129 160 131 176 133 191 137 206 146 219 157 229 170 237 186 241 201 239 214 231 224 221 232 209 236 194 238 179 240 164 241 149 142 131 151 124 162 124 173 128 184 133 195 134 206 130 217 128 228 128 235 136 190 141 189 151 189 160 189 170 175 177 181 180 188 182 194 181 200 179 154 143 160 141 167 141 174 145 167 146 160 146 203 146 210 143 217 143 223 146 217 149 210 148 164 199 173 196 181 195 187 197 194 196 201 198 210 200 201 207 193 209 187 209 180 208 172 205 168 199 181 198 187 200 193 199 206 200 193 203 187 203 180 202
131 159 133 174 135 190 139 205 147 218 158 229 171 238 186 241 202 239 214 231 225 221 233 208 237 194 239 179 240 164 241 149 143 130 151 124 162 124 173 128 184 132 196 133 206 129 217 127 228 128 235 135 189 141 189 150 189 159 188 169 175 177 181 180 188 182 194 180 200 178 154 143 160 141 167 141 174 144 167 146 160 146 203 146 210 143 217 143 223 146 217 149 210 148 164 198 173 195 181 194 187 196 193 195 201 197 210 200 201 206 193 208 187 209 180 208 172 205 168 199 181 198 187 199 193 199 206 200 193 202 187 203 181 202
131 160 133 176 135 192 139 206 147 219 159 230 171 238 187 242 202 239 214 231 225 221 232 208 237 194 239 179 240 164 241 149 143 130 151 123 162 123 173 127 184 132 196 133 206 129 218 127 228 128 235 135 190 140 189 150 189 159 189 169 175 176 182 179 188 181 195 180 201 178 154 143 160 140 167 140 174 144 167 145 160 145 204 145 210 142 217 142 223 145 217 148 210 147 165 198 173 195 181 193 188 196 194 195 202 197 210 200 201 207 194 210 187 210 180 209 172 206 168 199 181 197 187 198 194 198 206 200 193 203 187 203 181 202
130 160 133 176 135 192 139 207 148 220 159 230 171 239 187 243 202 240 215 232 225 221 233 208 237 194 239 179 240 164 242 149 143 130 151 123 162 123 174 127 184 132 196 133 206 128 217 126 228 127 235 135 190 140 190 149 189 159 189 169 176 176 182 179 188 181 195 179 201 177 154 142 160 140 167 140 174 144 167 145 160 145 204 145 210 142 217 142 223 145 217 148 210 147 165 198 173 194 181 193 188 195 194 194 202 197 210 200 202 207 194 210 187 211 180 210 172 206 168 199 181 197 187 198 194 198 207 200 194 204 187 204 181 203
131 161 133 177 136 193 140 208 148 221 160 231 172 239 187 243 202 240 214 232 225 222 232 209 236 195 238 180 240 164 241 149 143 130 151 123 163 123 174 127 184 132 196 133 206 128 217 126 228 128 235 135 190 140 189 149 189 159 189 169 176 176 182 179 188 181 195 179 201 177 154 142 161 140 168 140 174 144 167 145 160 145 204 145 210 142 217 142 223 145 217 148 210 148 165 198 173 194 181 193 188 196 194 194 202 197 211 199 202 207 194 210 187 211 180 209 172 206 168 199 181 197 188 198 194 198 207 200 194 203 187 204 181 203
130 161 132 177 134 192 138 207 147 219 159 229 171 238 187 241 202 239 214 231 225 221 233 209 237 195 239 180 240 165 241 150 143 131 151 124 162 124 173 127 184 132 196 133 207 129 218 127 229 128 235 136 190 140 190 150 189 159 189 169 176 176 182 179 189 181 195 180 201 178 154 143 161 140 168 140 174 144 167 146 160 146 204 145 210 142 217 142 223 146 217 148 210 148 165 198 174 195 182 194 188 196 195 195 202 197 211 199 202 206 194 208 188 209 181 208 173 205 168 198 182 197 188 198 194 198 207 200 194 203 188 203 182 202
131 160 133 176 135 192 139 207 148 219 160 230 172 238 188 242 203 239 216 231 227 220 235 208 239 194 241 179 242 163 242 148 143 130 151 123 163 124 174 127 184 133 197 133 207 129 218 127 229 128 236 136 190 141 190 150 189 159 189 169 176 176 182 179 188 182 195 180 201 178 155 143 161 140 168 141 174 144 168 146 161 146 204 146 210 143 217 143 223 146 217 148 210 148 165 198 173 195 182 194 188 196 194 195 202 197 211 199 202 206 195 208 188 209 181 208 173 205 168 198 181 197 188 199 194 198 208 199 194 203 188 203 181 202
131 159 133 175 135 190 139 205 148 218 159 229 172 238 187 241 203 239 215 230 226 220 233 208 238 193 240 179 241 163 241 148 143 130 151 124 163 124 174 128 184 132 196 133 207 129 218 127 229 128 236 135 190 141 190 150 189 159 189 169 176 176 182 179 188 182 195 180 201 178 154 143 161 141 168 141 174 144 167 146 160 146 204 146 210 143 217 143 223 146 217 148 210 148 165 198 173 195 182 194 188 196 195 195 203 197 211 199 203 206 195 209 188 209 181 208 173 205 168 198 181 198 188 199 194 198 208 199 195 203 188 203 181 202
131 160 133 176 136 192 140 206 148 219 160 230 172 239 187 242 202 239 215 231 225 221 233 209 238 195 240 179 241 164 242 149 143 130 152 123 163 124 174 128 184 132 196 133 207 129 218 127 229 128 235 135 190 141 190 150 189 159 189 169 176 176 182 179 188 182 195 180 201 178 155 143 161 140 168 141 174 144 168 146 161 146 204 146 210 142 217 143 223 146 217 148 210 148 165 198 173 195 182 194 188 196 195 195 203 197 211 199 203 207 194 209 188 210 181 209 173 205 168 198 181 197 188 198 195 198 208 200 195 203 188 204 181 203
131 160 133 177 135 193 140 208 148 221 160 231 172 240 187 243 202 241 214 233 225 223 233 210 237 196 239 180 240 164 241 149 143 130 151 123 163 124 174 127 184 132 196 133 207 129 218 127 229 128 235 136 190 140 190 150 190 159 189 169 176 176 182 179 189 181 195 180 201 178 154 143 161 140 168 140 174 144 167 145 160 145 204 145 210 142 217 143 223 146 217 148 210 148 165 198 173 195 182 194 188 196 195 195 203 197 211 200 203 208 195 211 188 211 181 210 172 207 168 199 181 197 188 198 195 198 207 200 195 205 188 205 181 204
131 160 133 176 135 192 140 207 148 221 160 232 172 241 188 244 203 241 215 233 225 222 232 209 236 194 239 179 240 163 241 148 143 130 152 124 163 124 174 128 184 133 196 133 207 129 218 127 229 128 235 136 190 141 190 150 190 160 189 170 176 177 182 180 189 182 195 181 201 179 154 143 161 141 168 141 174 144 167 146 160 146 204 146 210 143 217 143 223 146 217 148 210 148 165 199 173 196 182 194 188 197 195 196 203 198 211 200 203 209 194 212 187 213 181 212 172 208 168 199 181 198 188 199 194 199 207 201 194 206 188 206 181 205
131 160 133 176 135 192 139 207 148 221 160 232 172 242 187 245 203 242 215 233 225 223 233 210 237 195 239 180 240 165 241 150 144 131 152 125 163 125 174 128 185 133 197 134 207 130 218 128 229 129 235 137 190 142 190 151 190 160 190 170 176 178 182 181 189 183 195 181 201 179 155 144 161 141 168 142 174 145 168 146 161 146 204 146 210 143 217 143 223 146 217 148 210 148 165 200 173 196 182 195 188 198 194 197 202 199 210 202 202 210 194 213 187 213 181 212 173 208 169 200 182 199 188 201 194 200 207 202 194 206 187 206 181 205
130 160 132 176 134 192 138 207 147 221 159 232 171 241 187 244 202 242 214 234 224 223 231 211 236 196 238 181 240 165 242 150 143 132 151 125 163 126 174 129 184 134 197 134 208 130 219 128 229 129 236 137 190 142 190 152 190 161 189 171 176 179 182 181 188 184 195 182 201 180 154 145 161 142 168 142 174 146 167 147 160 147 204 147 210 144 217 144 223 147 217 150 210 149 166 202 173 198 181 196 188 198 194 197 202 200 209 204 202 211 194 214 187 215 180 213 173 210 169 202 181 201 187 202 194 202 206 204 194 206 187 206 181 205
131 161 133 177 135 193 139 208 148 221 160 232 172 241 187 244 203 241 215 233 225 222 232 210 236 196 238 181 240 166 241 151 143 133 151 126 163 126 174 130 184 135 197 135 208 131 219 129 229 130 236 138 190 143 190 153 190 162 190 173 176 179 182 182 189 185 195 183 201 181 154 145 161 143 167 144 174 146 167 148 160 148 204 147 210 145 217 146 223 148 217 150 210 150 167 203 174 198 182 197 188 199 195 198 202 200 210 205 202 211 194 213 188 214 181 213 173 210 170 203 182 202 188 203 194 203 206 205 194 205 188 205 181 204
131 160 133 176 136 192 140 207 148 220 160 231 172 240 187 243 203 241 214 232 225 221 232 208 236 194 238 179 240 164 242 149 143 133 152 126 163 127 174 130 185 135 196 136 207 132 218 129 229 130 236 138 190 143 190 153 190 163 190 173 176 180 182 183 189 185 195 184 201 181 154 146 161 144 167 144 174 147 167 148 160 149 204 148 210 146 217 146 223 148 217 151 210 150 167 203 174 199 182 197 188 199 194 198 202 200 209 205 202 211 194 214 187 214 181 213 174 210 171 203 181 201 188 202 194 202 205 205 194 206 188 207 181 206
131 159 133 175 135 190 139 206 147 219 158 231 171 240 186 243 201 240 213 232 223 222 231 209 235 195 238 179 240 164 241 149 143 132 151 126 163 127 174 130 184 135 197 136 207 131 218 129 229 130 236 137 190 143 190 153 190 163 190 173 176 180 182 183 189 185 195 183 201 181 154 146 161 145 167 145 174 147 167 149 160 149 204 148 210 146 217 146 223 148 217 151 210 150 167 203 175 200 182 199 188 201 195 199 202 201 209 205 201 209 194 212 188 212 181 211 174 209 171 204 182 203 188 205 195 204 205 205 194 205 188 205 182 204
130 158 132 174 135 190 139 205 147 219 158 230 171 239 186 243 201 240 213 232 224 221 232 209 236 194 239 179 241 164 242 149 143 132 151 126 163 126 174 130 184 135 197 135 207 131 218 129 229 129 236 137 190 143 190 153 190 163 189 173 177 180 182 183 189 185 195 183 201 181 154 146 161 144 168 144 174 147 167 148 160 149 204 148 210 145 217 146 223 148 217 150 210 150 168 204 175 201 183 199 188 201 194 200 201 202 208 205 201 209 194 212 188 212 182 212 175 209 171 204 183 204 188 205 194 204 205 205 194 205 188 205 183 205
130 158 132 174 135 190 139 205 147 219 158 231 170 240 185 243 201 241 213 233 223 222 231 209 235 195 238 180 240 164 241 149 143 132 151 125 163 126 174 130 184 135 196 135 207 131 218 129 229 129 236 137 190 143 190 152 190 162 190 172 176 180 182 183 189 185 195 183 201 181 154 145 161 144 168 144 174 146 167 148 160 148 204 147 210 145 217 145 223 147 217 150 210 150 167 204 175 200 182 198 188 201 194 199 201 201 208 206 201 210 194 213 188 214 181 213 174 210 171 204 182 204 188 205 194 204 205 206 194 206 188 206 182 205
130 159 132 175 134 191 138 206 146 220 158 231 170 240 185 244 200 242 213 233 223 222 231 210 236 195 239 180 241 164 242 149 143 132 151 126 162 126 173 130 184 134 196 135 207 131 218 128 229 129 236 136 190 143 190 152 190 162 189 172 176 179 182 182 188 184 195 182 201 180 154 145 161 144 168 144 174 146 167 148 160 148 204 147 210 145 217 145 223 147 217 150 210 149 167 203 173 199 181 197 187 199 194 197 201 200 208 206 201 211 194 214 187 215 180 214 173 210 171 203 181 202 187 203 194 202 204 206 193 206 187 206 181 205
129 158 131 174 133 191 137 206 146 220 158 231 170 241 185 244 200 242 212 233 222 223 231 211 237 197 240 181 242 165 243 149 143 131 151 125 163 126 174 129 184 134 196 134 207 130 218 128 229 129 236 136 190 142 190 152 190 161 189 171 176 179 182 181 188 183 195 182 201 180 154 145 160 143 167 143 174 146 167 147 160 147 204 147 210 145 217 145 223 147 217 150 210 149 165 202 172 198 181 196 187 198 194 197 202 200 209 205 201 212 193 216 186 216 179 215 172 211 169 202 180 201 187 202 193 201 205 205 193 208 187 208 180 207
130 159 132 175 134 191 138 207 147 220 158 231 170 241 185 244 200 242 212 233 223 223 231 210 236 196 239 181 241 165 242 149 143 132 151 125 163 126 174 129 184 134 196 135 207 130 218 128 229 129 235 136 190 143 190 152 189 161 189 171 176 178 182 181 188 183 195 182 201 180 154 145 161 143 167 143 174 146 167 148 160 148 203 147 210 144 217 145 223 147 217 150 210 149 165 201 172 197 180 196 187 198 194 197 202 199 209 204 201 211 193 214 186 214 179 213 171 209 168 202 180 200 187 202 193 201 206 204 193 206 186 206 180 205
128 159 130 176 133 192 138 207 146 220 158 231 171 240 185 244 200 241 212 233 223 222 231 210 236 195 239 180 241 164 242 148 142 132 151 126 162 126 174 129 184 134 196 134 207 130 218 128 229 129 236 136 190 142 190 152 190 161 189 171 176 178 182 181 188 183 195 182 201 180 154 145 160 143 167 143 174 146 167 147 160 147 204 147 210 144 217 145 223 147 217 149 210 149 164 200 172 197 181 196 187 198 194 197 202 199 210 203 202 211 193 214 187 214 180 213 172 209 168 201 181 200 187 201 194 201 207 203 193 207 187 208 180 206
129 157 131 174 133 190 138 205 146 219 158 230 170 239 185 243 200 240 213 232 223 221 231 208 235 193 238 178 240 162 241 147 142 132 151 125 162 125 173 129 184 133 196 134 207 130 218 128 229 128 235 136 190 142 190 152 190 161 190 171 176 178 182 181 188 183 195 182 201 180 154 145 161 143 167 143 174 146 168 147 160 147 204 147 210 144 217 145 223 147 217 149 210 149 164 200 173 197 181 196 187 198 194 197 202 199 210 202 201 210 193 213 186 213 179 212 172 208 168 200 181 200 187 201 194 201 206 203 193 206 187 207 180 205
131 157 132 173 134 190 139 205 147 218 158 229 170 238 185 242 200 239 213 231 223 220 231 207 236 193 238 178 240 162 241 147 143 132 151 125 162 125 173 129 184 134 196 134 207 130 218 128 229 129 235 136 190 142 190 152 190 161 189 171 176 178 182 181 189 183 195 182 201 180 154 145 161 143 168 143 174 146 168 147 160 147 204 147 210 144 217 145 223 147 217 149 210 149 165 200 173 197 181 196 187 198 194 197 201 199 209 202 201 209 193 211 186 211 179 210 172 207 168 200 181 200 187 201 193 201 206 203 193 205 186 205 180 204
131 156 132 172 134 188 138 203 146 217 157 228 170 237 185 241 200 238 213 230 223 220 231 207 236 193 239 178 240 162 241 147 142 132 151 125 162 125 173 129 184 134 196 134 207 130 218 127 229 128 235 136 190 142 190 152 190 161 189 171 176 178 182 181 188 183 195 182 201 180 154 145 160 143 167 143 174 146 167 147 160 147 203 147 210 144 217 145 223 147 217 149 210 149 165 200 173 197 181 196 187 198 194 197 201 199 209 202 200 208 193 210 186 210 180 209 172 206 168 200 181 201 187 202 193 201 206 202 193 204 187 204 180 203
