135 162 137 177 140 192 143 207 150 220 161 231 173 239 188 243 203 241 215 233 225 223 232 211 237 197 241 183 243 168 244 154 148 132 157 127 167 127 177 129 187 133 199 134 209 131 220 130 229 130 236 136 193 143 193 151 193 159 193 168 182 179 187 181 192 182 197 181 202 180 159 145 165 142 172 143 178 146 172 148 165 148 207 147 213 144 220 144 225 147 220 150 213 149 172 204 178 198 186 195 191 197 197 196 204 199 209 206 203 211 196 213 190 213 184 213 178 210 176 204 185 200 191 201 197 201 206 206 197 206 191 206 185 206
135 162 137 177 140 192 144 207 151 221 162 231 174 240 189 243 204 241 216 233 226 222 233 210 238 196 241 182 243 168 244 154 148 131 156 126 167 126 177 129 187 133 199 134 210 131 220 129 230 129 237 136 193 143 193 151 193 159 193 168 182 178 187 181 192 182 197 181 202 179 159 145 165 142 172 142 178 146 172 147 165 148 207 147 213 144 220 144 225 147 220 150 213 149 172 204 179 198 186 194 192 197 198 195 204 199 209 206 203 211 197 213 191 213 184 213 178 210 176 203 186 200 192 201 197 201 206 205 197 206 191 206 185 205
135 162 137 177 140 192 144 207 151 221 162 231 174 240 189 243 204 241 216 233 226 223 233 210 238 196 242 182 243 167 244 153 149 131 157 126 167 126 178 129 187 133 199 134 209 131 220 129 229 129 237 135 193 142 193 151 193 159 193 168 182 178 187 180 192 182 197 181 203 179 159 145 165 142 172 142 178 146 172 147 165 148 207 147 213 144 220 144 225 147 220 150 213 149 173 204 179 197 186 194 192 196 198 195 204 199 210 206 204 211 197 213 191 213 185 212 178 210 176 204 186 200 192 201 197 200 206 205 197 206 191 206 186 205
135 161 138 177 140 192 144 207 151 220 162 231 174 239 189 243 204 240 216 233 227 222 233 210 238 196 241 182 243 167 244 153 149 131 157 126 167 126 178 129 188 133 199 134 209 131 220 129 229 129 237 135 193 142 193 150 193 159 193 167 182 178 187 180 192 182 197 181 202 179 159 145 165 142 172 142 178 146 172 147 165 147 207 147 213 144 220 144 225 147 220 149 213 149 173 203 179 197 186 194 192 196 198 195 204 198 210 205 204 211 197 213 191 213 185 212 178 210 176 203 186 200 192 201 197 200 206 205 197 206 191 206 186 205
136 161 138 176 140 192 144 207 151 220 162 231 174 240 189 243 204 241 216 233 226 222 233 210 238 196 241 181 243 167 244 153 148 131 157 125 167 125 177 129 187 133 199 134 210 131 220 129 230 129 237 136 193 142 193 150 193 158 193 167 182 178 187 180 192 182 198 181 202 179 159 144 165 142 172 142 178 146 172 147 165 147 207 147 213 144 220 144 225 147 220 149 213 149 173 204 179 197 186 194 192 196 198 195 205 199 209 206 204 211 197 213 191 213 185 212 178 210 176 204 186 200 192 201 198 200 206 205 197 206 191 206 186 205
136 161 138 176 140 191 144 206 151 220 162 231 174 240 189 243 204 241 216 233 226 223 233 210 239 196 242 182 244 167 245 153 149 131 157 125 167 125 177 128 187 132 199 134 210 130 220 129 230 129 237 135 193 142 193 150 193 158 192 167 182 178 187 180 192 181 197 180 202 179 159 144 165 142 172 142 179 146 172 147 165 147 207 147 213 143 220 144 226 147 220 150 213 149 173 204 179 197 186 194 192 196 198 195 204 199 209 206 203 211 197 213 191 213 185 212 178 210 176 204 186 200 192 200 197 200 206 205 197 206 191 206 185 205
136 161 138 177 140 192 144 207 151 220 162 231 174 240 189 243 204 241 216 233 226 223 233 211 238 197 241 183 243 169 244 155 148 130 157 125 167 125 177 128 187 132 200 133 210 130 220 129 230 129 237 135 194 142 193 150 193 158 193 167 182 178 187 180 192 181 197 180 202 179 159 144 165 142 172 142 179 146 172 147 165 147 207 147 213 143 220 144 226 147 220 149 214 149 173 204 179 197 186 194 192 196 198 194 204 198 209 206 204 211 197 213 191 213 185 212 178 210 176 203 186 200 192 200 197 200 205 205 197 206 191 206 186 205
136 161 138 176 140 192 144 206 151 220 162 231 174 240 189 243 204 241 216 233 226 223 233 210 238 197 242 182 244 168 245 154 149 130 157 125 167 125 178 128 187 132 200 133 210 130 220 129 230 129 237 135 194 142 193 150 193 158 193 167 182 178 187 180 192 181 197 180 202 179 160 144 166 142 172 142 178 145 172 147 165 147 207 147 213 143 220 144 226 147 220 149 214 149 173 203 179 197 186 193 192 196 198 194 204 198 209 205 203 211 197 213 191 213 185 212 178 209 176 203 186 199 191 200 197 200 206 205 197 206 191 206 186 205
136 161 138 175 140 191 144 206 151 219 161 230 174 238 189 241 204 239 216 231 227 221 233 209 238 195 241 181 243 167 244 153 148 130 157 125 167 125 177 128 188 132 199 133 210 130 220 128 231 129 237 136 193 142 193 150 193 158 193 167 182 177 187 179 192 181 197 180 203 178 159 144 165 141 172 141 178 145 172 147 165 147 207 146 213 143 220 144 226 147 220 149 214 149 172 202 178 196 186 193 192 195 198 194 204 198 210 205 203 209 197 212 191 212 184 211 178 208 176 202 186 199 191 199 197 199 206 204 197 204 191 205 185 204
136 161 138 177 141 192 145 206 153 219 163 229 175 237 190 240 205 237 217 230 227 220 234 208 238 195 240 181 242 167 243 153 148 132 156 125 167 125 177 128 188 132 199 134 210 130 220 128 231 130 237 137 193 142 193 150 193 158 192 167 181 177 186 179 192 181 197 180 203 178 159 144 165 142 172 142 178 145 171 147 165 147 207 147 213 144 220 144 225 147 220 149 213 149 172 201 178 195 186 193 192 195 197 193 205 197 211 203 204 207 197 209 191 209 185 209 178 206 175 201 185 198 191 199 197 199 207 203 197 202 191 202 185 201
136 162 139 177 141 192 145 206 152 218 163 228 176 236 191 238 205 236 217 229 228 220 234 208 238 195 241 181 243 166 244 152 148 131 156 125 167 125 178 129 187 133 199 134 209 131 219 129 230 129 237 136 193 142 193 150 192 159 192 168 181 177 186 179 192 181 197 180 203 178 159 144 165 142 172 142 178 145 172 147 165 147 206 147 213 144 220 144 225 147 220 149 213 149 171 199 178 194 186 192 191 194 197 193 205 196 212 201 204 206 197 208 191 208 185 207 178 204 175 199 186 197 191 198 197 198 208 201 197 201 191 201 185 200
137 160 139 176 141 191 145 205 153 218 164 228 176 235 191 238 206 236 218 229 228 219 235 207 239 194 241 180 242 165 243 151 147 132 155 126 166 125 177 128 187 133 199 134 209 131 220 129 230 130 237 137 193 142 192 151 192 159 192 168 180 177 186 179 191 180 197 179 203 178 159 144 165 142 171 142 178 145 171 147 164 146 206 147 213 144 219 144 225 147 219 149 213 149 171 199 178 194 185 192 191 194 197 193 205 196 212 200 204 206 197 207 191 208 184 207 177 204 174 199 185 196 191 197 197 197 209 200 197 201 191 201 185 200
136 162 139 177 141 192 145 207 153 219 164 229 176 237 190 240 205 238 217 231 228 221 235 209 238 195 241 181 242 166 243 152 147 133 155 126 166 125 177 129 187 133 199 134 209 131 220 129 231 130 237 137 193 142 192 150 192 159 192 168 180 177 186 179 192 180 197 179 203 178 158 144 165 142 171 142 178 146 171 147 164 147 206 147 213 144 219 144 225 147 219 149 213 149 170 199 177 193 185 192 191 194 197 193 205 196 213 201 205 207 197 209 191 209 184 208 177 205 174 199 185 196 191 197 197 197 209 201 197 202 191 202 184 201
136 163 138 178 141 194 145 208 153 221 164 231 176 240 190 243 205 241 217 233 227 223 234 211 238 197 241 182 243 167 244 152 148 131 156 125 166 126 177 129 187 133 198 134 209 131 219 129 230 129 237 136 193 142 193 150 192 159 192 168 180 177 186 179 191 181 197 180 203 178 159 145 165 142 172 142 178 146 171 147 165 147 206 147 213 144 219 144 225 147 220 149 213 149 171 201 177 194 185 192 191 194 197 193 205 197 212 202 205 210 197 212 190 213 184 212 177 208 174 201 185 196 191 197 197 197 208 202 197 205 190 206 184 205
136 161 139 177 141 193 145 207 153 221 164 231 176 240 191 243 206 241 218 233 228 222 235 210 239 196 242 181 243 166 244 151 147 132 156 126 167 126 177 129 187 134 199 135 209 131 220 129 230 130 237 136 193 143 193 151 192 160 192 169 180 178 186 180 191 181 197 180 203 179 159 145 165 142 171 143 178 146 171 147 164 147 206 147 213 144 220 145 225 147 220 150 213 149 171 201 177 195 185 193 191 195 197 194 205 197 212 203 205 210 197 212 190 213 184 212 177 209 174 201 185 199 191 200 197 199 208 203 197 205 190 205 184 204
136 162 138 177 141 192 145 207 152 220 163 230 175 239 190 242 205 239 217 232 227 222 234 209 239 196 242 182 243 167 244 152 148 132 156 126 166 127 177 130 187 134 198 135 209 132 219 130 229 130 236 137 193 143 192 151 192 160 192 169 180 178 186 181 192 182 197 181 202 179 159 145 165 143 171 143 178 147 171 148 165 148 206 148 213 145 219 145 225 148 219 150 213 150 171 201 178 196 186 194 191 196 197 195 205 198 212 203 204 208 197 210 191 210 185 209 178 207 174 201 185 199 191 200 197 199 208 202 197 204 191 204 185 203
136 162 138 178 141 193 145 207 152 220 164 230 176 238 191 240 206 238 218 230 228 221 235 209 240 195 242 181 244 167 245 152 147 133 155 127 166 127 177 130 187 134 199 135 209 132 220 130 230 130 237 137 193 143 192 152 192 160 192 170 181 179 186 181 192 183 197 181 203 180 158 145 165 143 172 143 178 147 171 148 164 148 206 148 213 145 219 145 225 148 219 151 213 150 172 201 179 197 186 195 192 197 198 195 205 198 212 202 205 205 198 207 191 208 185 207 179 205 175 200 186 199 192 200 198 200 209 202 198 201 192 201 186 200
136 162 138 177 141 192 145 206 152 219 163 229 175 237 191 239 206 237 218 230 228 220 235 208 239 195 241 181 242 167 243 153 147 134 155 127 165 127 176 130 187 134 199 135 209 132 220 130 230 131 237 138 193 143 192 152 192 160 192 169 181 179 186 180 192 182 197 181 203 179 158 146 164 143 171 143 178 147 171 148 164 148 206 148 212 145 219 145 225 148 219 150 212 150 171 201 179 196 186 194 192 196 198 194 205 197 211 202 204 205 198 206 192 206 186 206 178 204 174 200 186 199 192 200 198 199 208 201 198 200 192 200 186 199
136 161 138 176 141 192 145 206 152 219 162 230 175 237 190 240 206 238 218 231 228 221 234 209 239 196 241 182 243 167 243 153 147 133 155 127 166 126 176 130 187 134 199 134 209 131 220 130 230 130 236 137 193 143 192 151 192 160 192 169 181 179 186 180 192 182 197 181 202 179 158 145 164 143 171 143 177 146 171 148 164 148 206 147 213 144 219 145 225 148 219 150 213 150 172 201 178 196 186 194 192 196 198 195 204 197 211 202 204 205 198 207 191 207 185 207 178 205 175 201 186 199 192 200 198 199 208 202 198 200 192 200 186 200
136 160 138 175 141 191 144 206 152 219 163 230 176 239 191 242 206 240 218 232 228 221 234 209 238 195 241 181 242 166 243 152 147 132 156 126 166 127 177 130 186 134 199 134 209 131 220 129 230 130 236 137 193 142 193 151 192 159 192 168 181 178 186 181 192 182 197 181 202 179 158 145 164 143 171 143 177 146 171 147 164 148 206 147 212 144 219 145 225 148 219 150 212 149 172 202 178 197 186 195 192 197 198 195 205 198 211 203 205 207 198 210 191 210 185 209 178 207 175 202 186 200 191 201 198 201 208 203 198 203 191 203 186 202
135 162 137 178 140 193 144 209 152 222 163 233 175 242 190 245 205 243 216 234 227 224 234 211 238 197 241 182 243 167 244 153 147 132 155 126 166 126 176 129 186 134 198 135 209 131 220 129 230 130 237 137 192 143 192 151 192 159 192 168 181 178 186 180 191 182 197 181 202 179 157 145 164 142 171 142 177 146 171 147 163 148 206 147 212 144 219 144 225 147 219 150 212 149 171 203 177 197 185 194 191 196 197 195 205 198 211 204 204 211 197 214 191 215 184 214 177 210 175 203 185 199 191 200 197 200 207 204 197 207 191 207 185 206
135 162 137 178 139 194 144 209 151 223 163 234 175 243 190 247 204 244 216 236 226 225 233 212 237 197 240 182 242 167 243 152 147 132 155 126 166 127 176 130 186 134 198 135 208 131 219 129 229 130 236 137 192 142 192 151 192 159 192 168 181 178 186 180 191 182 197 181 202 179 158 145 164 142 171 143 177 146 171 148 164 148 206 147 212 144 219 144 224 147 219 150 212 149 171 203 177 196 185 194 191 196 197 195 205 198 211 205 205 213 197 216 190 216 184 215 176 211 174 203 185 199 190 200 197 200 207 205 197 208 190 208 184 207
134 162 136 178 139 194 144 209 151 222 163 234 175 243 189 247 204 244 216 236 226 225 233 212 238 197 242 182 243 167 244 152 147 132 155 126 166 126 177 130 187 134 198 135 209 132 219 129 230 130 237 137 193 143 192 151 192 159 192 168 180 178 186 181 191 182 197 181 202 180 158 145 164 143 171 143 177 146 171 147 164 148 206 147 212 144 219 145 225 147 219 150 212 149 170 203 176 197 185 194 191 197 197 195 205 199 211 205 205 213 197 216 190 217 184 216 176 212 174 203 185 200 191 201 197 200 208 205 197 208 190 209 184 208
135 163 136 179 139 195 144 210 152 223 163 234 175 242 189 245 204 243 216 235 226 225 234 213 239 199 241 184 243 168 244 153 148 133 156 127 166 127 177 130 187 134 199 135 209 132 219 130 230 130 236 137 193 143 192 152 192 160 192 169 181 179 186 181 191 183 197 182 202 180 158 146 164 143 171 143 178 147 171 148 164 148 206 148 212 145 219 145 225 148 219 150 212 150 171 203 177 197 185 195 191 197 197 196 205 200 211 205 204 212 197 215 190 215 184 214 176 211 174 203 185 200 190 201 197 201 207 205 196 208 190 208 184 207
136 163 138 179 141 194 144 209 152 222 163 232 175 240 189 243 204 241 216 233 226 223 234 211 238 197 241 183 243 168 244 154 147 133 155 127 166 127 177 131 187 135 199 135 209 132 219 130 230 130 237 137 193 144 192 152 192 160 192 169 181 179 186 181 191 183 197 182 202 180 158 146 164 143 171 144 178 147 171 149 164 149 206 148 212 145 219 145 225 148 219 151 212 150 171 202 178 198 185 196 191 198 197 197 204 200 211 204 203 210 196 212 190 212 184 211 177 208 174 202 185 201 191 202 197 201 207 204 196 206 190 206 185 205
135 162 137 176 139 191 143 206 150 219 161 230 174 238 189 241 204 239 216 231 226 222 233 209 237 195 240 181 242 167 243 152 147 133 156 127 166 128 177 131 187 135 198 136 208 132 219 130 229 131 236 137 193 143 193 152 192 161 192 170 181 180 186 182 192 184 197 182 202 181 158 146 164 144 171 144 178 147 171 148 164 149 206 148 213 145 219 146 225 148 219 151 213 150 171 202 178 199 185 196 191 199 197 197 204 200 211 204 203 208 196 210 190 210 184 209 178 207 174 202 185 201 191 202 197 202 207 204 196 203 191 203 185 202
135 162 137 177 140 191 143 206 151 219 161 229 174 237 189 240 204 238 216 231 226 221 233 209 237 195 240 181 242 167 243 153 147 133 155 127 166 128 176 131 187 135 199 135 209 132 220 130 230 131 237 137 193 144 193 152 193 161 193 170 181 180 187 182 192 184 197 183 202 181 158 146 164 144 171 144 178 147 171 149 164 149 206 148 212 145 219 146 225 148 219 151 212 150 171 203 179 199 186 197 192 199 197 197 204 200 210 205 203 208 196 210 191 210 185 209 178 207 174 203 186 202 191 203 197 202 207 204 197 203 191 203 185 202
136 162 137 177 140 191 143 206 151 219 162 229 174 237 189 240 204 238 216 230 226 220 233 208 237 195 240 181 242 166 243 152 147 133 155 128 166 128 177 131 187 135 198 136 208 132 219 131 230 131 237 138 193 144 193 153 193 161 193 171 181 180 186 182 192 184 197 183 202 181 158 146 164 144 171 144 178 147 171 149 164 149 206 148 212 145 219 146 225 148 219 151 212 150 172 203 178 199 186 197 191 199 197 198 204 201 210 205 203 209 197 211 191 212 185 211 178 208 175 203 185 202 191 203 197 203 207 205 197 204 191 204 185 203
135 161 137 176 139 191 143 206 151 219 162 229 174 238 189 241 203 239 215 231 226 221 233 209 236 195 239 181 241 166 242 152 147 133 155 127 166 128 177 131 187 135 198 136 208 132 219 130 229 131 236 137 193 144 192 153 192 161 192 171 181 180 186 182 192 184 197 183 202 181 158 146 164 144 171 144 177 147 171 149 164 149 206 148 212 145 219 146 225 148 219 151 212 150 171 203 178 199 186 196 192 198 197 197 204 200 210 205 204 210 197 212 191 213 184 212 177 209 174 204 185 202 191 203 197 202 207 205 197 205 191 205 185 204
135 162 137 178 140 193 144 208 152 221 164 231 176 239 190 242 205 240 216 232 227 222 234 209 239 196 242 182 243 167 244 153 147 133 156 127 167 128 177 131 187 135 199 136 209 133 220 130 230 131 237 137 193 144 193 153 193 161 192 170 181 180 186 182 192 183 198 182 203 180 158 146 164 144 171 144 178 147 171 149 164 149 206 148 212 145 219 146 225 148 219 151 213 150 171 203 178 197 186 195 192 197 198 196 205 199 211 205 205 210 198 213 191 213 185 212 178 209 175 203 186 201 191 201 198 201 207 205 197 205 191 205 186 204
136 161 138 176 140 191 144 206 152 218 162 229 175 238 190 241 205 238 217 231 227 221 234 208 238 195 240 180 242 166 243 151 147 134 155 128 166 128 177 131 187 135 199 136 209 132 220 130 230 131 237 138 193 144 192 153 192 162 192 171 180 180 186 182 192 183 197 182 203 181 158 146 164 144 171 144 178 148 171 149 164 149 206 149 212 145 219 146 225 148 219 151 212 150 171 202 178 197 185 195 192 197 198 196 205 199 212 204 205 208 197 211 191 211 184 210 177 207 174 202 185 200 191 201 198 201 208 203 197 203 191 204 185 202
136 162 138 177 140 192 144 206 152 219 163 229 175 237 190 240 205 238 217 230 227 221 235 209 239 196 242 182 243 167 244 153 147 134 155 128 166 128 177 131 187 135 199 136 210 133 220 130 230 131 237 138 193 145 193 153 192 162 192 171 181 180 186 182 192 183 198 182 203 181 159 147 165 144 171 144 178 148 171 149 164 149 207 149 213 146 219 146 225 148 220 151 213 151 171 201 178 197 186 195 192 197 198 196 205 199 212 203 205 207 198 209 191 209 185 208 178 205 174 201 186 200 192 202 198 201 209 203 198 202 192 202 185 201
136 162 138 178 140 193 145 207 153 220 163 231 175 239 190 241 205 239 217 231 227 222 234 209 238 196 241 182 242 167 243 153 147 134 155 128 166 128 177 131 187 135 199 136 210 132 220 130 230 131 237 138 193 145 193 153 193 162 193 171 181 180 186 182 192 184 198 182 203 181 159 147 165 144 172 144 178 148 171 149 164 149 207 149 213 146 219 146 225 149 220 151 213 151 171 202 178 197 186 196 192 198 198 196 206 199 212 204 205 208 198 210 191 211 185 210 178 206 174 202 186 201 192 202 198 201 209 204 198 203 192 203 186 202
136 162 138 178 140 193 144 208 152 222 163 233 175 241 190 244 205 242 217 233 227 222 234 210 238 196 241 181 243 167 244 152 148 133 156 127 167 128 177 131 187 135 199 136 209 132 220 130 230 131 237 137 193 144 193 152 193 161 193 170 181 180 187 182 192 184 198 183 203 181 159 146 165 144 172 144 178 147 172 148 165 149 207 148 213 145 220 146 225 148 220 151 213 150 172 204 179 198 186 196 192 198 198 197 205 200 211 206 205 211 197 214 191 214 185 213 178 210 176 204 186 201 192 202 198 202 207 205 197 207 191 207 186 206
135 165 137 180 140 195 144 210 152 223 163 233 175 242 189 245 204 243 216 235 226 225 233 212 237 198 240 184 242 169 243 155 148 133 156 128 167 128 177 131 187 135 199 136 209 132 220 130 230 131 237 137 193 144 193 152 193 161 193 170 182 180 187 182 192 184 198 183 203 181 159 146 165 144 172 144 178 147 171 149 164 149 207 148 213 145 220 146 225 148 220 151 213 150 173 204 179 199 186 196 192 198 198 197 205 200 211 206 205 213 198 216 191 216 185 215 178 212 176 204 186 201 192 202 198 202 207 206 198 209 192 209 186 208
136 163 138 179 141 194 145 209 152 223 164 234 176 242 191 245 206 243 218 234 228 224 235 211 239 197 242 182 243 168 244 153 148 133 156 127 167 128 178 131 188 135 199 136 209 132 220 130 230 131 237 137 194 144 194 152 194 161 193 169 182 180 187 182 193 183 198 182 204 180 159 146 165 144 172 144 178 147 172 148 165 149 207 148 213 145 220 146 225 148 220 150 213 150 174 205 180 199 187 196 193 198 198 197 205 200 211 206 205 213 198 215 192 216 186 215 179 212 177 205 187 201 193 202 198 201 207 206 198 208 193 209 187 208
136 163 138 178 141 194 145 209 153 223 164 234 177 242 191 245 206 243 218 234 228 224 235 211 240 196 243 182 244 167 245 153 148 133 156 127 167 128 177 131 188 135 200 135 210 132 220 130 230 130 237 137 194 144 194 152 193 161 193 170 182 179 187 182 193 184 199 182 204 180 159 146 165 144 172 144 178 147 172 149 165 149 207 148 213 145 220 145 226 148 220 150 213 150 174 205 180 199 187 196 193 198 199 197 205 200 211 207 205 213 198 216 192 216 186 215 180 212 178 205 187 201 193 202 199 202 207 206 198 208 193 209 187 208
136 162 138 178 141 193 145 208 153 222 164 233 176 242 191 245 207 243 219 234 230 222 237 209 241 195 244 181 246 166 247 151 148 132 157 127 167 128 178 131 188 135 200 136 210 132 220 130 230 131 237 137 194 144 194 153 193 161 193 170 182 180 187 182 193 184 198 182 203 180 160 146 165 144 172 144 178 147 172 149 165 149 207 148 213 145 220 146 226 148 220 151 214 150 174 205 180 199 188 196 193 198 199 197 206 200 211 207 205 213 199 215 193 216 187 215 180 212 178 205 188 201 193 202 199 202 208 206 199 208 193 209 187 208
136 161 138 177 141 192 145 208 153 222 164 233 177 242 192 244 207 242 219 233 230 222 237 209 241 195 244 180 245 165 246 151 148 133 157 127 167 128 178 131 188 135 200 136 211 132 221 130 231 130 237 137 194 145 194 153 194 161 193 170 182 180 188 182 193 184 199 182 204 181 159 147 165 145 172 145 179 148 172 149 165 149 207 149 213 146 220 146 226 149 220 151 214 151 174 205 181 199 188 196 193 198 199 197 206 200 212 207 206 213 199 215 193 216 187 215 180 212 178 205 188 202 193 202 199 202 208 206 199 207 193 208 188 207
136 161 138 176 141 192 145 207 152 220 163 231 176 240 191 243 206 241 218 233 228 222 234 209 238 195 241 180 243 166 244 152 148 134 156 128 167 128 178 131 188 135 200 136 210 132 221 130 231 131 238 137 194 144 194 153 194 161 194 170 182 180 188 182 193 184 199 183 204 181 159 147 165 145 172 145 179 148 172 149 165 150 207 148 213 146 220 146 226 149 220 151 214 151 175 205 181 199 187 197 193 199 199 197 205 201 211 207 205 211 198 214 192 215 186 214 180 211 178 205 187 202 193 203 199 202 207 206 198 206 192 206 187 206
136 161 138 176 141 191 144 206 151 219 162 231 175 239 190 242 205 240 217 232 227 222 234 209 238 195 241 181 243 166 244 152 148 133 157 127 167 128 178 131 188 135 200 135 210 132 221 130 231 130 238 137 194 144 194 152 194 161 194 170 183 180 188 182 193 184 199 183 204 181 159 147 165 146 172 145 179 147 172 149 165 150 207 148 213 146 220 147 226 149 220 151 213 150 175 205 181 200 188 197 193 199 198 198 204 201 210 206 204 211 198 212 192 213 187 212 180 209 178 205 188 203 193 204 198 203 206 206 198 205 192 205 187 204
135 161 137 176 140 191 144 206 152 219 163 230 175 239 190 242 206 239 217 231 227 221 234 209 238 195 241 181 243 166 244 152 148 133 156 127 167 128 178 131 188 135 200 135 210 132 221 130 231 130 238 137 194 144 194 152 194 161 194 170 183 180 188 182 194 184 199 183 204 181 159 147 165 145 172 145 179 147 172 149 165 149 207 148 214 146 220 147 226 149 220 151 214 150 175 204 181 200 188 197 193 199 198 198 204 201 210 206 203 210 197 212 192 212 186 211 181 208 178 204 188 203 193 204 198 203 206 206 198 204 192 204 187 203
135 160 137 176 140 191 144 205 151 218 162 229 174 238 190 241 205 239 217 231 227 221 233 208 238 194 241 180 243 165 244 151 148 133 156 127 167 127 178 130 188 134 200 135 211 131 221 129 231 130 238 136 194 144 194 152 194 161 194 170 183 180 188 182 194 184 199 183 204 181 159 147 165 145 172 145 179 147 172 149 165 149 207 148 213 146 220 146 226 148 220 151 213 150 176 204 181 199 188 196 193 199 198 197 204 201 209 206 203 210 197 212 192 212 186 211 180 208 179 204 188 202 193 203 198 203 206 205 197 204 192 204 187 203
136 160 137 176 140 191 144 206 152 219 163 230 175 239 191 242 206 239 218 231 227 220 234 207 238 193 241 179 243 165 244 150 148 132 157 127 167 127 178 131 188 135 200 135 210 132 221 130 231 130 238 136 194 144 194 152 194 161 194 170 183 180 188 182 193 184 199 182 204 181 159 147 166 145 172 145 179 147 172 149 166 149 207 148 213 146 220 147 226 149 220 151 213 150 176 205 181 199 188 196 193 198 199 196 205 200 210 206 204 211 198 213 192 213 187 212 181 209 179 204 188 201 193 202 198 202 206 206 198 204 193 205 188 204
134 161 136 176 139 191 143 206 151 219 162 229 175 238 190 242 206 239 218 231 228 220 234 208 238 194 241 180 243 165 244 151 148 132 157 127 167 127 178 131 188 134 200 135 211 132 221 130 231 130 238 136 194 144 194 152 194 161 194 170 183 180 188 182 194 184 199 182 204 180 159 147 165 145 172 145 179 147 172 149 165 149 207 148 214 146 220 147 226 149 220 151 214 150 175 205 181 199 188 195 194 197 199 196 205 200 210 206 205 211 199 213 193 214 187 213 181 210 179 205 188 201 194 202 199 202 206 206 199 205 193 205 188 204
135 161 137 176 140 191 144 206 152 219 163 229 176 238 191 241 206 239 218 231 228 220 234 208 239 194 242 180 243 166 244 152 148 133 156 127 167 127 178 131 188 135 200 136 210 132 221 130 231 130 238 136 194 144 194 152 194 161 194 170 183 180 188 182 194 183 199 182 204 180 159 147 165 145 172 145 179 147 172 149 165 149 207 148 214 146 220 147 226 149 220 151 214 150 175 204 181 199 188 196 193 198 199 196 206 199 211 205 205 210 199 212 193 213 187 212 181 209 178 204 188 201 193 202 199 201 207 205 199 204 193 205 188 204
135 162 138 177 140 191 144 206 153 219 164 229 176 237 192 240 206 238 218 230 228 220 234 208 239 194 242 180 243 167 244 153 148 133 157 127 168 127 178 131 188 135 200 135 210 132 221 130 231 130 238 137 195 144 195 152 195 161 195 170 183 180 188 182 194 184 199 182 204 181 159 147 165 146 172 146 179 148 172 149 165 150 208 148 214 146 220 147 226 149 220 151 214 150 174 204 181 199 188 196 194 198 200 196 206 200 212 205 206 210 200 212 193 213 187 212 180 209 178 204 188 201 194 202 199 202 208 205 199 204 194 205 188 204
136 161 138 176 141 192 145 206 154 219 165 229 177 237 192 240 207 238 219 230 228 220 235 208 238 194 241 181 242 166 244 152 148 133 157 127 168 128 178 131 189 135 201 136 211 132 221 130 231 131 238 137 195 145 195 153 195 162 195 171 183 180 188 182 194 184 199 183 204 181 159 147 165 145 172 145 179 148 172 150 165 150 207 149 214 146 220 147 226 149 220 151 214 151 173 203 181 199 188 196 194 198 200 197 207 200 214 205 206 210 200 212 193 212 187 211 180 208 177 203 188 202 194 203 200 202 210 205 199 204 194 204 188 203
136 161 138 177 141 192 146 206 154 219 165 229 178 237 193 240 207 238 219 230 228 220 235 208 239 195 242 180 243 166 244 152 148 134 157 128 168 128 178 131 189 136 200 136 210 133 221 131 231 131 238 138 195 145 195 154 195 162 195 171 183 181 189 182 194 184 200 183 205 181 160 148 166 146 173 146 179 148 172 150 166 150 208 149 214 147 220 147 226 149 220 151 214 151 173 202 181 198 189 196 195 198 200 197 207 200 214 204 207 209 200 211 194 211 188 210 180 207 177 203 188 202 194 203 200 202 210 204 200 204 194 204 188 203
137 162 139 178 142 193 146 207 155 219 166 229 178 237 193 240 207 238 219 230 228 220 235 208 239 195 241 181 243 166 244 152 148 134 157 128 168 128 178 131 189 135 200 136 211 133 221 131 231 131 238 138 195 145 195 153 195 162 195 171 183 180 189 182 194 184 200 183 205 181 160 147 166 145 173 146 179 148 172 150 166 150 208 149 214 146 221 147 226 149 221 151 214 151 173 202 181 198 189 196 195 198 201 197 208 200 215 204 208 209 201 211 194 212 188 211 181 207 177 203 189 201 195 202 201 202 211 204 201 204 195 204 189 203
137 163 139 179 142 194 147 208 155 220 167 229 179 237 193 240 208 238 219 230 229 220 235 209 239 195 242 181 243 167 244 153 149 134 157 128 168 128 178 131 188 135 200 136 211 132 221 130 231 131 238 138 195 145 195 153 195 162 195 171 183 180 189 182 195 184 200 183 206 181 160 147 166 146 172 146 179 148 172 150 166 150 208 149 214 147 221 147 227 149 221 151 214 151 174 202 181 198 189 196 195 198 201 196 209 199 216 204 208 209 201 211 195 212 188 211 181 207 177 202 189 200 195 201 201 201 212 204 201 204 195 204 189 203
137 163 139 178 142 194 147 208 156 220 167 230 179 237 194 240 208 237 220 229 229 220 236 208 240 194 242 180 244 166 244 152 148 134 157 128 168 128 178 131 189 135 201 136 211 132 221 130 231 131 238 137 195 144 195 153 195 162 195 171 183 180 189 182 195 184 201 182 206 181 160 147 166 145 173 145 179 148 173 149 166 149 208 149 214 146 220 146 226 149 221 151 214 151 174 201 182 197 190 195 195 197 201 196 208 199 215 203 208 208 201 211 195 211 189 210 181 207 178 202 189 200 195 201 201 200 212 203 201 204 195 204 189 203
137 163 140 179 143 194 148 208 156 220 167 230 180 237 194 240 209 237 220 229 230 219 236 208 240 194 243 180 244 166 244 152 149 134 157 128 168 128 178 130 189 134 201 135 211 132 222 130 232 130 239 137 195 144 195 152 195 161 195 170 183 179 189 181 195 183 201 182 206 180 160 147 166 145 173 145 180 147 173 149 166 149 208 148 214 146 221 146 227 148 221 150 214 150 174 201 182 197 190 195 196 197 202 195 209 198 216 202 209 207 202 210 195 210 189 209 182 206 178 201 190 199 195 200 202 199 212 202 202 203 195 203 190 202
137 163 139 179 142 194 147 208 156 220 167 230 180 238 195 240 209 238 221 229 230 219 237 208 241 194 243 180 244 166 244 152 149 134 157 127 168 127 178 130 189 134 201 135 211 131 222 129 232 130 238 137 195 144 195 153 195 161 195 170 183 179 189 181 195 183 201 182 206 180 160 147 166 145 173 145 180 148 173 149 166 149 208 148 214 146 221 146 227 148 221 150 214 150 174 201 182 197 190 194 195 196 201 195 209 198 216 202 209 207 201 210 195 210 189 209 182 206 178 201 190 199 195 200 201 200 212 202 201 203 195 203 189 202
137 162 139 178 142 193 147 207 156 219 167 230 180 238 194 240 209 238 221 229 230 219 237 207 240 193 242 179 243 165 244 151 149 133 157 127 168 127 178 130 189 134 201 135 211 131 221 129 231 130 238 136 195 144 195 152 195 161 195 170 183 179 189 181 195 183 201 181 206 180 160 147 166 145 173 145 179 147 173 149 166 149 208 148 214 146 221 146 227 148 221 150 214 150 174 201 182 197 190 194 196 197 201 195 209 198 216 202 209 208 202 210 195 211 189 210 182 206 178 201 190 200 195 201 201 200 212 202 201 203 195 203 189 202
137 162 139 178 143 193 147 207 156 220 167 230 179 238 194 241 209 238 221 230 230 220 237 207 240 194 242 179 243 165 244 151 149 133 157 127 168 127 179 130 189 134 201 135 211 131 222 129 232 130 239 137 195 144 195 152 195 161 196 170 183 179 189 181 195 183 201 182 206 180 160 146 166 145 173 145 180 147 173 149 166 149 208 148 214 146 221 146 227 148 221 150 214 150 174 202 182 197 190 195 196 197 201 195 209 198 215 203 209 208 202 211 195 211 189 210 182 207 178 202 190 200 195 201 201 201 212 203 201 203 195 203 189 202
137 163 139 178 142 193 147 208 156 220 167 230 180 238 194 241 209 238 220 230 230 220 236 208 240 194 242 180 243 166 244 152 149 134 157 127 168 127 178 130 189 134 201 135 211 132 222 129 232 130 238 137 195 144 195 152 195 161 196 170 184 179 189 181 195 183 201 182 206 180 160 147 166 145 173 145 180 147 173 149 166 149 208 148 214 146 221 146 227 148 221 150 214 150 174 202 182 198 190 195 196 197 202 196 209 198 215 203 209 208 202 211 195 211 189 210 182 207 178 202 190 200 196 201 202 201 212 203 201 203 195 204 190 203
137 163 139 178 142 194 147 208 156 220 167 230 180 238 195 241 209 238 221 230 230 219 236 207 239 194 242 180 243 166 244 152 149 133 157 127 168 127 179 130 189 135 201 135 211 132 221 130 231 130 238 137 195 144 196 152 196 161 196 170 184 180 190 181 195 183 201 182 206 180 160 147 166 145 173 145 180 147 173 149 166 149 208 148 214 146 221 146 227 148 221 150 214 150 174 202 182 198 190 196 196 198 202 196 209 199 216 203 209 208 202 211 196 211 190 210 182 207 178 202 190 201 196 202 202 201 212 203 202 203 196 204 190 203
137 163 139 178 142 193 147 208 156 220 167 230 180 238 195 240 209 238 221 229 230 219 236 207 239 193 242 180 243 166 244 152 149 133 157 127 168 127 179 130 189 134 201 135 211 132 221 130 231 130 238 137 195 144 196 152 196 161 196 170 184 180 190 182 196 183 201 182 206 180 160 147 166 144 173 145 180 147 173 149 166 149 208 148 214 146 221 146 227 148 221 150 215 150 175 202 183 198 191 196 196 198 202 196 209 199 216 203 209 208 202 211 196 211 190 210 182 207 178 202 190 201 196 202 202 201 212 203 202 203 196 204 190 203
137 163 139 178 142 193 147 207 156 219 167 229 180 237 194 240 209 237 220 229 229 219 236 207 240 193 242 179 243 165 244 151 149 133 158 127 168 127 179 130 189 134 201 135 211 132 222 130 231 130 238 136 196 144 196 153 196 161 196 170 184 180 190 182 196 183 201 182 206 180 160 147 167 145 173 145 180 147 173 149 166 149 208 148 215 146 221 146 227 148 221 150 215 150 174 202 183 198 190 196 196 198 202 196 209 199 216 203 209 207 202 210 196 210 190 209 182 207 178 202 190 201 196 202 202 201 213 203 202 203 196 203 190 202
136 163 139 178 142 193 147 207 156 219 167 229 180 237 194 239 209 236 220 229 229 219 236 207 240 194 242 180 243 165 244 152 149 133 158 127 169 127 179 130 189 134 202 135 211 132 222 130 231 130 238 136 196 144 196 153 196 161 196 170 184 180 190 182 196 183 201 182 206 180 161 147 167 145 174 145 180 147 173 149 167 149 209 148 215 146 221 146 227 148 221 150 215 150 174 202 183 198 191 196 196 198 202 197 209 199 216 202 209 207 202 209 196 210 190 209 182 206 178 202 191 201 196 202 202 202 213 203 202 202 196 203 190 202
136 161 138 177 141 192 146 206 155 218 166 228 179 236 194 238 208 236 220 228 229 218 236 206 240 193 242 179 244 165 244 151 149 133 158 127 169 127 179 130 189 134 202 135 212 132 222 130 232 130 239 136 196 144 196 153 196 161 196 170 184 180 190 182 196 183 201 182 206 180 161 147 167 145 174 145 180 148 174 149 167 149 209 148 215 146 221 146 227 148 221 151 215 150 174 201 183 198 190 196 196 198 202 197 208 199 215 202 208 206 201 208 195 209 190 208 182 206 178 202 190 201 196 202 202 202 212 202 201 202 196 202 190 201
136 162 138 177 141 192 146 206 155 218 166 228 179 236 194 238 209 235 220 227 229 217 236 206 239 193 241 179 242 165 243 152 149 132 158 127 169 127 179 130 190 134 201 135 211 132 221 130 231 130 238 136 196 144 196 152 196 161 197 170 184 180 190 181 196 183 201 182 206 180 160 147 167 145 173 145 180 147 173 149 166 149 209 148 215 146 221 146 227 148 222 150 215 150 174 201 183 198 190 196 196 198 201 197 208 199 215 202 208 206 201 208 195 208 190 207 182 205 177 201 190 201 195 202 201 201 212 202 201 201 195 202 190 201
137 162 139 177 141 192 146 206 155 218 166 228 179 235 194 237 208 235 220 227 229 217 236 206 240 193 242 179 243 165 244 152 149 133 158 127 169 127 179 130 190 134 201 135 211 132 222 130 231 130 238 136 196 144 196 152 196 161 196 170 184 180 190 181 195 183 201 182 206 180 161 147 167 145 174 145 180 147 174 149 167 149 209 148 215 146 221 146 227 148 221 150 215 150 174 200 182 198 190 196 195 198 201 197 208 199 215 201 207 205 201 207 195 208 189 207 182 205 177 201 190 201 195 202 201 201 212 202 201 201 195 202 190 201
137 162 138 177 141 192 146 206 154 217 166 227 178 234 194 236 208 234 220 226 229 216 236 205 239 192 242 178 243 165 244 151 149 133 158 127 169 127 179 130 190 134 201 135 211 132 221 130 231 130 238 136 196 144 196 153 196 161 196 170 184 180 190 181 195 183 201 182 206 180 160 147 167 145 174 145 180 148 173 149 167 149 208 148 214 146 221 146 227 148 221 150 215 150 173 200 182 198 190 196 195 198 200 197 207 198 215 200 207 204 200 206 195 207 189 206 181 204 176 200 190 201 195 202 200 201 211 201 200 201 195 201 189 200
136 162 138 177 141 192 146 206 155 218 166 228 179 234 194 236 209 234 220 226 230 216 236 205 240 192 242 179 243 165 244 151 149 133 157 127 168 127 179 130 189 134 201 135 212 132 222 129 232 129 239 136 196 144 196 153 196 161 196 170 184 180 190 181 195 183 201 182 206 180 160 147 167 145 173 145 180 148 173 149 166 149 208 148 215 146 221 146 227 148 221 151 215 150 173 199 182 197 190 196 195 198 200 196 207 198 215 200 207 204 200 206 195 206 189 206 182 203 176 200 190 200 195 201 200 200 212 200 200 200 195 201 190 200
137 161 139 176 141 191 146 205 154 217 165 227 178 234 193 237 208 234 220 226 230 216 236 205 239 192 242 178 243 164 244 151 149 133 157 127 168 127 179 130 189 134 202 135 212 132 222 129 232 130 239 136 196 144 196 153 196 161 196 170 184 180 190 181 195 183 201 181 207 180 160 147 167 145 173 145 180 147 173 149 166 149 208 148 215 146 221 146 227 148 221 151 215 150 173 199 182 197 190 196 195 198 200 196 207 198 214 200 207 204 200 206 194 206 189 205 181 203 176 199 190 200 195 201 200 200 211 200 200 200 195 201 189 200
137 161 139 176 141 191 146 205 154 217 165 227 178 234 193 236 208 234 220 226 230 216 236 205 240 191 242 178 243 164 244 151 149 133 157 127 168 127 179 130 190 134 202 135 212 132 222 130 232 130 239 136 196 144 196 153 196 161 196 170 184 179 190 181 196 183 201 182 207 180 160 147 167 145 174 145 180 148 174 149 167 149 208 148 215 146 221 146 227 148 221 150 215 150 173 198 182 197 190 196 195 198 200 196 207 198 215 200 207 204 200 205 194 206 189 205 181 203 176 199 190 200 195 201 200 200 211 200 200 200 195 201 189 200
137 161 139 176 141 191 146 205 154 217 165 227 178 234 194 236 209 234 220 226 230 217 236 205 239 192 241 178 243 164 244 151 149 133 157 127 168 127 179 130 190 135 202 135 212 132 222 130 232 130 239 136 196 144 196 153 196 161 196 170 184 180 190 181 196 183 201 182 207 180 160 147 166 145 173 145 180 148 173 149 166 149 209 148 215 146 221 146 227 148 222 151 215 150 173 199 182 197 190 196 195 198 201 196 207 198 215 200 207 204 200 205 195 206 189 205 181 203 176 199 190 200 195 201 201 200 212 200 200 200 195 201 190 200
137 162 139 177 141 192 146 206 155 218 166 227 179 234 195 236 209 233 221 226 230 216 236 205 240 191 241 178 243 165 244 151 149 133 157 127 169 127 179 131 190 135 201 135 212 132 222 130 232 130 239 136 196 144 196 153 197 161 197 170 184 180 190 181 196 183 202 182 207 180 161 147 167 145 174 145 180 148 173 149 167 149 208 148 215 146 221 146 227 148 221 150 215 150 173 199 182 197 190 196 196 198 201 196 207 198 215 200 207 203 201 205 195 206 190 205 182 203 176 199 190 200 196 201 201 201 212 200 201 200 195 201 190 200
137 162 139 177 141 192 146 206 154 217 166 227 179 234 194 236 209 234 220 226 229 217 236 205 239 192 242 178 243 165 244 151 149 133 157 127 169 127 179 131 190 135 201 135 212 132 222 130 232 130 239 136 196 145 196 153 196 161 197 170 184 180 190 181 196 183 201 182 207 180 161 147 167 145 174 145 180 148 174 149 167 150 209 149 215 146 221 146 227 148 222 151 215 150 173 199 182 197 190 196 196 198 201 197 208 198 215 200 207 204 201 206 195 206 189 205 182 203 176 199 190 200 195 201 201 201 212 200 201 200 195 201 190 200
136 162 138 177 141 191 146 205 154 217 166 227 178 234 194 236 209 233 220 226 230 216 236 205 239 192 241 178 243 165 243 151 149 133 158 127 169 127 179 130 190 135 202 135 212 132 222 130 231 130 238 136 196 144 196 153 197 161 197 171 184 180 190 181 196 183 202 182 207 180 161 147 167 145 173 145 180 148 173 149 167 149 209 148 215 146 221 146 227 148 221 150 215 150 173 199 182 197 190 196 196 198 201 196 208 198 215 200 207 204 201 206 195 206 189 205 182 203 176 199 190 200 195 201 201 200 212 200 201 200 195 201 190 200
137 162 139 177 141 192 146 206 154 218 166 227 179 234 194 236 208 234 220 226 229 217 236 205 239 192 241 179 243 165 243 152 149 134 157 127 168 127 179 130 190 134 202 135 212 132 222 129 232 130 239 136 196 144 196 153 196 161 197 170 184 180 190 181 196 183 201 182 207 180 160 147 167 145 173 145 180 148 173 149 166 149 209 148 215 146 221 146 227 148 221 150 215 150 173 199 182 197 190 196 196 198 201 196 208 198 215 200 207 204 201 206 195 206 189 205 182 203 176 199 190 200 195 201 201 200 212 200 201 200 195 201 190 200
137 162 139 177 141 192 146 206 154 217 166 227 178 234 194 236 208 234 220 226 229 217 236 205 239 192 242 178 243 165 244 151 149 134 157 127 168 127 179 130 190 134 202 135 212 132 222 129 232 129 239 136 196 144 196 153 196 161 197 170 184 180 190 181 196 183 202 182 207 180 160 147 167 145 174 145 180 148 174 149 167 149 209 148 215 146 221 146 227 148 222 150 215 150 173 199 182 197 190 196 196 198 201 196 208 198 215 200 208 204 201 205 195 206 189 205 182 203 176 199 190 200 195 201 201 200 212 200 201 200 195 201 190 200
