130 174 133 187 136 200 140 212 146 223 155 232 165 239 177 241 190 238 200 232 209 222 214 211 218 199 221 186 223 173 224 159 141 147 147 143 155 141 163 142 170 145 183 146 191 143 199 142 207 143 213 148 177 154 177 162 178 170 178 178 169 187 173 189 178 190 182 189 186 187 150 156 155 153 160 153 165 157 160 157 154 158 189 157 194 153 200 153 205 156 200 158 194 158 162 209 168 206 173 203 178 204 181 203 187 205 193 209 187 213 182 215 178 215 173 215 168 213 165 209 173 207 178 208 181 207 190 209 181 209 178 209 173 209
130 174 133 187 136 200 141 213 147 224 156 233 166 239 178 241 190 238 200 231 209 222 214 211 218 199 221 186 223 173 224 160 141 146 147 142 155 141 163 142 170 145 184 146 191 143 199 142 207 143 213 147 178 154 178 162 178 170 178 179 169 187 173 189 178 190 182 189 186 187 150 156 155 153 160 152 165 157 160 158 154 158 189 157 195 153 200 153 205 156 200 159 195 158 163 209 168 206 174 203 178 204 181 203 187 206 193 209 187 213 182 215 178 215 174 215 168 213 166 209 174 207 178 208 181 208 190 209 181 209 178 210 174 209
130 174 133 187 136 200 141 212 147 223 156 233 166 239 178 241 190 239 201 231 209 222 214 211 218 199 221 186 223 173 224 160 141 146 147 142 155 141 163 142 170 145 184 146 191 143 199 142 207 143 214 147 178 154 178 162 178 170 178 179 169 187 173 189 178 190 182 189 186 187 150 156 155 153 160 153 165 157 160 157 154 158 189 157 194 153 200 153 205 156 200 158 195 158 163 209 168 206 174 203 178 204 181 203 187 206 193 209 187 213 182 215 178 216 173 215 168 214 166 209 174 207 178 208 181 208 190 209 181 209 178 210 174 209
131 175 133 188 136 200 141 213 147 224 156 233 166 239 178 242 191 239 201 232 209 223 214 211 218 199 221 186 223 173 225 160 141 146 147 142 155 141 163 142 171 145 184 146 191 143 199 142 207 143 214 147 178 154 178 162 178 170 178 178 169 187 173 189 178 190 182 189 186 187 150 156 155 152 160 152 165 157 160 157 154 158 189 157 195 153 200 153 205 156 201 158 195 158 163 210 168 206 173 203 178 204 181 203 187 206 193 210 187 214 182 216 178 216 173 215 168 214 166 209 173 207 178 208 181 207 190 209 181 210 178 210 174 210
130 174 133 188 136 200 141 212 147 224 156 233 166 239 178 241 190 239 200 232 209 223 214 212 218 199 221 186 223 173 225 160 141 146 147 142 155 141 163 142 170 145 184 146 191 143 199 142 207 143 213 147 177 153 177 162 178 170 178 178 169 187 173 189 178 190 182 189 186 187 150 155 155 152 160 152 165 156 160 157 154 158 189 157 194 153 200 153 205 156 200 158 194 158 163 210 168 206 173 203 178 204 181 203 187 206 193 210 187 214 182 216 178 216 173 216 168 214 166 210 173 207 178 208 181 207 190 209 181 210 178 210 173 210
130 174 132 187 136 200 140 212 146 223 155 233 165 239 177 242 190 239 200 232 208 222 214 211 218 198 221 186 223 173 224 159 140 146 146 142 154 141 163 142 170 145 183 146 190 143 198 142 206 143 213 147 177 153 177 161 177 170 178 178 169 187 173 188 177 189 182 188 186 187 149 155 154 152 160 152 165 156 159 157 154 158 189 156 194 153 200 153 205 156 200 158 194 158 163 210 168 205 173 202 177 204 181 203 186 205 192 209 187 214 181 216 177 216 173 216 168 214 165 209 173 207 177 207 181 207 189 209 181 210 177 211 173 210
130 174 132 187 136 200 140 212 147 224 155 233 166 240 178 242 190 239 200 232 208 223 214 211 218 199 220 186 223 173 224 159 140 146 147 142 155 141 163 142 170 145 183 145 190 143 198 142 206 143 213 147 177 153 177 161 177 169 177 178 169 187 173 188 177 189 182 188 186 187 149 155 154 152 160 152 165 156 159 157 154 157 189 156 194 153 199 153 204 156 200 158 194 158 162 210 167 205 173 202 177 204 181 202 186 205 192 209 187 214 181 216 177 217 173 216 167 214 165 209 173 207 177 207 181 207 189 209 181 210 177 211 173 210
130 175 132 188 136 200 140 212 146 224 155 233 166 239 178 242 190 239 200 232 208 222 214 211 218 199 220 186 223 173 224 160 140 147 146 142 154 140 162 142 170 145 182 145 189 143 198 141 206 143 213 147 176 153 177 161 177 169 177 178 169 186 172 188 177 189 181 188 185 187 149 155 154 152 159 152 164 156 159 157 154 157 188 156 193 153 199 153 204 156 199 158 194 158 162 209 167 205 173 202 177 204 181 202 186 205 192 209 187 214 181 216 177 216 173 216 168 214 165 209 173 207 177 207 181 207 189 209 181 210 177 210 173 210
129 174 132 187 136 200 140 213 146 224 155 233 166 239 178 242 190 239 200 232 208 223 214 211 217 199 220 186 223 173 224 160 140 146 146 142 154 140 162 141 169 144 183 145 190 142 198 141 206 143 213 147 176 153 177 161 177 169 177 177 168 186 173 188 177 189 181 188 185 187 148 155 154 152 159 152 164 156 159 157 154 157 188 156 193 152 199 153 204 156 200 158 194 158 162 209 168 205 173 202 177 204 181 202 186 205 191 209 186 214 181 216 176 216 172 216 167 214 165 209 173 207 177 207 181 207 188 209 180 210 176 210 173 210
129 174 132 187 135 200 140 212 146 224 155 233 166 239 178 241 190 239 200 231 208 222 214 211 217 199 220 186 222 173 224 159 140 146 146 142 153 140 162 142 169 145 182 145 190 142 198 141 206 143 212 147 176 153 177 161 177 169 177 177 168 186 172 188 177 189 181 188 185 186 149 155 153 152 159 152 164 156 159 157 153 157 188 156 193 153 199 153 204 156 199 158 193 157 162 209 167 206 173 203 177 204 180 203 186 205 191 209 186 213 181 215 177 215 173 215 168 213 165 209 173 207 177 208 180 207 188 209 180 209 177 209 173 209
129 173 132 186 135 199 140 212 146 223 155 232 165 238 178 241 190 238 200 231 208 221 214 210 218 198 220 185 222 172 223 159 140 146 146 142 154 140 162 141 169 145 182 145 190 142 198 141 206 143 212 147 176 153 177 161 177 169 177 178 168 187 172 188 177 189 181 188 185 187 149 155 154 152 159 152 164 156 159 157 153 157 188 156 193 152 199 152 204 155 199 158 193 157 162 209 167 206 173 204 177 205 180 204 186 206 192 209 186 213 181 214 177 214 173 214 168 212 165 209 173 208 177 209 180 208 189 209 180 209 177 209 173 209
129 174 132 187 135 200 140 212 146 223 154 232 165 239 177 241 189 238 199 232 208 223 213 211 217 199 220 186 222 174 223 160 139 146 145 142 153 140 161 142 169 145 182 145 190 142 198 141 206 142 213 147 176 153 176 161 176 169 177 178 168 187 172 189 176 189 181 189 185 187 148 155 153 152 159 152 164 156 159 157 153 157 188 156 193 152 199 153 204 155 199 158 194 157 161 209 167 206 173 204 176 205 180 204 186 207 192 209 186 213 180 214 176 214 173 214 167 213 164 209 173 208 176 209 180 208 189 209 180 209 176 209 173 209
129 174 132 187 135 200 139 212 145 224 154 233 164 239 177 241 189 239 200 232 208 223 213 212 217 199 219 186 222 174 223 161 139 148 145 142 153 140 162 141 169 145 182 145 189 142 198 141 207 143 213 148 176 153 176 161 177 169 177 178 168 187 172 189 177 190 181 189 185 187 148 155 153 152 159 152 164 156 159 157 153 157 188 156 193 153 199 153 204 156 200 158 194 157 161 209 167 206 173 204 176 205 180 204 186 207 192 209 186 213 181 214 176 214 172 214 167 212 163 209 173 208 176 209 180 208 190 209 180 209 176 209 173 209
129 174 132 187 135 200 139 212 145 224 154 233 165 240 177 242 190 239 200 232 208 223 213 211 217 199 220 186 222 173 223 159 139 147 145 142 153 141 161 142 169 145 182 145 190 142 198 141 206 143 212 147 176 153 177 161 177 169 177 178 168 187 172 189 177 190 181 189 185 187 148 155 153 152 159 152 164 156 159 157 153 157 188 156 193 153 199 153 204 155 199 158 193 157 161 209 167 206 173 204 177 205 181 204 186 207 192 209 186 213 181 215 176 215 172 215 167 213 163 209 173 209 177 209 181 209 189 209 180 209 176 210 173 209
129 174 132 187 135 200 140 212 146 224 155 234 165 240 177 243 189 240 200 233 208 223 213 211 217 199 220 186 222 173 223 159 139 147 145 142 153 140 161 142 169 145 182 145 189 142 198 141 206 143 213 147 176 153 176 161 177 170 177 178 168 187 172 189 177 189 181 188 185 187 148 155 153 152 159 152 164 156 159 157 153 157 188 156 193 152 199 153 204 155 199 158 193 158 161 209 167 206 172 203 176 205 180 203 186 206 192 209 186 215 181 217 176 217 172 216 167 214 164 209 172 208 176 208 180 208 189 209 180 211 176 211 172 211
129 175 132 188 135 201 139 213 145 224 154 234 165 240 177 243 189 240 199 233 208 223 213 211 217 199 219 186 222 173 223 160 138 148 145 143 153 142 161 142 169 145 181 146 188 143 197 142 205 143 212 147 176 153 176 161 176 170 177 178 168 187 172 189 176 190 181 189 185 187 148 156 153 153 158 153 163 156 158 157 153 158 187 156 192 153 198 153 203 156 198 158 193 157 161 210 167 206 172 203 176 204 180 203 186 206 191 209 186 215 181 217 176 218 172 217 167 215 164 210 172 207 176 208 180 207 189 209 180 211 176 212 172 211
128 175 131 188 135 201 139 213 145 224 154 233 164 240 176 242 188 239 199 233 207 223 213 212 216 199 219 187 222 173 223 160 139 148 145 144 153 142 162 143 170 146 180 146 187 144 196 142 204 143 211 147 175 153 175 161 176 170 176 178 167 187 171 189 176 190 180 189 184 187 148 156 153 153 158 153 163 156 158 157 153 158 187 156 192 153 198 153 203 156 198 158 192 157 161 210 167 206 172 203 176 204 179 203 185 206 191 209 186 214 180 216 176 217 172 216 167 214 164 210 172 207 176 208 180 207 188 209 180 210 176 211 172 210
128 176 131 189 135 201 139 213 145 224 154 233 164 239 177 241 189 239 199 232 208 223 213 211 217 199 219 187 222 174 223 161 138 149 145 145 153 143 162 143 170 146 179 146 187 144 195 143 204 144 211 148 175 153 175 161 176 169 176 178 167 187 171 189 176 190 180 189 184 187 148 157 153 154 158 153 163 156 158 157 153 158 187 156 192 153 197 153 202 156 197 157 192 157 161 210 166 206 172 204 175 205 179 204 185 206 190 209 185 213 180 214 176 215 172 214 166 213 164 209 172 208 175 209 179 208 188 209 179 208 175 209 172 209
128 175 131 188 135 201 139 213 145 224 154 233 164 239 177 241 189 238 199 232 208 223 213 211 217 199 219 186 222 173 223 160 138 150 144 145 153 143 161 143 169 146 179 146 187 144 195 143 204 144 211 148 175 153 175 161 175 170 175 179 167 187 171 189 175 190 180 189 184 187 147 157 152 154 158 153 163 156 158 157 152 158 186 156 192 153 197 153 202 155 197 157 192 157 160 209 166 206 172 204 175 205 179 204 185 206 191 209 185 212 179 214 175 214 172 214 166 212 163 209 172 208 175 209 179 208 188 209 179 208 175 209 172 208
128 176 131 188 135 201 139 212 145 223 153 232 164 238 176 240 188 238 199 232 207 223 213 211 217 199 219 186 222 173 223 159 138 150 144 145 152 143 161 143 169 146 179 146 186 144 195 143 203 144 210 148 175 152 175 161 175 170 176 179 167 187 171 189 175 190 180 189 184 187 147 156 152 153 158 153 163 156 158 157 152 158 186 156 192 152 197 153 202 155 197 157 192 157 160 209 166 206 171 204 175 205 179 204 185 206 191 209 185 212 179 214 175 214 172 214 166 213 163 209 172 208 175 209 179 208 188 209 179 208 175 209 172 208
128 175 132 188 135 201 140 213 146 224 154 233 165 239 177 241 189 239 199 232 207 223 213 211 217 199 219 186 222 173 223 159 138 148 144 144 152 142 161 143 169 145 179 146 187 143 195 142 204 143 211 147 175 153 175 161 175 170 175 179 167 187 171 189 175 190 180 189 184 187 147 156 152 153 158 153 163 156 158 157 152 158 186 156 191 153 197 153 202 155 197 157 192 157 161 209 166 206 171 204 175 205 179 204 184 206 190 209 185 213 179 215 175 216 172 215 166 213 164 209 171 208 175 209 179 208 188 209 179 209 175 210 172 209
129 176 132 188 135 201 140 212 145 224 154 233 164 239 176 241 189 238 199 232 208 222 213 211 217 199 219 186 222 173 223 160 138 148 144 144 153 142 161 143 169 146 179 146 187 143 195 142 203 143 210 147 175 153 175 161 175 169 175 178 167 187 171 189 175 190 180 189 184 187 147 156 152 153 158 153 163 156 158 157 152 158 186 156 191 153 197 153 202 155 197 157 192 157 161 210 166 206 171 203 175 205 179 203 184 206 190 209 185 214 179 216 175 217 171 216 166 214 164 210 172 208 175 208 179 208 187 209 179 210 175 210 171 210
129 175 132 188 135 200 140 212 145 223 154 232 164 239 176 241 188 239 199 232 208 223 213 211 217 199 219 186 222 173 223 160 138 148 144 144 153 142 161 143 169 146 179 146 187 144 195 142 204 144 211 148 174 153 175 161 175 169 175 178 166 187 171 189 175 190 180 189 184 187 147 156 152 153 158 153 163 156 158 157 153 157 186 156 191 153 197 153 202 155 197 157 192 157 161 210 166 206 171 203 175 205 179 203 184 206 190 210 185 214 179 216 175 217 171 216 166 214 164 210 171 207 175 208 179 207 187 209 179 210 175 211 171 210
128 174 131 187 135 200 139 212 145 223 154 232 164 239 176 241 188 239 198 232 207 223 213 211 217 199 220 186 222 172 223 158 138 148 144 144 152 142 161 143 168 145 179 146 186 143 195 142 204 143 211 147 174 153 175 162 175 170 175 179 166 187 170 189 175 190 179 189 183 187 147 156 152 153 158 153 162 156 158 157 152 157 186 156 191 153 197 153 202 155 197 157 192 157 162 210 166 206 171 203 174 205 178 204 184 206 189 209 184 214 179 216 175 217 171 216 166 214 164 209 171 208 175 208 178 208 187 209 178 210 175 210 171 210
128 174 131 187 135 200 139 212 145 223 154 232 164 239 176 241 188 238 199 231 208 222 213 211 217 198 220 185 222 172 223 158 138 148 144 144 152 142 160 143 168 145 178 146 186 144 195 142 203 143 211 147 174 153 174 161 174 170 174 179 166 187 170 189 174 190 179 189 183 187 147 156 152 153 157 153 162 156 157 157 152 157 186 156 191 153 197 153 202 155 197 157 191 156 161 210 166 206 171 204 174 205 178 204 184 207 189 209 184 214 179 216 175 217 171 216 166 214 164 210 171 208 174 209 178 208 186 209 178 209 174 210 171 209
128 174 131 187 135 200 139 212 145 223 153 232 163 239 175 241 188 239 198 232 207 223 213 212 216 200 219 187 222 173 223 160 137 148 144 143 152 142 160 143 168 146 178 146 186 144 194 142 203 143 210 147 174 153 174 161 174 170 174 179 165 187 169 189 174 190 179 189 183 187 147 156 152 153 157 153 162 156 157 157 152 157 186 156 191 153 196 153 201 155 197 157 191 157 161 210 165 206 170 204 174 205 177 204 183 207 189 210 183 214 178 216 174 216 170 216 166 214 163 210 170 209 174 209 177 209 186 209 177 209 174 210 170 209
129 175 132 188 135 200 139 212 145 223 153 233 163 239 175 242 188 239 198 233 207 224 213 212 216 200 219 187 221 174 223 160 138 148 144 144 152 142 160 143 167 145 179 146 186 144 194 143 203 144 210 147 174 153 174 161 174 170 174 179 165 187 169 189 174 190 179 189 183 187 147 156 152 153 157 153 162 156 157 157 152 157 186 156 191 153 196 153 201 156 197 157 191 157 160 209 165 206 170 204 173 205 177 204 183 207 189 210 183 214 178 216 174 216 170 216 165 214 163 209 170 208 174 209 177 209 186 209 177 209 174 210 170 209
129 174 132 187 135 200 139 212 145 224 153 233 163 240 175 242 187 240 198 233 207 224 213 212 216 200 219 187 222 173 223 160 137 148 144 143 152 142 160 143 167 145 179 146 186 144 195 142 203 144 210 148 174 153 174 161 174 170 174 178 165 187 169 188 174 190 178 189 182 187 147 156 152 153 157 153 162 156 157 157 152 157 186 156 191 153 196 153 201 155 197 157 191 157 160 210 165 206 170 203 174 204 177 203 183 206 189 209 183 215 178 217 174 218 170 217 165 215 163 209 170 208 174 208 178 208 186 209 177 211 174 211 170 211
129 173 131 187 135 199 139 212 144 223 152 233 163 240 175 243 187 240 198 233 207 224 213 212 216 199 219 186 222 173 224 159 137 147 144 143 152 141 160 142 167 145 179 146 186 144 195 143 203 144 210 148 174 153 174 161 174 170 174 178 165 186 169 188 174 190 178 188 182 187 147 155 152 153 157 153 162 156 157 157 152 157 186 156 191 153 197 154 202 156 197 157 191 157 160 210 165 205 170 203 174 204 178 203 184 206 189 210 184 216 178 218 174 219 170 218 164 216 163 210 170 207 174 208 178 207 186 210 178 212 174 213 170 212
129 174 132 187 135 200 139 212 144 224 153 234 163 241 175 243 187 241 198 234 206 224 212 212 216 200 219 187 222 174 224 160 138 147 144 143 152 141 160 142 167 145 180 146 187 143 195 143 203 144 210 148 174 153 174 161 174 170 174 178 165 186 169 188 174 189 178 188 182 187 147 155 152 152 158 152 162 156 157 156 152 157 186 156 191 153 197 153 202 156 197 157 191 157 159 210 164 205 169 202 173 204 178 203 184 206 189 210 184 216 178 219 174 219 169 219 164 216 162 209 170 207 174 208 178 207 186 210 178 212 174 213 169 212
129 174 132 187 135 200 139 212 144 224 153 234 163 240 175 243 187 240 198 233 207 224 213 212 216 200 219 187 222 174 224 160 138 147 144 142 152 141 160 142 168 145 180 146 187 144 195 142 204 144 211 147 174 153 174 161 174 169 174 178 165 187 169 188 174 189 178 188 182 187 147 155 152 152 158 152 162 155 157 156 152 156 186 156 192 153 197 153 202 156 197 157 192 157 159 209 164 205 170 202 174 204 178 203 184 205 189 209 184 215 178 218 173 218 169 218 164 215 161 209 170 207 174 207 178 207 186 209 178 212 174 212 169 212
129 174 132 187 135 199 139 212 145 223 153 232 163 239 175 242 187 239 198 233 207 224 213 212 216 200 219 187 222 174 224 160 138 147 144 143 152 141 160 142 168 145 179 146 187 143 196 142 204 144 211 148 174 153 174 161 174 169 174 178 165 186 169 188 174 189 178 188 182 187 147 155 152 152 158 152 162 156 158 156 152 156 186 156 191 153 197 153 202 156 197 157 191 157 159 209 164 205 169 202 173 204 178 203 183 205 189 209 183 215 178 217 173 217 169 217 164 214 162 209 169 206 173 207 178 207 186 209 177 211 173 212 169 211
129 173 132 186 135 198 139 210 145 222 153 231 163 238 174 241 186 239 197 232 206 223 213 212 216 199 220 187 222 174 224 160 138 148 144 143 152 141 160 142 168 145 179 146 187 143 195 142 204 144 210 148 174 153 174 161 173 169 173 178 165 186 169 188 173 189 178 188 182 187 147 155 152 152 158 152 162 155 158 156 152 156 186 156 191 153 197 153 202 156 197 157 191 157 160 209 164 205 169 202 173 204 177 203 182 206 188 209 183 214 177 216 173 216 169 216 164 213 163 208 169 207 173 207 177 207 185 209 177 210 173 210 169 209
129 173 132 185 135 198 139 210 144 221 152 231 162 238 174 240 186 238 197 232 206 223 213 212 217 200 220 187 222 174 224 161 138 147 144 142 152 141 160 142 167 145 179 146 187 143 196 142 204 144 211 148 173 153 173 161 173 169 173 178 165 186 168 188 173 189 177 188 181 187 147 155 152 152 157 152 162 155 157 156 152 156 186 156 191 153 197 153 202 156 197 157 191 157 160 209 164 205 169 203 172 204 176 203 182 206 187 209 182 213 176 215 172 215 169 214 164 212 163 208 169 207 172 208 176 207 185 209 176 208 172 209 169 208
129 172 132 185 135 198 139 210 144 221 153 231 163 238 174 240 186 238 197 232 206 224 213 212 217 200 220 187 222 174 224 161 137 147 144 143 151 141 160 142 167 145 179 146 187 143 195 142 204 144 211 148 173 153 173 161 173 170 173 178 164 186 168 188 173 189 177 188 181 187 147 155 152 152 157 152 162 155 157 156 152 156 186 156 191 153 196 153 201 156 196 157 191 157 160 209 164 205 169 203 172 205 176 204 181 206 187 210 182 214 176 215 172 215 169 215 164 213 163 209 169 208 172 208 176 208 184 209 176 209 172 209 169 209
129 172 132 185 135 198 139 210 145 221 153 230 162 238 174 240 186 239 197 232 206 224 213 212 217 200 220 187 222 174 224 160 138 146 144 142 152 141 160 142 167 145 179 146 186 143 195 142 203 144 210 148 173 153 173 161 173 170 172 178 164 186 168 188 172 189 177 189 181 187 147 155 152 152 157 152 162 155 157 156 152 156 185 156 191 153 196 153 201 156 196 157 191 157 160 209 164 206 169 203 172 205 176 204 181 206 187 210 181 214 176 216 172 216 169 215 164 213 163 209 169 208 172 209 176 208 184 209 176 209 172 210 169 209
129 172 132 185 135 198 139 210 145 221 153 231 163 238 174 241 187 239 197 233 207 224 213 213 217 200 220 187 222 174 224 161 138 147 144 142 152 141 160 142 167 145 179 146 186 143 195 142 203 144 210 148 173 153 173 161 173 169 172 178 164 186 168 188 172 189 177 189 181 187 147 155 152 152 157 152 162 155 157 156 152 156 186 156 191 153 196 153 201 156 196 157 191 157 160 209 164 206 169 203 172 205 176 204 181 206 186 210 181 215 176 216 172 216 169 216 164 214 163 209 169 208 172 208 176 208 184 210 176 209 172 210 169 209
130 173 132 185 135 198 139 210 145 222 153 231 162 239 174 242 186 240 197 233 206 224 213 213 217 201 220 188 222 174 224 161 138 147 144 142 152 141 160 142 167 145 179 146 186 143 195 142 204 144 211 147 173 153 173 161 173 169 173 178 164 186 168 188 173 189 177 188 181 187 147 155 152 152 157 152 162 155 157 156 152 156 186 156 191 153 197 153 202 156 197 157 191 157 160 209 164 205 169 202 172 204 176 203 181 206 187 210 182 215 176 216 172 216 168 216 164 213 163 209 169 207 172 208 176 207 184 210 176 210 172 210 169 209
130 173 132 186 135 198 140 210 145 222 153 232 163 239 174 242 187 240 197 233 207 224 213 213 217 200 220 187 223 174 225 160 138 147 144 142 152 141 160 142 167 144 179 145 187 143 195 142 204 144 210 148 173 153 173 161 173 169 173 178 164 186 168 188 173 189 177 188 182 186 147 155 152 152 158 152 162 155 157 156 152 156 186 156 191 153 197 153 202 156 197 157 191 157 160 209 164 204 169 202 173 203 177 202 182 205 187 210 182 215 177 217 172 217 169 217 164 214 163 209 169 206 173 207 177 206 184 209 176 210 173 211 169 210
130 173 133 186 136 199 140 211 145 223 153 232 163 239 174 242 186 240 197 234 207 224 213 213 217 201 221 188 223 174 225 161 139 147 144 142 152 141 161 142 168 145 179 146 187 143 195 142 204 144 211 148 174 153 173 161 173 169 173 177 165 186 169 188 173 189 177 188 182 186 147 155 152 152 157 152 162 155 157 156 152 156 186 156 191 153 197 153 202 156 197 157 191 157 159 209 164 204 169 202 172 203 176 202 182 205 187 210 182 215 176 217 172 218 168 217 163 214 162 209 169 206 172 207 176 206 184 209 176 211 172 212 168 211
130 173 132 186 136 199 140 211 145 223 153 232 163 240 175 242 187 240 198 233 207 224 213 212 217 200 220 187 223 174 225 160 138 147 144 142 152 141 160 142 168 145 179 146 187 143 196 142 204 144 211 148 174 153 174 161 173 169 173 178 165 186 169 188 173 189 178 188 182 187 147 155 152 152 158 152 162 155 157 156 152 156 186 156 191 153 197 153 202 156 197 157 192 157 159 209 164 205 169 202 173 203 177 202 183 205 188 210 183 215 177 217 173 218 169 217 164 214 162 209 169 206 173 207 177 207 185 209 177 211 173 211 169 211
130 173 133 186 136 198 140 211 145 222 153 232 163 240 175 242 187 240 198 234 207 225 214 213 218 201 221 188 223 175 225 161 138 147 144 142 152 141 161 142 168 145 179 146 187 143 196 142 204 144 211 148 174 153 174 161 173 169 173 178 165 186 169 188 173 189 178 188 182 187 147 155 152 152 158 152 163 156 158 156 152 156 186 156 192 153 197 153 202 156 197 158 192 157 159 209 164 205 169 202 173 204 177 203 183 205 189 209 183 214 177 216 173 217 169 216 164 214 162 209 169 206 173 207 177 207 186 209 177 211 173 211 169 211
130 173 133 186 136 198 140 210 145 221 153 231 163 238 175 241 187 239 198 233 207 224 214 212 218 200 221 187 223 174 225 161 138 147 144 142 152 141 160 142 168 145 179 146 187 144 196 143 204 144 211 148 174 153 174 161 173 170 173 178 165 186 169 188 173 189 178 188 182 187 147 155 153 152 158 152 163 156 158 156 152 156 187 156 192 153 197 153 203 156 197 158 192 157 159 208 164 205 169 202 173 204 177 202 183 205 189 209 183 213 177 215 173 215 169 214 164 212 162 208 169 207 173 207 177 207 186 209 177 209 173 209 169 209
130 174 133 186 136 199 140 211 145 222 153 231 163 238 175 240 188 238 199 232 208 224 214 213 218 201 221 188 223 175 225 162 138 147 145 142 153 141 161 142 168 145 180 146 187 143 196 143 205 144 212 148 174 153 174 161 174 169 174 178 165 186 169 188 174 189 178 189 183 187 148 155 153 152 158 152 163 156 158 156 153 157 187 156 192 153 198 154 203 156 198 158 192 157 159 208 165 204 170 202 173 204 178 202 184 205 190 209 183 212 178 213 173 214 169 213 164 211 162 208 170 206 173 207 178 206 187 208 178 207 174 208 170 207
130 173 133 186 136 198 140 210 145 221 153 231 163 238 175 240 188 238 199 232 208 224 214 212 218 200 221 187 223 174 225 161 139 146 145 142 153 141 161 142 169 145 180 146 187 144 196 143 204 144 211 148 174 154 174 162 174 170 174 178 165 186 169 188 174 189 179 188 183 187 148 156 153 155 159 154 164 157 158 157 153 158 187 157 192 156 197 156 203 157 197 159 192 159 159 208 165 204 170 202 174 203 178 202 184 205 190 209 184 212 178 214 174 214 169 213 165 211 162 208 170 206 174 207 178 206 187 208 178 208 174 208 170 207
130 173 133 186 136 198 140 210 146 221 154 231 163 238 175 241 187 239 198 232 207 224 214 212 218 200 221 187 223 174 225 161 140 147 145 143 153 141 161 142 168 145 180 146 188 143 196 142 204 144 211 148 174 154 174 162 174 170 174 178 165 186 169 188 174 189 179 188 183 187 149 158 154 157 159 157 164 158 159 159 154 159 186 158 192 158 197 158 202 159 197 160 191 160 159 208 165 205 170 202 174 204 178 203 183 205 189 209 183 213 178 215 173 215 169 214 165 213 162 208 170 207 173 207 178 207 186 209 178 209 174 209 170 209
130 172 132 185 135 198 140 210 146 222 154 232 163 239 175 242 187 239 198 233 207 224 214 212 218 200 221 187 223 173 225 160 140 147 146 142 153 141 161 142 168 145 180 146 188 143 196 143 204 144 210 148 175 155 175 162 174 170 174 178 166 187 170 189 174 190 179 189 183 187 150 158 155 158 160 157 165 158 160 160 155 160 186 159 191 158 196 159 201 159 196 161 191 160 160 209 165 204 170 202 174 203 178 202 184 205 190 209 184 214 178 217 174 217 169 217 164 214 163 209 170 206 174 207 178 207 187 209 178 211 174 211 170 210
130 172 133 185 136 198 140 210 146 222 154 231 163 239 175 242 188 239 198 232 208 223 214 211 218 199 222 186 224 173 225 159 140 147 146 142 154 141 162 142 169 146 181 146 188 144 197 143 204 144 211 148 175 155 175 163 175 170 175 178 166 187 170 189 175 190 179 189 183 187 149 159 155 158 160 158 165 159 160 160 155 161 186 159 192 159 197 159 202 160 197 162 192 161 160 209 165 205 171 202 174 204 178 202 184 205 190 210 184 215 178 217 174 218 170 217 165 215 163 209 171 207 174 207 178 207 186 210 178 211 174 212 171 211
130 172 132 185 135 198 140 210 146 222 154 232 164 239 176 242 188 239 199 233 208 223 215 211 219 199 222 186 224 173 225 160 140 148 146 143 154 141 162 142 169 146 181 147 189 144 198 143 205 145 212 149 176 155 176 163 176 171 176 179 167 187 171 189 175 190 180 189 184 188 150 159 155 159 160 159 165 159 160 161 155 161 187 159 192 159 198 160 203 160 198 162 192 162 161 209 166 205 172 203 175 204 179 203 184 206 190 210 184 214 179 215 175 216 171 215 166 214 164 209 171 207 175 207 179 207 187 209 179 209 175 210 171 209
130 172 133 185 136 198 140 210 146 222 154 232 164 239 176 241 188 239 199 233 208 224 215 212 219 200 222 186 225 173 226 160 141 148 147 144 154 142 163 143 170 146 182 147 190 144 198 144 206 145 213 149 176 156 176 164 176 171 176 180 167 188 171 190 176 191 181 190 185 188 150 159 155 159 161 159 166 160 161 162 155 162 187 160 193 160 198 160 204 161 198 163 193 162 161 209 167 206 172 203 175 205 179 204 185 207 191 210 185 214 179 215 175 215 171 214 166 213 164 209 172 207 175 208 179 208 188 210 179 209 175 209 172 209
130 172 133 185 136 198 140 211 146 223 154 233 164 240 176 242 188 240 199 233 208 224 214 212 219 200 222 187 224 174 226 161 141 148 147 144 155 143 164 144 171 147 182 148 189 145 198 144 206 146 213 149 177 157 176 165 176 173 176 181 167 189 171 191 176 192 181 191 185 189 149 160 155 160 160 160 166 161 160 163 155 163 187 161 193 160 199 161 204 161 199 164 193 163 162 210 167 207 172 204 175 206 179 205 185 208 191 211 185 215 179 217 175 217 171 216 167 215 165 210 172 209 175 209 179 209 188 211 179 211 175 211 172 210
130 173 132 186 136 199 140 211 146 223 155 233 164 241 176 244 188 242 198 235 207 225 214 213 218 200 222 187 224 174 226 160 141 149 147 145 155 144 164 146 171 149 182 150 190 147 198 146 206 148 213 151 177 158 177 166 177 174 177 183 167 190 171 193 176 194 181 193 185 191 150 162 155 162 161 161 166 162 161 164 155 164 188 163 194 163 199 163 204 163 199 165 193 165 162 212 167 208 172 206 175 208 180 207 185 209 191 213 186 218 180 220 175 220 171 220 167 217 165 212 172 210 175 211 179 211 188 213 180 213 176 214 172 213
130 172 132 186 135 199 140 211 146 224 154 234 164 241 176 244 188 242 198 235 207 225 214 213 218 201 222 187 224 174 226 160 141 152 147 147 155 146 164 147 171 151 182 151 190 148 199 147 207 149 213 153 177 160 177 168 177 176 176 185 167 192 171 194 176 196 181 194 185 193 150 163 155 162 161 162 166 163 161 165 155 165 188 164 194 163 199 163 204 164 199 166 194 166 162 213 167 210 172 208 175 210 179 209 184 211 190 214 184 220 179 221 175 222 171 221 167 219 165 213 172 212 175 213 179 212 187 214 179 214 175 215 172 214
130 174 132 187 135 200 140 213 146 225 155 235 165 241 176 244 188 242 198 235 207 225 214 214 218 201 222 188 224 175 226 162 141 153 147 148 155 147 163 149 171 152 181 153 190 150 198 149 207 151 213 155 177 162 176 170 176 179 176 188 167 194 171 196 176 197 181 196 185 194 150 164 155 164 161 163 166 165 161 167 155 167 187 166 193 165 198 165 204 166 198 168 193 168 162 214 168 211 172 209 176 211 180 210 185 212 191 215 185 221 180 223 176 223 172 223 167 220 165 215 172 213 176 214 179 214 187 215 180 216 176 217 172 216
130 174 132 188 135 201 139 214 146 226 155 236 165 243 176 245 188 243 198 236 206 226 213 215 218 202 221 189 224 176 225 163 141 155 147 150 155 149 164 150 171 154 182 154 190 152 198 151 207 152 213 157 177 163 177 172 176 180 176 189 167 196 171 198 176 199 181 198 185 196 150 166 156 165 161 165 166 166 161 168 156 168 187 167 193 166 198 166 203 167 198 169 193 169 162 216 167 213 172 211 175 212 180 211 185 213 191 216 185 222 180 224 176 224 172 224 167 221 165 216 172 215 175 215 179 215 188 216 180 217 176 218 172 217
130 174 132 188 135 201 139 214 145 227 154 237 164 245 175 248 188 246 198 238 207 228 213 216 217 203 221 189 223 176 225 162 141 154 148 150 156 150 164 152 171 155 182 156 190 153 198 151 206 152 213 155 177 164 177 172 177 181 177 190 167 196 171 198 176 200 181 199 185 197 150 166 155 166 161 166 166 167 161 169 155 169 188 167 194 167 199 167 205 167 199 170 194 170 161 216 167 214 172 212 175 213 179 212 185 215 192 217 185 223 179 225 175 226 171 225 166 223 164 216 172 216 175 216 179 216 188 217 179 218 175 219 172 218
130 174 132 188 135 202 139 215 146 228 154 239 164 247 175 250 188 247 199 239 207 228 214 215 218 202 220 188 223 174 225 160 141 155 148 151 156 151 164 152 171 156 182 156 190 154 198 152 206 153 212 157 177 164 177 173 177 182 176 191 167 197 171 199 176 200 181 199 185 197 151 167 156 167 161 167 166 167 161 169 156 169 187 167 193 168 198 168 203 168 198 170 192 170 161 217 166 214 171 212 176 214 179 213 185 215 191 217 185 224 180 227 176 227 171 227 166 224 164 217 171 216 176 217 179 216 188 218 179 220 176 221 172 220
130 174 132 188 135 202 139 215 145 228 154 240 164 248 176 251 188 248 198 240 207 229 213 215 218 202 221 188 223 174 225 160 141 156 148 153 156 152 164 153 171 156 182 157 190 154 198 153 206 155 213 159 177 165 177 174 177 182 177 192 167 197 171 199 176 201 181 200 185 198 151 168 156 168 161 168 166 168 161 170 156 170 187 168 193 169 198 169 203 169 198 171 192 171 160 217 166 215 171 213 176 214 180 213 185 215 191 218 185 225 180 228 176 229 171 228 165 225 163 218 171 216 176 217 180 217 188 218 180 222 176 222 171 221
130 174 132 188 135 202 139 215 145 228 154 240 164 248 176 251 188 248 199 240 207 229 213 216 218 202 221 189 223 175 224 161 142 156 148 153 156 152 164 154 172 157 182 158 190 155 198 154 206 155 212 159 177 166 177 175 177 183 177 193 168 198 172 200 177 202 181 200 186 198 151 168 156 169 161 168 167 168 161 170 156 170 187 169 193 169 198 170 203 170 198 172 192 171 160 217 166 215 172 213 176 215 180 214 185 216 191 218 185 225 180 228 176 229 171 228 166 225 163 218 172 217 176 218 180 217 188 219 180 222 176 223 172 222
130 175 132 189 135 203 139 216 146 229 154 240 164 248 175 251 188 249 198 241 207 230 213 217 217 203 220 189 223 175 224 162 142 157 149 154 157 153 165 154 172 157 183 158 190 155 198 154 206 155 212 159 178 166 178 175 178 184 178 193 168 198 172 201 177 202 182 201 186 199 151 169 157 169 162 168 167 169 162 170 157 171 187 169 193 170 198 170 203 170 198 172 192 172 160 218 166 215 172 214 176 215 180 214 185 216 191 219 185 226 180 228 176 229 171 228 166 225 163 218 172 217 176 218 180 218 188 219 180 222 176 223 172 222
130 175 132 189 135 203 139 216 146 229 154 240 164 248 176 251 188 249 199 241 207 230 214 217 218 203 221 190 224 176 225 162 142 157 149 154 157 153 165 155 172 158 183 159 190 156 199 155 206 155 213 158 178 166 178 175 178 184 178 193 168 199 172 201 177 202 182 201 186 199 151 169 157 170 162 169 167 169 162 171 157 171 188 169 194 170 199 170 205 170 199 172 194 172 160 218 166 216 172 214 176 216 180 215 186 217 192 219 185 226 180 228 176 229 171 228 166 225 163 219 172 218 176 218 180 218 188 219 180 222 176 223 172 222
131 174 133 189 136 202 140 216 147 229 155 240 165 247 176 250 189 248 199 240 207 230 214 217 218 203 221 189 224 175 225 161 142 157 149 154 157 154 165 155 173 158 183 159 191 156 199 155 207 155 214 159 178 166 178 175 178 184 178 194 169 199 173 201 178 203 182 202 187 200 152 169 157 170 162 169 167 169 162 171 157 171 189 169 194 170 200 170 205 170 200 172 194 172 162 219 167 217 173 215 177 217 180 215 185 217 191 220 185 225 180 227 176 228 172 227 167 225 164 219 173 218 177 219 180 219 188 220 180 221 177 222 173 221
131 175 133 189 136 203 140 216 146 229 155 239 165 247 176 250 189 248 199 240 208 230 214 217 218 204 221 190 224 177 226 163 143 157 150 154 157 154 165 155 172 158 183 159 191 156 199 155 207 155 214 158 178 166 178 176 178 185 178 194 169 200 173 202 178 203 182 202 187 200 152 169 157 170 162 169 167 169 162 171 157 172 189 170 194 170 200 170 205 170 200 172 194 172 162 219 168 217 173 216 176 217 180 216 185 218 191 220 185 225 180 227 176 227 172 226 167 224 165 219 173 219 176 220 180 219 188 220 180 220 177 221 173 220
130 174 132 188 135 202 140 215 146 228 155 238 165 246 176 249 188 247 199 239 207 229 214 217 218 203 222 190 224 176 226 162 143 156 150 153 158 153 165 155 172 158 184 159 191 156 199 155 207 155 214 158 179 167 178 176 178 185 178 195 169 200 173 202 178 203 182 202 186 200 152 169 157 169 163 169 168 169 162 171 157 171 189 170 194 170 200 170 206 170 200 172 194 172 162 219 168 217 172 216 176 217 180 216 185 218 191 220 185 225 180 226 176 227 172 226 167 224 165 219 172 219 176 220 180 220 188 220 180 220 177 221 173 220
131 175 133 189 136 202 140 216 146 228 155 239 165 247 176 250 188 248 199 240 207 230 214 217 218 204 221 190 224 177 226 163 143 156 150 153 158 153 166 155 172 158 184 159 191 157 199 155 207 155 214 158 179 166 179 176 178 185 178 195 169 200 173 202 178 203 182 202 186 200 153 168 158 169 163 168 168 169 162 170 158 170 189 169 194 169 200 170 205 169 200 172 194 171 162 219 168 217 172 216 176 217 180 216 185 218 191 220 186 225 180 226 176 226 172 226 167 224 165 219 172 219 176 220 180 220 188 220 180 220 177 220 173 220
131 176 133 190 136 203 140 217 147 229 155 239 165 247 177 249 188 247 199 240 207 230 214 218 218 205 221 191 224 178 226 164 143 155 150 153 158 153 165 155 172 158 184 159 191 156 199 155 207 156 214 159 179 166 179 175 179 184 178 194 169 199 173 201 178 203 182 202 187 200 153 167 158 167 163 166 167 167 162 168 158 169 190 168 195 168 200 168 205 169 200 170 195 170 163 219 168 216 173 215 177 217 180 216 185 218 191 220 185 224 181 226 177 226 173 225 168 223 165 219 173 218 177 219 180 219 188 220 180 220 177 220 173 219
131 176 133 190 136 204 141 217 147 229 155 239 165 246 177 249 188 247 199 240 208 230 214 218 218 205 221 192 225 178 226 165 142 154 150 152 157 152 165 154 172 158 185 159 192 156 199 155 207 155 215 158 179 165 178 175 178 184 178 194 169 199 173 201 178 202 182 202 186 200 151 166 156 164 161 164 166 167 161 167 156 167 190 168 195 166 200 166 206 167 200 169 195 169 162 218 168 216 173 215 177 216 180 215 186 217 191 220 186 224 180 225 176 225 172 225 167 223 165 219 173 218 176 219 180 219 189 220 180 219 177 220 173 219
131 176 133 190 136 204 140 217 147 229 155 239 165 246 177 248 189 247 199 240 208 230 214 218 218 205 221 192 224 178 226 164 142 154 149 152 157 152 164 154 171 157 185 159 192 156 200 155 207 155 214 158 178 165 178 175 178 184 178 194 169 199 173 201 178 202 182 201 186 200 151 165 156 163 161 163 166 166 161 167 156 167 190 167 195 165 200 165 205 167 200 169 195 168 162 218 168 216 173 215 177 216 180 215 186 217 192 219 186 223 180 224 177 225 172 224 167 222 165 218 173 218 177 219 180 219 189 219 180 219 177 219 173 218
131 176 133 190 136 204 140 217 146 229 155 239 165 246 177 248 189 246 199 239 207 230 213 218 218 206 221 192 224 179 226 165 142 153 150 151 157 152 165 154 171 157 184 158 191 156 199 155 207 155 214 158 178 165 178 174 178 184 178 193 169 199 173 201 177 202 182 201 186 200 151 165 156 163 161 163 166 166 161 167 156 167 190 167 195 165 200 165 205 167 200 169 195 168 161 218 167 216 173 214 177 216 181 215 186 217 192 219 186 223 181 224 177 225 172 224 167 222 164 218 173 218 177 219 181 218 189 219 181 218 177 219 173 218
131 175 133 189 136 203 140 216 147 229 155 239 165 246 177 248 189 246 199 239 208 230 214 218 218 205 221 192 224 178 226 164 142 153 149 151 157 152 164 154 171 157 184 158 192 156 199 154 207 155 214 157 179 165 178 174 178 184 178 193 169 199 173 201 178 202 182 201 186 199 151 164 156 163 161 163 166 166 161 167 156 167 190 167 195 164 200 165 206 167 200 169 195 168 161 218 167 216 173 214 177 216 181 215 186 217 192 219 186 223 181 224 177 224 172 224 167 222 164 218 173 218 177 219 181 218 189 219 181 218 177 219 173 218
130 176 133 190 136 203 140 216 147 228 155 238 166 245 177 248 188 246 199 239 207 229 213 218 217 205 220 192 224 179 226 165 141 153 149 151 157 151 164 154 171 157 184 158 192 156 199 154 207 154 214 158 178 165 178 174 178 184 178 193 169 199 173 201 177 202 182 201 186 199 150 164 155 162 161 162 166 166 160 166 155 166 190 167 195 164 201 164 206 167 201 169 195 168 162 217 167 216 173 214 177 216 181 215 186 217 192 218 186 223 181 224 177 224 172 223 167 222 164 218 172 218 177 219 180 218 189 219 181 218 177 219 173 218
130 175 133 189 136 203 140 216 147 228 155 238 165 245 177 247 188 245 199 238 207 229 213 217 218 205 221 192 224 178 226 164 141 153 149 151 156 151 164 153 171 157 184 158 191 156 199 154 207 155 214 158 178 164 178 174 178 183 178 193 168 198 172 200 177 202 182 201 186 199 150 164 155 162 161 162 166 166 160 166 155 166 190 167 195 164 200 164 206 166 200 168 195 168 161 217 167 216 172 214 176 216 180 215 186 217 193 218 186 222 181 224 176 224 172 223 167 222 164 217 172 218 176 219 180 218 190 218 180 218 177 218 172 218
130 175 133 189 136 202 140 215 146 227 155 237 165 244 176 247 188 245 199 238 207 228 213 217 218 204 221 191 224 177 225 164 141 153 148 151 156 151 164 153 171 156 184 158 191 155 199 154 207 154 214 157 178 164 178 173 177 183 177 193 168 198 172 200 177 201 181 200 186 199 150 163 155 161 161 161 166 165 160 166 155 166 189 166 195 163 200 164 206 166 200 168 195 168 161 217 167 215 172 214 176 215 180 214 186 216 193 217 187 222 181 223 177 224 172 223 167 221 164 217 172 217 176 218 180 218 190 218 180 218 177 218 173 217
130 175 133 188 136 202 140 215 146 227 155 236 165 244 177 246 189 244 199 237 208 228 214 216 218 204 221 191 224 177 226 164 141 153 148 150 156 150 164 152 170 156 184 157 191 155 199 153 207 154 214 157 178 163 178 173 178 182 177 192 168 197 172 199 177 201 181 200 186 198 150 163 155 161 160 161 165 165 160 166 154 166 189 166 194 163 200 164 206 166 200 168 195 168 161 216 167 215 172 213 176 215 180 214 186 216 193 217 186 222 180 223 177 223 172 223 167 221 164 217 172 217 176 218 180 217 190 217 180 218 177 218 173 217
