144 179 147 192 150 206 154 219 160 231 170 240 181 247 194 250 207 248 218 242 227 232 234 220 238 207 241 193 243 178 244 164 154 151 161 147 170 145 179 146 188 150 201 151 209 147 218 146 227 148 234 153 195 159 195 168 195 177 195 187 185 195 189 197 194 198 199 197 203 195 165 160 170 157 176 157 182 161 176 162 170 162 207 162 213 158 219 158 225 161 219 163 213 163 177 216 184 214 190 212 194 213 198 212 204 214 211 217 204 220 198 221 194 222 189 221 183 219 180 216 190 216 194 217 198 216 209 216 198 216 194 216 190 215
145 178 147 192 150 206 154 219 161 231 170 241 181 248 194 250 207 248 219 241 228 232 234 219 238 206 241 193 244 178 245 164 155 151 162 146 170 145 180 146 188 150 201 150 209 147 219 146 227 148 234 153 195 158 195 167 195 176 195 186 185 195 190 196 195 198 200 197 204 195 165 160 170 156 176 156 182 161 176 162 170 162 207 161 213 157 220 158 225 161 220 163 213 163 176 216 184 213 190 211 194 213 199 212 205 214 212 217 205 220 199 221 194 222 190 221 183 219 179 216 190 216 194 216 199 216 209 216 198 216 194 216 190 215
145 179 147 193 150 207 155 219 161 231 171 241 182 248 195 250 208 248 219 241 228 231 234 219 238 206 241 192 244 178 245 164 155 151 161 146 170 145 180 146 188 149 201 150 209 147 219 146 227 148 234 153 195 158 195 167 195 176 195 186 185 194 190 196 195 197 200 196 204 195 165 159 170 156 177 156 182 161 176 162 170 162 207 161 213 157 219 157 225 160 220 163 213 163 177 216 184 213 190 211 194 213 199 212 205 214 212 217 205 220 199 221 194 222 190 221 184 219 180 216 190 216 194 216 199 216 209 216 199 215 194 216 190 215
145 178 147 192 150 206 154 219 161 231 170 241 181 248 194 250 208 248 219 241 228 232 234 220 238 207 241 193 244 179 245 164 155 150 162 146 170 144 180 145 188 149 201 150 210 147 219 145 228 147 234 152 195 158 195 167 195 176 195 185 185 194 190 196 195 197 200 196 204 194 165 159 170 156 177 156 182 160 176 161 170 161 207 161 213 157 220 157 225 160 220 163 213 162 177 216 184 213 190 211 194 213 199 211 205 214 212 217 205 220 199 222 194 222 189 221 183 220 180 216 190 216 194 216 199 216 209 217 198 216 194 216 190 215
145 179 147 192 150 206 154 219 161 231 170 241 181 248 194 251 207 249 219 241 228 232 234 219 238 206 241 193 244 179 245 164 155 150 162 146 170 144 180 145 188 149 201 149 210 146 219 145 228 147 234 152 195 157 195 166 195 175 195 185 185 194 190 196 195 197 199 196 204 194 165 159 170 156 177 156 182 160 176 161 170 161 207 161 213 156 220 157 225 160 220 162 213 162 177 216 184 213 190 211 194 213 198 211 205 214 211 218 205 221 198 222 194 223 189 222 184 220 180 216 190 216 194 217 198 216 208 217 198 216 194 216 190 216
145 179 147 193 150 207 154 220 161 232 170 242 181 249 194 251 207 249 219 242 228 232 234 220 238 207 241 193 244 179 245 165 154 150 161 145 170 144 179 145 187 148 201 149 210 146 219 145 228 147 235 152 195 157 195 166 195 175 195 185 185 193 190 195 195 197 199 195 203 194 165 159 170 156 176 155 182 160 176 161 170 161 207 160 213 156 219 157 225 160 219 162 213 162 177 216 184 213 190 211 194 212 198 211 205 214 211 218 204 222 198 223 194 224 189 223 183 221 180 216 190 216 194 216 198 216 208 217 198 216 194 217 190 216
145 179 147 193 150 207 155 220 161 232 171 242 182 249 194 251 207 249 218 242 227 232 233 220 238 207 241 193 243 179 244 165 155 150 162 145 170 144 179 145 187 148 201 149 209 146 219 145 227 147 234 152 195 157 195 166 195 175 195 184 185 193 190 195 195 196 199 195 203 193 165 159 170 155 176 155 182 160 176 161 170 161 207 160 213 156 219 157 224 160 219 162 213 162 178 216 184 213 190 210 194 212 198 211 205 213 210 217 204 221 198 223 194 224 189 223 184 221 181 216 190 215 194 216 198 215 207 217 198 216 194 217 190 216
145 177 147 191 150 206 154 219 161 231 170 241 181 249 194 251 207 249 218 242 227 232 233 220 238 206 241 192 244 178 245 164 154 149 161 145 170 143 179 145 187 148 201 149 209 145 219 145 227 147 234 152 195 157 195 166 195 175 195 184 185 193 189 195 194 196 199 195 203 193 165 158 170 155 176 155 181 160 176 160 170 161 207 160 213 156 219 156 225 160 219 162 213 161 177 217 183 212 190 210 194 211 198 210 205 213 210 217 204 223 198 225 194 226 189 225 183 222 181 217 190 214 194 215 198 215 207 217 198 218 194 219 189 218
145 178 147 192 150 206 154 219 161 231 170 242 181 249 194 252 206 249 217 242 227 232 233 220 237 207 241 193 243 178 244 164 154 149 161 145 170 143 179 144 187 148 201 148 209 145 218 145 227 147 234 151 194 157 195 166 195 174 195 184 185 193 189 195 194 196 199 195 203 193 165 158 170 155 176 155 181 159 176 160 169 160 207 160 213 156 219 156 224 160 219 162 213 161 177 217 183 212 189 209 194 211 198 210 205 213 210 217 204 223 198 226 193 227 189 226 183 223 180 217 189 214 194 215 198 214 207 217 198 219 194 220 189 219
144 177 147 191 150 205 154 218 161 231 170 241 181 249 193 252 207 249 218 242 227 232 233 219 237 206 241 192 243 177 244 163 154 149 161 144 170 143 179 144 187 147 201 148 209 145 218 144 227 146 234 151 194 156 194 165 194 174 194 183 185 192 189 194 194 196 199 194 203 193 164 158 170 155 176 155 181 159 176 160 169 160 207 160 213 156 219 156 224 159 219 162 213 161 177 216 183 212 189 209 194 211 198 209 204 212 210 217 204 223 198 225 193 226 189 225 183 222 180 216 189 214 194 215 198 214 207 216 198 218 193 219 189 218
144 177 147 191 150 205 154 219 161 231 170 241 181 248 194 251 207 249 218 241 227 231 233 219 237 206 240 192 243 177 244 163 154 149 161 144 170 143 179 144 187 147 201 148 209 145 218 144 227 146 234 151 194 156 194 165 194 174 194 183 185 192 189 194 194 195 199 194 203 192 164 158 170 155 176 155 181 159 175 160 169 160 207 160 212 156 219 156 224 159 219 161 212 161 177 216 183 212 189 209 194 211 198 209 204 212 210 216 204 222 198 225 193 226 189 225 183 222 180 216 189 214 194 214 198 214 207 216 198 218 193 218 189 218
144 177 147 191 150 205 154 218 160 230 170 241 181 248 194 251 207 248 218 241 227 231 233 218 237 205 240 191 243 177 244 162 154 149 161 144 170 142 179 144 187 147 200 148 209 145 218 144 226 146 233 150 194 156 194 165 194 174 194 183 185 192 189 194 194 195 198 194 203 192 164 158 169 155 176 155 181 159 175 160 169 160 207 159 212 156 218 156 224 159 218 161 212 161 177 216 183 212 189 209 194 211 198 209 204 212 210 216 204 222 198 225 193 225 189 224 183 222 180 216 189 214 194 215 198 214 207 216 198 218 193 218 189 217
144 177 146 191 149 205 153 218 160 230 169 240 180 247 193 250 206 248 217 241 227 231 233 219 237 206 240 192 243 177 244 163 154 148 161 144 169 142 178 144 187 147 201 147 209 145 218 144 226 146 233 150 194 156 194 165 194 174 194 183 184 192 189 194 194 195 198 194 203 192 164 158 169 154 175 154 181 159 175 160 169 160 207 159 212 155 218 156 223 159 218 161 212 161 177 215 183 212 189 210 193 212 197 210 204 213 210 216 204 221 198 223 193 223 189 223 183 220 180 216 189 215 193 216 197 215 207 216 197 216 193 217 189 216
144 176 146 190 149 204 153 217 160 230 169 240 180 247 193 250 206 248 217 240 227 230 233 218 237 205 240 191 243 177 244 162 154 149 160 144 169 142 178 144 186 147 200 148 209 145 218 144 226 146 233 150 194 156 194 165 194 174 194 183 184 192 188 194 193 195 198 194 202 193 164 158 169 154 175 154 181 159 175 160 169 160 206 159 212 155 218 156 224 159 218 161 212 161 176 215 183 213 189 211 193 212 197 211 203 213 210 216 204 220 197 222 193 222 189 222 183 220 179 215 189 215 193 216 197 216 207 216 197 216 193 216 189 215
144 176 146 190 149 204 153 217 160 230 169 240 180 247 193 250 206 248 217 240 227 230 233 218 237 205 240 191 242 177 244 163 154 149 160 144 169 142 178 143 187 147 200 148 209 145 218 144 227 146 233 151 194 156 194 165 194 174 194 183 184 192 188 194 193 196 198 195 202 193 164 158 169 154 175 154 181 159 175 160 169 160 206 159 212 155 218 156 223 159 218 161 212 161 175 215 182 213 189 211 193 213 197 211 203 213 210 216 203 220 197 222 193 222 188 221 182 219 178 215 189 215 193 216 197 216 207 216 197 216 193 216 189 215
144 176 146 190 149 204 153 217 159 230 169 240 180 247 193 250 206 248 217 241 226 231 233 219 237 205 240 191 242 177 243 162 153 149 160 144 169 142 178 143 186 147 200 148 208 145 217 144 226 146 233 151 193 156 193 165 193 174 193 183 184 192 188 194 193 195 198 194 202 193 163 158 169 154 175 154 180 159 175 160 169 160 206 159 212 155 218 156 223 159 218 161 212 160 175 215 182 213 188 211 193 212 197 211 203 213 210 216 203 220 197 222 193 222 188 221 182 219 178 215 188 215 193 216 197 215 207 216 197 216 193 216 188 215
144 176 146 190 149 204 153 217 160 230 169 240 180 248 193 251 206 248 217 241 227 231 233 218 237 205 240 191 242 177 243 162 154 148 160 143 169 142 178 143 186 147 200 147 208 144 217 143 226 145 233 150 193 156 193 165 193 173 193 183 184 192 188 194 193 195 198 194 202 192 163 157 169 154 175 154 180 159 174 160 168 160 206 159 212 155 218 155 223 159 218 161 212 160 175 215 181 212 188 210 193 212 197 210 203 213 210 215 204 221 197 223 192 223 188 223 181 220 178 215 188 215 193 216 197 215 207 216 197 216 193 217 188 216
144 177 146 191 149 205 153 218 160 230 169 241 180 248 193 251 206 249 217 241 226 231 233 218 237 205 240 191 242 176 243 162 153 148 160 143 169 142 178 143 186 147 200 147 208 144 217 143 226 145 233 150 193 155 193 164 193 173 193 182 183 191 188 193 193 194 198 193 202 192 163 157 169 154 175 154 180 158 174 159 168 159 206 159 212 155 218 155 223 158 218 160 212 160 175 215 181 212 188 209 193 211 197 209 204 212 210 215 204 221 197 224 193 225 188 224 181 221 178 215 188 214 193 214 197 214 207 215 197 217 193 218 188 217
144 177 146 191 149 205 154 218 160 230 169 241 180 248 193 251 206 249 217 241 227 231 233 218 237 205 240 191 242 177 243 163 153 148 160 143 169 142 178 143 186 146 199 147 208 144 217 143 226 145 233 151 193 155 193 164 193 173 193 182 184 191 188 193 193 194 198 193 202 192 163 157 169 154 175 154 180 158 174 159 168 159 206 159 212 155 218 155 223 159 218 161 212 160 175 215 182 211 188 208 193 210 197 208 204 211 210 215 204 222 198 225 193 225 188 224 181 221 179 215 188 213 193 213 197 213 207 215 197 218 193 218 188 217
144 177 146 191 149 205 154 219 160 231 170 241 181 248 194 251 207 248 218 241 227 231 233 218 237 205 240 191 242 177 243 163 153 148 160 143 168 142 178 143 186 146 199 147 208 144 217 143 226 145 233 150 193 155 193 164 193 173 193 182 184 191 188 193 193 194 198 193 202 191 163 157 169 154 175 154 180 158 174 159 168 159 206 159 212 155 218 155 223 158 218 160 212 160 176 215 182 211 188 208 193 210 197 208 204 211 210 215 204 221 197 224 193 224 188 223 182 221 179 215 188 212 193 213 197 213 207 215 197 217 193 218 188 217
144 177 146 191 149 205 154 218 160 230 169 240 180 247 193 250 206 247 218 240 227 230 233 218 237 205 240 191 242 177 244 163 153 148 160 143 168 142 177 143 186 146 199 147 208 144 217 143 226 145 232 150 193 155 193 164 193 173 193 182 183 191 187 193 192 194 197 193 202 191 163 157 168 154 174 154 180 158 174 159 168 159 206 159 211 155 217 155 223 158 217 160 211 160 176 215 182 211 188 208 192 210 196 209 203 211 209 215 203 220 197 222 192 223 188 222 182 220 180 215 188 213 192 213 196 213 206 215 196 216 192 216 188 216
144 177 146 191 149 205 154 218 160 230 170 240 181 247 193 249 206 247 217 240 227 230 233 218 237 205 240 191 242 177 243 162 153 149 159 144 168 142 177 143 185 146 199 146 207 144 216 143 225 145 232 150 192 155 193 164 193 173 193 183 183 191 187 193 192 194 197 193 202 191 163 157 168 154 174 154 179 158 174 159 168 159 205 158 211 155 217 155 222 158 217 160 211 160 177 215 182 211 188 208 192 210 196 208 203 211 209 215 203 220 197 222 192 223 188 222 182 220 180 215 188 213 192 213 196 213 206 215 196 215 192 216 188 215
143 177 146 191 149 205 153 217 159 230 169 239 180 246 192 249 205 247 216 240 226 230 232 218 237 205 240 192 242 177 243 163 152 149 159 144 168 142 177 143 185 146 199 147 207 144 216 143 225 145 232 150 192 156 192 164 192 173 192 183 183 191 187 193 192 194 197 193 201 192 163 157 168 154 174 154 179 158 173 159 168 159 205 159 211 155 217 155 222 158 217 160 211 160 176 215 181 211 187 208 192 210 196 208 202 211 208 216 202 220 196 222 192 223 187 222 181 220 180 215 187 213 192 213 196 213 205 215 196 215 192 216 187 215
143 177 145 190 148 204 153 217 159 229 168 239 179 246 192 249 205 246 216 240 226 230 232 218 236 205 240 191 242 177 243 162 152 149 158 144 167 142 176 143 185 146 198 147 206 144 216 143 225 145 232 150 192 155 192 164 192 173 191 183 182 192 186 193 191 195 196 194 201 192 162 157 168 154 173 154 179 158 173 159 167 159 205 159 210 155 216 155 222 158 216 160 210 160 175 215 181 211 187 208 191 210 195 208 202 211 208 215 202 220 196 221 191 222 186 221 181 219 178 215 187 213 191 213 195 213 205 215 195 215 191 215 187 215
143 178 145 192 148 205 152 218 158 230 167 239 178 246 191 248 205 247 216 240 226 231 232 219 236 205 239 191 242 177 243 163 152 149 158 144 167 142 176 143 184 146 198 147 206 144 215 143 224 145 231 150 191 155 191 164 191 173 191 183 182 192 186 193 191 194 196 193 201 192 162 158 167 154 173 154 179 158 173 159 167 160 204 159 210 155 216 155 222 158 216 160 210 160 174 215 180 211 186 208 191 210 195 208 201 211 208 215 201 219 195 221 191 221 186 221 180 219 178 215 186 212 191 213 195 213 205 215 195 214 191 214 186 214
143 177 145 191 148 204 152 217 158 229 167 239 178 246 191 248 205 246 216 240 226 230 232 218 236 205 239 191 241 177 243 162 151 149 158 144 166 142 176 143 184 146 198 146 206 144 215 143 224 145 231 150 191 155 191 164 191 173 191 183 182 192 186 193 191 195 196 193 201 192 161 158 167 155 173 154 178 158 172 159 166 160 204 159 210 155 216 155 221 158 216 160 210 160 174 215 180 211 186 208 190 210 195 208 201 211 208 215 201 219 195 221 190 221 185 220 180 219 177 214 186 213 190 213 195 213 204 215 194 214 190 214 186 214
142 177 145 191 148 205 152 218 158 230 167 240 178 247 191 249 205 247 216 240 226 230 232 218 236 205 239 191 241 176 242 162 151 149 157 144 166 142 175 143 184 146 197 147 205 144 214 143 223 145 230 150 191 155 191 164 191 173 191 182 181 191 186 193 191 194 196 193 200 191 161 158 166 154 172 154 178 158 172 159 166 160 204 159 209 155 215 155 221 158 215 160 209 160 173 215 180 211 186 209 190 210 195 208 201 211 208 215 201 219 195 222 191 222 186 222 180 220 176 215 186 213 191 214 195 213 205 215 195 215 190 216 186 215
142 178 145 192 148 205 152 218 158 230 168 241 179 248 192 251 205 248 216 241 226 231 232 218 236 205 239 190 241 176 242 162 151 149 157 144 166 142 175 143 183 146 197 147 205 144 214 143 223 145 230 149 190 155 190 164 190 173 190 182 181 191 185 193 190 194 195 193 200 191 161 158 166 154 172 154 178 158 172 159 166 159 204 158 209 155 215 155 220 158 215 160 209 160 173 215 179 211 186 208 190 210 195 208 201 211 208 215 202 221 195 224 190 225 185 224 179 222 177 215 186 213 190 213 195 213 205 215 195 217 190 218 186 217
142 178 145 192 148 206 152 219 158 231 167 242 178 249 191 252 205 249 216 241 225 231 231 218 236 205 238 191 240 176 241 162 150 149 157 144 165 142 175 143 183 146 196 147 204 144 214 143 223 145 230 150 190 155 190 164 190 173 190 182 181 191 185 193 190 194 195 193 200 191 160 157 166 154 172 154 177 158 171 159 165 159 203 158 209 155 215 155 220 158 215 160 209 159 172 215 178 211 185 208 190 209 195 208 202 211 208 214 202 222 195 225 190 226 185 226 178 222 175 215 185 212 190 213 195 212 205 215 195 219 190 220 185 219
142 178 144 192 148 206 152 219 159 231 168 242 179 249 192 252 205 249 216 241 225 231 231 218 236 205 238 190 240 176 241 161 150 149 156 144 165 142 174 143 182 146 196 147 204 144 214 143 222 145 230 149 190 155 190 164 190 173 190 182 181 191 185 193 190 194 195 193 199 191 160 158 166 154 172 154 177 158 171 159 165 159 203 158 208 155 214 155 220 158 215 160 208 159 172 215 178 211 185 208 190 209 195 208 202 211 208 215 202 222 195 226 190 227 185 226 178 223 175 215 185 212 190 213 195 213 205 215 195 219 190 219 185 219
142 178 144 192 147 205 152 219 158 231 167 242 178 250 191 252 205 249 216 241 225 231 232 218 236 204 238 190 240 175 241 161 150 150 156 145 165 142 174 143 183 147 195 147 204 144 213 143 222 145 229 150 189 156 189 164 190 173 190 182 180 191 185 193 190 194 195 193 199 191 161 159 166 157 171 157 177 159 171 160 166 160 202 159 208 157 213 157 219 159 213 161 208 160 172 215 178 211 185 208 190 210 194 208 201 211 208 214 202 222 195 226 190 227 184 226 178 223 175 215 185 213 190 213 195 213 205 215 195 219 190 220 185 219
142 177 144 191 147 205 152 218 158 231 167 242 178 250 191 252 205 249 216 241 225 230 231 218 236 204 238 190 240 175 240 161 150 151 156 145 165 143 174 144 183 147 195 147 203 144 213 143 221 145 228 150 189 156 190 165 190 173 190 182 180 192 185 193 190 194 195 193 199 192 161 161 166 159 172 159 178 161 172 162 166 163 201 160 207 159 213 159 219 160 213 162 207 162 172 215 178 211 185 208 190 210 194 208 201 211 208 215 201 222 195 226 190 227 184 226 178 223 175 215 185 213 190 214 194 213 204 215 194 219 190 219 185 219
141 177 144 191 147 206 152 219 158 232 167 243 178 250 191 253 204 250 216 242 225 231 231 218 236 204 239 190 240 175 241 160 150 151 156 145 165 143 174 144 182 147 195 147 203 144 213 143 222 145 229 150 189 156 189 165 189 174 189 183 180 192 184 194 189 195 195 193 199 192 160 160 166 159 171 158 177 160 171 161 166 162 202 160 207 159 213 159 219 160 213 162 207 161 171 215 177 211 184 209 189 210 194 208 201 211 208 215 202 223 195 226 190 227 184 227 177 223 174 216 184 213 189 213 194 213 205 215 194 219 189 220 184 220
142 178 144 192 147 206 152 219 158 232 167 243 177 251 190 254 204 251 215 244 224 233 231 220 235 206 238 191 240 176 241 161 149 150 156 145 164 143 173 144 181 147 195 147 203 144 213 143 221 145 229 150 189 156 189 164 189 173 189 182 180 192 184 193 189 194 194 193 198 192 160 159 165 158 171 157 176 159 171 160 165 161 202 159 207 158 213 158 219 159 213 161 207 161 171 216 177 211 184 208 189 210 193 208 201 211 207 215 201 224 194 228 189 229 183 228 177 225 174 216 184 213 189 214 194 213 204 216 194 220 189 221 184 221
141 178 144 193 147 207 152 220 158 233 167 244 177 252 190 255 203 252 214 245 224 234 230 221 235 207 238 192 240 177 241 162 149 150 155 145 164 143 173 144 181 147 195 148 203 145 212 143 221 145 228 150 188 156 189 165 189 173 189 183 180 192 184 194 189 195 194 193 198 192 160 159 165 156 170 156 176 159 170 160 165 160 202 159 207 157 213 157 218 159 213 161 207 160 171 217 177 212 184 209 189 210 193 209 201 211 207 216 201 225 194 229 189 230 183 229 176 225 174 217 184 214 189 214 194 214 204 216 194 221 189 222 184 221
141 178 144 193 147 207 152 220 157 233 166 244 177 252 190 255 203 252 215 244 224 234 230 220 235 206 238 191 240 176 240 162 149 150 155 145 164 143 173 144 181 147 195 147 203 144 212 143 221 145 228 150 188 156 188 165 188 174 188 183 179 192 184 194 189 195 194 194 198 192 159 159 164 156 170 156 176 159 170 160 164 160 202 159 207 156 213 156 218 159 213 160 207 160 171 217 176 212 184 209 189 210 193 209 201 211 207 216 201 225 194 229 189 229 183 229 176 225 174 216 184 214 189 214 193 214 204 216 193 221 189 222 184 221
141 179 143 193 147 207 151 220 158 233 167 244 177 251 190 254 203 251 215 244 224 233 230 220 235 206 238 191 240 176 240 161 149 150 155 145 164 143 173 144 181 147 195 147 203 144 212 143 221 145 228 150 188 156 188 165 188 174 188 183 179 192 184 194 189 195 194 194 198 192 159 159 164 156 170 155 176 159 170 160 164 160 201 159 207 156 213 156 219 159 213 161 207 160 171 216 177 212 184 209 189 210 193 209 200 212 207 216 201 224 194 228 189 229 184 228 177 224 174 216 184 214 189 214 193 214 204 216 193 221 189 222 184 221
141 179 143 193 147 206 151 219 157 232 166 243 177 250 190 253 203 250 215 243 224 232 230 219 235 206 238 191 240 176 241 162 149 150 155 145 164 143 172 144 181 147 195 147 203 144 212 143 221 145 228 150 188 157 188 165 188 174 188 183 179 192 183 194 188 195 193 194 198 192 159 159 164 156 170 156 176 160 170 160 164 161 202 160 207 156 213 156 219 159 213 161 207 161 171 216 177 212 183 209 188 211 193 209 200 212 207 216 201 223 194 227 189 227 183 226 177 223 174 216 184 214 189 215 193 214 204 216 193 220 189 220 184 220
141 179 143 192 146 206 151 219 157 231 166 241 177 248 190 251 204 249 215 241 224 231 231 218 235 205 238 191 240 176 240 162 148 151 155 146 163 144 172 145 181 148 194 148 202 145 212 144 221 146 228 150 188 156 188 165 188 174 188 184 179 193 183 194 188 195 193 194 198 192 159 159 164 156 170 156 175 159 169 160 164 161 201 159 207 156 213 156 218 159 213 161 207 161 171 216 177 212 183 209 188 211 193 209 199 212 206 215 200 221 193 224 189 225 183 224 177 221 174 215 183 214 188 214 193 214 203 215 193 217 188 218 183 217
141 178 143 192 146 205 151 218 157 230 166 240 177 247 190 250 204 248 215 241 225 231 231 218 235 205 238 191 240 176 241 162 149 151 155 146 163 144 172 145 181 148 194 148 203 145 212 144 221 146 228 151 188 157 188 165 188 174 188 184 179 192 183 194 188 196 193 194 198 193 159 159 164 156 170 156 175 160 169 161 164 161 201 160 207 156 213 156 218 159 213 161 207 161 171 215 177 212 183 209 188 211 192 209 199 212 206 215 199 220 193 222 188 223 183 222 177 220 174 215 183 214 188 214 192 214 203 215 193 216 188 216 184 216
141 179 143 192 146 206 150 218 156 230 166 240 176 247 189 250 203 248 215 241 224 231 231 219 235 205 237 191 240 177 240 162 149 151 155 146 163 144 172 145 181 148 194 149 202 145 211 144 220 146 228 151 188 157 188 166 188 175 188 184 179 193 183 195 188 196 193 195 198 193 159 159 164 156 170 156 176 160 170 161 164 161 201 160 207 156 213 156 218 159 213 161 207 161 171 215 177 212 183 209 188 211 192 209 199 212 206 215 199 220 193 222 188 222 183 222 177 220 174 215 183 214 188 215 192 214 203 215 192 216 188 216 183 215
141 179 143 193 146 206 150 219 157 230 166 240 177 247 190 250 203 248 215 241 224 231 231 219 235 205 238 191 240 177 240 163 149 151 155 146 163 144 172 145 181 148 194 149 202 145 212 144 221 146 228 151 188 157 188 166 188 175 188 184 179 193 183 195 188 196 193 195 197 193 159 159 164 156 170 156 175 160 169 161 164 161 201 160 207 156 213 156 218 159 213 162 207 161 171 216 177 212 183 209 188 211 192 210 198 212 205 216 199 220 193 222 188 223 183 222 177 220 174 215 183 214 188 215 192 214 202 215 192 216 188 216 183 216
141 179 143 192 146 206 151 219 157 231 166 241 177 249 190 251 203 249 215 241 224 232 230 220 235 206 238 192 240 177 241 162 149 150 155 146 164 144 172 145 180 148 195 149 202 146 211 144 220 146 228 150 188 157 188 166 188 175 188 185 179 193 183 195 188 196 193 195 198 193 159 160 164 157 170 157 175 160 170 161 164 162 201 160 207 157 213 157 218 160 213 162 207 162 171 216 177 212 183 210 188 211 192 210 199 213 206 216 199 221 193 223 188 224 183 223 177 221 175 216 183 215 188 215 192 215 202 216 192 216 188 217 183 216
141 179 144 193 147 207 152 220 158 233 167 243 178 250 191 253 204 250 215 243 224 232 231 220 235 206 238 192 239 177 240 162 149 150 156 146 164 144 172 146 180 149 194 149 202 146 211 145 220 146 227 150 188 157 188 167 188 176 188 185 179 193 183 195 188 197 193 195 198 193 159 161 164 159 169 158 175 161 169 162 164 162 201 161 207 159 212 159 218 160 212 162 207 162 172 217 177 213 183 210 188 211 193 210 199 213 206 217 200 223 193 226 188 227 183 226 178 223 176 217 183 214 188 215 193 214 203 217 193 219 188 220 184 219
141 179 144 193 147 207 152 220 158 232 167 243 178 251 191 254 204 251 215 243 225 232 231 219 235 205 238 191 240 176 240 161 150 152 156 147 165 145 173 146 181 150 193 150 201 146 211 145 220 147 227 152 188 158 188 167 188 176 188 185 179 194 183 196 188 197 194 196 198 194 160 163 166 162 171 162 176 163 171 164 166 165 200 163 205 162 211 162 217 162 211 165 206 164 172 217 178 213 184 210 188 212 193 210 200 213 207 216 200 224 194 227 189 228 184 227 178 224 175 217 184 214 189 215 193 214 203 217 193 220 189 221 184 220
141 180 143 193 147 207 152 220 159 233 168 244 178 251 191 254 204 251 215 243 225 232 231 219 235 205 238 191 240 176 240 162 150 152 156 147 164 145 173 146 181 150 193 150 202 146 211 145 220 147 227 152 188 159 188 168 188 176 188 185 179 194 184 196 189 197 194 196 198 194 160 163 165 162 171 161 177 163 171 165 165 165 200 163 205 161 211 161 217 162 212 165 205 165 171 217 177 213 184 210 189 212 193 210 200 213 207 216 200 224 194 228 189 229 183 228 177 225 174 217 184 215 189 215 193 215 204 217 193 221 189 222 184 221
141 178 143 193 147 207 152 221 158 234 167 245 178 252 191 255 204 252 215 244 225 233 231 219 236 205 238 191 240 176 241 161 150 151 156 147 164 145 173 146 181 150 194 150 202 147 211 146 220 147 227 151 188 158 188 167 188 176 188 185 179 194 183 196 188 197 193 196 198 194 161 163 166 162 171 162 176 162 171 164 166 165 200 162 205 162 211 162 217 162 211 165 205 164 171 217 177 213 183 211 188 212 193 211 200 213 207 217 201 225 194 229 189 229 183 229 177 226 174 218 183 215 188 216 193 215 204 217 193 222 188 223 183 222
141 179 143 193 147 207 152 221 158 234 167 245 178 253 191 255 204 252 215 244 224 233 231 220 235 206 238 191 240 176 240 161 149 151 156 147 164 145 173 146 181 150 194 150 202 146 211 145 220 147 227 152 188 158 188 167 188 176 188 185 179 194 183 196 188 197 193 196 198 194 160 162 165 161 170 161 176 162 170 163 165 164 200 162 206 161 211 161 217 162 211 163 206 163 171 217 177 213 183 211 188 212 193 211 200 213 207 216 201 226 194 230 189 230 183 230 177 226 174 218 184 215 188 216 193 215 204 217 193 222 189 223 184 223
140 180 143 194 147 207 151 220 157 233 166 244 177 252 190 255 203 252 215 244 224 233 230 220 235 206 238 191 239 176 240 162 149 151 155 147 164 145 172 146 180 149 194 150 202 146 211 145 219 147 227 150 188 158 188 167 188 176 188 186 179 194 183 196 188 197 193 196 198 194 159 161 164 160 170 159 175 161 170 163 164 163 201 162 206 160 212 160 218 161 212 163 206 163 170 217 176 213 183 211 188 212 193 211 200 213 207 216 201 225 194 229 188 230 183 229 176 226 174 217 183 215 188 215 193 215 204 217 193 222 188 223 183 223
140 180 143 194 146 208 152 220 158 233 167 244 177 252 190 254 203 252 214 244 224 234 230 221 235 207 237 192 239 177 240 162 149 151 155 147 163 145 172 146 180 149 194 150 202 146 211 145 219 147 227 151 188 158 188 167 188 176 188 186 179 194 183 196 188 197 193 196 198 194 159 161 164 159 170 159 175 161 170 162 164 163 201 161 206 159 212 159 218 161 212 163 206 163 170 217 176 213 183 211 188 212 193 211 200 213 207 216 200 225 193 228 188 229 183 228 176 225 173 217 183 215 188 215 193 215 204 216 193 221 188 222 183 221
140 179 143 193 146 207 151 220 157 232 166 243 177 251 190 254 203 251 215 243 224 233 230 220 235 206 238 191 239 177 240 162 148 151 155 147 163 145 172 146 180 149 194 149 202 146 211 145 219 147 227 151 187 158 187 167 187 176 187 185 178 194 183 196 188 197 193 196 197 194 159 161 164 159 169 158 175 161 169 162 164 163 201 161 206 159 212 159 218 160 212 163 206 163 170 216 176 213 183 211 188 212 192 211 200 213 207 216 200 223 193 226 188 227 183 226 176 224 173 217 183 215 188 216 193 215 204 216 193 219 188 220 183 220
140 179 143 192 146 206 151 219 157 232 166 243 177 251 190 253 203 250 214 242 224 232 230 219 235 205 237 191 239 176 240 161 148 151 154 147 163 145 171 146 179 149 193 150 201 146 211 145 219 147 227 151 187 157 187 167 187 176 187 186 178 194 183 196 188 197 193 196 197 194 158 161 163 158 169 158 175 161 169 162 163 163 200 161 206 158 212 158 217 160 212 163 206 162 170 216 176 213 182 211 187 212 192 211 200 213 207 215 200 223 193 226 188 227 182 226 176 223 173 216 183 215 188 216 192 215 203 216 192 219 188 220 182 219
140 179 142 193 145 207 150 220 156 232 165 243 176 251 189 254 203 251 214 243 224 232 230 219 235 206 237 191 239 176 240 162 148 151 154 147 163 145 171 146 179 149 193 150 201 146 210 145 219 147 227 151 187 157 187 167 187 176 187 185 178 194 182 196 187 197 192 195 197 194 158 160 163 158 169 158 174 161 169 162 163 162 200 161 206 158 212 158 217 160 212 162 206 162 169 216 175 213 182 211 187 212 192 211 199 213 207 216 200 223 193 226 187 227 182 227 175 224 172 216 182 216 187 216 192 215 203 216 192 219 187 220 182 220
140 179 142 193 145 207 150 220 156 233 165 244 176 252 189 255 202 252 213 245 223 234 230 221 234 207 237 192 239 177 240 162 148 151 154 147 162 145 171 146 179 149 193 149 201 146 210 145 219 147 226 151 187 157 187 166 187 176 187 185 178 194 182 196 187 197 192 195 197 194 158 160 163 158 169 158 174 161 169 162 163 163 200 161 205 158 211 158 217 160 211 162 206 162 169 216 175 213 182 211 187 212 192 211 199 213 207 216 200 224 193 227 187 228 182 227 175 224 172 217 182 215 187 216 192 215 203 216 192 220 187 221 182 221
140 179 142 193 146 207 151 220 157 233 165 245 176 253 189 255 202 253 213 245 223 234 229 221 234 207 237 192 239 177 240 162 148 151 154 146 162 145 171 146 179 149 193 149 201 146 210 145 219 146 227 150 187 158 187 167 187 176 187 185 178 194 182 196 187 197 192 196 197 194 158 161 163 158 169 158 174 161 169 162 163 163 200 161 205 158 211 158 217 160 212 163 206 162 169 217 175 213 182 211 187 212 192 211 199 213 206 216 200 225 193 229 187 230 182 229 175 226 172 217 182 215 187 216 192 215 203 216 192 221 187 223 182 222
140 179 142 193 146 207 150 220 156 233 165 245 176 253 189 256 202 253 214 245 223 234 230 221 234 207 237 192 239 177 240 162 148 151 154 147 163 145 171 146 179 149 193 150 201 146 210 145 219 147 226 150 186 157 187 167 187 176 187 185 178 194 182 196 187 197 192 196 197 194 158 161 163 158 169 158 174 161 169 162 163 163 200 161 206 158 211 158 217 160 212 163 206 163 169 218 175 213 182 211 187 212 192 211 199 213 206 216 200 225 193 229 187 230 182 229 175 226 172 218 182 215 187 216 192 215 203 217 192 222 187 223 182 223
140 179 142 193 146 207 151 221 157 234 166 245 176 253 189 256 202 253 214 245 223 234 230 221 234 207 237 192 239 176 240 161 148 150 155 146 163 145 171 146 179 149 193 150 201 147 210 145 218 147 226 150 186 158 186 167 186 176 187 185 178 194 182 196 187 197 192 196 197 194 158 161 163 158 169 158 174 161 168 162 163 163 200 161 205 158 211 158 217 160 211 163 206 163 170 218 175 213 182 211 187 212 192 211 199 213 206 217 200 226 192 230 187 231 182 230 175 227 173 218 182 215 187 216 192 215 202 217 192 223 187 224 182 223
140 179 142 193 146 207 150 220 156 233 165 244 177 252 190 254 203 252 214 244 224 233 230 220 234 206 237 191 239 176 239 162 148 150 155 146 163 145 171 146 179 149 193 149 201 146 210 145 219 146 226 150 186 158 187 167 187 176 187 186 178 194 182 196 187 197 192 196 197 194 158 160 163 158 169 158 174 161 169 162 163 163 200 161 205 158 211 158 217 160 211 163 205 163 171 219 176 214 183 211 187 213 191 211 198 214 205 218 199 225 192 228 187 229 183 228 176 225 174 218 183 216 187 216 191 216 201 218 192 221 187 221 183 221
140 179 142 193 145 207 150 220 156 232 165 243 176 250 189 253 202 251 214 243 223 233 229 221 234 207 237 192 238 177 239 163 148 151 154 147 162 145 171 146 179 149 193 149 201 146 210 145 218 147 226 150 186 157 186 167 187 176 187 186 177 194 182 196 187 197 192 196 197 194 158 161 163 158 168 158 174 161 168 162 163 163 200 161 205 158 211 158 217 160 211 163 206 162 171 219 176 215 182 212 187 214 191 212 197 215 204 218 198 223 192 225 187 225 183 225 177 223 174 218 182 217 187 217 191 217 201 218 191 218 187 219 183 218
140 178 142 192 145 206 150 219 156 231 165 241 177 249 190 252 203 249 214 242 224 232 230 219 234 206 237 191 239 177 240 162 148 150 154 146 163 145 171 146 179 149 193 150 200 146 210 145 219 146 227 149 186 158 186 167 186 176 186 186 178 194 182 196 187 197 192 196 196 194 158 161 163 158 169 158 174 161 168 163 163 163 200 161 205 158 211 158 217 160 211 163 206 162 171 218 177 215 182 212 186 213 190 212 197 214 204 218 198 223 192 225 187 225 183 225 177 223 175 218 182 217 187 217 191 217 201 217 191 218 187 219 183 218
140 179 142 192 145 206 150 219 156 231 165 241 177 249 190 251 203 249 214 242 224 232 230 219 234 206 237 191 239 176 240 162 148 150 154 146 163 145 171 146 179 149 193 149 200 146 210 145 219 146 227 150 186 158 186 167 186 176 186 185 178 194 182 196 187 197 192 196 196 194 158 161 163 158 169 158 174 161 168 162 163 163 200 161 205 158 211 158 217 160 211 163 205 162 172 218 177 214 182 211 187 213 191 211 197 214 204 217 198 222 192 224 187 225 183 224 177 222 175 218 182 216 187 217 191 216 201 217 191 217 187 218 183 217
140 179 142 192 145 206 150 219 156 231 165 241 176 249 189 251 203 249 214 241 224 232 230 219 234 206 237 191 239 176 239 162 148 150 154 146 163 145 171 146 179 149 193 149 201 146 210 145 218 146 226 149 186 157 186 167 186 176 187 185 177 194 182 196 187 197 192 195 196 194 158 160 163 158 169 158 174 161 169 162 163 163 200 161 205 158 211 158 217 160 211 163 206 162 171 218 177 214 182 211 187 212 191 211 198 214 205 217 198 222 192 223 187 224 183 223 177 221 174 217 182 216 187 217 191 216 201 217 191 217 187 217 183 217
140 178 142 192 145 206 150 218 155 230 165 240 176 248 189 250 202 248 214 241 223 231 230 219 234 206 237 191 239 177 240 162 148 150 154 146 162 145 171 146 179 149 193 149 201 146 210 145 219 146 226 150 186 157 186 167 186 176 186 185 177 194 182 196 187 197 192 195 196 193 158 160 163 158 169 158 174 161 168 162 163 163 200 161 205 158 211 158 217 160 211 163 205 162 171 217 176 213 182 211 187 212 191 211 197 213 204 216 198 221 192 222 187 223 183 222 177 221 174 217 182 216 187 216 191 216 201 216 191 216 187 217 183 216
140 179 142 192 145 206 150 218 156 230 165 241 176 248 189 250 203 248 215 241 224 231 230 219 234 205 237 191 239 177 240 162 148 150 154 146 162 145 171 146 179 149 193 149 200 146 210 145 218 146 226 149 186 157 186 166 186 176 186 185 178 194 182 196 187 196 192 195 196 194 158 160 163 158 169 158 174 161 169 162 163 163 200 161 205 158 211 158 217 160 211 163 205 162 171 217 177 213 182 211 187 212 191 211 197 213 205 216 198 220 192 222 187 222 183 222 177 220 174 217 182 215 187 216 191 216 202 216 191 216 187 216 183 216
140 180 142 193 145 207 150 219 156 231 165 240 176 248 189 250 203 248 214 241 223 232 230 219 234 206 237 192 238 177 239 162 148 150 154 146 162 145 171 146 179 149 193 150 200 146 209 145 218 146 226 149 186 157 186 166 187 176 187 185 178 194 182 196 187 196 192 195 196 193 158 161 163 158 169 158 174 161 169 162 163 163 200 161 205 158 211 158 217 160 211 162 206 162 171 217 177 213 183 211 187 212 191 211 198 213 205 216 198 220 192 222 188 222 183 222 177 220 174 217 183 215 187 216 191 215 202 216 191 216 187 216 183 216
140 180 142 193 145 207 150 219 156 231 165 240 177 248 190 250 203 248 215 241 224 231 230 219 234 206 237 191 238 177 239 163 148 150 154 146 162 145 171 146 179 149 193 150 201 146 210 145 218 146 226 149 186 157 186 166 186 176 186 185 178 194 182 196 187 197 192 195 196 194 158 161 163 158 168 158 174 161 168 162 163 163 200 161 205 158 211 158 217 160 211 163 206 162 171 217 177 213 182 211 187 212 191 211 198 213 205 216 198 220 192 222 187 222 183 221 177 220 174 217 182 215 187 216 191 216 202 216 191 216 187 216 183 216
140 179 142 193 145 206 150 219 156 231 165 241 177 248 190 250 203 247 215 240 224 231 231 219 234 206 237 191 239 177 240 163 148 150 154 146 162 145 171 146 179 149 193 150 201 146 210 145 218 146 226 150 186 157 186 167 187 176 187 185 178 194 182 196 187 196 192 195 197 194 158 160 163 158 168 158 174 161 168 162 162 163 200 161 205 158 211 158 216 160 211 162 205 162 171 217 177 214 182 211 187 212 191 211 198 213 205 216 198 220 192 221 188 222 183 221 177 220 174 217 182 215 187 216 191 215 202 216 191 215 187 216 183 216
140 180 142 193 145 207 150 219 156 231 166 241 177 248 190 250 204 248 215 240 225 231 231 218 234 205 237 191 238 177 239 163 148 151 154 147 162 145 171 146 179 149 193 149 201 146 210 145 218 147 226 150 186 157 186 166 186 176 187 185 178 194 182 196 187 197 192 195 197 194 158 161 163 158 168 158 174 161 168 162 163 163 200 161 205 158 211 158 217 160 211 163 205 162 171 218 177 214 183 211 187 212 192 211 198 213 205 217 199 220 192 222 188 222 183 222 177 221 174 217 183 216 187 216 192 215 202 216 192 216 188 216 183 216
140 179 142 193 145 206 150 219 156 231 165 240 177 248 190 250 203 248 215 240 224 231 231 219 235 206 237 191 239 177 240 163 147 151 154 146 162 145 171 146 179 149 192 149 200 146 210 145 218 146 226 150 186 157 186 167 186 176 186 185 178 194 182 196 187 197 192 196 196 194 158 161 163 158 168 158 174 161 168 162 163 163 200 161 205 158 211 158 217 160 211 163 205 162 171 217 177 214 182 211 187 212 191 211 198 213 205 216 198 220 192 222 188 222 183 222 177 221 174 217 183 215 187 216 192 215 202 216 192 216 187 216 183 216
140 179 142 193 145 207 150 219 156 231 165 241 177 248 190 250 203 248 215 240 224 231 230 219 234 205 237 191 239 177 240 163 148 151 154 147 162 145 171 146 179 149 193 149 201 146 210 145 218 146 226 150 186 157 186 167 186 176 186 185 178 194 182 196 187 197 192 195 197 194 158 160 163 158 169 158 174 161 168 162 163 163 200 161 205 158 211 158 217 160 211 163 205 162 171 217 177 213 183 211 187 212 191 211 198 213 205 217 198 220 192 222 188 222 183 222 177 221 174 217 183 215 187 216 192 215 202 216 192 216 187 217 183 216
140 180 142 193 146 207 150 219 156 231 166 241 177 248 191 250 204 247 215 240 225 231 231 218 235 205 237 191 239 177 240 163 148 151 154 147 162 145 171 146 179 149 193 150 201 146 210 145 218 147 226 150 186 157 187 166 187 176 187 185 178 194 182 196 187 197 192 196 197 194 158 161 163 158 168 158 174 161 168 162 163 163 200 161 205 158 211 158 217 160 211 162 205 162 171 218 177 214 183 211 187 212 192 211 198 213 205 217 198 220 192 222 188 222 183 222 178 221 174 217 183 215 187 216 192 215 202 216 192 216 188 216 183 216
140 179 143 193 146 206 150 219 156 231 166 241 177 248 191 250 204 248 216 240 225 231 231 218 235 205 237 191 239 177 240 162 148 150 155 146 163 145 171 146 179 149 193 149 201 146 210 145 219 146 227 150 187 158 187 167 187 176 187 185 178 194 183 196 187 197 192 196 197 194 158 161 163 158 169 158 174 161 169 162 163 163 200 161 205 158 211 158 217 160 212 163 206 162 172 218 177 213 183 211 188 212 192 211 198 213 206 217 199 221 193 222 188 223 183 222 178 221 175 217 183 215 188 216 192 215 202 216 192 216 188 217 183 216
140 179 143 193 146 207 150 219 156 231 166 241 178 248 191 250 204 248 216 240 225 231 231 218 235 205 237 191 239 177 239 163 148 150 155 146 163 145 171 146 179 149 194 150 201 146 210 145 219 146 227 150 187 158 187 167 187 176 187 185 178 194 183 196 188 197 192 196 197 194 158 161 163 158 169 158 174 161 169 163 163 163 200 161 205 158 211 158 217 160 212 163 206 162 172 218 177 214 183 211 188 212 192 211 198 213 205 217 199 221 193 222 188 223 183 222 178 221 174 217 183 215 188 216 192 215 202 216 192 216 188 217 183 216
140 180 143 193 146 207 151 219 157 231 166 241 178 248 191 251 204 248 215 241 225 231 231 219 235 206 237 191 239 177 240 163 148 150 155 146 163 145 171 146 179 149 193 150 201 146 210 145 219 146 227 150 187 157 187 167 187 176 187 185 179 194 183 196 188 197 192 195 197 194 158 161 163 158 169 158 174 161 169 162 163 163 200 161 206 158 212 158 217 160 212 163 206 162 172 217 178 214 183 211 188 212 192 211 198 213 206 217 199 221 193 222 188 223 183 222 178 221 175 217 183 215 188 216 192 215 202 216 192 216 188 217 183 216
