116 171 120 184 123 198 128 210 136 222 146 231 158 237 170 238 183 235 192 227 199 217 204 205 207 192 209 179 211 165 212 152 128 144 135 139 144 137 152 138 160 141 174 141 181 138 189 137 197 138 203 142 169 148 169 157 170 166 171 175 161 184 165 185 170 186 175 185 178 183 138 152 144 149 149 148 155 152 149 153 144 154 179 152 184 148 190 147 195 150 191 153 185 153 152 205 159 202 166 200 170 201 174 200 180 201 186 204 180 208 175 210 171 210 166 210 160 209 155 205 166 204 170 204 174 203 183 204 174 204 170 205 166 205
116 171 120 185 124 198 129 210 136 222 146 230 158 236 171 238 183 234 192 227 199 216 204 204 207 191 209 178 211 164 212 151 128 143 135 139 143 137 152 137 160 141 174 141 181 138 189 136 197 137 203 142 168 148 169 157 170 165 171 174 161 183 165 185 170 186 175 184 178 183 138 152 143 149 149 148 155 152 149 153 143 154 179 151 184 148 190 147 195 150 191 152 185 153 152 205 160 202 166 200 170 201 174 200 180 201 186 203 180 207 175 209 171 210 166 209 160 209 155 205 166 204 170 204 174 203 183 204 174 204 171 204 166 204
116 171 119 185 123 198 128 210 136 221 145 230 157 236 170 237 182 235 192 227 199 217 204 204 207 192 209 178 211 165 212 152 128 144 135 139 143 137 152 137 160 140 173 141 181 138 189 136 197 138 203 142 168 148 169 157 170 165 171 174 160 183 165 185 170 185 174 184 178 183 138 152 143 148 149 148 155 152 149 153 143 154 179 151 184 147 190 147 195 150 190 152 185 152 152 205 159 202 166 200 170 201 174 199 180 201 186 203 180 207 175 209 170 210 166 209 160 209 155 205 166 204 170 204 174 203 183 203 174 204 170 205 166 204
116 171 119 185 123 198 129 211 136 222 146 230 157 236 170 237 182 234 191 227 199 217 203 205 207 192 209 179 211 166 212 152 128 144 135 139 143 137 152 138 160 141 173 141 181 138 189 136 197 137 203 142 168 149 169 157 170 165 171 174 160 183 165 184 170 185 174 184 178 182 138 152 143 148 149 148 154 152 149 153 143 154 179 151 184 147 190 147 195 150 190 152 185 152 152 205 159 202 166 200 170 201 174 199 179 201 185 203 179 207 174 209 170 209 166 209 160 208 155 205 166 204 170 204 174 203 182 203 174 204 170 205 166 204
116 171 119 185 123 198 129 210 136 221 146 230 158 235 170 237 182 234 192 227 199 216 204 204 207 191 209 178 211 165 212 152 128 144 135 139 143 136 152 137 160 140 173 141 180 138 189 136 197 137 203 143 168 148 169 157 170 165 170 174 160 183 165 185 170 185 174 184 178 182 138 151 143 148 149 148 154 152 149 153 143 153 179 151 184 147 190 147 195 150 190 152 184 152 152 204 159 202 165 200 170 201 174 199 179 201 186 203 180 208 175 210 170 210 166 210 159 209 154 204 166 203 170 204 174 203 183 203 174 205 170 206 166 206
116 171 119 185 123 198 128 210 136 222 146 231 158 236 170 237 182 234 192 227 199 217 203 204 207 192 209 179 211 165 212 152 128 144 134 139 143 136 152 137 160 140 173 140 180 137 189 136 197 137 203 142 168 149 169 157 170 165 170 174 160 183 165 184 170 185 174 184 178 182 138 151 143 148 149 148 154 152 149 153 143 153 179 151 184 147 190 147 195 150 190 152 184 152 152 204 159 202 166 200 170 201 173 199 179 201 185 203 180 207 174 210 171 210 166 210 160 209 154 204 166 203 170 203 174 203 183 203 174 205 170 206 166 206
116 171 119 184 123 197 128 210 136 221 146 230 157 236 170 238 182 235 191 227 199 217 203 205 207 192 209 179 211 165 212 152 128 143 135 138 143 136 152 137 160 140 173 140 180 137 189 136 197 137 203 142 168 149 169 157 169 165 170 174 160 183 165 184 170 185 174 184 178 182 138 151 143 148 149 148 154 152 149 153 143 154 179 151 184 147 190 147 195 150 190 152 184 152 152 205 159 202 165 199 169 200 173 199 179 201 185 203 180 208 174 210 170 211 166 210 159 209 154 205 165 203 170 204 173 203 182 203 174 206 170 207 166 206
116 170 119 184 123 197 128 210 135 221 145 231 157 236 170 238 182 235 192 227 199 216 204 204 207 191 209 178 211 165 211 151 128 143 134 138 143 136 152 137 160 140 173 140 180 137 189 135 197 136 203 141 168 149 169 157 170 165 170 173 160 183 165 184 170 185 174 184 178 182 138 151 143 148 149 148 154 152 149 153 143 153 179 151 184 147 189 147 194 150 190 152 184 152 152 205 159 202 165 199 170 200 173 199 179 201 185 203 179 208 174 210 170 211 166 210 159 209 155 205 165 203 170 203 174 203 182 204 174 205 170 206 166 206
116 171 119 184 123 198 128 210 135 222 145 231 157 236 170 238 182 235 191 227 199 216 204 204 207 192 209 178 211 165 211 152 128 142 135 138 143 136 152 137 160 140 173 140 180 137 188 136 196 136 203 141 168 148 168 157 169 165 170 173 160 183 164 184 169 185 174 184 178 182 138 151 143 148 148 148 154 152 148 153 143 153 179 151 184 147 190 147 195 150 190 152 184 152 152 205 159 202 165 199 169 200 173 199 179 201 185 204 179 208 174 210 170 211 166 211 159 210 155 205 165 203 170 204 173 203 182 204 174 205 170 206 166 206
116 171 119 185 123 198 128 210 136 222 145 231 157 237 170 238 182 235 191 227 199 216 203 204 206 191 209 178 211 165 211 152 127 142 134 138 143 136 152 137 160 140 173 140 180 137 188 135 196 136 203 140 167 148 168 157 169 165 170 174 160 183 164 184 169 185 174 184 178 182 138 151 143 148 148 148 154 152 148 153 143 153 179 151 184 147 189 147 194 150 190 152 184 152 153 206 159 202 165 199 169 201 173 199 178 201 184 204 179 209 174 211 170 212 165 212 159 210 156 205 165 203 169 204 173 203 181 204 173 206 170 207 165 206
116 170 119 184 123 197 128 209 136 221 146 230 157 236 170 238 182 234 191 226 199 216 203 204 207 191 209 178 211 165 211 151 128 142 135 138 143 136 152 137 160 140 173 140 180 137 188 136 196 137 202 142 167 148 168 157 169 165 170 174 160 183 164 184 169 185 174 184 178 182 138 151 143 148 149 148 154 152 148 153 143 153 179 151 183 147 189 147 194 150 190 152 184 152 153 206 159 202 165 200 169 201 173 199 178 202 184 204 179 210 174 212 170 212 166 212 160 211 156 206 165 203 169 204 173 203 181 205 173 206 170 207 166 207
116 170 119 184 123 197 128 209 135 221 145 230 157 236 170 238 182 235 191 227 199 216 203 204 206 191 209 178 211 165 211 151 128 142 134 138 143 136 151 137 159 140 172 140 180 137 188 136 196 137 202 141 167 148 168 157 169 165 169 174 160 183 164 185 169 186 173 185 177 183 138 151 143 148 148 148 154 152 148 153 143 153 178 151 183 147 189 147 194 150 189 152 184 152 153 206 160 203 165 201 169 202 173 200 178 203 184 205 179 210 174 212 170 213 166 212 160 211 156 206 166 205 170 205 173 205 181 205 173 206 170 207 166 207
116 170 119 184 123 197 128 210 136 221 146 230 157 236 170 238 182 234 192 226 199 216 203 203 206 191 208 178 210 165 211 151 127 143 133 138 142 136 151 137 159 140 172 141 180 137 188 136 196 137 202 142 167 148 168 157 169 166 169 174 160 184 164 185 169 186 173 185 177 183 137 151 142 148 148 148 153 152 148 153 142 154 178 151 183 147 189 147 194 150 189 152 184 152 152 206 159 204 165 202 169 203 173 202 178 203 184 205 178 209 173 211 170 211 166 211 160 210 155 206 165 206 169 206 173 205 181 205 173 206 169 207 166 207
115 169 118 182 122 196 128 209 135 220 145 230 157 236 170 237 182 234 191 226 199 216 203 204 206 191 208 178 210 165 211 151 128 142 134 137 142 136 151 137 159 140 173 140 180 137 188 135 196 136 202 140 167 148 168 157 169 166 169 175 160 184 164 185 169 186 173 185 177 183 137 151 142 148 148 148 153 152 148 153 142 154 178 151 183 147 189 147 194 150 189 152 184 152 153 206 159 205 165 203 169 204 172 202 178 204 184 205 178 209 174 211 170 211 166 211 160 210 155 206 165 206 169 207 173 206 181 205 173 207 170 207 166 207
115 169 118 182 122 196 128 209 135 220 145 230 157 236 170 237 182 235 192 227 199 216 203 204 206 191 208 178 210 164 211 151 127 142 134 137 142 136 151 137 159 140 172 140 180 137 188 135 196 136 203 141 167 148 168 157 169 165 169 174 160 184 164 185 169 186 173 185 177 183 137 151 142 148 148 148 153 152 148 153 142 153 178 151 183 147 189 147 194 150 189 152 184 152 152 207 159 204 165 202 169 204 172 202 178 203 185 205 179 209 174 211 170 212 166 211 160 210 155 207 165 206 169 206 173 206 182 205 173 207 170 208 166 207
116 170 119 184 123 197 128 210 135 221 145 231 157 236 170 238 182 235 192 227 199 216 203 204 206 191 209 178 211 165 211 151 127 142 134 138 142 136 151 137 159 140 172 140 179 137 188 136 196 137 202 141 167 148 168 157 169 165 169 174 160 184 164 185 169 186 173 185 177 183 137 151 142 148 148 148 153 151 148 153 142 153 178 151 183 147 189 147 194 149 189 152 183 152 152 206 159 204 164 202 169 203 172 201 178 203 184 205 179 209 173 210 170 211 165 211 159 210 154 206 165 205 169 206 173 205 182 205 173 206 169 206 165 206
116 170 119 183 123 197 128 209 136 221 146 231 157 237 169 239 182 235 191 227 199 216 204 204 207 191 209 178 211 164 211 151 127 143 134 138 142 136 151 137 159 140 172 140 180 137 188 136 196 137 202 141 167 148 168 157 168 165 169 174 160 183 164 185 169 185 173 184 177 182 137 151 142 148 148 148 154 152 148 153 142 153 178 151 183 147 189 147 194 150 189 152 183 152 152 206 159 203 165 200 169 201 173 200 178 202 184 205 179 210 174 212 170 213 165 212 159 211 155 206 165 205 169 205 173 204 181 205 173 206 169 207 165 207
116 170 119 184 123 197 129 209 136 221 146 230 158 237 170 239 182 235 192 227 199 216 204 203 207 191 209 177 211 164 211 151 127 143 134 138 142 136 151 137 159 140 172 140 179 137 188 136 196 136 202 141 167 148 168 157 168 165 169 174 160 183 164 184 169 185 173 184 177 182 137 151 142 148 148 148 154 152 148 153 142 153 178 151 183 147 189 147 194 150 189 152 183 152 153 206 159 202 165 199 169 201 173 199 179 201 184 205 179 210 174 213 170 214 165 213 159 211 156 206 165 203 169 204 173 203 181 205 173 207 169 208 165 207
116 170 119 184 123 197 129 210 136 221 146 230 158 236 170 238 182 235 192 227 199 216 203 204 207 191 209 178 211 165 212 152 127 143 134 138 142 136 151 137 159 140 172 140 179 137 188 136 196 137 202 141 167 148 168 157 168 165 169 174 160 183 164 185 169 186 173 184 177 182 138 151 142 148 148 148 154 152 148 153 142 153 178 151 183 147 189 147 194 150 189 152 183 152 154 206 159 203 165 200 169 201 172 199 178 202 183 205 178 211 173 213 170 214 165 213 160 212 157 206 165 204 169 204 173 204 180 205 173 206 169 207 165 207
116 170 119 184 123 197 129 210 136 221 146 230 157 236 170 237 182 234 191 227 199 216 203 204 207 192 209 178 211 165 212 152 128 143 134 138 142 136 151 137 159 140 172 140 179 137 188 136 196 137 203 141 167 148 168 157 168 166 169 175 159 183 164 185 169 186 173 185 177 183 138 151 143 148 148 148 154 151 148 153 143 153 178 151 183 147 189 147 194 150 189 152 183 152 154 207 159 203 165 201 169 202 172 200 177 203 183 205 178 210 173 212 169 212 165 212 160 210 157 206 165 205 169 205 172 205 180 205 172 205 169 206 165 205
116 171 119 184 124 198 129 210 136 221 146 230 157 236 169 238 182 235 191 227 198 216 203 204 207 192 209 179 211 165 212 152 127 143 134 138 142 136 151 137 159 140 172 141 179 138 188 136 196 137 202 142 167 148 168 157 168 166 169 175 159 184 164 185 168 186 173 185 176 183 138 151 142 148 148 148 154 151 148 153 142 153 178 151 183 147 189 147 194 150 189 152 183 152 154 207 159 204 164 201 168 202 171 201 176 203 182 206 177 211 172 212 169 213 165 213 160 211 157 207 164 205 168 206 172 205 179 206 172 206 168 206 165 206
116 170 119 184 123 197 129 209 136 221 145 230 156 236 169 238 181 235 191 227 198 216 203 204 207 191 209 178 211 165 212 152 127 143 134 138 142 136 151 137 159 140 172 140 179 137 188 136 196 137 203 141 167 148 167 157 168 165 169 174 159 183 163 185 168 186 173 185 176 183 137 151 142 148 148 148 154 151 148 153 142 153 178 151 183 147 189 147 194 150 189 152 183 152 154 207 159 203 164 200 168 202 171 200 176 203 182 206 177 211 173 213 169 213 165 213 160 211 157 207 164 205 168 205 172 205 179 206 172 206 169 206 165 206
116 170 119 184 123 198 129 210 136 222 146 232 157 238 169 240 181 237 190 229 198 219 203 206 206 193 209 180 211 166 212 152 127 143 134 138 142 136 151 137 159 140 172 140 180 137 188 136 196 137 203 141 167 148 167 157 168 165 169 174 160 183 164 185 168 185 173 184 176 183 137 151 142 148 148 148 154 152 148 153 142 153 178 151 183 147 189 147 194 150 189 152 183 152 155 207 159 202 164 199 168 201 172 199 177 202 182 206 178 213 173 215 169 216 165 215 160 213 158 207 165 204 169 204 172 204 179 206 172 208 169 208 165 208
116 171 119 184 123 198 129 210 136 222 146 232 157 238 169 240 181 237 190 229 198 218 203 206 206 193 209 180 211 166 212 152 127 142 134 138 142 136 151 137 159 140 172 140 179 137 188 136 195 137 202 141 167 149 167 157 168 166 169 175 159 183 164 185 168 186 173 184 176 183 138 152 142 149 148 148 154 152 148 153 143 154 178 151 183 147 189 147 194 150 189 152 183 152 154 208 159 202 164 199 168 200 172 199 177 202 182 206 178 213 173 216 169 217 165 216 159 214 157 207 164 204 169 204 172 203 179 206 172 209 169 210 165 209
116 170 119 184 123 198 129 210 136 222 146 232 157 239 169 241 181 237 190 229 198 218 203 206 206 192 209 179 211 165 212 152 127 143 134 139 142 137 151 138 159 140 172 140 179 138 187 136 195 137 202 142 167 149 168 157 168 166 169 175 159 183 164 185 168 186 173 184 176 183 138 153 143 151 148 151 153 153 148 154 143 154 178 152 183 150 188 150 193 151 188 153 183 153 152 208 158 202 164 199 168 201 172 199 178 202 183 206 178 213 173 216 169 217 164 216 158 214 156 207 164 204 168 204 172 203 180 206 172 209 169 210 164 210
116 170 119 184 123 197 129 210 136 222 146 232 157 238 169 240 181 236 191 228 198 217 203 205 207 191 209 178 211 164 211 151 128 144 134 139 143 137 152 138 159 141 171 141 179 138 187 137 195 138 201 143 167 150 168 158 168 166 169 175 159 184 164 185 169 186 173 185 177 183 139 154 144 153 149 153 154 154 149 155 144 156 177 153 182 152 187 152 192 153 187 155 182 155 152 207 158 203 164 200 168 201 172 199 178 202 183 205 179 212 173 215 169 216 164 216 158 214 155 207 164 204 168 204 172 203 180 206 173 209 169 210 164 210
116 170 118 184 123 197 128 210 135 221 145 231 157 238 169 239 181 236 191 227 198 217 203 204 207 192 209 178 211 165 211 152 127 144 134 139 142 137 151 138 159 141 172 141 179 138 188 137 195 138 202 143 167 150 167 158 168 166 169 175 159 184 163 185 168 186 173 185 177 183 138 154 143 153 149 152 154 153 149 155 143 156 177 153 182 152 187 152 193 152 188 154 182 154 151 206 157 202 164 199 168 201 172 199 178 201 184 205 179 211 173 215 169 215 164 215 158 213 154 206 164 204 168 204 172 203 180 205 173 208 169 209 164 209
116 171 119 184 123 197 128 210 135 221 145 230 157 236 169 238 181 235 191 227 198 217 204 204 207 192 209 178 211 165 211 152 127 144 133 139 142 137 150 138 158 141 172 141 179 138 188 137 195 138 202 143 167 149 167 158 168 166 169 175 159 184 163 185 168 186 172 185 176 183 138 153 143 151 148 151 153 153 148 154 143 154 178 152 183 150 188 151 193 152 188 154 183 153 151 206 158 202 164 200 168 201 172 199 178 201 184 204 178 210 173 212 169 213 164 212 158 211 154 206 164 203 168 204 172 203 181 205 172 206 169 207 164 206
116 171 119 184 123 197 128 210 135 221 145 230 156 236 169 238 181 234 191 226 199 216 204 204 207 192 209 179 211 166 212 152 127 144 133 139 142 137 150 138 158 141 172 141 179 138 187 137 195 138 202 142 166 149 167 158 168 166 169 175 159 184 163 185 168 186 172 185 176 183 137 153 142 150 147 150 153 153 148 154 142 154 178 152 183 149 188 149 193 151 188 153 183 153 151 205 158 202 163 200 168 201 172 199 177 201 183 204 178 208 173 210 169 211 164 211 158 210 154 205 164 204 168 204 172 203 180 204 172 204 168 205 164 205
116 171 119 185 123 198 128 210 135 221 145 230 157 236 169 238 181 235 191 227 198 217 203 205 207 193 209 180 211 166 212 153 127 144 133 139 142 137 150 138 158 141 172 141 179 138 187 136 195 137 202 142 166 149 167 158 168 166 169 176 159 184 163 185 168 186 172 185 176 183 137 152 142 150 147 149 153 152 147 154 142 154 178 152 182 149 188 149 193 151 188 153 183 153 151 206 158 202 163 200 168 201 172 199 177 201 183 204 178 208 173 210 169 211 164 211 158 210 154 206 164 204 168 204 172 203 180 204 172 205 168 205 164 205
116 171 119 184 123 197 128 210 135 221 145 230 157 237 169 238 181 235 191 227 198 217 203 205 207 192 209 179 211 166 212 152 127 143 134 139 142 137 150 138 158 141 172 142 179 138 187 137 195 138 202 142 166 149 167 158 167 167 168 176 159 184 163 185 168 186 172 185 176 183 137 152 142 150 147 149 153 153 147 154 142 154 178 152 182 149 188 148 193 151 188 153 183 153 151 206 157 203 163 200 167 201 171 200 177 202 183 204 178 210 172 212 168 213 164 213 157 211 154 206 163 204 168 204 171 204 180 205 172 206 168 207 164 207
116 171 119 185 123 198 129 211 136 222 146 231 157 238 169 239 181 236 190 228 198 218 203 206 206 193 209 180 211 166 211 153 127 144 133 139 141 138 150 139 158 142 171 142 178 139 187 137 195 138 202 142 166 150 167 158 167 167 168 176 158 184 163 186 167 186 172 185 176 183 137 153 142 150 147 149 153 153 147 154 142 154 177 152 182 149 188 148 193 151 188 153 183 153 151 207 157 203 163 200 167 201 171 200 177 202 183 205 178 211 172 214 168 215 164 215 157 213 154 207 163 204 168 205 171 204 180 205 172 208 168 209 164 208
116 171 119 185 123 198 128 211 135 222 145 231 156 238 168 240 180 236 190 229 198 218 203 206 206 193 209 180 211 166 211 153 127 144 133 139 142 138 150 139 158 142 171 142 178 139 186 137 194 138 201 142 165 150 166 158 167 167 167 176 158 184 162 186 167 187 171 186 175 184 137 153 141 150 147 149 152 153 147 154 141 154 177 152 182 149 188 148 193 151 188 153 182 153 150 207 156 203 162 200 167 202 171 200 177 202 183 205 178 211 172 214 168 215 163 215 157 213 153 207 163 205 167 205 171 204 180 205 171 208 167 209 163 209
116 171 119 185 123 198 128 211 135 222 145 231 156 238 168 239 180 236 190 228 198 218 203 206 206 193 209 180 211 166 211 152 126 144 133 140 141 138 150 139 158 142 171 142 178 139 186 137 195 138 201 143 165 150 166 158 166 167 167 176 158 185 162 186 167 187 171 186 175 184 136 153 141 150 147 149 152 153 147 154 141 154 177 152 182 149 187 149 193 151 188 153 182 153 150 207 156 203 162 200 167 202 171 200 176 202 182 205 177 211 172 214 167 214 162 214 156 212 153 207 162 205 167 205 171 204 179 205 171 208 167 209 162 208
116 171 119 185 123 198 128 210 135 221 144 231 155 237 167 239 180 236 190 228 198 218 203 206 206 193 209 180 211 166 211 153 126 145 132 140 141 138 149 139 157 142 171 142 178 139 187 137 195 139 201 143 165 150 165 159 166 167 167 176 157 185 162 186 166 187 171 186 175 184 136 153 141 150 147 149 152 153 147 154 141 155 177 152 182 149 187 148 193 151 188 153 182 153 150 206 156 203 162 200 166 202 170 200 176 202 182 205 176 210 171 213 167 213 162 213 156 211 153 206 162 205 166 205 170 204 179 205 171 207 167 207 162 207
115 172 119 185 123 198 128 210 135 221 144 230 155 236 168 238 180 235 190 228 198 218 203 206 206 194 208 180 211 167 211 153 126 144 132 140 141 138 149 139 157 142 171 142 178 139 186 138 194 138 201 142 165 150 166 159 166 167 167 176 158 185 162 186 167 187 171 186 175 184 136 153 141 150 147 149 152 153 147 154 141 155 176 153 181 149 187 149 192 151 188 154 182 153 150 206 156 203 162 201 166 202 170 200 176 202 182 205 176 210 171 211 167 212 162 212 156 210 153 206 162 205 167 205 171 204 179 206 171 205 167 206 162 206
115 172 119 185 122 198 127 210 134 221 144 230 155 236 167 238 179 235 189 228 197 218 203 206 206 194 208 180 210 167 211 153 126 144 132 140 141 138 149 139 157 142 171 142 178 139 186 138 194 139 201 143 165 150 165 159 166 167 167 176 158 185 162 186 166 187 171 186 175 184 136 153 141 150 146 149 152 153 146 154 141 155 176 152 181 149 187 149 192 151 187 154 182 153 150 206 156 203 162 200 166 202 170 200 176 202 181 206 176 210 171 211 167 212 162 212 157 210 153 206 162 204 167 205 170 204 178 205 170 205 167 206 162 206
116 172 119 185 122 198 127 211 134 222 144 231 155 236 167 238 180 235 190 228 198 218 203 206 206 194 208 181 210 167 211 154 126 145 133 140 141 138 149 139 157 142 170 142 178 139 186 138 194 139 201 143 165 150 166 159 166 168 167 177 157 185 162 186 167 187 171 186 175 184 136 153 141 150 147 150 152 153 147 154 141 155 176 153 181 149 187 149 192 151 187 154 182 154 150 206 156 203 162 200 166 202 170 200 176 202 181 206 176 210 171 211 167 212 162 211 157 210 153 206 162 204 166 205 170 204 179 206 170 205 167 206 162 206
116 171 119 185 123 198 128 210 135 222 144 231 155 237 168 238 180 235 190 228 198 218 203 206 206 193 209 181 211 167 211 154 126 144 133 140 141 138 150 139 158 142 171 142 178 139 186 138 194 138 201 142 165 150 165 159 166 168 167 177 158 185 162 186 166 187 171 186 175 184 136 153 141 150 147 150 152 153 146 155 141 155 177 153 181 149 187 149 192 151 187 154 182 154 150 207 156 203 162 201 166 202 170 200 175 202 181 206 176 210 171 212 167 213 162 212 157 211 153 207 162 205 166 205 170 204 178 206 170 206 167 207 162 206
115 171 118 184 122 197 127 210 134 222 144 231 155 238 167 240 179 237 189 229 197 219 203 206 206 193 209 180 211 166 211 153 126 144 132 140 141 138 149 139 157 142 170 142 178 139 186 138 194 139 201 143 165 150 165 159 166 167 166 177 157 185 162 186 166 187 171 186 175 184 136 153 141 150 146 150 152 153 146 154 141 155 176 153 181 149 187 149 192 151 187 154 182 153 150 207 156 204 162 201 166 202 170 200 176 203 182 206 177 212 171 215 167 215 162 215 157 213 154 207 162 205 167 205 170 205 179 206 171 208 167 209 162 208
115 171 118 185 122 198 128 211 135 222 145 232 156 238 168 240 180 237 190 229 198 218 203 206 206 193 209 180 211 167 211 153 127 144 133 140 141 138 150 140 157 142 171 143 178 140 186 138 194 139 201 142 165 150 166 159 166 168 167 177 158 185 162 187 167 188 171 186 175 185 136 153 141 150 147 150 152 153 147 155 141 155 177 153 181 149 187 149 192 151 187 154 182 154 151 208 157 204 162 201 167 202 171 201 176 203 182 206 177 212 172 215 167 215 163 215 157 213 154 207 162 205 167 205 171 205 179 207 171 208 167 209 163 209
115 171 119 185 122 198 127 210 134 222 144 231 155 237 168 239 180 236 190 228 198 218 203 206 206 194 209 181 211 167 212 154 126 145 133 140 141 138 150 139 158 142 171 142 178 139 187 138 195 139 201 144 165 150 166 159 166 168 167 177 158 185 162 187 167 188 171 186 175 184 137 153 141 150 147 150 152 153 147 155 141 155 177 153 182 149 187 149 192 152 188 154 182 154 151 207 157 204 162 201 167 202 170 201 176 203 182 206 176 210 171 212 167 212 163 212 157 211 154 207 163 205 167 206 171 205 179 206 171 206 167 207 163 206
116 171 119 185 123 198 128 211 136 222 145 231 156 237 168 238 180 236 190 228 198 218 203 206 206 194 209 181 211 167 212 154 126 145 133 140 141 139 150 139 158 142 171 143 178 140 187 138 195 139 202 144 166 151 166 160 167 168 167 177 158 185 162 187 167 188 171 187 175 185 137 154 141 151 147 150 153 154 147 155 141 156 177 153 182 150 187 150 193 152 188 155 182 155 151 207 157 204 162 202 167 203 170 201 176 203 182 207 176 210 171 211 167 212 163 211 158 210 154 207 163 205 167 206 171 205 179 206 171 205 167 206 163 206
116 171 119 185 123 198 128 211 136 222 146 231 156 237 168 238 180 236 189 228 197 219 202 207 206 195 209 181 211 168 212 154 126 144 133 140 141 138 150 139 158 142 171 142 178 139 187 138 195 139 202 143 165 151 166 160 166 168 167 178 158 186 162 187 167 188 171 187 175 185 137 154 142 151 147 150 153 154 147 155 142 156 177 153 182 150 187 150 193 152 188 155 182 154 151 207 157 204 162 202 167 203 170 202 176 204 182 206 176 210 171 212 167 212 163 212 158 211 154 207 163 205 167 206 171 205 179 206 171 206 167 206 163 206
116 171 119 185 123 198 128 210 135 222 144 231 155 237 168 239 179 236 189 228 197 219 202 207 206 194 209 181 211 167 212 153 126 144 133 140 141 138 150 139 158 143 171 143 178 140 187 138 195 139 202 143 165 151 166 160 166 168 167 178 158 186 162 187 167 188 171 187 175 185 136 154 141 151 147 151 152 154 147 155 141 156 177 153 182 150 187 150 193 152 188 155 182 155 151 208 157 205 162 202 167 203 170 202 176 204 182 207 176 211 171 212 167 213 163 212 157 211 154 207 162 206 167 206 170 206 179 207 171 206 167 207 163 207
115 171 119 185 123 198 128 210 135 222 145 231 156 237 168 239 180 236 190 228 198 218 203 206 206 193 209 180 211 166 212 152 126 145 132 140 141 138 149 139 157 142 171 143 178 140 187 138 195 139 202 143 165 151 166 160 166 168 167 178 157 186 162 187 167 188 171 187 175 185 136 154 141 151 147 151 152 154 147 155 141 156 177 153 182 150 187 150 193 152 188 155 182 154 152 208 157 205 163 202 167 203 170 202 175 204 181 207 176 212 171 213 168 214 163 214 158 212 155 208 163 206 167 207 170 206 178 207 171 207 167 207 163 207
115 171 119 184 123 198 128 210 135 221 145 231 156 237 168 239 180 236 190 228 198 218 203 206 207 193 209 180 211 166 212 152 126 144 132 140 141 138 149 139 157 143 170 143 178 139 186 138 195 138 202 143 165 151 166 160 166 169 167 178 157 186 162 187 167 188 171 187 175 185 136 154 141 151 147 151 152 154 147 155 141 156 176 153 181 150 187 150 193 152 188 155 182 154 152 208 157 205 162 202 167 204 170 202 175 204 181 207 176 212 172 214 168 215 163 214 158 213 155 208 163 206 167 207 170 206 179 207 171 207 167 208 163 208
115 171 119 185 123 198 128 210 136 222 145 231 156 237 168 239 180 236 190 228 197 218 202 206 206 193 209 180 211 166 211 152 126 143 132 139 140 137 149 138 157 141 171 141 178 138 186 136 195 137 201 141 165 151 165 159 166 168 166 177 157 186 162 187 166 188 171 187 175 185 136 154 141 152 146 151 152 154 146 156 141 156 176 153 181 150 187 150 192 152 187 155 182 155 152 208 157 205 162 202 166 204 170 202 175 204 181 207 176 212 171 214 167 214 163 214 158 212 155 208 162 206 167 207 170 206 178 207 171 207 167 208 163 207
114 170 117 184 121 197 127 209 135 221 145 229 155 235 167 237 179 234 189 227 197 217 203 205 207 192 210 179 211 165 211 152 126 144 131 138 140 136 149 137 157 141 170 140 178 136 187 134 195 136 201 141 165 152 165 161 166 169 167 178 157 187 162 188 167 189 171 188 175 186 136 156 141 155 147 154 153 156 147 158 141 158 175 155 181 153 186 153 192 154 187 156 181 156 152 208 157 203 163 200 167 201 170 200 176 202 181 207 176 212 171 215 167 216 163 216 157 213 155 208 163 205 167 205 171 205 178 207 171 208 167 209 163 209
114 170 117 184 121 197 126 209 134 220 144 228 156 234 168 235 179 232 189 226 198 216 204 204 207 191 210 178 211 165 211 152 126 145 131 138 140 136 149 137 157 140 170 140 177 136 186 134 194 135 200 141 165 152 165 161 166 169 167 178 157 187 162 188 167 189 172 188 176 186 136 157 141 155 147 155 153 157 147 159 141 159 175 156 180 153 186 153 191 154 186 157 181 157 151 208 157 203 163 200 167 201 171 200 176 202 181 206 177 211 172 214 168 215 163 215 157 213 154 208 163 205 167 205 171 205 178 206 171 207 167 208 163 208
115 170 117 183 121 196 126 208 134 219 145 227 156 232 168 234 179 231 189 224 198 215 204 203 208 190 210 177 211 164 211 151 126 145 131 139 140 136 149 137 157 141 170 140 178 136 186 134 195 136 200 141 165 152 165 161 166 169 167 178 157 186 162 188 167 188 171 187 175 186 136 157 141 156 147 155 153 156 147 159 141 159 175 155 180 154 186 153 191 154 187 157 181 157 151 208 157 203 163 200 167 201 171 199 176 202 181 206 177 211 172 214 167 214 163 214 157 212 154 207 163 205 167 205 171 204 178 206 171 207 167 208 163 208
115 170 118 184 122 197 127 209 135 221 145 230 155 236 168 238 180 235 189 228 197 218 203 205 206 192 209 179 210 165 210 152 126 146 132 139 140 137 149 137 157 141 170 141 178 136 186 135 194 137 200 142 165 152 165 160 166 168 167 177 157 186 161 187 167 188 171 187 175 185 136 157 142 155 147 155 153 156 148 158 142 159 175 155 180 153 186 153 191 154 186 157 181 157 151 208 157 204 163 201 167 202 170 201 176 203 182 206 177 213 172 215 167 216 163 216 157 214 154 208 163 205 167 205 171 205 179 206 171 209 167 210 163 209
115 171 118 184 122 198 127 210 135 222 145 231 156 237 168 239 180 235 189 228 197 218 203 205 207 192 210 179 211 165 211 152 126 145 132 140 140 137 149 138 157 141 170 141 177 137 186 135 194 137 200 142 165 152 165 160 166 168 167 177 157 186 161 187 166 188 171 187 175 185 136 156 141 155 147 155 152 156 147 158 141 159 175 155 180 153 186 153 191 154 186 156 181 156 151 208 157 204 163 201 166 202 170 200 176 203 182 206 177 213 172 216 167 216 163 216 157 214 154 208 163 205 167 205 171 205 179 206 171 209 167 210 163 210
115 170 118 184 122 197 128 210 135 221 145 231 156 237 168 239 180 236 189 228 197 218 203 205 207 192 209 179 211 165 211 151 125 145 131 139 140 137 149 138 157 141 170 141 178 137 186 135 195 137 201 142 165 151 165 160 166 168 167 177 157 185 162 187 167 188 171 186 175 185 136 156 141 155 147 154 152 155 147 157 142 157 175 154 181 153 186 153 192 153 187 156 181 156 151 208 157 204 163 201 166 202 170 201 176 203 182 206 176 213 171 216 167 216 163 216 157 214 154 208 163 205 167 205 170 204 179 206 170 209 167 210 163 209
115 170 118 184 122 197 128 210 135 221 145 230 155 237 168 239 180 236 189 228 197 218 203 206 207 193 209 179 211 165 211 152 126 146 131 140 140 137 149 138 157 141 171 141 178 137 187 136 195 138 200 143 165 151 165 160 166 168 167 177 157 185 162 187 166 188 171 187 175 185 136 155 141 154 147 153 152 155 147 156 142 157 176 154 181 152 186 152 191 153 187 155 181 155 150 208 157 203 163 201 166 202 170 201 176 203 182 206 177 212 171 215 167 216 163 215 157 213 153 207 163 205 166 205 170 204 179 206 171 208 167 209 163 209
115 170 118 184 122 197 127 209 134 221 144 231 155 237 168 239 180 236 190 228 198 218 203 205 206 192 209 179 211 165 211 152 126 144 132 139 140 137 149 138 156 141 171 141 178 137 186 136 194 137 201 141 165 150 165 159 166 168 167 177 157 185 161 187 166 188 171 186 175 184 136 154 141 153 146 152 152 154 147 156 141 156 176 153 181 151 186 151 191 152 187 155 182 155 151 207 157 204 162 201 166 203 170 201 176 203 181 206 176 211 171 213 167 214 162 214 157 212 154 207 162 205 166 206 170 205 179 206 170 207 166 208 162 208
115 171 118 185 123 198 128 210 135 221 144 231 155 237 168 239 180 236 190 228 198 218 203 206 206 193 209 180 211 166 211 152 126 144 132 140 140 137 149 138 157 141 171 141 178 138 187 136 194 137 201 141 165 151 165 159 166 168 167 177 157 185 162 187 166 188 171 186 175 185 136 154 141 152 146 152 152 154 147 156 141 156 176 153 181 151 186 151 192 152 187 155 181 155 150 207 157 204 162 201 166 202 170 201 175 203 182 206 176 210 171 212 167 213 163 212 157 211 153 207 162 205 166 206 170 205 179 206 170 206 167 207 163 207
115 171 119 185 123 198 128 210 135 222 144 231 155 237 168 239 180 236 190 228 198 218 203 206 206 193 209 179 210 166 211 152 126 144 132 139 140 137 149 138 156 141 171 141 178 138 186 136 194 137 201 141 165 151 165 159 166 168 167 177 157 185 162 187 166 188 171 186 175 185 136 154 141 152 146 151 152 154 146 156 141 156 176 153 181 151 186 150 192 152 187 155 181 155 150 207 156 204 162 201 166 202 170 201 176 203 182 206 176 210 171 212 167 212 162 212 157 211 153 207 162 205 167 206 171 205 179 206 171 206 167 207 162 206
116 172 119 185 123 198 128 210 135 221 145 231 156 237 168 238 180 235 190 228 198 217 203 205 207 192 209 179 210 166 211 152 126 144 132 139 140 137 149 138 156 141 171 141 178 137 186 136 194 137 201 141 165 150 165 159 166 168 167 177 157 185 162 187 166 188 171 186 175 184 136 154 141 152 146 151 152 154 147 156 141 156 176 153 181 151 186 150 192 152 187 155 181 155 150 207 156 204 162 201 166 202 170 201 176 203 182 206 176 209 171 211 167 212 163 211 157 210 153 207 162 205 167 206 170 205 179 206 171 206 167 206 163 206
115 170 118 184 122 197 127 209 134 220 144 229 155 236 167 237 179 234 189 227 198 217 203 205 207 192 209 179 211 166 211 152 125 144 131 139 140 137 149 138 157 141 171 141 178 137 187 135 195 137 201 141 164 151 165 159 166 168 167 177 157 185 161 187 166 188 171 186 175 185 135 154 141 151 146 151 152 154 147 156 141 156 176 153 181 150 187 150 192 152 187 155 182 155 151 207 157 203 163 201 166 202 170 200 176 203 182 205 176 211 171 213 167 213 163 213 157 211 154 207 163 205 167 205 171 204 179 205 171 206 167 207 163 206
115 170 118 184 122 197 128 209 135 220 145 230 155 236 168 238 179 235 189 227 198 217 203 205 207 192 209 179 211 166 211 152 125 144 131 139 140 137 148 138 156 141 171 141 178 137 187 136 195 137 201 142 165 151 165 160 166 168 167 177 157 185 162 187 166 188 171 187 175 185 135 154 141 151 146 151 152 154 147 156 141 156 176 154 181 150 187 150 192 152 187 155 182 155 151 207 157 203 163 201 166 202 170 200 176 203 182 206 176 211 171 213 167 213 163 213 157 211 154 207 163 205 166 205 170 205 179 206 171 206 167 207 163 207
115 171 119 184 123 197 128 209 135 221 145 230 155 236 168 237 180 235 190 227 198 217 203 205 207 192 209 179 211 166 211 152 125 145 131 139 140 137 149 138 157 141 171 141 178 137 187 135 195 137 201 142 165 151 165 159 166 168 167 177 157 185 161 187 166 188 171 187 175 185 136 154 141 151 146 151 152 154 147 156 141 156 176 154 181 150 187 150 192 152 187 155 182 155 150 207 157 203 163 201 166 202 170 201 176 203 182 205 176 211 171 213 167 214 163 213 157 211 154 207 163 205 166 205 170 205 179 205 170 206 167 207 163 207
115 170 118 183 122 196 127 209 135 220 144 229 155 235 168 237 180 234 189 227 198 217 203 205 207 192 209 179 211 165 211 152 125 145 131 139 140 137 149 138 157 142 170 141 178 138 187 136 195 137 201 142 165 151 165 160 166 168 167 177 157 185 162 187 166 188 171 187 175 185 135 154 141 151 146 151 152 154 147 156 141 156 176 154 181 150 187 150 192 152 187 155 182 155 151 207 157 203 163 201 167 202 170 201 176 203 182 205 176 210 171 213 167 213 163 213 157 211 154 207 163 205 167 205 170 205 179 205 171 206 167 207 163 207
115 170 118 183 122 196 127 209 135 220 144 230 155 236 168 238 180 235 190 227 198 217 203 205 207 192 209 179 211 165 211 152 127 147 133 141 141 138 150 139 157 143 170 142 177 138 186 137 194 139 199 144 165 152 165 160 166 168 167 177 157 185 161 187 166 188 171 187 175 185 137 157 142 156 148 155 153 156 148 158 143 159 175 155 180 154 185 154 190 155 186 157 180 157 150 207 157 203 163 201 166 202 170 201 176 203 182 205 176 211 171 213 167 214 163 214 157 212 154 207 163 205 167 205 170 205 179 206 170 207 167 207 163 207
116 170 119 184 122 197 127 209 134 221 144 230 155 236 168 238 180 235 190 227 198 217 203 204 206 192 208 178 210 165 210 152 128 146 134 141 142 139 150 140 158 143 169 142 177 139 185 138 193 139 199 144 165 152 165 160 166 169 167 177 157 185 161 187 166 188 171 187 175 184 138 158 143 157 148 156 153 157 148 159 143 159 175 155 180 155 185 155 190 155 185 157 180 157 150 207 157 204 162 202 166 203 170 201 175 203 182 205 176 210 171 212 167 213 163 212 157 211 154 207 162 205 167 206 170 205 179 206 171 206 167 207 163 207
116 171 118 184 122 197 127 209 135 221 145 230 155 236 168 238 180 235 189 227 197 217 203 205 206 192 209 179 211 165 211 152 127 147 133 141 141 139 150 140 158 143 169 142 177 139 185 138 193 140 199 145 165 153 165 161 166 169 167 178 157 186 161 187 166 188 171 187 175 185 138 158 143 156 148 156 153 157 148 159 143 159 175 156 180 155 185 155 190 156 185 158 180 158 151 207 157 204 163 201 167 202 170 201 176 203 182 206 177 211 171 213 167 214 163 214 157 212 154 207 163 205 167 206 171 205 179 206 171 207 167 208 163 207
116 171 119 185 123 198 128 210 135 221 145 230 156 237 168 238 180 235 190 228 198 218 203 205 207 192 209 179 210 166 211 153 126 149 132 142 140 139 149 140 158 143 169 143 177 140 186 138 194 141 199 146 164 153 165 161 166 169 166 178 156 186 161 188 166 189 171 187 175 185 137 157 142 156 147 155 153 157 148 158 142 159 175 156 180 154 185 154 190 155 186 157 180 157 151 208 157 204 163 201 167 202 171 201 176 203 182 206 177 211 172 214 167 214 163 214 157 212 154 207 163 205 167 206 171 205 179 206 171 207 167 208 163 208
116 170 118 184 122 197 127 210 135 221 145 230 156 236 168 238 180 235 190 227 198 217 203 205 207 192 209 178 211 165 211 152 125 148 131 141 139 139 149 140 157 143 169 143 177 139 186 138 194 140 200 145 164 153 165 161 166 170 166 179 156 187 161 188 166 189 171 188 175 186 136 156 141 155 147 155 152 156 147 158 141 158 175 156 180 154 186 154 191 154 186 157 181 157 151 207 157 204 163 201 167 202 171 201 176 203 182 206 177 211 172 214 167 215 163 214 157 212 154 207 163 206 167 206 171 205 179 206 171 208 167 208 163 208
116 170 119 184 123 197 128 209 135 221 144 231 155 237 168 239 180 236 190 228 198 217 204 205 207 192 209 178 211 165 211 152 125 146 131 141 139 140 148 140 155 143 169 143 177 140 185 139 193 140 200 144 164 152 165 161 165 170 166 179 156 187 161 189 166 189 170 188 174 186 136 156 141 154 146 154 151 155 146 157 141 157 175 155 180 153 185 153 190 154 186 156 181 156 150 208 156 205 162 203 166 204 170 203 176 205 182 206 176 211 171 213 166 214 162 213 157 212 153 208 162 207 166 207 170 207 179 206 170 207 166 208 162 208
116 170 119 184 122 197 127 209 134 221 143 231 155 237 167 239 180 236 190 228 198 218 203 206 207 192 209 179 211 165 211 152 125 146 131 142 140 140 148 141 155 144 169 144 177 140 185 139 193 140 200 144 164 153 164 162 165 171 166 180 156 187 161 189 165 190 170 189 174 187 135 156 140 154 146 153 151 156 146 157 141 158 175 155 180 153 186 152 191 154 186 156 181 156 150 208 156 206 162 204 166 205 170 203 176 205 182 206 176 211 170 214 166 215 162 214 156 213 153 208 162 208 166 208 170 207 179 207 170 208 166 209 162 208
116 170 119 184 123 197 128 210 135 222 144 231 155 238 168 240 179 237 190 229 198 219 203 206 206 193 209 179 211 165 211 152 125 147 131 142 139 141 148 142 155 145 169 144 176 141 184 140 193 140 200 144 164 153 164 162 165 171 166 181 156 188 161 190 165 191 170 189 174 188 135 156 140 154 146 154 151 156 146 158 140 158 175 156 180 153 185 152 191 154 186 157 181 157 150 208 156 206 162 204 165 206 170 204 176 206 183 207 176 212 171 214 166 215 162 215 156 213 152 209 162 208 166 209 170 208 180 207 170 208 166 209 162 209
116 171 119 184 123 198 127 210 134 222 144 232 155 239 167 241 179 238 189 229 197 219 203 206 207 193 209 180 211 166 211 152 125 146 131 143 139 142 148 143 155 146 169 146 176 142 184 140 192 141 200 144 163 154 164 163 165 173 165 182 156 189 160 191 165 192 170 190 174 188 135 157 140 154 146 154 151 157 146 158 140 159 175 156 180 153 186 153 191 154 186 157 181 157 149 209 156 207 162 205 166 206 170 205 176 206 183 207 176 213 171 215 166 216 162 216 156 214 152 210 162 210 166 210 170 209 180 208 170 209 166 210 162 210
116 171 119 185 123 198 128 211 135 223 145 232 156 239 168 241 180 238 190 230 198 219 203 207 207 194 209 180 211 166 211 152 125 148 131 144 139 142 147 143 155 147 169 147 176 143 185 141 193 142 200 145 163 155 164 164 164 173 165 183 156 190 160 192 165 193 170 191 174 189 135 157 140 155 146 154 151 158 146 159 140 159 175 157 180 153 186 153 191 155 186 157 181 158 149 210 156 208 162 206 166 207 170 206 176 207 183 208 177 213 171 216 166 217 162 216 156 214 152 210 162 210 166 211 170 209 180 208 170 210 166 211 162 210
116 171 119 185 123 198 128 211 135 223 144 232 155 240 168 241 180 238 190 230 198 220 203 207 207 194 209 179 211 165 211 151 125 148 131 144 139 143 147 144 155 147 169 147 177 143 185 141 193 142 200 145 163 155 164 164 165 174 165 184 156 191 160 192 165 193 170 192 174 190 135 158 140 155 146 155 151 158 146 160 140 160 175 157 180 154 186 154 191 155 187 158 181 158 150 210 156 208 162 207 166 208 170 206 176 207 183 208 177 213 171 216 167 217 162 217 156 215 152 211 162 211 166 211 170 210 181 209 170 210 166 211 162 211
