128 153 129 169 131 185 136 200 145 214 155 226 167 234 180 237 193 235 204 227 212 215 220 203 224 190 227 176 229 162 231 147 144 132 152 127 162 126 172 129 181 134 195 134 204 131 214 129 222 132 227 139 189 144 188 155 188 166 188 177 175 183 180 185 186 188 191 186 196 184 154 142 160 139 168 140 174 146 167 147 159 146 199 148 205 143 212 143 218 147 213 150 206 150 163 201 172 200 179 199 184 201 189 200 195 202 201 204 195 210 188 212 183 212 178 211 171 208 167 202 179 204 184 205 189 204 198 204 189 206 184 207 179 206
128 151 129 168 131 184 136 200 144 214 154 226 167 235 181 238 194 236 205 227 213 216 221 203 226 189 229 175 231 161 232 146 145 132 153 127 163 126 173 129 182 134 195 134 204 131 213 129 222 131 227 139 189 145 188 156 188 166 188 178 175 183 180 186 186 188 191 186 196 184 154 142 161 139 168 140 174 146 167 147 160 146 199 148 206 143 213 143 218 147 213 151 206 150 163 201 172 200 180 199 184 201 189 200 195 202 202 204 195 210 189 211 183 212 178 211 171 207 166 201 179 204 184 205 189 204 198 204 189 206 184 206 179 205
129 153 129 169 131 185 137 200 145 213 155 225 167 233 180 236 193 234 204 226 213 215 221 203 226 190 229 175 231 161 232 147 144 132 153 127 163 126 173 129 182 134 195 134 205 131 214 129 223 131 228 138 189 145 188 155 188 166 188 177 175 183 180 185 186 188 191 186 196 184 154 142 160 139 168 140 174 146 167 147 159 146 199 148 206 143 213 143 219 147 214 151 206 150 163 201 172 200 180 199 184 201 189 200 195 201 202 204 195 209 189 211 183 211 178 210 171 207 167 201 179 203 184 204 189 204 199 204 189 205 184 206 179 205
129 152 129 169 131 185 137 200 145 213 156 225 168 233 181 235 194 233 205 225 213 214 221 202 226 189 229 175 231 161 232 147 144 132 152 127 163 126 173 129 182 134 195 134 204 131 214 129 223 131 228 138 189 145 189 156 189 166 188 177 175 183 180 185 186 188 191 186 196 184 154 142 160 139 168 140 174 146 167 147 160 147 199 148 206 143 213 143 219 147 214 151 206 151 163 201 172 200 180 199 185 201 190 199 196 201 202 203 195 208 189 210 184 210 179 209 171 207 167 201 180 203 185 204 190 204 199 203 190 205 184 205 179 205
128 154 129 170 131 187 136 203 144 218 154 230 168 238 183 242 197 240 209 232 219 220 226 207 231 192 234 178 236 163 237 149 144 133 152 127 163 126 173 129 182 134 195 134 204 131 214 129 223 132 229 140 189 144 189 155 188 166 188 178 175 183 180 186 186 188 191 187 196 185 154 142 160 139 168 140 174 146 167 146 160 146 200 148 206 143 213 144 219 147 213 150 206 150 163 201 172 200 179 199 185 201 190 200 197 201 204 203 197 208 190 209 185 209 179 208 171 206 166 201 179 204 185 205 190 204 201 203 190 205 185 205 179 204
129 152 130 169 132 184 137 200 146 213 156 225 168 233 181 236 193 234 203 226 212 214 220 203 225 190 228 176 231 162 232 148 144 132 153 126 163 126 173 129 182 134 195 134 205 131 214 129 223 131 229 138 189 144 189 155 189 166 189 178 175 183 180 185 186 188 192 186 197 184 154 142 161 139 169 140 174 146 167 147 160 146 199 148 206 143 213 143 219 147 214 151 206 150 163 200 172 200 180 199 185 201 190 199 196 201 202 203 195 209 189 211 184 211 178 210 171 207 167 201 180 203 184 204 190 204 199 203 189 205 184 205 179 204
129 152 129 168 131 184 137 199 145 213 155 224 167 233 180 236 192 234 203 225 212 215 220 203 225 190 228 175 231 161 232 146 145 132 153 126 163 126 173 129 182 134 195 134 205 131 214 129 223 131 229 138 189 144 189 155 189 166 189 178 175 183 180 186 186 188 191 186 196 184 154 142 161 139 169 140 174 146 167 147 160 146 199 148 206 143 213 143 219 147 214 151 206 150 164 201 173 200 180 199 185 201 190 199 196 201 202 203 195 208 189 211 184 211 179 210 172 207 167 201 180 203 185 204 190 204 199 203 189 205 184 206 180 205
129 152 129 169 131 185 136 200 145 214 154 226 167 235 180 237 193 235 204 226 213 215 220 203 226 189 229 175 231 161 233 147 145 132 153 127 163 126 173 129 182 134 196 134 205 131 214 129 223 132 229 138 189 145 189 156 189 167 189 178 175 183 180 186 186 188 192 187 196 184 154 142 161 140 169 140 175 146 168 147 160 146 200 148 207 143 214 143 219 147 214 151 207 150 163 201 173 200 180 199 185 201 190 199 195 201 202 203 195 208 189 210 184 210 178 210 171 207 167 201 180 204 185 205 190 204 199 203 189 204 184 205 179 204
128 153 129 170 131 186 137 202 144 216 154 228 167 237 180 240 193 237 204 229 213 218 221 205 226 191 230 177 233 162 234 148 145 132 153 127 163 126 173 129 182 134 196 134 205 131 214 129 223 132 229 139 189 145 189 156 189 167 189 178 175 183 180 186 186 189 191 187 196 184 154 142 161 139 169 140 175 146 168 147 160 146 199 148 206 143 214 143 219 147 214 151 206 150 164 201 173 200 180 199 185 201 190 200 196 201 202 204 195 209 189 211 184 212 178 211 171 208 167 202 180 204 185 205 190 204 199 204 190 205 184 206 179 204
128 153 129 170 132 186 137 202 145 216 155 229 167 238 180 240 193 238 204 229 213 218 221 205 226 191 230 176 232 162 234 147 145 132 153 127 163 126 173 129 182 134 196 134 205 131 214 129 223 132 229 139 189 145 189 156 189 166 189 178 175 183 180 186 186 188 191 187 196 184 154 142 161 139 169 140 175 146 168 147 160 146 199 148 206 143 213 143 219 147 214 151 206 150 164 202 172 200 180 199 185 201 190 199 196 201 201 205 195 212 189 215 184 216 178 215 171 210 167 203 180 204 184 205 190 204 198 205 189 208 184 209 179 208
128 152 130 169 132 186 137 203 146 218 156 230 168 240 182 243 196 240 208 231 217 219 226 205 232 191 235 175 237 161 239 146 145 132 153 127 164 126 173 130 182 134 196 135 204 132 214 130 223 132 229 138 189 145 189 156 189 167 188 178 176 183 181 186 186 188 192 187 196 184 155 142 161 140 169 141 175 146 168 147 160 146 200 148 206 144 214 144 219 147 214 150 207 150 164 203 172 200 180 199 185 201 191 199 196 201 202 206 196 213 190 216 184 216 178 215 171 211 168 203 179 203 185 204 190 204 198 206 190 209 185 210 179 209
128 154 129 172 132 188 138 204 147 218 157 230 168 239 181 242 193 239 203 230 212 218 219 205 224 192 228 177 230 162 231 148 145 132 153 127 163 126 173 129 182 134 196 134 205 131 214 129 223 132 227 138 189 144 189 155 189 166 189 178 176 183 181 186 187 188 192 186 196 184 154 142 161 140 169 140 175 146 168 147 160 146 199 148 206 143 213 144 218 147 213 150 206 150 164 203 173 200 180 198 185 200 191 199 196 201 201 205 195 213 190 216 184 217 178 216 171 212 168 203 180 203 185 204 190 203 197 206 190 209 185 210 180 209
128 153 129 170 132 187 137 203 145 218 156 231 168 240 182 243 196 240 208 232 217 220 226 206 231 192 235 178 237 163 239 149 145 131 153 127 163 126 173 129 182 134 196 134 204 131 214 130 223 132 229 139 189 145 189 156 189 167 188 178 176 183 181 186 186 189 192 187 196 184 155 142 161 140 168 140 175 145 167 146 160 146 200 148 207 144 214 144 219 148 214 150 207 150 165 202 172 199 180 198 185 200 191 198 197 201 202 205 196 212 190 216 184 216 178 215 171 211 168 203 179 203 185 204 191 203 198 205 190 208 185 209 179 208
128 154 129 171 132 187 138 203 147 217 157 229 168 238 180 241 192 238 203 230 212 218 220 206 226 192 231 178 233 163 235 149 145 132 153 127 163 126 173 129 182 134 196 134 205 131 214 129 223 132 229 139 189 145 189 155 189 166 189 177 175 182 180 186 186 188 191 186 196 184 154 142 161 139 169 140 175 146 168 147 160 146 199 148 206 144 213 144 219 148 214 151 206 150 164 202 172 199 180 197 185 199 190 198 196 200 201 205 195 212 189 216 183 216 178 215 171 211 168 202 179 202 184 203 190 203 197 205 190 208 184 208 179 207
128 153 130 170 132 186 138 202 146 216 156 229 168 238 181 241 193 239 204 230 213 218 221 205 227 191 231 177 233 162 235 147 145 132 153 126 163 126 174 129 182 134 196 134 205 131 214 129 224 132 229 138 189 144 189 155 189 166 188 177 175 182 180 185 186 188 192 186 196 184 154 142 161 139 168 140 175 146 168 146 160 146 199 148 206 143 213 144 219 147 213 150 206 150 165 202 172 198 180 197 185 199 190 197 196 200 201 205 196 212 189 215 183 216 178 214 171 210 168 202 179 202 184 203 190 202 198 205 190 207 184 208 179 207
128 153 130 170 133 186 138 203 146 217 157 230 169 239 183 241 196 239 207 230 217 219 225 206 230 192 234 177 236 163 238 148 145 131 153 126 164 125 173 129 182 133 196 134 204 130 214 129 223 131 228 138 189 144 189 155 188 166 188 177 175 181 180 185 186 188 191 186 196 183 155 141 161 139 168 140 174 145 167 146 160 145 200 147 206 143 214 143 219 147 214 150 206 149 164 201 172 198 179 196 185 198 190 197 196 200 202 205 196 213 190 216 184 216 177 215 170 211 168 202 179 202 184 203 190 202 198 205 190 208 184 208 178 207
128 152 130 169 132 186 138 201 147 216 157 228 168 237 181 241 193 238 203 229 212 218 220 205 225 191 230 176 232 161 234 146 145 131 153 126 163 125 173 129 182 133 195 134 205 130 214 128 223 131 228 138 189 144 189 155 189 166 188 177 175 181 180 185 186 187 191 186 196 183 154 141 161 138 169 139 174 145 167 146 160 145 199 147 206 143 213 143 219 147 213 150 206 150 164 202 171 198 179 196 184 198 190 197 196 200 201 205 195 214 189 218 183 219 177 217 170 212 167 202 179 201 184 202 190 202 197 205 190 210 184 210 178 209
128 153 129 171 132 187 138 203 146 218 156 230 167 239 180 242 192 239 202 230 211 218 219 205 225 191 230 177 232 162 234 147 145 131 153 126 163 125 174 129 182 133 195 134 204 130 214 128 223 131 228 138 189 144 189 155 189 166 188 177 175 181 180 185 186 187 191 186 196 183 154 142 161 139 169 140 174 145 167 146 160 145 199 148 206 143 213 143 218 147 213 150 206 150 163 202 171 198 179 196 184 198 190 197 196 199 200 205 195 215 189 219 183 220 176 219 169 213 167 203 178 201 184 202 190 202 197 205 189 211 183 212 178 211
128 154 129 171 131 187 137 203 145 218 155 230 167 240 180 242 192 240 202 230 211 218 218 205 224 192 228 177 230 163 231 149 145 131 153 126 163 125 173 129 182 134 195 134 204 130 213 129 222 131 227 138 189 144 189 155 188 166 188 177 175 182 180 185 186 188 191 186 196 183 154 141 161 139 168 139 174 145 167 146 160 145 198 147 205 143 212 143 217 147 212 150 205 149 162 201 170 198 179 196 184 199 190 197 196 200 200 205 195 213 189 217 182 218 176 216 169 211 166 202 178 202 184 203 190 202 197 205 189 209 183 209 177 208
129 151 130 168 132 184 137 200 145 213 155 225 167 235 180 238 192 236 203 227 211 216 219 204 224 190 228 176 231 162 232 147 144 131 153 126 163 125 173 129 182 133 195 134 204 130 214 129 223 132 228 139 189 143 189 155 188 166 188 177 174 181 179 185 185 187 191 186 196 184 154 141 161 139 168 140 174 145 167 146 160 145 199 148 206 143 213 143 218 147 213 150 206 150 163 200 171 198 179 197 184 199 189 198 194 201 200 204 194 209 188 212 182 212 177 211 170 206 166 200 178 202 183 204 189 203 197 204 188 205 183 205 178 204
129 151 129 168 131 184 136 199 144 212 154 224 166 233 179 236 191 234 202 226 212 215 219 203 225 190 228 176 231 162 232 147 144 131 153 126 163 125 173 128 182 133 195 133 204 130 214 128 223 131 228 139 189 143 188 154 188 166 188 177 174 181 179 184 185 187 191 186 196 183 154 141 161 139 168 140 174 145 167 146 160 145 199 147 206 143 213 143 218 147 213 150 206 150 162 199 171 197 178 197 183 199 189 198 195 200 200 203 194 208 188 210 182 210 176 209 169 205 166 199 178 201 183 203 189 202 197 203 188 203 183 204 177 202
128 152 129 169 131 185 136 200 143 214 153 227 166 235 179 239 191 236 202 228 211 217 218 204 223 191 227 177 229 163 231 148 144 131 153 126 163 125 173 128 182 133 195 133 204 130 213 128 222 131 227 138 189 143 188 154 188 165 188 177 174 181 180 184 185 187 190 186 195 183 154 141 160 138 168 139 174 145 167 146 159 145 199 147 205 143 212 143 218 147 212 150 205 149 162 199 171 198 179 197 184 199 189 198 195 200 200 204 194 208 188 211 183 211 177 210 170 206 166 200 178 202 183 203 189 202 197 203 189 204 183 205 178 203
128 151 129 168 131 184 136 200 144 214 154 226 166 236 179 239 191 237 202 228 211 217 219 204 224 190 228 176 231 162 233 147 144 130 153 125 163 125 173 128 182 133 195 133 204 130 214 128 223 130 228 137 189 143 188 154 188 165 188 177 175 181 179 184 185 187 190 185 195 183 153 141 160 138 167 139 174 145 166 146 159 145 199 147 206 142 213 143 218 147 213 150 206 149 163 201 171 198 179 197 184 199 189 197 195 200 200 204 194 210 188 213 182 213 176 212 170 208 167 201 178 202 183 203 189 202 197 204 189 205 183 206 178 205
127 151 129 168 131 184 137 200 145 214 155 227 167 236 180 239 192 237 202 228 212 216 219 204 225 190 228 176 231 162 233 147 144 130 152 125 163 125 172 128 181 133 195 133 204 130 213 128 222 131 228 138 188 143 188 154 187 166 187 177 174 182 179 185 185 187 190 186 195 183 154 141 160 138 167 139 173 144 167 145 159 145 198 147 205 142 212 143 218 146 212 150 205 149 164 201 171 198 179 197 184 199 189 197 195 200 200 204 194 211 188 214 183 215 177 213 170 209 168 202 178 201 183 203 189 202 196 204 189 206 183 207 178 206
127 152 129 169 131 185 137 201 146 215 156 227 167 237 180 239 192 237 203 228 213 217 221 205 227 191 231 177 234 163 235 148 144 130 152 125 162 125 172 128 181 133 195 133 203 130 213 128 222 131 228 137 188 143 188 154 187 165 187 177 174 181 179 184 184 187 190 185 194 183 153 141 160 138 167 139 173 144 166 145 159 145 199 147 205 142 212 143 218 147 213 149 206 149 164 201 171 198 178 196 184 198 189 197 195 200 200 204 194 211 188 214 182 215 177 213 170 209 168 202 178 201 183 202 189 202 196 204 189 206 183 207 178 206
127 151 129 167 131 183 136 199 145 214 155 226 166 236 179 239 192 237 203 228 213 216 220 204 226 190 230 176 233 162 235 148 144 130 153 125 163 125 173 128 181 132 194 133 204 129 213 128 223 131 228 138 188 143 188 154 187 165 187 177 174 181 179 184 185 187 190 185 194 183 153 141 160 138 167 139 173 144 166 145 159 145 199 146 205 142 212 143 218 146 212 149 205 149 164 201 171 197 179 196 183 198 189 197 194 199 200 204 194 211 188 214 182 214 177 213 170 209 168 201 178 201 183 202 189 202 196 204 188 206 183 206 178 205
128 151 129 167 131 183 137 199 144 213 154 226 166 235 179 238 192 236 203 228 212 217 220 204 226 190 230 176 233 161 234 147 144 130 152 125 163 125 173 128 181 133 194 133 203 130 213 128 222 130 228 137 188 143 188 154 187 165 187 176 174 181 179 184 185 187 190 185 195 183 153 141 160 138 167 139 173 144 166 145 159 144 199 146 205 142 213 142 218 146 213 149 206 149 164 201 172 197 179 196 184 198 189 197 195 200 200 204 194 210 188 213 182 213 177 212 170 208 168 201 178 201 183 202 189 202 197 204 189 205 183 206 178 205
128 150 129 166 131 182 136 198 144 212 154 225 166 234 179 237 192 235 203 226 212 215 219 202 224 189 227 174 230 160 232 146 144 131 152 125 162 125 172 128 181 133 194 133 203 130 213 128 222 131 228 138 188 143 188 154 187 165 187 177 174 181 179 184 185 187 190 185 195 183 153 141 160 138 167 139 173 144 166 145 159 145 198 147 205 142 212 143 218 147 212 150 205 149 163 200 171 197 178 196 183 199 189 197 195 200 200 204 194 209 188 211 182 211 177 210 170 206 167 200 178 202 183 203 189 202 197 203 188 204 183 204 177 203
129 152 130 169 131 184 136 199 144 213 153 224 166 232 179 235 191 233 202 226 211 215 219 203 223 190 227 176 229 163 231 149 144 131 152 126 163 125 173 128 182 133 195 133 204 130 213 128 223 131 228 138 188 143 188 154 188 165 187 177 174 181 179 184 185 187 190 185 195 183 154 141 160 138 168 139 174 145 167 145 159 145 199 147 206 142 213 143 218 147 213 149 206 149 163 199 171 197 178 196 183 198 189 197 194 199 200 203 194 207 188 209 182 209 176 208 170 204 166 199 178 201 183 202 189 202 197 202 188 202 183 202 177 201
128 152 129 168 131 184 136 200 144 213 154 225 166 233 180 236 192 234 203 226 212 215 219 203 224 190 227 176 229 162 230 148 143 132 152 126 162 125 173 128 182 133 195 134 204 130 214 128 223 131 228 139 189 143 188 154 188 165 188 177 174 181 180 184 185 187 191 185 195 183 154 141 160 138 168 139 174 145 167 145 159 145 199 147 206 142 213 143 218 147 213 149 206 149 163 199 171 197 179 197 184 199 189 198 195 200 201 203 194 208 188 210 182 210 177 209 170 205 166 200 178 201 184 203 189 202 198 203 189 203 183 204 178 203
128 152 129 169 131 185 137 201 145 216 154 229 166 239 180 242 192 239 203 229 212 217 219 204 224 190 228 175 231 161 232 147 145 130 153 125 164 124 173 128 182 133 195 133 204 130 214 128 223 131 228 137 189 143 189 154 188 165 188 176 175 181 180 184 185 187 191 185 195 183 154 141 161 138 168 139 174 144 167 145 160 145 199 147 206 142 213 143 218 146 213 149 206 149 163 201 171 198 179 197 184 200 189 198 195 200 201 204 195 212 188 216 183 216 177 215 170 210 167 202 179 203 184 204 189 203 197 205 189 208 183 209 178 208
128 152 130 169 132 185 137 201 145 216 155 229 167 239 180 242 192 239 202 229 211 217 218 204 223 191 227 176 230 162 231 147 145 131 153 126 164 125 174 128 182 133 196 134 205 130 214 128 223 131 228 138 189 144 189 155 189 166 189 177 175 181 180 185 186 187 192 186 196 183 155 142 162 140 169 141 174 145 168 146 161 145 199 147 206 143 212 144 217 147 212 150 206 149 163 201 171 198 179 197 185 199 190 198 196 200 201 204 195 212 189 216 183 217 177 216 169 211 167 201 179 202 184 203 190 203 197 204 189 208 183 209 178 207
129 152 130 170 132 186 138 201 146 216 156 229 167 239 180 241 193 239 203 230 213 218 221 205 226 191 231 177 233 162 235 147 147 132 154 126 164 125 174 128 183 133 196 133 205 130 214 128 223 131 228 138 190 144 189 155 189 165 189 176 175 181 180 184 186 187 192 185 196 183 158 144 164 144 170 144 176 146 170 147 164 147 199 148 206 147 211 148 216 149 211 151 205 150 164 201 171 198 179 197 184 199 190 197 196 200 201 204 195 213 189 217 183 218 177 217 170 212 167 202 179 201 184 202 190 202 197 204 189 209 184 210 178 209
128 153 129 170 131 186 137 202 145 216 155 228 166 238 179 240 191 238 201 229 210 218 218 205 224 191 228 177 230 163 231 149 147 133 154 127 164 125 174 129 183 133 196 133 205 130 214 128 223 131 227 138 190 145 189 155 189 166 189 176 175 181 180 184 186 187 192 185 196 183 157 146 164 146 170 146 176 147 170 148 164 148 199 149 206 149 212 150 216 151 211 152 205 152 165 201 172 198 179 196 184 198 190 197 196 200 200 205 195 213 188 217 183 218 177 216 170 211 168 202 179 201 184 202 189 202 196 205 189 209 183 210 178 208
128 153 129 170 132 186 137 202 145 215 155 227 166 236 179 239 190 237 201 229 210 218 218 205 223 192 227 178 230 164 231 150 147 132 154 126 164 125 174 128 183 133 197 133 205 130 214 128 223 131 227 138 190 145 190 155 189 166 189 176 175 181 181 184 186 187 192 185 196 183 157 146 164 146 170 146 175 147 170 148 164 148 199 149 206 149 212 150 216 151 211 153 206 152 165 202 172 197 180 196 185 198 190 197 196 200 201 205 195 213 189 216 183 217 177 216 171 211 169 202 179 201 184 202 190 201 197 205 189 208 184 209 179 208
128 153 129 171 131 187 137 202 146 216 156 227 168 236 180 239 193 237 204 228 213 217 222 204 228 191 232 177 235 163 236 148 147 132 154 127 164 125 174 129 183 134 196 133 205 130 214 128 223 131 228 138 190 145 190 156 189 166 189 176 175 181 181 184 186 187 192 185 197 183 158 146 164 146 170 146 176 147 170 148 164 148 200 149 206 149 212 150 217 151 212 152 206 152 167 202 173 197 180 196 185 198 191 197 196 200 201 205 196 212 190 215 184 216 178 215 172 210 170 202 180 201 185 202 190 202 197 204 190 207 184 208 179 206
128 153 129 170 132 186 138 201 146 215 156 227 167 236 179 238 191 236 201 228 210 217 218 204 224 191 228 177 231 163 232 149 147 132 154 126 164 125 174 129 183 133 196 133 205 130 214 128 222 131 227 137 190 145 190 155 189 166 189 176 175 181 181 184 186 187 192 185 196 183 157 146 164 146 170 146 176 147 170 148 164 148 199 149 206 149 212 150 216 151 211 152 206 151 166 201 173 197 180 196 185 198 190 197 196 199 200 204 195 211 189 214 183 215 178 214 172 209 170 201 180 201 185 202 190 202 197 204 189 206 184 207 179 205
128 154 129 171 132 186 137 201 146 215 156 227 168 236 181 239 193 236 204 228 213 217 222 204 227 191 232 177 234 163 236 149 147 133 155 127 165 126 174 129 183 134 196 133 205 130 214 128 223 131 228 138 190 145 190 156 189 166 189 176 175 182 181 185 186 187 192 186 197 183 158 147 164 147 171 147 176 148 170 149 164 149 199 149 206 149 212 150 217 151 212 153 206 152 167 201 174 198 181 197 185 199 191 197 196 200 201 204 196 211 190 214 184 215 179 214 173 209 171 202 180 202 185 203 190 203 197 204 190 206 185 206 180 205
129 154 130 171 132 186 138 201 146 215 156 227 168 236 180 239 192 237 203 229 213 218 221 205 226 192 231 178 233 163 234 149 148 132 155 127 165 126 174 129 183 133 196 133 205 130 214 128 222 131 227 138 190 145 190 156 189 166 189 177 175 182 181 185 186 187 192 186 197 183 159 147 165 147 171 147 177 148 171 149 165 149 199 150 206 150 212 150 217 152 212 153 206 152 167 201 174 198 181 197 185 199 191 198 196 200 201 204 195 211 189 214 184 214 179 213 173 209 171 201 180 202 185 203 190 202 198 204 190 206 185 207 180 205
128 155 129 172 131 189 137 204 145 219 156 230 168 239 182 242 196 240 207 231 217 219 225 205 230 192 234 177 236 163 237 149 147 133 154 127 164 125 174 129 183 133 196 133 205 131 214 129 223 132 227 139 190 145 190 156 189 166 189 177 176 182 181 185 187 188 192 186 197 184 159 147 165 148 171 147 177 147 171 149 165 149 199 149 206 150 211 151 216 152 211 153 205 152 167 202 174 199 180 198 186 200 191 198 197 200 201 205 196 212 190 215 185 216 179 215 173 211 171 203 180 203 185 203 191 203 198 205 191 207 185 208 180 207
129 155 129 172 132 188 138 203 146 217 156 230 167 239 180 242 193 240 204 231 214 220 223 207 229 194 234 180 236 165 238 151 147 132 155 127 165 126 175 129 183 134 197 134 206 130 215 129 224 132 229 139 190 145 190 156 190 166 189 177 176 182 181 185 187 188 192 186 197 184 158 146 165 146 171 146 177 147 171 149 165 149 200 149 207 149 213 150 218 151 212 152 207 152 165 202 173 198 180 197 185 199 191 198 197 200 202 205 196 213 190 217 184 218 178 217 171 212 169 202 180 202 185 203 190 203 198 205 190 209 184 210 179 209
128 154 130 172 133 188 139 204 147 218 157 231 168 240 182 242 194 240 205 231 215 219 223 207 230 194 234 179 236 165 238 150 147 132 154 127 164 126 174 129 183 133 197 133 206 130 215 129 224 132 229 138 190 145 190 155 189 166 189 177 176 182 181 185 187 188 192 186 197 184 158 145 164 145 170 145 175 146 170 147 164 147 201 148 207 147 213 148 218 150 212 151 207 150 164 201 172 198 180 197 185 199 191 198 197 200 201 204 196 213 190 217 183 218 177 217 170 212 168 202 179 202 185 203 190 202 198 205 190 209 184 210 179 209
128 154 130 171 133 188 139 203 147 217 157 230 169 239 181 242 194 240 205 231 214 220 223 207 229 194 233 179 236 165 237 150 146 131 154 126 165 125 174 129 183 134 197 134 206 130 215 129 224 132 229 139 190 144 190 155 189 166 189 177 176 182 181 185 187 188 192 186 197 184 157 144 163 143 169 143 175 146 169 146 163 146 200 148 207 146 213 147 218 149 213 151 207 150 165 201 172 197 180 196 185 198 191 197 197 200 202 204 196 213 190 217 184 217 178 216 171 210 168 201 179 202 185 203 191 202 198 205 190 208 184 209 179 208
128 153 130 171 132 187 139 203 147 217 157 230 169 239 183 242 195 239 206 230 215 219 223 206 228 192 233 178 235 163 236 148 146 131 154 126 164 126 174 129 183 134 196 134 205 131 214 129 223 132 229 138 190 145 190 156 189 167 189 178 176 182 181 185 187 188 192 186 197 184 156 143 162 142 169 143 175 146 168 146 162 146 200 148 206 145 212 146 218 149 212 150 206 150 165 201 173 197 180 196 185 198 191 197 197 200 202 204 197 213 191 217 184 217 178 216 171 210 169 201 180 201 185 202 191 202 199 204 191 209 185 209 179 208
128 153 130 170 132 187 137 203 146 217 156 229 168 238 181 241 194 239 205 230 214 218 222 205 227 191 231 177 233 162 235 148 145 132 154 127 164 126 174 129 183 134 196 134 205 131 215 129 223 132 228 138 190 144 189 155 189 166 189 178 175 182 181 185 187 188 192 186 197 183 155 143 162 142 168 142 175 146 168 147 161 146 200 148 206 145 213 145 218 148 212 150 206 150 165 200 173 197 180 196 186 198 192 197 197 199 203 204 197 211 191 215 184 215 178 214 171 209 169 201 180 201 185 202 191 202 199 204 191 206 185 207 179 206
128 153 130 171 133 187 139 203 147 217 158 230 169 239 183 242 196 240 206 230 215 218 222 205 228 191 232 177 234 162 235 147 145 132 154 127 164 126 174 129 183 134 196 134 205 131 215 129 224 132 229 139 189 145 189 156 189 166 189 178 175 182 181 185 187 188 192 186 197 184 155 143 162 141 168 142 174 146 168 146 161 146 199 148 206 145 213 145 218 148 212 150 206 150 165 201 172 197 180 196 185 198 191 197 197 199 203 204 197 213 191 217 184 217 178 216 171 211 169 201 180 201 185 202 191 202 199 204 191 208 185 209 179 208
128 153 130 170 132 187 138 202 146 217 156 230 168 239 182 242 195 239 206 230 214 218 222 205 227 191 231 176 233 161 235 146 145 132 153 127 164 126 174 129 182 134 196 134 205 131 214 129 223 132 229 138 189 144 189 155 189 166 189 178 175 182 180 185 186 188 192 186 197 183 155 143 161 141 168 142 175 145 168 146 161 146 200 148 206 144 213 145 218 148 213 150 206 150 165 201 172 197 180 196 185 198 191 197 197 199 202 204 197 213 191 217 184 217 178 216 171 211 168 202 179 202 185 203 191 202 199 204 191 207 185 208 179 207
127 152 129 170 132 187 137 203 146 217 156 230 169 240 182 243 195 240 205 230 213 218 221 205 227 191 231 176 234 161 235 147 145 131 154 127 164 126 174 129 183 134 196 134 205 131 214 129 223 132 229 138 189 144 189 155 189 166 189 178 175 182 181 185 187 188 192 186 197 183 155 143 161 141 169 141 174 145 168 146 161 146 199 147 206 144 212 145 218 148 212 150 206 150 164 201 172 198 180 196 185 198 191 197 197 199 202 204 197 213 190 217 184 217 178 216 171 212 168 202 180 202 185 203 191 203 199 204 190 207 185 208 179 207
128 153 130 170 132 187 138 203 146 218 156 231 168 241 182 244 195 241 205 231 214 219 222 206 228 192 232 177 234 162 235 147 145 131 153 127 164 126 174 129 183 134 196 134 205 131 214 129 223 131 228 138 189 144 189 155 189 166 189 177 176 182 181 185 186 187 192 186 197 183 155 142 162 140 169 141 175 145 168 146 161 145 199 147 206 144 213 144 218 147 213 150 206 149 164 202 171 198 180 196 185 198 191 197 198 199 202 204 197 214 191 219 184 220 178 219 170 213 167 202 179 202 185 202 191 202 199 204 191 210 185 211 179 210
127 153 129 170 132 187 137 203 146 217 156 230 168 240 181 243 194 240 204 230 213 218 221 205 227 191 230 176 232 161 233 147 145 131 154 126 164 125 174 128 183 133 196 133 205 130 215 128 224 131 229 138 190 144 190 155 189 166 189 177 176 181 181 184 187 187 192 185 197 183 155 142 162 139 169 140 175 145 168 146 161 145 199 147 206 143 213 143 218 147 213 149 206 149 164 201 172 197 180 196 185 198 191 196 197 199 202 204 197 214 190 218 184 219 178 218 170 212 167 202 180 201 185 202 191 202 198 204 191 209 185 210 179 209
127 153 129 170 131 187 137 202 145 217 156 231 168 240 182 243 194 240 204 230 213 217 220 204 225 191 228 176 230 162 231 148 145 131 154 126 164 125 174 128 183 133 196 133 205 130 214 128 223 131 228 138 190 144 190 154 190 165 190 177 176 181 181 184 187 187 192 185 197 183 155 142 162 139 169 140 175 145 168 146 161 145 199 147 206 143 213 143 218 147 213 149 206 149 164 201 172 197 180 196 186 198 192 196 197 199 202 203 197 213 191 217 184 218 178 217 170 212 167 202 180 202 185 202 191 202 198 204 191 209 185 209 179 208
128 152 129 169 132 186 138 202 147 217 157 231 168 240 181 243 194 240 204 230 214 217 222 204 228 190 232 176 234 161 235 147 146 130 154 126 164 125 174 128 183 133 197 133 205 130 215 128 224 131 229 137 190 144 190 155 189 166 189 177 176 181 181 185 187 187 192 186 197 183 155 142 162 140 169 140 175 145 168 146 161 145 200 147 206 143 213 143 218 147 213 149 206 149 164 201 172 197 180 196 185 198 191 196 197 199 202 203 197 214 190 219 184 220 178 219 170 213 167 202 180 201 185 202 191 201 199 204 191 211 185 212 179 211
128 153 130 170 132 187 138 202 146 217 156 230 168 240 181 242 194 240 205 230 214 218 222 205 228 191 232 177 234 163 235 148 146 131 154 126 164 125 174 129 183 133 196 133 205 130 214 128 223 131 229 138 190 144 189 155 189 166 189 177 176 182 181 185 187 187 192 185 197 183 155 142 162 139 169 140 175 145 168 146 161 145 200 147 206 143 213 143 218 147 213 149 206 149 164 201 172 198 180 196 185 198 191 197 197 199 202 204 196 212 190 216 184 217 178 216 171 211 167 202 180 201 185 202 191 202 198 204 190 208 184 209 179 208
128 154 129 171 132 187 137 203 146 217 156 230 168 239 182 241 194 238 204 229 213 217 219 204 224 191 228 177 230 163 231 149 145 132 153 127 164 125 174 129 183 134 196 134 205 130 215 129 223 131 228 138 190 144 190 155 190 166 190 177 176 182 181 185 187 187 193 185 197 183 155 142 161 139 169 140 175 145 168 146 161 146 199 147 206 143 213 143 218 147 213 150 206 149 165 202 173 198 181 196 186 198 192 197 197 199 202 204 197 212 191 216 185 217 179 216 171 211 168 202 181 202 186 202 192 202 198 204 191 208 185 209 180 208
128 154 129 171 132 188 138 203 147 218 157 230 169 239 182 241 195 238 205 229 213 217 220 204 225 191 229 177 231 163 233 149 145 132 154 127 164 125 174 129 183 133 197 134 205 131 215 129 223 132 228 138 190 144 190 155 190 166 190 177 176 182 181 185 187 187 193 186 197 183 155 142 162 140 169 140 175 145 168 146 161 146 200 147 206 143 213 144 218 147 213 150 206 150 165 201 173 198 181 197 186 199 192 197 197 199 202 204 197 211 191 215 185 216 179 215 172 210 169 202 181 202 186 203 192 202 198 204 191 207 185 208 180 207
128 153 130 171 133 187 139 203 147 217 157 229 169 238 182 241 195 238 205 229 214 217 222 204 227 191 231 177 233 162 235 147 145 132 153 127 164 126 174 129 183 134 196 134 205 131 215 129 224 132 229 138 190 144 189 155 189 166 189 178 176 182 181 185 187 188 192 186 197 183 155 142 162 140 169 140 175 145 168 146 161 146 200 147 206 143 213 144 218 147 213 150 206 150 165 202 173 198 181 197 186 199 191 197 197 200 202 204 196 212 191 215 185 216 179 215 172 210 169 202 180 202 185 203 191 202 198 204 191 208 185 208 180 207
128 153 130 170 132 186 138 202 146 216 156 229 168 238 181 241 194 238 204 229 213 217 221 204 226 191 230 176 232 162 234 147 145 132 153 127 164 126 174 129 183 134 196 134 205 131 214 129 223 132 229 139 190 144 190 155 190 166 190 178 176 182 181 185 187 188 192 186 197 183 155 142 161 140 169 140 175 145 168 146 161 146 200 147 206 143 213 144 218 147 213 150 206 150 165 202 173 198 181 197 186 199 191 198 197 200 202 204 196 212 190 215 184 215 178 214 172 210 169 202 180 202 185 203 191 203 198 204 191 207 185 208 180 207
128 154 129 171 132 187 138 202 146 217 156 229 168 238 182 241 194 238 204 229 212 217 220 205 225 191 228 177 230 163 232 149 145 132 153 127 164 126 174 129 183 134 196 134 205 131 214 129 223 132 228 139 189 144 189 155 189 166 189 177 176 182 181 185 187 188 192 186 197 183 155 142 161 139 169 140 175 145 168 146 160 146 199 147 206 143 213 144 218 147 213 150 206 150 165 202 173 199 181 197 186 199 191 198 197 200 201 205 196 211 190 215 185 215 179 214 172 210 169 203 180 202 186 203 191 202 198 205 191 207 185 208 180 207
128 153 130 170 132 186 138 202 146 216 156 229 168 238 181 241 194 238 204 229 212 217 219 205 224 191 228 177 230 163 231 149 146 131 154 127 164 126 174 130 183 134 196 134 204 131 214 129 222 132 227 138 190 144 189 155 189 166 189 178 176 182 181 185 187 188 192 186 197 184 155 142 161 140 169 141 174 146 168 146 160 146 199 148 206 144 213 144 217 148 213 150 206 150 165 202 173 199 181 198 186 200 191 198 197 200 201 205 196 212 190 215 185 215 179 214 172 210 169 203 180 203 185 203 191 203 198 205 191 207 185 208 180 207
128 153 129 170 132 186 138 202 147 216 157 228 169 238 182 240 194 237 204 228 213 216 221 204 226 190 230 176 233 162 234 147 145 132 153 127 163 126 173 130 182 134 195 134 204 131 214 129 223 132 228 138 189 144 189 155 189 166 189 178 175 183 181 186 186 188 192 186 197 184 155 142 161 140 169 141 175 146 168 147 160 146 199 148 206 143 213 144 218 147 213 150 206 150 165 203 173 199 181 197 186 199 191 198 196 200 202 205 196 212 190 215 184 216 179 215 172 211 169 203 180 203 185 203 191 203 198 205 190 207 185 208 180 207
128 153 129 170 132 186 138 202 146 216 156 229 168 238 181 241 194 238 204 229 213 216 220 204 225 190 229 176 231 161 232 147 145 132 153 127 163 126 173 130 182 134 195 134 204 131 214 129 223 132 228 138 189 145 189 156 189 166 189 178 175 183 181 186 186 188 192 186 197 184 154 142 161 140 168 141 174 146 167 147 160 146 199 148 206 144 213 144 218 148 213 150 206 150 165 203 173 199 180 198 186 200 191 198 197 201 201 205 196 212 190 215 185 216 179 215 172 211 169 203 180 203 185 204 191 203 198 205 191 207 185 208 180 207
128 153 129 170 132 187 138 202 147 217 157 229 169 238 182 240 194 237 204 228 213 216 221 204 226 190 230 176 232 161 234 147 145 131 153 127 163 126 173 130 182 134 195 135 204 131 213 129 222 132 228 139 189 145 189 156 189 167 189 178 175 183 181 186 186 188 192 187 197 184 154 142 161 140 168 141 174 146 167 147 160 146 199 148 206 144 213 144 218 148 213 151 206 150 165 203 173 199 181 198 186 200 191 198 197 201 201 205 196 212 190 215 185 215 179 214 172 210 169 203 180 203 185 204 191 203 198 205 191 207 185 208 180 207
128 154 129 171 132 188 138 203 146 217 156 229 168 238 181 241 193 238 204 229 213 217 220 204 226 191 229 176 231 162 233 147 145 132 153 127 163 126 173 129 182 134 195 134 204 131 214 129 222 132 228 138 189 144 189 155 189 166 188 178 176 183 181 186 186 188 191 186 196 184 154 142 160 140 168 140 174 146 167 147 160 146 199 148 205 143 212 144 218 147 213 150 206 150 165 203 173 199 180 197 186 199 191 198 196 200 201 205 196 211 190 214 184 215 179 214 172 210 169 203 180 203 185 203 191 203 198 205 190 207 185 207 180 207
127 154 129 171 132 187 138 203 146 217 156 229 168 238 182 240 194 238 205 229 214 217 221 204 227 191 230 176 233 161 234 147 145 132 153 127 163 126 173 129 182 134 195 134 204 131 214 129 223 131 228 138 189 144 188 155 188 166 188 177 176 183 181 185 186 188 191 186 196 184 154 142 161 140 168 140 174 146 167 147 160 146 199 148 205 143 212 143 218 147 213 150 206 150 165 203 173 199 180 197 185 199 191 198 196 200 201 205 196 211 190 214 184 215 179 214 172 210 169 203 180 203 185 203 191 203 198 205 190 207 185 207 180 207
128 154 129 171 132 188 137 203 146 217 156 229 168 238 181 241 194 238 204 230 213 218 221 205 227 191 231 177 233 162 234 148 145 131 153 126 163 126 173 129 182 134 195 134 204 131 213 129 222 131 228 138 189 144 188 155 188 166 188 178 175 182 181 185 186 188 191 186 196 184 154 142 161 140 168 140 174 146 167 147 160 146 198 148 205 143 212 143 217 147 212 150 205 150 165 203 173 199 180 197 185 199 191 198 196 200 201 205 196 211 190 215 184 215 179 214 172 210 169 203 180 203 185 203 190 203 198 205 190 207 185 207 180 206
128 153 129 171 132 187 137 203 146 217 156 229 168 238 181 240 194 238 205 229 214 217 221 204 227 191 230 176 233 162 234 147 145 132 153 127 163 126 173 129 182 134 196 134 204 131 214 129 223 131 228 138 189 144 189 155 188 166 188 177 176 183 181 185 186 188 191 186 196 184 154 142 161 140 168 141 174 146 167 147 160 146 199 148 206 143 213 143 218 147 213 150 206 150 165 203 173 199 180 197 185 200 191 198 196 200 201 205 196 212 190 214 184 215 178 214 172 210 169 203 180 202 185 203 191 203 198 205 190 207 185 208 179 206
128 154 129 171 132 187 138 203 146 217 156 229 168 238 181 241 193 238 203 229 212 217 220 205 225 191 229 177 231 162 232 148 145 132 153 127 163 126 173 130 182 134 195 134 204 131 214 129 223 132 228 138 189 145 189 156 189 167 189 178 176 183 181 186 186 188 192 187 196 184 154 143 161 140 168 141 174 146 167 147 160 147 199 148 206 144 213 144 218 148 213 151 206 150 165 203 173 199 180 198 185 200 191 198 196 201 201 205 196 212 190 215 184 215 178 214 172 211 169 203 180 203 185 204 191 203 198 205 190 207 185 208 180 207
128 153 130 170 132 186 138 202 146 216 156 228 167 238 181 240 193 238 203 229 212 217 219 205 225 191 228 177 231 162 232 148 145 132 153 127 164 126 174 130 183 134 196 135 205 131 214 130 223 132 229 139 189 145 189 156 189 167 189 178 176 183 181 186 186 188 192 187 196 184 154 143 161 140 168 141 174 146 167 147 160 147 199 148 206 144 213 144 218 148 213 151 206 151 165 203 173 200 181 198 186 200 191 199 196 201 201 205 196 212 190 215 184 215 179 214 172 210 169 203 180 203 185 204 191 203 198 205 191 207 185 208 180 207
128 154 129 170 132 187 138 203 146 217 157 229 168 238 182 241 194 239 204 230 213 218 220 205 225 191 229 177 231 163 232 148 145 132 153 127 164 126 174 130 182 134 196 134 205 131 214 130 223 132 228 139 189 145 189 156 189 166 189 178 176 183 181 186 186 188 192 187 196 184 155 143 161 140 168 141 174 146 167 147 160 147 199 148 206 144 213 144 218 148 213 151 206 151 166 203 173 199 181 198 186 200 191 198 196 201 201 205 196 212 190 215 184 215 179 214 172 210 169 203 180 203 185 204 191 203 197 205 190 207 185 208 180 207
128 153 129 170 132 186 137 203 145 217 156 230 169 239 183 242 197 240 209 231 219 219 227 205 232 191 235 176 237 161 238 147 145 132 153 128 164 126 174 130 183 135 196 135 204 132 214 130 223 132 229 139 189 145 189 156 189 167 188 179 176 183 181 186 186 189 191 187 196 184 155 142 161 140 168 141 175 146 167 147 160 146 200 148 206 144 214 144 219 148 214 151 207 150 166 203 173 199 180 198 186 200 191 198 197 201 202 206 196 212 191 214 185 215 179 214 172 210 170 203 180 203 185 204 191 203 198 205 191 207 185 208 180 207
128 154 129 171 131 187 137 203 146 218 156 230 169 239 182 242 196 240 207 232 217 220 226 207 232 193 236 178 238 164 239 149 146 132 154 127 165 126 174 130 183 135 196 134 205 131 214 129 223 132 228 138 189 146 189 156 189 167 188 178 176 183 181 186 187 189 192 187 196 185 157 144 162 142 169 142 175 146 168 148 162 147 200 148 206 145 213 145 218 148 213 151 207 151 166 203 173 200 180 198 185 200 191 198 197 201 202 206 197 212 191 215 185 215 179 214 172 210 169 203 180 203 185 204 191 204 199 205 191 207 185 208 180 207
128 154 130 171 132 187 138 203 146 217 157 230 169 238 182 241 194 238 205 230 214 218 222 205 227 191 231 177 233 162 234 148 146 132 154 127 164 126 174 130 183 134 196 134 205 131 214 130 223 132 228 138 189 145 189 156 189 167 189 178 176 183 181 186 187 188 192 187 197 184 155 143 162 141 169 142 175 147 168 148 161 147 199 148 206 144 213 145 218 148 213 151 206 151 165 203 173 199 181 198 186 200 191 198 197 201 201 205 196 212 190 215 185 215 179 214 172 210 169 203 180 203 185 204 191 204 198 205 191 207 185 208 180 207
128 153 130 170 132 187 137 203 146 218 156 230 169 239 183 241 196 239 208 231 217 218 225 205 230 191 234 177 236 162 237 148 145 132 153 128 164 127 174 130 183 134 196 134 205 131 214 130 223 132 229 138 189 145 189 156 189 167 189 178 176 183 181 186 187 189 192 187 197 184 155 143 161 141 168 142 175 146 167 148 160 147 200 148 207 145 214 145 219 148 214 151 207 150 165 203 173 200 180 198 186 200 192 199 198 201 203 206 197 212 191 215 185 215 179 214 172 210 169 203 180 203 186 204 191 204 199 205 192 207 186 208 180 207
127 153 128 170 131 186 136 203 144 218 156 230 169 239 183 242 196 239 208 230 217 218 225 205 231 191 234 176 236 161 237 147 146 132 154 127 165 126 174 130 183 134 196 135 205 132 214 129 223 132 229 138 190 145 189 156 189 167 189 178 176 183 181 186 187 188 192 187 197 184 156 143 162 142 168 142 175 146 168 147 161 147 200 148 207 145 213 145 218 148 213 151 207 150 165 203 173 199 180 198 186 200 192 198 198 201 203 205 197 212 191 215 185 215 179 214 172 210 170 203 180 203 186 204 191 204 199 205 192 207 186 207 180 206
