149 169 154 183 159 198 167 212 176 225 187 235 199 243 213 244 226 239 237 228 246 215 253 200 257 184 258 167 258 151 256 135 155 144 161 137 170 134 179 135 188 137 202 133 210 128 220 123 230 124 239 129 197 146 199 157 200 167 201 179 193 187 198 189 203 190 209 187 213 183 167 151 172 147 179 146 186 150 179 153 172 154 211 146 217 140 224 138 231 141 226 145 218 147 189 209 194 204 200 200 206 201 211 199 218 200 225 204 220 213 214 217 208 219 202 219 195 216 193 209 201 205 206 205 212 204 221 204 212 210 207 212 201 211
152 169 156 184 161 199 168 213 177 225 188 236 200 244 214 245 226 240 237 229 246 215 253 200 257 184 258 167 257 151 256 135 156 143 162 136 170 133 180 135 189 137 202 133 211 128 220 123 231 124 239 129 198 146 199 157 200 168 201 179 193 187 198 189 204 190 209 187 214 183 168 152 172 147 180 146 187 151 180 153 173 154 212 147 217 140 225 138 231 141 227 146 219 147 189 209 194 204 200 201 206 202 212 199 219 200 226 204 221 214 214 218 208 220 202 220 196 217 193 209 201 206 207 205 212 204 222 205 213 211 207 213 202 212
151 170 155 185 160 200 168 213 177 226 188 236 200 244 214 245 227 240 238 229 248 216 255 201 259 185 260 168 259 152 257 135 156 144 161 137 170 134 180 135 189 137 203 134 211 128 220 124 231 124 240 129 198 146 199 157 200 168 201 179 193 187 198 189 204 190 209 187 214 183 167 151 172 147 179 146 186 150 180 153 173 154 212 146 218 140 225 138 232 141 227 146 220 147 190 209 195 204 201 201 206 202 212 199 219 200 226 204 221 214 214 219 208 220 202 220 196 217 194 209 202 206 207 206 213 204 222 205 213 211 207 213 202 212
152 171 156 186 161 200 168 214 177 226 188 236 200 243 213 244 226 239 236 228 245 215 252 201 256 185 256 169 255 153 254 137 156 144 161 137 170 134 180 135 189 137 203 133 211 128 220 124 231 124 239 129 198 146 199 157 200 167 202 179 194 187 199 189 204 190 209 187 214 183 167 152 172 147 179 146 186 151 180 154 172 155 212 147 217 140 225 138 231 141 227 146 219 147 189 209 194 204 201 201 206 201 212 199 219 200 226 204 221 214 215 219 209 220 203 220 196 217 193 209 202 205 207 205 212 204 222 205 213 211 208 213 202 213
153 171 156 186 161 201 168 214 178 226 189 236 201 243 214 244 227 239 237 228 246 216 252 201 256 185 256 169 255 153 254 136 156 145 161 138 170 134 180 135 189 137 203 133 211 128 221 124 231 124 240 129 198 146 199 157 200 167 202 179 194 186 199 188 204 190 209 187 214 183 167 152 172 147 180 146 187 151 180 153 173 155 212 147 218 140 225 138 232 141 227 146 220 147 190 209 195 204 201 200 206 201 212 199 219 200 226 204 221 213 214 218 209 219 203 219 196 216 194 209 202 205 207 205 212 204 223 204 213 211 207 212 202 212
151 169 155 184 160 199 168 213 177 225 188 236 201 243 214 244 227 239 238 228 247 215 254 200 258 184 259 168 258 152 256 136 156 144 161 137 170 134 180 135 189 137 203 134 211 128 221 124 231 125 240 130 198 146 199 157 200 168 202 179 194 187 198 189 204 190 209 187 214 183 167 151 172 147 180 146 186 150 180 153 173 154 212 146 218 140 225 138 232 141 227 146 219 147 190 209 195 204 201 201 206 201 212 199 219 200 226 204 221 213 215 218 209 219 203 219 196 216 194 209 202 206 207 205 213 204 222 205 213 210 208 212 202 212
152 171 156 185 161 200 168 214 178 226 188 235 200 242 214 243 226 238 237 228 246 215 253 201 256 185 257 169 256 153 255 137 156 144 161 137 170 134 180 135 189 137 203 133 211 128 221 124 232 124 240 130 198 146 199 157 200 167 202 179 193 186 198 188 204 189 209 187 214 183 167 152 172 147 180 146 187 151 180 154 173 155 212 146 218 140 225 138 232 141 227 146 219 147 190 209 195 203 201 200 206 201 211 199 219 200 226 204 220 213 214 217 208 219 202 219 196 216 194 209 201 205 207 205 212 204 222 204 212 210 207 211 202 211
153 171 156 186 161 201 169 215 178 226 189 236 201 243 213 244 226 239 236 228 244 215 250 201 254 186 254 170 253 154 252 138 157 144 162 137 170 134 180 134 189 137 203 133 211 128 221 123 231 124 240 129 198 146 200 156 201 167 202 179 194 186 199 188 204 189 210 186 214 183 167 152 172 147 180 146 187 151 180 154 173 155 212 147 218 140 225 138 231 141 227 146 220 147 190 209 195 204 201 200 207 201 212 199 219 200 226 204 221 213 215 218 209 219 203 219 196 216 194 209 202 205 207 205 213 204 222 204 213 211 208 212 202 212
153 172 156 187 161 201 169 215 178 227 189 236 201 243 214 244 226 239 236 229 245 216 251 202 255 186 255 170 254 154 253 138 157 144 161 137 171 134 180 135 190 137 203 133 211 128 221 123 231 124 240 129 198 145 199 156 201 167 202 179 194 187 199 188 204 189 209 187 214 183 167 152 172 147 180 146 187 151 180 153 173 154 212 146 218 140 225 138 232 141 227 145 219 147 190 209 195 204 201 200 206 201 212 199 219 200 226 204 221 213 215 218 209 220 203 220 196 216 194 209 202 205 207 205 213 204 223 204 213 210 208 212 202 212
153 171 157 186 162 200 169 214 179 226 189 236 201 243 214 243 227 238 237 228 246 215 252 201 256 186 256 169 255 153 253 137 157 144 162 137 171 134 180 135 189 137 203 133 211 128 221 123 232 124 240 129 198 146 199 157 201 167 202 179 194 186 199 188 204 189 209 186 214 183 168 152 173 147 180 146 187 151 180 153 173 154 213 146 218 140 226 138 232 141 227 146 220 147 190 209 195 203 201 200 207 201 212 199 219 200 226 204 221 213 215 217 209 219 203 219 196 216 194 209 202 205 207 205 213 204 223 204 213 210 208 211 202 211
153 172 156 186 161 201 169 214 178 226 189 235 200 243 213 243 225 239 235 229 244 216 251 202 254 186 255 170 254 154 253 138 157 144 162 137 171 134 180 135 190 137 203 133 211 128 221 124 231 124 240 129 198 146 200 157 201 168 202 179 194 186 199 188 204 189 209 187 214 183 167 152 172 147 180 146 187 151 180 153 173 154 213 146 218 140 226 138 232 141 227 146 220 147 190 209 195 204 201 200 207 201 212 199 219 200 226 204 221 213 214 218 209 219 203 219 196 216 193 209 202 205 207 205 212 204 222 204 213 210 208 211 202 211
152 171 155 185 160 200 167 214 177 225 188 235 200 243 213 243 226 239 236 228 245 215 252 202 255 186 255 170 254 154 253 139 157 143 162 137 171 134 181 135 190 137 203 134 211 128 221 124 231 124 239 129 199 146 200 157 201 168 202 179 194 187 199 189 204 190 210 187 214 183 167 152 173 147 180 146 187 151 180 153 173 154 212 147 218 140 226 138 232 141 227 146 220 147 190 209 195 203 201 200 207 201 212 199 219 200 226 204 221 213 215 217 209 219 203 219 196 216 194 209 202 205 207 205 213 204 222 204 213 210 208 211 202 211
153 172 157 187 162 201 169 215 178 227 189 236 201 243 214 243 226 239 237 229 246 216 252 201 255 186 256 170 254 154 253 139 157 145 162 137 171 134 181 134 190 137 204 133 212 128 221 124 231 124 240 129 199 146 200 156 201 167 203 178 194 187 199 189 205 190 210 187 215 183 168 152 172 147 180 146 187 151 180 153 173 154 213 147 218 140 226 138 232 141 227 146 220 147 190 209 195 203 201 200 207 201 212 198 219 200 226 204 221 213 215 217 209 219 203 219 196 216 194 209 202 205 207 205 213 204 222 204 213 210 208 211 202 211
152 170 155 185 161 199 168 213 177 225 188 236 200 243 213 244 226 239 237 229 246 216 253 202 257 186 258 169 257 153 256 137 156 144 162 137 171 134 181 135 190 137 203 134 211 128 221 124 231 124 240 129 198 146 200 157 201 168 202 179 194 186 199 189 204 190 210 187 215 183 168 152 173 147 180 146 187 151 180 153 173 154 213 147 218 140 226 138 232 141 227 146 220 147 190 209 195 203 201 200 207 201 212 198 219 199 226 204 221 213 215 217 209 219 203 219 196 216 194 209 202 205 207 205 213 204 222 204 213 210 208 211 202 211
152 172 156 186 161 201 168 214 177 226 188 235 201 242 214 243 226 238 236 228 245 215 251 202 255 187 255 171 255 155 254 140 157 144 162 137 171 133 181 134 190 137 204 133 212 128 221 124 232 124 240 129 199 146 200 157 201 168 203 179 194 186 199 188 205 189 210 186 215 183 168 152 173 147 180 146 187 151 180 153 173 154 213 147 218 140 226 138 232 141 227 146 220 147 190 209 195 203 201 200 207 200 212 198 219 199 226 203 221 212 215 217 209 218 203 218 196 216 194 208 202 205 208 205 213 203 222 204 213 210 208 211 202 211
152 170 155 185 161 200 168 214 178 226 189 236 201 243 214 244 227 238 238 228 247 215 254 200 258 184 259 168 258 152 257 136 157 143 162 136 171 133 181 134 190 137 203 133 212 128 221 123 232 124 240 129 199 145 200 156 201 167 203 178 194 186 199 188 205 189 210 186 215 182 168 151 173 146 180 146 187 150 181 153 173 154 213 146 218 139 226 138 232 141 227 145 220 146 189 209 195 203 201 199 207 200 212 198 219 199 226 203 221 213 215 218 209 219 203 219 196 217 193 208 202 205 207 205 213 203 223 203 213 209 208 211 202 211
152 172 156 187 161 202 169 215 178 227 189 237 201 244 214 244 227 239 237 229 246 216 252 201 256 186 256 170 255 154 254 138 157 144 162 136 171 133 181 134 190 136 204 133 212 127 222 123 232 124 240 129 199 145 200 156 201 166 203 177 194 185 199 187 205 188 210 185 215 182 168 151 173 146 180 146 187 150 180 153 173 154 213 146 218 139 226 138 232 141 227 145 220 146 189 208 194 202 201 199 207 199 212 197 220 198 227 202 222 212 215 217 209 219 203 219 196 216 193 208 202 205 207 204 213 203 224 203 213 208 208 209 202 210
152 170 156 186 161 201 168 215 178 227 188 237 201 244 214 245 226 240 237 229 245 216 252 202 256 187 256 170 255 154 254 138 157 143 162 136 171 132 180 133 190 136 204 132 212 127 222 123 232 123 241 129 199 145 200 155 201 166 203 178 194 185 199 187 205 188 210 185 215 182 168 150 173 146 180 145 187 149 181 152 173 153 213 145 218 139 226 137 232 140 227 145 220 146 188 208 194 202 200 198 207 199 212 196 220 198 228 202 222 212 215 217 209 219 203 219 195 216 192 208 201 204 207 204 213 202 224 203 214 208 208 210 202 210
152 170 156 185 161 200 168 214 177 226 188 237 200 245 214 245 227 240 237 229 245 216 252 202 255 187 256 171 255 155 254 139 157 143 162 136 171 132 181 133 190 136 203 132 212 127 221 123 232 123 240 129 199 144 200 155 201 166 202 177 194 185 199 186 204 187 210 185 215 181 168 151 173 146 180 145 187 149 180 152 173 153 213 145 218 139 225 138 231 140 227 145 220 146 188 207 193 201 200 197 206 198 212 196 220 197 228 202 222 212 215 216 209 218 202 218 194 215 191 207 201 203 207 203 213 202 224 202 214 207 207 209 201 209
152 170 156 185 160 200 167 214 177 226 188 237 200 244 215 244 228 239 239 228 247 215 254 200 257 185 257 169 256 153 255 137 157 143 162 135 171 132 181 133 190 136 203 132 211 127 221 123 231 123 240 128 199 144 200 155 201 166 203 177 194 184 199 186 205 187 210 184 215 181 168 151 173 146 180 145 187 149 180 152 173 153 213 145 218 139 226 138 232 140 227 144 220 146 188 207 193 201 200 197 206 198 213 196 221 197 228 202 223 212 216 216 209 218 202 218 194 215 191 206 201 203 207 203 213 202 224 202 214 207 208 209 201 209
152 170 156 185 161 200 169 214 178 226 189 236 201 244 214 244 227 239 237 228 245 215 252 201 255 186 255 170 254 154 253 138 157 142 162 135 171 132 180 133 190 136 203 132 212 127 221 122 231 123 239 128 199 144 200 155 201 166 203 178 194 184 199 186 205 187 210 184 215 181 168 150 172 146 179 145 186 149 180 151 173 152 213 145 218 139 226 138 232 140 227 144 220 145 187 207 193 201 200 198 206 198 212 196 220 197 228 201 222 212 215 217 208 219 202 219 194 216 191 206 201 203 207 203 213 202 224 202 213 209 207 210 201 211
151 169 155 185 161 200 168 214 178 226 188 237 201 245 214 245 227 240 237 228 245 215 251 200 254 185 255 169 254 153 253 137 157 143 162 135 171 132 180 133 190 136 203 132 212 127 221 122 231 123 240 129 198 144 200 155 201 166 202 177 194 184 199 186 204 187 210 185 215 181 167 151 172 147 179 146 186 149 180 151 173 153 212 145 218 140 225 138 231 140 226 144 219 145 187 207 193 201 200 198 206 199 212 196 221 197 228 201 223 212 215 217 209 219 202 219 194 216 191 206 201 203 207 203 213 202 224 202 214 209 208 210 201 210
151 169 155 184 160 199 167 213 176 226 187 237 199 245 213 245 226 240 237 229 245 216 252 201 255 186 256 169 255 153 254 137 157 142 162 135 171 132 180 133 189 136 203 132 212 126 221 122 232 123 240 129 198 144 199 155 201 166 202 178 193 185 198 187 204 188 209 185 214 181 167 152 172 148 179 147 186 149 180 152 173 153 212 145 218 141 225 140 231 141 226 144 219 145 187 207 192 201 199 198 206 199 212 196 220 197 227 201 222 212 215 217 208 218 202 218 194 216 191 206 200 204 206 204 213 202 224 202 213 208 207 210 201 210
151 166 155 181 160 197 167 210 176 222 186 233 198 242 211 243 224 238 234 228 243 215 250 200 255 185 256 168 255 152 254 136 158 143 162 135 171 132 180 133 189 135 203 132 211 126 221 122 231 123 239 128 199 145 200 155 201 166 202 177 193 184 198 186 204 187 209 185 214 181 170 153 175 152 181 150 188 150 182 152 176 154 212 146 217 144 223 143 229 143 224 146 218 146 187 206 193 201 200 198 206 199 211 197 219 198 226 201 220 211 214 215 208 217 201 217 194 214 191 206 200 203 206 203 212 202 222 202 212 207 207 208 201 208
151 163 155 178 159 193 165 206 174 219 185 230 197 239 211 240 224 236 235 226 244 213 251 199 255 183 256 167 255 150 254 134 158 143 163 135 171 132 181 133 190 136 203 132 211 126 221 122 231 123 239 129 199 145 200 156 201 166 202 177 193 184 198 186 204 187 210 184 215 181 171 154 176 154 182 152 189 151 183 154 177 155 211 147 217 146 223 145 229 144 224 147 218 148 187 205 193 201 199 199 205 200 211 197 218 198 226 200 220 208 213 212 207 213 201 213 194 210 191 205 200 204 206 204 212 202 222 201 212 205 206 206 200 206
151 168 154 183 159 197 165 210 174 222 185 232 197 239 210 241 224 236 235 227 244 214 251 200 255 185 255 169 254 152 252 137 157 143 162 136 171 132 180 133 189 136 203 132 211 126 221 122 230 123 238 129 198 146 200 156 201 167 202 177 193 185 198 187 204 188 210 185 215 181 170 156 175 154 181 153 189 152 182 155 176 156 211 148 217 147 223 146 229 146 223 149 217 149 188 206 194 202 200 199 206 200 211 198 218 198 226 201 219 208 213 212 207 213 201 213 194 210 191 205 201 204 206 205 212 203 222 202 212 205 206 206 201 206
152 168 155 183 160 197 166 211 175 223 186 233 197 240 211 241 224 237 234 227 243 214 250 199 254 184 255 167 254 151 253 135 157 144 162 136 170 133 180 134 189 136 203 133 211 127 220 123 230 124 238 129 198 146 200 157 201 167 202 178 193 185 198 187 204 188 210 185 215 182 170 156 175 155 181 153 188 153 182 155 176 157 211 148 217 147 223 146 229 146 224 149 217 149 188 206 193 202 200 199 206 200 211 198 218 199 225 201 219 209 213 213 207 215 201 214 194 212 192 206 201 204 206 204 211 203 221 202 211 206 206 208 201 208
151 168 154 183 159 197 166 210 175 222 186 233 197 241 210 242 223 238 234 227 243 214 250 200 255 185 256 168 255 152 254 136 157 144 161 136 170 132 179 134 189 136 203 133 211 127 221 123 231 124 238 129 198 147 199 157 201 167 202 178 192 185 198 187 204 189 210 185 215 182 169 156 175 155 181 153 189 153 182 156 176 157 211 149 217 147 223 146 229 146 223 149 217 150 187 206 193 202 200 199 205 200 210 198 218 198 225 202 219 211 213 216 207 217 201 217 194 213 192 206 200 204 206 204 211 202 221 202 211 208 206 210 201 209
150 167 154 182 158 197 165 211 175 224 186 235 198 243 212 244 225 239 236 228 246 215 253 200 258 185 259 168 258 151 257 135 156 143 161 136 169 132 179 133 188 136 202 133 211 127 221 123 231 124 240 129 198 146 199 157 200 167 201 179 192 185 198 187 203 189 209 186 214 182 169 155 174 154 180 152 187 151 181 154 175 156 212 147 217 146 223 145 230 144 224 147 218 148 187 207 193 202 199 199 205 200 211 197 218 198 225 202 219 211 213 216 207 218 201 218 194 214 191 207 200 204 206 204 211 202 221 203 211 208 206 209 200 209
151 169 155 184 159 199 166 212 176 225 187 236 199 244 212 245 226 240 236 229 245 216 252 201 256 186 257 169 256 152 255 136 156 143 161 135 169 132 179 133 188 136 203 132 211 127 221 123 231 123 239 129 198 145 199 156 200 167 202 178 193 185 198 187 204 188 209 185 214 182 168 154 173 153 179 151 186 151 180 154 174 155 212 147 217 145 223 144 230 144 224 147 218 148 188 208 193 202 199 199 205 200 211 197 219 198 225 203 220 212 214 217 207 219 201 219 194 216 192 208 200 204 206 204 212 203 221 203 212 208 206 209 201 209
151 169 155 184 160 200 167 213 177 226 188 237 200 244 214 245 227 240 238 229 247 215 254 200 259 185 260 168 258 151 256 135 156 142 161 135 170 132 179 133 188 136 203 132 211 127 221 123 231 123 239 128 197 146 199 156 200 167 201 178 192 185 198 187 203 188 209 185 214 182 168 153 173 151 179 150 186 150 180 153 174 155 212 146 217 144 224 143 230 143 225 146 219 147 187 208 193 202 199 199 205 200 211 197 219 198 226 202 221 212 214 217 208 219 202 219 194 216 191 207 200 204 206 204 212 203 222 203 212 208 206 210 201 210
151 168 155 184 160 199 167 212 176 224 187 235 199 243 212 244 225 240 236 229 245 216 253 201 258 186 259 169 258 152 256 136 156 142 161 135 170 132 179 133 188 136 203 132 211 127 221 123 231 124 240 129 197 146 199 156 200 167 201 178 192 185 198 187 203 188 209 185 214 182 168 153 173 151 179 150 186 151 180 153 174 155 212 147 217 143 224 142 231 143 225 146 219 147 187 208 193 202 200 198 205 199 211 197 219 198 226 202 221 212 214 217 208 218 202 219 195 216 191 207 200 204 206 204 212 203 222 203 212 208 207 209 201 209
151 169 155 184 160 199 167 213 176 225 187 235 199 243 213 243 226 238 236 227 245 214 252 200 256 185 257 169 256 153 255 137 157 143 161 136 170 132 179 133 188 136 203 133 211 127 221 123 231 124 240 129 197 145 199 156 200 167 201 178 192 185 198 187 203 189 209 185 215 182 168 154 172 151 179 150 186 151 180 153 174 155 212 146 218 143 224 142 231 143 225 146 219 147 187 208 193 202 199 198 206 199 212 197 219 198 226 202 221 211 214 215 208 217 201 217 194 215 192 207 200 204 206 204 212 202 222 202 213 207 207 209 201 209
151 170 155 185 160 199 167 213 176 224 187 234 199 241 212 242 225 237 236 227 245 214 252 200 256 185 257 169 256 153 255 137 156 143 161 136 170 133 180 134 189 137 203 133 212 128 221 123 232 124 240 129 198 145 199 156 200 168 202 179 192 186 198 188 204 189 210 186 215 182 167 154 172 151 179 150 186 151 180 153 173 155 212 146 218 143 224 142 231 143 225 146 219 147 188 208 194 202 200 199 206 199 212 197 219 197 226 202 220 209 214 213 208 215 202 215 195 213 192 207 201 204 207 204 212 202 222 202 213 205 207 207 201 207
151 170 155 184 160 199 166 212 176 224 187 234 199 242 213 242 226 237 236 227 245 215 252 201 256 185 257 169 256 153 255 137 156 144 161 137 170 133 179 134 188 136 203 133 212 128 221 124 232 124 240 130 198 145 199 157 201 168 202 180 193 186 198 188 204 189 210 186 215 182 167 154 172 152 179 150 186 151 180 154 173 155 212 147 218 144 224 143 231 143 226 146 219 147 188 207 193 201 200 198 206 199 212 196 220 197 227 201 222 210 215 215 208 217 202 218 194 215 192 207 200 203 207 203 213 201 223 201 213 208 207 210 201 210
152 168 156 183 160 198 167 212 176 224 187 235 200 243 214 243 227 238 238 227 247 214 254 200 258 184 258 168 257 152 256 136 157 144 161 137 170 133 180 135 189 137 203 134 211 128 221 124 232 125 240 130 198 146 199 157 200 169 201 180 192 186 198 189 204 190 210 186 215 182 168 154 173 152 179 151 186 151 180 154 174 155 212 147 218 144 224 143 231 143 225 146 219 147 188 208 193 202 200 199 206 199 212 197 220 197 227 201 222 210 215 216 208 218 201 218 194 215 192 207 200 203 207 203 213 201 223 201 213 208 207 210 201 210
152 167 155 182 160 197 167 211 176 224 188 235 200 243 214 243 227 238 237 227 246 214 253 200 257 184 257 168 256 151 255 135 157 145 161 137 170 133 179 135 188 137 203 133 211 128 221 124 231 125 240 130 198 146 199 157 200 168 202 180 192 186 198 188 204 189 210 186 215 182 169 156 174 155 180 153 187 152 181 155 175 156 212 147 217 146 223 145 230 145 224 147 218 148 188 208 194 202 200 199 206 199 212 197 220 197 227 201 222 209 215 214 209 215 202 216 195 213 193 207 201 204 207 204 213 202 223 202 214 206 207 208 201 208
152 168 155 183 160 198 167 211 176 223 187 233 199 240 213 240 226 236 237 226 247 213 254 199 258 184 258 168 257 151 255 135 157 145 162 137 170 134 180 135 189 138 202 134 210 128 220 124 231 125 239 131 197 147 199 158 200 168 201 179 191 186 197 188 204 189 210 186 215 182 169 156 175 156 181 154 188 153 182 156 176 157 211 148 216 147 222 147 229 145 223 148 217 149 187 206 193 201 199 198 205 199 212 196 219 196 227 199 221 206 214 210 208 212 201 212 194 210 190 206 200 204 206 204 212 202 223 200 213 203 207 205 200 205
152 170 156 184 161 199 167 212 176 224 186 234 199 241 212 242 226 237 237 227 246 215 254 201 258 185 258 169 257 153 255 137 158 144 162 137 170 133 179 134 188 137 202 133 210 128 220 124 230 125 238 130 197 147 198 158 199 168 200 179 192 186 197 188 203 189 209 186 215 182 170 157 176 156 181 154 189 153 183 156 177 158 210 149 216 148 222 147 229 146 223 149 217 150 187 206 193 201 199 198 205 199 211 197 219 197 226 200 220 207 214 211 207 213 201 213 194 211 191 206 200 204 206 204 212 202 223 201 212 204 206 206 200 206
151 169 155 183 160 198 167 211 176 224 187 234 199 242 212 243 226 238 237 228 247 215 255 200 260 184 260 168 259 151 257 136 157 144 161 136 170 133 179 134 188 137 202 133 210 128 220 123 230 124 238 129 197 147 198 158 199 168 200 179 192 186 197 188 203 189 209 186 214 182 170 157 176 155 181 154 188 153 183 156 177 157 211 149 216 147 222 146 229 146 223 149 217 149 188 207 193 201 199 198 205 199 211 197 219 197 226 201 220 210 213 215 207 217 201 217 194 214 192 207 200 204 206 204 212 202 221 202 212 207 206 209 201 209
151 168 155 183 160 198 167 211 176 223 187 234 199 242 212 242 226 238 236 227 246 214 253 200 257 184 257 168 256 152 255 136 157 144 161 136 169 133 179 134 188 137 202 133 211 127 220 123 230 124 238 129 197 146 199 157 200 167 201 179 192 185 197 187 203 188 209 185 214 182 169 156 175 155 181 153 188 152 182 155 176 157 211 148 216 147 222 146 229 145 223 148 217 149 188 207 193 201 199 198 205 199 211 197 219 197 226 201 220 210 214 215 207 217 201 217 194 214 192 207 200 203 206 203 212 202 222 202 212 207 206 209 200 209
152 169 155 184 160 198 167 212 175 224 186 234 198 242 212 242 226 238 238 228 247 215 255 200 259 184 259 168 257 152 255 136 157 144 161 136 169 133 178 134 188 136 201 133 210 127 220 123 230 123 238 129 197 146 198 157 199 167 200 178 191 185 197 187 203 189 209 185 214 182 169 156 175 154 181 153 188 152 182 155 176 157 210 148 216 146 222 145 229 145 223 148 217 149 188 207 193 201 199 198 205 199 211 197 219 197 226 201 220 210 214 216 207 217 201 217 194 214 192 207 200 203 206 203 212 202 221 202 212 208 206 209 200 209
151 169 154 184 160 199 166 212 176 224 187 234 199 242 212 242 225 238 236 227 245 215 253 200 257 185 258 168 257 152 255 135 156 144 160 136 169 133 178 134 188 137 201 133 210 127 220 123 230 124 239 129 197 146 198 157 199 167 200 178 192 185 197 187 203 188 209 185 214 182 168 156 174 154 180 152 187 152 181 155 175 157 211 147 216 146 223 145 229 144 224 147 217 148 188 207 193 201 199 198 205 199 211 197 219 197 226 201 220 211 213 216 207 217 201 217 194 214 192 207 200 203 206 203 212 202 221 202 212 208 206 210 200 209
151 169 154 184 159 198 166 212 176 224 186 234 198 242 211 242 225 238 235 227 244 214 251 199 255 184 255 168 254 152 253 136 156 144 160 136 168 133 178 134 187 136 202 133 210 127 220 123 230 123 238 129 197 146 198 156 199 167 201 178 192 185 197 187 203 188 209 185 214 181 167 155 172 154 178 152 186 151 180 155 174 156 211 147 216 145 222 144 229 144 223 147 217 148 188 207 193 202 199 199 205 200 211 197 218 198 225 201 220 210 213 214 207 216 201 216 195 214 192 207 200 204 206 204 212 202 221 202 212 206 206 208 200 208
152 171 155 185 160 200 167 213 176 225 187 235 198 243 212 243 225 239 236 228 245 215 252 201 256 185 256 169 255 152 254 136 156 144 160 136 168 133 178 134 187 136 202 133 210 127 220 123 230 123 238 129 197 146 198 157 199 167 200 178 192 185 197 187 203 188 208 185 213 182 168 156 173 154 179 152 186 152 180 155 174 157 210 148 216 145 222 144 229 144 223 148 217 149 188 208 193 202 199 199 205 200 210 197 218 198 225 202 220 211 213 216 208 217 202 217 195 214 193 207 200 204 206 204 211 203 221 203 212 207 206 209 201 209
150 169 153 184 158 199 166 213 175 225 186 235 198 243 212 244 225 239 236 229 246 215 253 201 258 185 259 168 258 151 256 135 155 144 160 136 169 133 178 134 188 137 202 133 210 128 220 123 230 124 238 128 197 146 198 157 199 168 201 179 192 186 197 188 203 189 209 186 214 182 168 155 173 154 179 152 186 152 180 155 174 156 211 147 216 145 223 144 229 144 224 147 218 148 189 208 194 203 200 200 206 200 211 198 218 198 225 202 220 211 214 216 208 218 202 218 195 215 193 208 201 205 206 205 212 203 221 203 212 208 207 210 201 210
151 169 155 183 159 198 166 211 175 224 186 234 198 241 211 242 224 238 236 228 245 215 252 200 256 185 257 168 255 151 254 135 156 145 160 137 168 133 178 134 187 137 202 133 210 127 220 123 230 123 238 128 197 146 198 157 199 167 201 178 192 186 197 188 203 189 209 186 214 182 168 156 173 154 179 152 186 152 180 155 174 157 211 148 217 146 223 145 229 144 224 148 218 149 188 208 194 203 200 200 205 201 211 198 218 199 225 202 219 210 213 214 208 216 202 216 195 214 192 208 201 205 206 205 211 203 221 203 212 207 206 208 201 208
151 170 155 184 160 199 166 212 175 224 186 234 198 241 211 242 225 237 236 227 245 215 252 200 255 185 256 168 254 152 253 136 156 144 160 137 169 133 178 134 188 137 202 133 210 128 220 123 230 124 238 129 197 146 199 157 200 167 202 178 192 186 198 188 204 189 209 186 214 182 168 156 173 154 179 153 186 153 180 156 174 157 211 148 216 146 223 145 229 145 224 148 218 149 189 209 194 203 200 200 205 201 211 198 218 199 225 202 220 209 213 213 208 215 202 215 195 213 193 208 201 205 206 205 212 203 221 203 212 206 207 208 201 208
151 170 155 184 160 198 166 211 175 223 186 233 197 240 211 242 224 237 235 227 244 214 251 200 255 185 256 168 255 152 254 136 156 145 160 137 169 134 179 134 188 137 202 133 211 128 220 123 230 124 239 129 197 146 199 157 200 167 201 178 192 186 198 188 204 189 209 186 214 182 168 156 173 154 180 153 187 153 181 155 175 157 211 148 216 146 223 145 229 145 224 148 218 149 189 209 194 203 200 200 206 201 211 198 218 199 225 202 220 209 214 214 208 215 202 215 196 213 193 208 201 205 206 205 212 203 221 203 212 206 207 208 201 208
152 170 155 184 160 199 167 212 176 223 186 234 198 241 211 242 224 237 234 227 243 215 250 200 254 185 255 169 254 153 252 137 156 144 160 137 169 134 179 134 188 137 203 133 211 127 220 123 230 124 238 129 198 146 199 157 200 168 202 178 193 186 198 188 204 189 209 186 214 182 168 156 173 154 179 152 187 152 180 155 174 157 211 148 217 146 223 145 229 145 224 148 218 149 189 209 194 203 200 200 206 201 211 198 218 199 225 203 220 210 214 215 208 217 202 217 196 214 193 208 201 205 206 205 212 204 221 203 212 207 207 208 201 208
152 170 155 185 160 199 167 212 176 224 187 234 199 241 212 242 225 237 236 227 245 214 252 200 256 184 256 168 255 152 254 136 156 144 160 137 169 133 178 135 188 137 202 134 210 128 220 123 230 124 238 128 197 146 199 157 200 168 201 179 193 186 198 188 204 189 209 186 214 183 168 156 173 154 179 152 186 153 180 156 174 158 211 148 217 146 223 145 230 145 224 148 218 149 189 209 194 203 200 200 206 201 211 198 218 199 225 203 220 210 214 215 208 217 202 217 195 214 193 208 201 205 206 205 212 204 221 203 212 207 207 209 201 209
151 170 154 184 159 199 167 212 176 224 187 234 198 242 211 242 224 238 235 228 245 215 253 200 258 185 259 168 258 151 256 135 157 144 161 136 170 133 179 134 188 137 202 133 211 127 220 123 230 124 239 129 197 146 199 157 200 168 201 179 193 186 198 188 203 189 209 186 213 183 169 156 174 154 180 152 188 153 181 156 175 157 211 148 217 146 223 145 230 145 224 148 218 149 189 208 194 203 200 200 206 201 211 199 218 199 225 202 220 210 214 214 208 216 202 216 196 213 193 208 201 205 206 205 212 204 221 203 212 207 207 209 202 209
151 170 154 184 159 199 166 212 175 224 186 234 197 242 211 243 224 238 235 228 244 215 251 201 255 185 255 169 254 153 253 137 157 145 161 137 170 133 179 135 188 137 202 133 211 128 220 123 230 124 238 130 197 147 199 157 200 167 201 178 193 186 198 188 203 189 209 186 214 183 169 156 175 155 181 153 188 153 182 156 176 158 211 149 216 146 222 145 229 146 224 149 217 149 189 208 194 203 200 200 206 201 211 198 218 199 225 203 220 211 214 215 208 217 202 217 195 214 193 208 201 205 206 205 212 203 221 203 212 207 207 209 201 209
151 169 154 184 159 199 166 212 176 224 186 234 198 242 211 243 224 239 235 228 245 215 253 201 258 185 259 168 258 152 256 136 157 144 162 137 170 134 180 135 189 137 202 133 211 128 221 123 231 124 238 130 198 147 199 157 200 168 201 179 193 187 198 189 203 190 209 187 213 183 170 156 176 154 182 153 189 153 183 156 177 157 211 149 217 146 223 145 229 146 224 149 218 150 189 208 194 203 200 200 205 201 211 199 218 199 225 203 219 210 214 215 208 217 202 217 196 214 193 208 201 205 206 205 212 204 221 203 212 207 207 209 201 209
151 169 154 184 159 199 167 213 176 225 187 235 199 242 212 243 224 239 235 228 244 215 251 200 255 185 256 168 255 152 254 136 156 144 161 137 170 134 179 135 188 138 202 134 210 128 220 123 230 124 239 129 197 146 198 157 199 168 201 179 193 187 198 189 203 190 209 187 213 183 168 155 173 153 180 151 186 152 180 154 174 156 211 147 217 145 223 144 229 144 224 147 218 148 190 209 194 204 200 200 205 201 211 199 218 199 224 203 219 211 213 215 208 217 202 217 195 214 193 208 201 206 206 206 211 204 221 203 212 208 206 209 201 209
151 171 155 186 160 201 168 214 177 225 188 235 200 243 212 244 225 239 234 228 243 215 250 201 254 185 254 169 253 153 252 137 156 144 161 137 169 134 179 135 188 137 202 133 210 128 220 124 230 125 238 130 197 147 198 157 199 168 201 179 193 187 198 189 203 190 208 187 213 184 167 154 172 151 178 149 185 152 179 154 173 156 211 147 217 143 223 142 230 143 225 147 218 148 190 210 194 204 200 200 206 201 211 199 218 200 225 204 220 212 214 217 208 218 202 218 196 216 194 209 201 206 207 206 212 204 221 204 212 209 207 210 202 210
151 171 156 186 161 200 168 214 177 226 188 236 200 243 213 244 226 239 236 228 245 215 251 201 254 185 255 169 254 153 253 137 156 144 160 137 169 134 179 135 188 137 202 134 210 128 219 124 230 125 238 129 197 146 198 157 200 168 201 179 193 187 198 189 203 190 209 187 213 184 167 153 172 149 178 148 185 151 179 154 172 155 211 147 217 142 224 140 230 142 225 146 218 147 191 211 195 204 200 200 206 201 211 199 218 200 224 204 220 212 214 217 208 218 203 218 196 216 194 210 201 206 206 206 212 204 220 204 212 208 207 210 202 210
152 172 157 186 162 201 169 214 178 226 189 236 201 243 214 243 226 239 237 228 246 216 253 201 257 185 257 169 256 153 255 137 155 145 160 137 169 134 179 135 188 137 201 134 210 128 220 124 231 125 239 131 197 146 198 157 199 168 200 180 193 187 198 189 203 190 209 187 213 184 167 153 172 148 179 147 186 151 179 154 173 155 211 147 217 141 224 140 230 142 226 146 218 147 192 210 195 203 201 200 206 201 211 198 218 200 225 204 220 211 214 216 209 217 203 217 197 215 196 209 202 206 207 206 212 204 221 204 213 207 208 209 202 209
152 173 156 188 161 203 170 217 180 228 191 237 203 244 216 244 228 239 239 229 249 216 255 201 259 185 260 168 259 152 257 135 156 145 161 137 169 134 179 135 188 138 201 134 209 129 219 124 230 125 239 130 196 146 198 157 199 168 200 180 193 188 198 190 204 190 209 187 214 184 167 153 172 149 179 148 186 151 179 154 172 155 211 147 217 141 224 140 230 142 225 146 218 148 193 211 197 204 202 200 207 201 212 198 219 200 226 204 221 211 215 215 210 217 204 217 199 216 197 210 203 206 208 206 213 204 222 204 213 207 208 209 203 209
152 172 156 187 162 201 169 214 179 226 190 235 202 242 215 242 227 237 238 227 247 214 253 199 256 183 257 167 255 150 254 134 155 145 160 138 169 134 178 135 188 137 201 134 209 129 219 124 230 125 239 130 197 146 198 157 199 168 201 179 194 187 198 189 204 190 209 187 214 183 167 152 171 148 179 147 186 151 179 154 172 155 211 147 216 141 224 139 230 141 225 146 218 147 194 211 198 204 203 200 208 201 212 198 219 199 225 203 221 210 216 214 210 216 205 216 199 215 197 209 203 206 208 205 213 204 222 203 214 206 209 208 204 208
153 174 157 189 163 204 170 217 180 228 191 237 204 243 217 243 230 238 241 228 251 216 257 201 261 185 262 168 260 152 258 135 155 144 160 137 169 134 179 135 188 137 201 134 209 128 219 124 230 125 239 130 197 146 198 157 199 168 201 179 194 187 198 189 204 190 209 187 214 184 167 152 172 148 179 147 186 151 179 154 172 155 211 147 217 141 224 139 230 141 225 146 218 147 195 212 198 204 203 200 208 201 213 198 219 199 226 204 222 210 216 214 211 216 206 216 200 215 198 210 204 206 209 205 214 204 223 203 214 206 209 208 205 208
152 172 156 186 162 201 169 215 179 226 190 235 202 242 215 242 227 237 237 227 246 214 252 200 255 185 256 168 255 152 253 136 155 145 160 138 169 134 179 135 188 137 201 134 210 128 219 124 230 125 239 130 197 146 199 157 200 168 202 180 194 187 199 189 204 190 209 187 214 183 166 152 171 148 179 147 186 151 179 154 172 155 211 147 217 140 224 139 230 141 226 146 219 147 194 210 198 204 203 200 208 201 212 198 219 199 226 203 221 211 216 215 211 217 205 217 199 215 197 210 204 206 209 206 213 204 222 203 214 206 209 208 204 208
152 172 156 187 162 202 170 215 180 227 191 236 204 243 217 243 230 238 241 228 251 215 257 200 261 184 261 168 260 152 257 135 156 144 161 137 169 134 179 135 188 137 201 134 210 129 219 125 230 125 239 130 197 147 198 157 199 168 201 180 194 187 198 189 204 190 210 187 214 184 167 152 172 147 179 147 186 151 179 154 172 155 211 147 216 140 224 139 230 141 226 146 218 147 196 212 199 204 203 200 208 201 213 199 219 200 226 204 222 211 216 215 211 217 206 217 201 216 199 211 204 206 209 206 214 204 223 204 214 207 210 208 205 209
152 169 156 184 161 199 169 213 179 225 190 235 202 243 216 243 228 238 239 228 247 214 254 199 257 183 258 166 256 149 254 133 156 144 160 137 169 134 179 135 188 137 202 134 210 128 220 124 230 125 238 130 197 146 198 157 200 168 201 180 193 188 198 189 204 190 209 187 214 184 167 152 172 147 179 147 186 151 180 153 173 154 211 147 216 140 224 139 230 141 226 146 218 147 194 210 197 204 202 200 207 201 212 199 219 200 226 204 222 211 216 216 210 218 205 218 199 216 197 210 203 207 208 206 213 205 222 204 214 207 209 209 204 209
153 171 157 186 162 201 170 214 180 226 190 236 202 243 216 243 228 238 239 227 247 214 252 199 256 184 256 168 255 152 254 136 156 144 161 138 169 134 179 135 188 137 202 134 210 128 220 124 230 125 239 130 197 146 198 157 200 168 201 180 194 187 198 189 204 190 209 187 214 184 167 152 172 147 179 147 186 151 179 153 172 155 211 147 217 141 224 139 231 141 226 146 219 147 194 210 197 204 202 200 207 201 212 199 220 200 226 204 222 211 216 216 210 218 205 218 199 216 197 210 203 207 208 206 213 205 222 203 214 207 209 209 204 209
152 170 157 185 162 201 170 214 180 226 191 236 203 243 217 243 229 238 241 228 249 214 256 199 259 183 260 166 259 149 257 132 156 144 161 137 169 134 179 135 188 137 202 134 210 128 220 124 230 125 239 130 197 146 198 157 200 168 201 180 194 188 198 190 204 190 209 187 214 184 167 152 172 148 179 147 186 151 180 154 172 155 211 147 217 141 224 139 231 141 226 146 218 147 195 211 198 204 203 200 208 201 213 199 220 200 226 204 222 212 216 216 211 218 205 218 200 216 198 210 204 207 209 206 213 205 222 204 214 208 209 209 204 209
152 171 156 185 161 200 168 214 178 226 189 235 201 242 215 243 227 238 237 227 245 214 251 199 254 184 255 168 254 152 254 136 156 144 161 137 170 134 179 135 188 137 202 134 210 129 220 124 230 125 239 129 197 146 199 157 200 168 202 180 194 187 199 189 204 190 209 187 214 184 166 152 172 148 179 147 186 151 179 154 172 155 211 147 217 141 224 139 231 141 226 146 219 148 192 210 196 204 202 200 207 201 212 199 219 200 226 204 221 212 215 217 210 218 204 219 198 216 196 210 203 207 208 207 213 205 222 204 214 208 209 209 203 209
153 172 157 187 162 201 170 215 180 227 191 236 203 243 216 243 228 237 239 227 247 213 253 199 256 183 256 167 255 151 253 136 156 145 161 138 169 134 179 135 188 137 202 134 210 129 220 124 231 125 239 130 197 147 199 158 200 169 202 180 194 188 199 190 205 190 210 187 214 184 167 152 172 148 179 147 186 151 180 154 172 155 211 147 217 141 224 139 231 141 226 146 219 148 194 211 198 205 203 201 208 202 212 199 219 200 226 204 222 212 216 217 211 219 205 219 199 217 197 210 204 207 209 207 213 205 222 204 214 208 209 210 204 210
152 172 156 187 161 202 169 215 178 227 189 236 201 243 214 243 227 238 237 228 245 215 252 200 255 184 255 168 254 152 254 136 155 145 160 138 169 134 179 135 188 137 202 134 210 129 220 124 230 125 239 130 197 146 199 157 200 168 202 179 194 187 199 189 204 190 210 187 214 183 166 152 171 148 179 147 186 151 179 154 172 155 211 147 217 140 224 139 230 141 226 146 219 147 192 211 196 204 202 201 207 202 212 199 219 200 226 204 221 212 216 217 210 219 204 219 198 216 195 210 203 207 208 207 213 205 222 204 214 208 209 210 203 210
152 171 156 186 161 201 169 215 178 227 189 236 201 243 214 243 226 238 237 228 246 215 252 200 255 184 255 168 254 152 253 136 155 144 160 138 169 134 179 135 188 137 202 134 210 129 219 124 230 125 239 129 197 147 198 158 200 169 201 180 194 188 199 189 204 190 209 187 214 184 166 152 171 148 179 147 186 151 179 154 172 155 211 147 217 141 224 139 231 142 226 146 219 148 192 211 196 204 202 201 207 202 212 199 219 200 225 204 221 212 215 217 209 219 204 219 198 217 196 210 202 207 208 207 213 205 221 204 213 208 208 210 203 210
153 171 157 185 162 200 169 214 178 226 189 235 202 242 215 242 228 237 238 227 246 214 252 199 255 184 255 168 255 152 253 136 156 144 161 138 170 134 179 135 188 137 202 134 210 129 220 124 230 125 239 130 197 146 199 157 200 168 202 180 194 187 199 189 205 190 209 187 214 184 167 152 172 148 179 147 186 151 179 154 172 155 211 147 217 141 224 139 231 141 226 146 219 147 193 210 197 204 202 201 207 202 212 199 219 200 225 203 221 212 215 216 210 218 204 218 198 216 196 210 203 207 208 207 213 205 222 204 213 208 209 209 203 209
150 170 154 184 159 199 167 213 177 225 188 234 201 242 214 242 226 237 236 227 244 214 251 199 254 184 255 167 254 151 253 135 155 144 161 137 170 134 179 135 188 137 202 134 210 128 219 124 230 124 239 129 198 147 199 157 201 168 203 179 194 187 199 189 205 190 210 187 214 184 167 152 172 147 179 146 186 151 180 154 172 155 211 147 216 140 224 138 230 141 226 146 218 147 191 209 196 204 202 201 207 202 212 199 219 200 225 203 221 211 215 216 210 217 204 218 197 215 194 209 203 207 208 207 213 205 222 204 213 208 208 209 203 209
152 171 155 185 160 200 168 214 177 225 188 235 200 242 213 243 226 238 236 227 245 214 251 200 254 184 255 168 254 152 253 136 155 145 160 138 170 134 179 135 189 137 202 134 210 128 220 124 230 124 239 130 197 146 199 157 200 168 202 180 194 187 199 189 204 190 210 187 214 184 166 152 171 147 179 147 186 151 179 154 172 155 211 147 217 140 225 139 231 141 226 146 219 148 191 209 196 204 202 201 207 202 212 200 218 200 225 203 220 211 214 215 209 217 204 217 197 214 194 208 203 207 208 207 212 205 222 204 213 207 208 209 203 209
152 171 156 186 161 201 168 214 177 226 188 236 200 243 214 243 226 239 237 228 246 215 253 201 256 185 256 168 255 152 253 136 156 144 161 137 170 134 179 135 188 137 202 134 210 128 219 124 230 124 238 130 197 146 199 157 200 168 201 179 194 187 198 189 204 190 209 187 214 184 167 152 171 147 179 146 186 151 179 154 172 155 211 147 217 140 224 138 231 141 226 146 219 147 190 209 195 204 201 201 206 202 211 200 218 200 225 203 220 210 214 214 209 216 203 216 197 214 194 208 202 207 207 207 212 205 221 203 212 207 207 209 202 208
