125 173 129 190 134 205 143 220 154 233 166 244 180 252 194 253 207 248 218 236 228 221 236 206 241 189 242 171 242 153 241 135 130 143 136 134 146 131 157 132 167 135 184 131 193 124 204 120 216 121 225 127 179 145 181 158 183 170 185 183 173 191 180 194 186 195 193 192 198 188 143 152 149 147 158 146 165 151 158 153 150 155 193 146 200 139 208 138 215 140 210 145 202 146 166 215 175 211 182 209 188 210 194 207 202 208 212 209 204 217 196 222 190 224 184 224 176 221 170 215 183 215 188 215 195 213 208 210 195 214 188 216 183 216
126 171 130 188 135 204 143 219 154 231 166 242 179 251 193 252 207 247 218 236 228 221 236 205 240 188 242 170 242 152 241 135 130 142 136 134 146 131 157 132 168 135 183 131 193 125 204 120 216 120 226 126 178 145 180 158 182 170 184 183 173 192 179 194 185 195 192 192 197 188 143 152 149 147 158 146 165 151 158 154 150 155 193 146 200 139 208 137 216 140 210 145 202 147 166 215 174 211 181 208 187 210 193 207 202 207 212 209 204 217 196 222 189 224 183 224 175 222 170 215 182 215 188 215 194 213 207 210 194 214 188 216 182 216
126 173 129 190 135 205 143 220 154 233 166 244 180 252 194 253 208 247 219 235 228 220 235 204 239 187 240 169 240 151 239 134 130 143 136 134 146 131 157 132 167 134 184 131 193 124 204 119 216 120 225 126 179 145 181 157 183 170 185 182 173 191 180 193 186 194 192 191 197 188 143 152 149 147 158 146 165 151 158 154 150 155 193 146 200 139 208 137 215 140 210 145 202 147 167 215 174 211 182 208 188 209 194 207 202 207 211 209 204 217 196 222 190 224 184 224 176 222 171 215 183 214 188 215 194 213 207 210 195 214 188 216 183 216
125 173 129 190 135 205 143 220 154 232 166 243 179 252 193 253 207 248 218 236 227 221 235 205 239 188 241 171 241 153 240 135 129 143 135 134 146 130 157 132 167 134 184 131 193 124 204 119 216 120 225 126 179 145 180 157 182 170 184 183 173 191 179 193 185 194 192 191 197 188 143 152 149 147 157 146 165 151 158 153 149 154 193 146 200 139 208 137 215 140 210 145 202 146 167 215 174 211 181 208 187 210 193 207 202 208 211 209 203 217 196 223 189 224 183 224 175 222 171 215 182 215 188 215 194 213 207 210 194 214 188 216 182 216
126 172 129 189 135 205 142 220 153 233 165 244 179 253 193 254 208 249 219 237 228 223 236 207 241 190 242 172 243 153 242 135 130 142 136 134 146 130 157 132 167 135 183 131 193 124 204 119 217 120 226 126 178 145 180 158 182 170 184 183 173 192 179 194 186 195 192 192 197 188 143 152 149 147 158 146 165 151 158 154 150 155 194 146 200 139 209 138 216 140 211 145 202 147 167 216 174 212 181 209 187 210 193 207 202 208 212 210 204 218 197 224 190 226 183 226 175 223 171 216 182 215 188 215 194 213 208 211 195 215 188 217 183 217
125 173 129 190 135 206 143 221 154 234 166 246 180 255 194 256 208 250 219 238 228 223 235 207 240 190 241 171 241 153 240 135 130 142 136 134 146 130 157 131 167 134 183 130 193 124 204 119 216 120 225 126 178 145 180 157 182 170 184 183 173 191 179 193 186 195 192 191 197 188 142 152 149 147 157 146 165 151 158 154 149 155 194 146 200 139 208 137 215 140 210 145 202 147 167 217 174 212 182 208 187 209 194 206 202 208 211 210 205 221 197 227 190 229 184 229 175 226 171 217 182 215 188 215 195 213 207 211 195 218 189 220 183 220
125 172 130 188 135 205 144 219 155 233 167 245 180 254 194 255 207 250 218 237 227 222 235 206 240 189 242 171 242 153 240 136 130 142 136 134 146 130 157 131 167 134 183 131 193 124 204 119 216 120 225 126 178 145 180 158 182 170 184 183 173 191 179 194 185 195 191 192 197 188 142 152 148 147 157 146 165 151 157 154 149 155 193 146 200 139 208 137 215 140 210 145 202 147 167 217 174 211 181 208 187 209 193 206 202 207 210 211 204 221 196 228 189 230 183 230 175 226 171 217 182 214 188 214 194 213 206 212 194 219 188 220 182 220
124 172 129 189 135 206 143 221 155 234 167 246 180 255 194 257 207 251 218 239 227 223 235 207 240 190 242 172 242 153 241 135 130 143 135 134 146 131 157 132 168 135 183 131 193 124 205 119 217 120 226 126 179 145 180 158 182 170 184 183 173 192 179 194 186 195 192 192 197 188 142 152 149 147 157 146 165 151 158 154 149 155 194 146 200 139 209 137 216 140 211 145 202 147 167 217 174 211 181 208 187 209 193 206 203 208 211 211 205 222 197 228 190 230 183 230 175 227 172 217 182 214 188 214 194 212 207 212 195 219 188 221 183 221
124 174 129 190 135 206 143 221 155 234 167 245 180 254 194 256 207 250 218 238 227 223 235 207 240 190 242 172 242 154 241 136 129 142 135 134 146 130 157 131 167 134 183 131 193 124 205 120 216 120 226 126 178 145 180 158 182 170 184 183 173 191 179 193 185 194 191 191 196 188 143 152 149 147 157 146 165 151 158 154 149 155 193 146 200 139 208 137 215 140 210 145 202 147 167 217 174 211 181 207 187 209 193 206 202 207 211 211 204 221 197 228 190 230 183 229 175 226 171 217 182 214 188 214 194 212 206 212 195 218 188 220 182 220
124 174 128 191 133 207 142 222 153 235 166 247 179 256 194 257 208 251 218 239 228 224 236 208 241 191 242 173 242 155 241 137 130 142 136 134 147 131 157 132 168 135 184 131 193 124 204 120 216 120 225 126 179 145 181 157 183 170 185 182 174 191 180 193 186 195 192 192 197 188 143 152 149 147 158 146 165 151 158 154 150 155 193 146 200 139 208 137 215 140 210 145 202 147 167 217 174 211 182 207 187 209 194 206 203 207 211 211 205 222 197 229 190 231 184 231 175 227 172 217 183 214 188 214 195 212 207 212 195 219 189 221 183 221
125 173 129 190 135 206 144 221 155 234 167 246 180 255 194 256 208 251 218 238 227 223 235 206 240 189 242 171 241 153 240 135 130 142 136 134 146 130 157 131 168 134 183 131 193 124 204 119 217 120 226 126 179 145 180 157 182 170 184 183 173 191 179 193 186 195 192 191 197 188 143 152 149 147 157 146 165 151 158 154 149 155 194 146 200 139 209 137 216 140 211 145 202 147 168 217 174 211 182 207 188 209 194 206 203 207 211 211 205 222 197 228 190 230 184 230 176 226 172 217 183 214 188 214 195 212 207 212 195 219 189 221 183 221
125 172 129 189 135 205 144 220 155 232 167 244 180 254 194 255 207 250 218 237 227 222 235 206 240 189 242 171 242 153 242 135 130 142 136 134 146 130 157 131 167 134 183 131 193 124 204 119 216 120 226 126 178 145 180 158 182 170 184 183 173 191 179 193 186 194 192 191 197 188 143 151 149 147 157 146 165 151 158 153 150 155 194 146 200 139 208 137 215 140 210 145 202 147 168 217 174 211 182 208 188 209 194 206 203 207 211 211 205 221 197 228 190 230 184 230 176 226 172 217 183 214 188 214 195 212 207 211 195 219 189 221 183 221
125 173 129 189 135 205 144 220 155 233 167 245 180 254 194 255 207 250 218 237 227 222 235 206 240 190 242 172 242 153 241 136 131 142 136 134 146 130 157 132 167 134 183 131 193 124 204 119 216 120 225 125 179 145 181 157 183 170 185 183 174 191 180 193 186 194 192 191 197 188 143 152 149 147 158 146 165 151 158 154 150 155 194 146 200 139 209 137 215 140 211 145 202 147 168 217 174 211 182 208 188 209 194 206 203 207 211 210 205 221 197 227 190 229 184 229 176 226 172 217 183 214 188 214 195 212 207 211 196 218 189 220 183 220
125 173 128 190 135 206 144 220 155 233 167 245 180 254 194 255 208 250 218 238 228 223 236 207 241 190 242 172 242 153 241 135 130 142 136 134 147 131 158 132 168 134 183 131 193 124 204 119 216 120 226 126 179 145 181 157 182 169 184 182 174 191 180 193 186 194 192 191 197 188 143 151 149 146 158 145 166 151 159 154 150 155 193 146 200 139 208 137 216 140 210 145 202 147 168 216 175 211 182 207 188 209 194 206 203 207 211 210 205 221 197 227 191 228 184 228 176 225 172 216 183 214 189 214 195 212 207 211 196 218 189 219 183 219
124 173 128 190 134 206 143 220 155 233 167 244 180 253 194 255 207 249 218 237 227 222 236 206 241 190 243 171 242 153 241 135 130 142 136 134 146 131 157 132 168 135 183 131 193 124 204 119 216 120 226 126 179 145 180 157 182 170 184 182 174 191 179 193 186 194 192 191 197 188 143 152 149 147 157 146 165 151 158 153 150 155 194 146 200 139 208 137 215 140 210 145 202 146 168 216 175 211 182 208 188 209 194 206 203 207 212 210 205 220 197 226 191 227 184 227 176 224 172 216 183 214 188 214 195 212 207 211 195 217 189 219 184 218
125 171 129 188 135 204 143 218 154 231 166 243 180 252 194 254 208 249 218 236 228 221 235 205 239 187 241 169 240 151 239 134 130 142 136 134 146 131 157 132 167 135 184 131 193 124 204 119 216 120 225 126 178 145 180 157 182 170 184 183 173 192 179 193 186 194 192 192 197 188 143 152 149 147 157 146 165 151 158 154 149 155 194 146 200 139 209 137 216 140 211 145 202 147 167 216 174 211 182 208 188 209 194 206 203 207 211 210 205 219 197 224 190 226 184 226 176 223 171 216 183 214 188 214 195 213 208 211 195 216 189 218 183 217
124 172 128 188 134 204 142 218 152 230 165 241 178 250 193 252 206 247 217 236 227 221 235 205 239 188 240 170 241 152 240 135 130 143 135 134 146 131 157 132 167 134 183 131 193 124 204 119 216 120 225 126 178 145 180 157 182 170 184 183 173 192 179 193 186 194 192 191 197 188 143 152 149 147 157 146 165 151 158 153 149 155 193 146 200 139 208 137 215 140 210 145 202 146 167 216 175 212 182 209 188 210 194 207 202 207 211 209 204 217 197 222 190 224 184 224 176 221 171 216 183 215 188 215 195 213 208 210 195 214 189 216 183 216
125 171 129 188 135 203 142 218 153 230 165 241 178 249 193 250 207 245 218 234 227 220 235 205 240 188 241 170 241 152 240 134 130 142 136 134 146 131 157 132 167 134 184 130 193 124 204 119 216 120 225 126 179 144 180 157 182 170 184 183 173 191 179 193 186 194 192 191 197 188 143 151 149 147 157 146 165 151 158 153 149 154 193 146 200 139 208 137 215 140 210 145 202 146 166 215 174 211 181 208 187 210 193 207 202 208 211 209 203 217 196 221 189 223 183 223 175 221 170 215 182 215 188 215 194 213 207 210 194 214 188 215 182 215
125 173 129 189 134 205 142 219 152 231 164 241 178 248 192 249 206 245 217 234 227 221 235 206 240 189 241 171 241 153 240 135 129 143 135 134 146 131 157 132 167 135 183 131 193 124 204 119 216 120 225 126 178 145 180 158 182 170 184 183 173 191 179 193 185 194 192 191 197 188 143 151 149 146 157 146 164 151 157 153 149 154 193 146 200 139 208 137 215 140 210 145 201 146 166 215 174 211 181 208 187 209 193 207 201 207 211 209 203 216 195 220 189 222 183 222 175 220 170 214 182 214 187 214 194 213 207 210 194 213 188 215 182 215
125 173 128 189 134 205 142 220 153 232 165 243 179 251 193 252 208 247 219 236 228 221 236 206 240 189 241 171 242 153 241 136 129 142 135 134 145 130 156 131 167 134 183 130 193 124 204 119 216 119 226 126 178 144 180 156 182 169 184 182 173 191 179 193 185 194 191 191 197 188 142 151 148 146 156 145 164 150 157 153 149 154 193 145 199 138 208 137 215 139 210 145 201 146 165 215 173 211 181 208 187 209 193 206 202 207 211 208 203 217 196 222 189 224 183 224 174 221 169 215 181 214 187 215 194 213 207 210 194 214 188 215 182 215
123 172 127 188 132 205 141 220 152 233 165 245 179 254 194 254 208 248 219 236 228 220 235 204 239 187 241 169 241 151 240 134 129 142 135 133 145 130 156 131 167 134 183 130 193 123 204 118 216 119 225 124 178 144 180 157 182 170 184 183 173 191 179 193 185 194 191 191 196 187 142 151 148 146 156 146 164 150 157 153 149 154 193 145 199 138 207 137 215 139 209 144 201 145 166 215 173 211 181 207 187 208 193 205 202 206 211 209 204 218 196 224 189 226 183 226 175 223 170 216 182 214 188 214 194 212 207 210 195 216 188 218 182 218
125 173 128 190 134 206 142 221 153 234 166 246 179 255 194 255 208 250 219 237 228 222 235 206 240 189 242 171 242 154 240 136 129 141 135 133 146 129 157 131 167 134 182 130 192 123 204 118 216 119 225 125 178 143 180 156 182 169 184 182 172 190 178 192 185 193 191 190 196 187 142 151 148 146 156 145 164 149 157 152 149 153 193 145 199 138 208 136 215 139 209 144 201 145 166 215 173 209 180 206 186 207 193 204 202 205 210 209 204 220 196 226 189 228 182 228 174 224 171 216 181 212 187 212 193 211 206 210 194 217 188 218 181 218
125 174 129 191 134 207 143 221 154 234 165 245 179 254 194 255 207 249 218 238 228 223 235 208 239 191 241 173 241 154 241 136 130 141 136 133 146 129 157 130 167 133 183 129 193 123 204 118 216 119 225 125 178 143 180 156 181 169 183 182 172 189 178 192 185 193 191 190 196 186 142 151 148 146 156 145 164 150 157 152 149 153 193 145 200 138 208 136 215 139 209 144 202 145 166 216 172 209 180 205 186 206 192 203 201 205 210 209 203 219 196 224 189 226 182 226 174 223 171 215 181 212 187 212 193 210 206 210 194 213 187 215 181 215
125 174 128 191 134 207 142 221 153 234 165 245 178 253 193 254 207 249 218 237 227 222 235 206 239 189 240 171 240 153 239 135 129 141 135 132 146 129 157 130 167 133 183 129 193 123 204 118 216 119 225 125 178 143 180 156 182 168 184 181 172 189 178 191 185 192 191 189 197 186 142 151 148 146 156 145 164 149 157 152 148 153 193 145 199 138 208 136 214 139 209 144 201 145 165 215 172 207 180 203 186 205 193 202 202 204 210 208 204 218 196 223 189 225 182 225 173 222 170 214 181 211 187 211 194 209 206 209 194 212 187 214 181 214
124 174 128 190 134 206 142 221 153 234 165 245 178 253 193 254 207 249 218 236 227 222 235 206 239 189 240 172 241 154 239 136 129 141 135 132 146 129 157 130 167 133 182 130 192 123 203 119 215 119 225 125 178 144 180 156 181 169 183 182 171 189 178 191 184 193 191 189 196 186 142 150 148 146 156 145 164 149 157 152 148 153 193 145 199 138 208 137 214 139 209 144 201 145 165 213 171 207 179 203 186 204 193 201 202 203 210 207 204 218 195 224 188 226 181 226 173 222 169 213 180 210 186 209 193 208 206 208 194 215 187 216 180 216
126 173 129 190 134 206 142 221 153 233 165 244 178 253 193 253 206 248 218 236 227 222 235 206 239 189 240 171 240 153 239 135 129 141 135 132 146 129 157 131 167 134 182 130 192 124 203 119 215 119 224 125 178 143 179 156 181 169 183 182 171 189 178 191 184 193 191 190 196 186 142 151 148 146 156 145 164 150 157 152 148 153 193 145 199 138 208 136 215 139 209 144 201 145 164 213 171 207 179 203 186 204 192 202 202 203 211 207 204 217 195 224 188 226 181 226 172 222 169 213 180 209 186 209 193 208 206 208 194 215 187 217 180 217
125 173 129 189 135 205 143 219 154 231 165 242 178 251 192 252 205 247 216 235 226 221 234 206 239 189 241 170 241 152 239 134 129 141 135 133 146 129 157 130 167 133 183 130 192 123 203 119 215 119 225 125 178 143 180 156 181 169 183 182 171 189 177 191 184 193 191 189 196 186 142 150 148 146 156 145 164 149 157 152 148 153 193 145 199 138 207 137 214 139 209 144 201 145 165 212 171 207 179 203 186 204 192 202 202 203 211 207 204 217 195 224 188 226 181 225 173 221 170 212 180 209 186 209 193 207 206 208 194 215 187 216 180 216
125 171 129 188 135 204 143 218 154 231 166 242 179 251 193 252 206 247 217 235 226 221 235 205 239 188 241 170 241 152 240 134 129 141 135 133 146 129 157 131 167 134 182 130 192 123 203 119 216 119 225 125 178 143 179 156 181 169 183 183 171 188 177 191 184 193 191 189 197 185 142 150 148 146 156 145 164 149 157 151 149 153 193 145 199 138 207 137 214 139 209 144 201 145 165 212 171 206 179 203 186 204 193 202 202 203 211 206 204 217 195 223 188 225 181 225 173 221 169 212 180 208 186 208 193 207 207 207 194 215 187 217 180 217
124 172 129 188 134 204 143 218 153 231 165 242 178 251 192 252 206 247 217 235 227 221 235 205 240 189 241 171 242 153 241 135 129 141 135 132 145 129 156 130 167 133 183 129 193 123 204 118 216 119 225 125 178 143 180 156 181 169 183 182 171 188 177 191 184 192 191 189 197 185 142 150 148 145 156 145 164 149 157 151 149 152 193 145 200 138 208 137 215 139 209 144 202 145 164 212 171 206 179 203 186 204 193 201 202 203 211 207 204 217 195 223 188 224 181 224 173 220 169 212 180 208 186 208 193 207 206 207 194 214 187 216 180 216
124 172 129 188 135 204 143 219 155 231 166 242 179 251 193 252 206 247 217 235 227 220 235 204 239 187 240 169 241 152 239 134 129 140 135 132 146 129 157 130 167 133 183 129 193 123 204 118 216 119 225 125 178 143 180 156 181 169 183 182 171 188 178 191 185 192 191 189 197 185 142 150 148 145 156 144 164 149 157 151 149 152 193 144 200 138 208 136 215 139 209 143 201 145 165 212 172 206 180 202 186 203 193 201 202 202 211 206 204 217 196 223 188 225 182 225 173 221 170 212 181 208 187 207 194 206 206 207 194 215 187 216 181 216
123 173 128 189 133 205 142 220 152 232 164 243 178 251 192 252 206 247 217 236 227 221 235 206 239 189 241 171 240 153 239 135 129 141 135 132 146 129 157 130 167 133 183 129 193 123 204 118 216 119 225 125 178 143 180 155 182 168 184 181 171 188 178 190 185 192 192 188 197 185 142 150 148 145 156 144 164 149 157 151 149 152 193 144 200 138 208 137 215 139 209 143 201 145 165 212 172 205 180 202 186 203 193 200 202 202 210 207 203 215 196 220 188 222 182 222 174 219 170 212 181 208 187 208 194 206 206 207 194 211 187 213 181 213
123 172 127 189 133 205 141 219 152 232 164 243 177 251 192 253 206 248 217 236 227 222 235 207 240 190 241 172 241 154 240 136 130 140 136 132 146 129 157 130 167 133 183 129 193 123 203 118 215 119 224 125 178 143 180 155 181 168 183 180 171 187 177 190 185 191 191 188 197 184 142 150 148 145 156 145 164 149 157 151 149 152 193 144 200 138 207 137 214 139 209 143 201 145 165 212 172 206 180 202 186 203 193 201 201 202 210 207 203 215 195 220 188 222 182 222 173 219 170 212 181 208 187 208 194 206 205 207 194 212 187 213 181 213
125 173 129 189 135 205 143 219 154 232 165 244 178 252 193 253 207 248 218 236 227 221 235 206 239 189 241 171 241 153 240 136 129 140 136 132 146 128 157 130 167 133 183 129 193 123 204 119 215 119 225 125 178 143 179 156 181 169 183 182 171 188 177 191 184 192 191 189 197 185 142 150 148 145 156 145 164 149 157 151 149 152 193 144 200 138 207 137 214 139 209 144 202 145 165 213 172 206 180 202 186 203 193 201 202 202 210 207 203 216 195 222 188 223 181 223 173 220 170 213 180 209 187 209 193 207 205 208 194 212 187 213 181 213
125 170 129 187 134 203 142 218 152 231 163 243 176 252 191 253 206 248 217 236 226 222 234 206 238 188 240 170 240 152 239 134 129 141 135 132 145 129 156 130 167 133 183 129 193 123 204 118 216 119 225 125 178 143 179 156 180 169 182 182 171 188 177 191 184 192 190 189 196 185 141 150 148 145 156 145 163 149 156 152 148 153 193 145 200 138 208 136 215 139 210 144 202 145 165 213 171 206 179 203 186 204 193 201 202 203 210 208 203 217 195 222 187 223 181 223 173 221 170 213 180 209 186 209 193 208 205 208 193 212 186 213 180 213
124 172 128 188 134 205 142 219 153 232 165 243 178 252 193 253 207 248 218 236 227 221 235 206 240 188 241 170 241 152 240 134 129 141 135 132 146 129 157 130 167 133 183 129 193 123 204 118 216 119 225 125 178 143 179 156 181 169 183 183 171 188 178 191 185 192 191 189 197 185 142 150 148 145 156 145 164 149 156 151 148 153 193 145 199 138 207 137 214 139 209 144 201 145 165 213 172 206 180 203 186 204 193 201 202 203 210 208 204 217 196 222 188 224 181 224 174 221 170 213 180 210 187 210 194 208 206 208 194 212 187 214 181 214
124 173 128 190 134 206 142 221 153 234 164 245 178 253 193 255 207 250 218 237 227 223 235 207 239 190 241 172 241 154 241 136 129 141 135 132 146 129 157 130 167 133 182 130 192 123 204 118 216 119 225 125 178 144 180 156 181 169 183 182 172 189 178 191 185 192 191 189 197 185 142 150 148 145 156 144 164 149 157 152 149 153 193 145 199 138 208 136 215 139 209 144 201 145 165 214 172 207 180 203 186 204 193 201 202 203 210 209 203 218 196 224 188 226 181 226 173 223 170 214 180 209 187 209 194 208 205 209 194 215 187 216 180 216
124 172 128 188 134 204 142 219 152 232 164 243 177 252 191 254 206 249 216 237 226 222 234 206 238 190 240 171 241 153 240 135 129 140 135 132 145 129 157 130 167 133 183 130 193 123 204 119 216 119 225 125 178 143 180 156 182 168 184 181 172 188 178 190 185 192 191 189 197 185 142 149 148 144 156 143 164 148 157 151 149 152 193 144 200 137 208 136 215 139 209 143 201 145 166 214 172 206 179 202 186 203 193 201 202 203 210 209 204 219 196 225 188 227 181 227 173 223 170 214 180 208 187 208 194 207 206 209 194 216 187 217 180 217
124 172 128 189 134 205 142 219 152 232 164 244 177 253 192 254 206 249 217 237 226 222 235 207 239 190 241 172 242 153 241 135 129 141 135 132 146 129 157 130 167 133 182 130 193 123 204 118 216 119 226 125 178 143 180 156 182 168 184 181 172 188 178 191 185 192 191 189 197 185 142 150 148 145 156 144 164 149 157 151 148 153 193 144 199 137 208 136 215 139 210 144 201 145 166 214 172 206 179 203 186 204 193 201 201 203 209 209 203 218 195 224 188 225 181 225 173 222 170 214 180 209 187 209 193 208 205 209 194 214 187 215 180 215
125 170 128 187 134 203 142 218 152 231 164 243 178 252 192 253 206 248 217 236 226 221 234 205 239 188 240 170 241 152 239 134 129 141 135 132 146 129 157 130 167 133 183 130 193 124 204 119 215 119 225 125 178 144 179 156 181 169 183 182 171 189 177 191 184 193 191 189 197 186 142 150 148 145 156 144 164 149 157 152 149 153 193 145 200 138 208 136 215 139 210 144 202 145 165 213 172 206 180 203 186 204 193 201 202 203 210 208 203 218 195 224 188 225 181 225 173 222 170 213 180 208 187 208 193 207 205 208 194 214 187 216 180 216
125 173 129 189 135 205 142 219 153 231 165 242 178 250 192 251 205 246 216 235 226 221 234 205 239 189 240 171 241 153 240 135 129 142 135 133 145 129 156 130 167 133 182 130 193 123 204 119 216 120 226 126 178 143 179 156 181 169 183 182 172 189 178 191 184 193 191 189 196 186 142 150 148 146 156 145 164 149 157 152 148 153 193 145 200 138 208 136 215 139 210 144 202 145 166 212 171 206 179 202 186 204 192 201 201 203 210 207 202 217 195 223 187 225 180 225 172 221 170 212 180 207 186 207 193 206 205 208 193 215 186 216 180 216
125 172 129 188 134 204 142 218 153 231 165 242 178 251 192 252 205 247 217 235 226 221 234 206 239 189 240 171 241 153 241 134 129 142 135 133 145 129 156 131 167 133 182 130 193 123 204 119 216 120 225 126 178 144 180 156 181 169 183 182 171 189 178 191 184 193 191 189 196 186 141 151 147 146 156 145 164 150 156 152 148 153 193 145 200 138 208 136 215 139 210 144 202 145 165 212 172 206 179 203 186 204 192 202 202 203 210 207 203 217 195 223 187 225 180 224 173 220 170 212 180 208 186 208 193 207 206 208 193 215 186 216 180 216
125 171 129 187 134 203 142 218 152 231 164 242 178 250 192 252 205 247 217 235 227 221 235 206 239 189 240 170 241 152 241 134 129 142 135 133 146 130 157 131 167 134 183 131 193 124 204 119 216 120 226 126 178 144 180 157 181 170 183 183 171 189 177 192 184 193 191 190 196 186 142 150 148 146 156 145 164 150 157 152 149 153 193 145 200 138 208 136 215 139 210 144 202 145 165 212 172 206 179 203 186 205 192 202 202 203 211 207 203 216 195 222 188 224 181 223 173 220 170 212 180 208 186 209 193 207 206 208 193 214 186 216 180 215
124 173 128 190 134 206 142 220 153 232 165 243 178 251 192 252 206 247 217 235 227 221 235 206 239 189 240 171 240 153 240 135 129 142 135 133 145 130 156 131 167 134 183 130 193 124 204 119 216 120 225 126 178 144 180 157 182 170 184 183 172 189 178 192 185 193 191 190 197 186 142 151 148 146 156 145 164 150 157 152 149 153 193 145 200 139 208 137 215 139 210 144 202 145 165 213 172 207 180 204 186 206 193 203 202 204 211 207 204 216 196 222 188 224 181 224 173 220 170 213 181 209 187 210 194 208 206 208 194 214 187 216 181 215
125 171 128 187 134 204 143 218 153 231 165 242 178 251 192 253 205 248 217 237 227 222 235 207 239 190 241 171 241 153 240 135 129 142 135 133 146 130 157 131 167 134 183 131 193 124 204 119 217 120 226 127 178 144 180 157 181 170 183 183 171 190 177 192 184 194 191 190 197 187 142 151 148 146 156 145 164 150 157 152 149 153 193 145 200 139 208 137 215 140 210 144 202 146 165 214 172 208 179 205 186 206 192 203 202 205 211 208 203 218 195 224 188 225 181 225 173 221 170 213 180 210 186 210 193 209 206 209 193 215 187 217 180 217
124 172 129 188 134 204 142 219 153 232 165 244 178 253 192 254 207 249 218 237 228 222 235 206 239 189 240 171 241 153 240 135 129 142 135 134 145 130 157 131 167 134 183 130 193 124 204 119 216 120 225 126 178 144 180 157 181 170 183 183 172 190 178 192 185 194 191 191 197 187 142 151 148 146 156 145 164 150 157 152 149 153 193 145 200 138 208 137 215 139 210 144 202 146 166 215 172 208 180 205 186 206 193 204 202 205 210 209 203 219 195 224 188 226 181 225 173 222 171 214 180 211 187 211 193 210 206 210 194 214 187 216 180 216
124 174 128 190 134 206 142 221 154 234 165 245 178 254 193 256 206 250 218 239 227 224 235 208 240 191 242 173 242 155 241 137 129 141 136 133 146 130 157 131 167 134 183 131 193 124 204 120 216 120 225 126 178 144 180 157 182 170 183 183 172 190 178 192 185 194 191 191 196 187 142 151 148 146 157 145 164 150 157 153 149 154 193 145 200 139 208 137 215 140 210 145 202 146 166 215 172 209 180 205 186 207 193 204 202 206 210 210 203 220 195 226 188 228 182 227 174 224 171 215 181 212 187 212 193 210 206 211 194 216 187 217 181 217
125 171 129 188 135 204 143 219 153 232 165 244 178 253 193 254 207 249 218 237 228 222 236 207 240 190 242 171 242 153 241 135 129 142 135 133 146 130 157 131 168 134 183 130 193 124 205 119 217 120 226 127 178 144 180 157 182 170 183 183 172 190 178 193 185 194 191 191 197 187 142 151 148 146 157 145 164 150 157 152 149 154 193 145 200 138 208 137 215 140 210 144 202 146 166 215 173 210 181 207 186 208 192 205 201 207 210 210 203 218 195 224 189 225 183 225 175 222 171 215 181 213 187 213 193 211 206 211 194 214 187 216 182 216
125 171 128 188 134 204 142 218 153 231 164 242 178 250 192 252 207 247 218 235 228 221 235 205 239 188 241 170 241 152 240 135 130 141 136 133 146 130 157 131 167 135 183 131 193 124 204 120 215 120 225 126 179 144 181 157 182 170 184 183 172 190 178 192 185 194 191 191 197 188 142 151 149 146 157 145 165 150 158 152 149 153 193 146 200 139 208 137 215 140 210 145 202 146 165 213 173 209 180 207 186 208 192 206 201 207 210 209 203 217 195 222 188 224 182 223 173 220 169 213 181 213 187 214 193 212 207 210 193 214 187 215 181 215
125 172 128 188 134 204 142 219 153 231 165 242 178 250 193 252 207 247 219 236 228 221 236 206 240 189 242 170 242 152 240 135 129 142 135 133 146 130 157 131 167 134 183 131 193 124 204 119 216 120 226 126 179 144 181 156 182 169 184 182 173 190 179 192 186 194 192 191 197 187 142 150 149 146 157 145 165 150 157 152 149 153 193 145 200 138 208 136 215 139 210 144 202 145 165 213 173 209 180 207 186 208 193 205 201 206 211 209 203 217 195 221 188 223 182 222 174 220 169 213 181 213 187 213 193 212 207 209 193 213 187 214 181 214
125 170 129 187 134 203 143 218 154 232 165 243 179 252 194 254 208 248 219 236 228 221 236 205 239 187 241 169 241 151 240 134 130 142 136 133 146 130 157 131 168 135 183 131 193 124 204 119 216 120 225 126 179 144 180 157 182 170 183 184 172 190 178 193 185 194 191 191 196 187 143 151 149 146 157 145 165 150 157 152 149 153 193 145 200 138 208 137 215 139 210 144 202 145 166 214 173 209 180 207 186 208 192 205 202 207 210 209 203 219 195 224 188 226 182 226 174 222 170 214 181 213 187 213 193 212 206 210 194 216 187 217 181 217
125 173 129 189 135 206 144 220 155 233 167 244 180 253 194 254 207 249 218 237 228 222 235 206 239 188 241 170 241 152 240 134 129 142 135 133 146 130 157 131 167 134 183 130 193 124 204 119 216 120 225 127 178 144 180 157 182 170 183 183 172 190 178 193 185 194 191 191 196 187 142 151 148 146 157 145 164 150 157 152 149 153 193 145 200 138 208 137 215 139 210 144 202 146 167 215 173 209 180 206 186 207 192 205 201 206 210 210 203 220 195 225 188 227 182 227 174 223 171 215 181 212 187 212 193 211 205 211 194 217 187 218 181 218
124 173 128 190 134 206 143 221 154 233 166 245 179 253 193 255 207 249 218 237 227 223 235 207 240 190 242 172 242 154 242 136 129 142 135 134 146 130 157 131 167 134 183 130 193 124 204 119 216 120 226 126 178 144 180 157 182 169 183 182 172 190 178 192 185 194 191 191 196 187 142 151 148 146 156 145 164 150 157 152 149 153 193 145 200 138 208 136 215 139 210 144 202 145 166 214 173 209 180 205 186 207 192 204 201 206 209 210 203 220 195 225 188 226 181 226 174 222 171 214 180 211 186 212 193 210 205 211 193 215 187 217 181 216
125 173 129 189 135 205 143 220 154 233 166 245 179 254 193 255 207 250 218 237 228 223 235 207 240 190 241 172 241 153 240 136 129 142 135 134 146 130 157 131 167 134 183 131 193 124 204 120 217 121 226 127 178 144 180 157 181 169 183 183 172 190 178 192 184 194 191 191 196 187 142 151 148 146 156 145 165 150 157 152 149 153 193 145 200 139 208 137 215 140 210 145 202 146 166 214 172 208 180 205 186 207 192 204 201 206 209 210 203 220 195 226 188 227 181 227 173 223 171 214 180 211 186 211 193 210 205 211 193 217 186 218 181 218
124 172 129 189 135 205 143 220 154 233 166 245 179 253 193 255 207 249 217 237 227 222 234 206 239 189 241 171 241 153 240 135 129 142 135 133 146 130 157 131 168 134 183 130 193 124 205 120 217 121 226 127 179 144 180 157 182 170 183 183 172 190 178 193 185 194 191 191 196 187 142 150 148 146 157 145 165 149 157 152 149 154 193 145 200 138 209 136 216 139 211 145 202 146 166 215 172 209 180 205 186 207 192 204 201 206 209 210 203 220 195 226 188 227 181 227 174 223 171 214 180 211 186 211 193 210 205 211 193 217 187 218 181 218
125 173 129 190 135 205 143 220 154 233 166 244 179 253 193 254 206 249 217 237 226 223 234 207 239 190 240 172 241 154 240 135 129 142 135 133 146 130 157 131 168 134 182 131 193 124 204 120 216 120 226 127 178 144 179 157 181 170 183 183 171 190 178 193 184 194 191 191 196 187 142 151 148 146 157 145 165 150 157 152 149 154 193 145 200 138 209 136 216 139 211 144 202 146 166 215 172 208 179 205 185 207 192 204 201 206 209 210 203 220 195 226 188 227 181 227 173 223 171 215 180 211 186 211 193 210 205 211 193 217 186 218 180 218
125 172 129 189 135 204 143 219 154 232 166 243 179 252 193 253 206 248 218 237 228 222 236 207 240 190 242 171 242 153 241 136 129 142 135 134 146 130 157 132 168 135 182 131 193 125 205 120 217 121 226 127 178 144 180 157 181 170 183 183 172 190 178 193 185 194 191 191 196 188 142 151 148 146 157 145 165 150 157 153 149 154 193 146 200 138 209 137 216 140 210 145 202 146 166 214 172 209 180 205 186 207 192 204 201 206 210 210 203 219 195 225 188 226 181 226 174 222 171 214 180 211 186 211 193 210 205 211 193 216 187 217 181 217
124 173 128 190 134 206 143 220 154 233 166 244 179 252 193 253 206 248 217 237 226 222 235 207 240 190 241 172 241 154 240 136 129 142 135 134 146 131 157 132 167 135 182 132 192 125 204 120 216 121 225 127 178 145 180 158 181 170 183 183 172 190 178 193 184 195 191 191 196 188 142 151 148 146 157 145 164 150 157 153 148 154 193 146 199 138 208 137 215 140 210 145 201 146 166 214 173 209 180 206 186 207 192 204 202 206 210 209 203 219 195 225 188 226 182 226 174 222 171 214 181 211 187 211 193 210 206 210 194 216 187 218 181 217
125 172 129 188 135 204 143 219 153 232 165 243 178 252 192 253 205 248 217 237 226 223 234 207 239 190 240 172 240 154 240 136 129 143 135 135 146 131 157 132 168 135 182 132 192 125 204 121 216 121 226 127 178 145 179 158 181 170 182 183 171 191 177 193 184 195 191 192 196 188 142 151 148 146 157 145 165 151 157 153 149 154 193 146 200 139 208 137 216 140 210 145 202 146 166 215 172 209 179 206 186 207 193 204 202 206 210 210 203 219 195 224 188 226 181 225 173 222 171 214 180 211 186 212 193 210 206 210 194 216 187 217 180 217
126 173 130 189 135 205 143 220 154 232 166 243 178 252 192 254 206 249 217 237 227 223 235 208 240 191 241 172 242 155 241 137 130 143 136 135 146 132 157 133 168 135 182 132 192 126 203 121 215 121 225 127 178 145 180 158 181 170 182 183 172 191 178 193 184 195 191 191 196 188 142 152 148 146 157 146 164 151 157 153 149 155 193 146 200 139 208 137 215 140 210 145 202 147 167 215 173 209 180 206 186 208 193 205 202 206 210 210 203 219 195 224 188 226 181 226 174 222 171 215 181 212 186 212 193 211 206 211 194 216 187 217 181 217
125 171 130 187 135 203 143 218 154 231 166 243 179 252 193 253 207 248 218 236 228 221 235 205 240 188 241 170 240 152 239 135 130 143 136 135 146 132 157 133 168 136 182 132 192 126 203 121 215 121 225 127 178 146 179 158 180 171 182 184 172 192 178 194 184 195 190 192 196 188 143 151 149 146 157 146 165 151 157 153 149 154 193 146 200 139 208 137 215 140 210 145 202 147 167 216 173 210 180 207 186 208 193 205 202 207 211 210 204 219 196 225 189 227 182 226 174 223 171 215 181 212 187 213 194 211 206 211 194 216 187 218 181 218
125 174 129 190 134 206 143 221 154 233 166 244 179 252 193 253 207 248 218 236 228 222 236 206 241 189 242 171 242 154 241 136 129 143 135 135 146 132 157 133 168 136 182 132 192 126 204 121 216 121 225 127 178 146 180 158 181 170 183 183 172 192 178 194 184 195 191 192 196 188 142 152 148 146 157 146 164 151 157 153 149 155 193 146 200 139 208 137 215 140 210 145 202 147 167 216 173 210 181 207 187 208 193 205 202 207 211 210 204 218 196 224 189 226 183 225 175 222 171 216 181 213 187 213 194 211 207 211 194 215 188 217 182 217
125 172 128 189 134 205 143 219 153 232 165 243 178 251 192 253 206 248 217 236 227 222 235 206 239 189 241 171 241 154 240 136 129 144 135 135 146 132 157 133 168 136 182 132 192 126 204 121 216 121 225 127 179 145 180 158 182 170 183 183 172 191 178 194 185 195 191 192 196 188 142 152 148 146 157 146 165 151 157 154 148 155 193 146 200 139 209 137 216 140 210 145 202 146 167 216 173 211 180 207 186 209 193 206 201 207 210 210 203 218 196 223 189 225 182 225 175 222 171 216 181 213 187 214 194 212 206 211 194 215 187 216 181 216
125 170 129 187 135 203 143 218 154 231 166 242 179 251 194 252 208 247 219 235 228 221 235 205 239 188 240 170 240 152 239 134 129 144 135 135 146 132 158 133 169 136 182 133 192 126 204 121 216 122 225 128 178 146 180 158 181 171 183 184 172 192 178 194 185 195 191 192 197 188 142 152 148 146 157 146 165 151 158 154 149 155 193 146 200 139 209 137 216 140 211 145 202 147 167 216 174 210 181 207 187 209 193 206 202 207 211 210 204 217 196 222 189 224 183 224 175 221 171 215 181 213 187 214 194 212 207 210 194 214 188 215 182 215
126 173 130 189 135 205 143 219 155 231 167 242 180 250 194 251 207 246 218 235 228 221 236 206 240 189 242 171 242 153 242 135 129 143 136 135 147 132 158 133 169 136 182 133 192 126 204 121 216 122 226 128 178 146 180 158 181 171 183 183 173 192 179 194 185 195 191 192 197 189 142 151 148 146 157 145 165 151 157 153 149 154 194 146 200 139 209 137 216 140 211 145 202 147 167 215 174 210 181 207 187 209 193 206 202 207 211 209 204 217 196 222 189 223 183 223 175 221 171 215 182 213 187 214 194 212 207 210 194 213 188 215 182 215
125 169 129 186 134 202 142 217 154 230 166 241 179 249 193 250 207 245 218 234 227 220 236 205 240 188 241 170 242 152 241 134 129 143 136 135 146 132 158 133 169 136 182 133 192 126 204 121 216 122 226 127 178 146 180 158 181 171 183 184 172 192 178 194 185 195 191 192 196 189 142 151 148 146 157 146 165 151 157 153 149 154 193 146 200 139 208 137 216 140 211 145 202 147 166 215 173 210 180 207 186 208 193 205 202 207 211 209 203 217 195 221 188 223 182 223 174 221 170 215 181 213 187 214 194 212 207 210 194 213 187 215 181 215
125 170 128 187 134 203 142 218 154 231 165 242 179 250 193 251 206 246 217 234 227 220 235 204 239 187 240 170 241 152 240 135 129 144 136 136 146 132 158 133 168 136 182 132 192 126 203 121 215 122 225 127 178 146 180 158 181 171 183 184 172 192 178 194 185 195 191 192 196 188 142 152 148 146 157 146 165 151 157 154 149 155 193 146 200 139 208 137 216 140 210 145 202 147 166 215 173 210 180 207 186 208 193 206 201 207 211 209 203 216 195 221 189 223 182 223 174 221 170 214 181 213 187 214 193 212 207 210 194 213 187 214 181 214
125 170 129 187 134 203 142 218 153 230 165 241 178 250 192 251 206 246 217 234 226 220 235 205 239 188 240 170 240 152 240 135 129 143 136 135 146 132 158 133 168 136 182 133 192 126 203 121 216 122 226 127 178 145 180 158 181 171 183 184 172 192 178 194 184 195 191 192 196 189 142 151 148 146 157 146 165 151 157 153 149 155 193 146 200 139 208 137 215 140 210 145 202 147 166 215 172 210 180 207 186 209 192 206 201 207 210 209 203 216 195 221 188 223 182 223 174 220 169 214 180 213 186 214 193 212 206 210 193 213 187 214 181 214
125 174 129 190 135 206 142 220 153 233 165 243 179 251 193 251 207 246 218 235 227 221 235 205 239 188 240 171 240 153 240 136 129 144 135 136 146 132 157 133 168 136 182 132 192 126 203 121 215 121 225 127 178 145 180 158 181 171 183 184 172 192 178 194 184 195 190 192 196 188 141 152 148 147 156 146 164 151 157 153 148 154 192 146 199 139 208 137 215 140 209 145 201 147 165 215 172 210 180 207 186 209 192 206 201 206 210 209 203 216 195 221 188 223 181 223 173 220 169 214 180 213 186 214 193 212 206 210 193 213 187 214 181 214
124 173 129 189 134 205 142 219 153 232 165 243 179 251 193 251 207 246 218 235 227 220 235 204 239 188 240 170 240 153 240 136 129 143 135 135 146 132 157 133 168 136 182 132 192 126 203 121 215 121 225 127 178 145 179 158 181 171 183 184 172 192 178 194 184 195 190 192 196 188 141 152 148 147 156 146 164 151 157 154 148 155 193 146 199 139 208 137 215 140 210 145 201 147 165 214 172 210 180 207 186 209 192 206 201 207 210 209 203 216 195 221 188 223 182 223 174 220 169 214 180 213 186 214 193 212 206 210 193 213 187 215 181 214
125 174 129 189 135 205 143 220 154 232 166 242 179 250 193 251 207 245 218 234 227 220 235 205 240 188 241 171 241 153 240 135 129 144 135 135 146 132 157 133 168 136 181 132 192 126 203 121 216 121 226 127 178 145 179 158 181 171 183 184 172 191 178 194 184 195 190 192 196 188 141 152 148 147 156 146 164 151 157 154 148 155 193 146 199 139 208 137 215 140 210 145 201 147 165 214 172 210 179 207 185 209 192 206 201 207 210 209 202 216 194 221 188 222 181 222 173 220 169 214 180 213 186 214 193 212 206 209 193 213 186 214 181 214
124 172 128 188 133 204 141 219 152 231 164 242 178 250 192 251 205 246 217 235 227 221 235 205 239 188 241 171 241 153 241 135 128 144 135 135 146 132 157 133 168 136 181 133 192 126 203 121 216 121 225 127 178 146 179 158 181 171 182 184 172 192 178 194 184 195 190 192 196 188 141 152 147 147 156 146 164 151 156 154 148 155 193 147 199 140 208 138 215 140 210 145 201 147 165 214 172 210 179 207 185 208 192 206 201 206 210 209 202 216 194 221 187 223 181 223 173 220 169 214 180 213 186 213 192 212 206 210 193 213 186 214 180 214
124 173 128 189 134 205 142 220 153 232 165 243 178 250 192 251 206 246 217 234 227 221 235 205 240 189 241 171 242 153 242 135 128 144 134 136 145 132 157 133 167 136 181 133 191 126 203 121 215 122 225 127 178 146 179 158 181 171 182 184 172 192 178 194 184 195 190 192 196 188 141 152 147 147 156 146 164 151 157 154 148 155 192 146 199 139 207 138 215 140 209 145 201 147 164 215 172 210 179 207 185 208 192 206 201 206 210 209 202 216 194 221 187 223 181 223 173 220 168 214 180 213 186 214 193 212 205 209 193 213 186 214 180 214
124 171 128 188 134 204 142 218 153 231 165 242 178 250 192 251 206 246 217 235 227 221 235 206 240 189 241 171 242 153 242 135 128 144 135 135 146 132 157 133 168 136 182 132 192 126 203 121 216 121 225 127 178 146 179 158 181 171 183 184 171 192 178 194 184 195 191 192 196 188 142 152 148 148 156 147 164 151 157 154 149 155 193 147 199 140 208 138 215 140 210 146 201 147 164 215 172 210 179 208 185 209 192 206 201 207 210 209 202 216 195 221 188 223 181 223 173 221 169 215 180 213 186 214 193 212 206 210 193 213 187 215 181 214
124 172 128 188 134 204 142 219 153 231 165 242 178 250 192 251 205 246 217 235 226 221 234 206 239 189 241 171 242 153 241 135 129 144 135 136 145 132 157 133 168 136 182 132 192 126 203 121 216 122 226 127 178 146 179 159 181 171 183 184 172 192 178 194 184 195 190 192 196 189 141 152 148 147 156 147 164 151 157 154 148 155 193 147 199 140 207 138 215 141 209 146 201 147 165 215 172 210 180 207 186 209 192 206 201 207 210 209 202 216 194 221 188 223 181 223 173 220 169 215 180 214 186 214 193 212 206 210 193 213 187 214 181 214
