130 185 131 200 133 216 137 231 144 243 153 255 165 264 179 268 194 265 207 256 218 244 226 229 231 214 233 198 235 182 237 166 135 156 140 148 150 146 160 147 169 151 188 150 198 145 209 143 219 146 226 154 179 161 179 171 179 180 179 189 167 197 173 200 178 202 185 200 190 198 146 164 152 159 160 159 166 164 159 167 152 167 193 164 200 159 208 159 214 163 209 166 201 166 159 223 165 216 172 213 177 215 183 214 190 218 196 225 190 232 182 236 176 236 170 235 164 231 162 222 172 218 177 219 182 218 193 224 182 228 176 229 171 228
130 186 131 201 133 216 137 231 144 243 153 255 165 264 180 267 195 264 208 255 218 243 226 229 231 214 233 198 235 183 237 167 135 157 140 148 150 145 160 147 170 151 188 150 198 145 209 143 220 146 226 154 179 161 179 170 179 180 179 189 167 197 173 200 178 202 185 200 190 198 146 164 152 160 160 159 166 164 160 167 152 167 194 164 201 159 209 159 214 164 209 167 201 166 159 223 165 216 172 213 177 215 183 214 191 218 197 225 190 233 182 236 176 236 170 235 164 231 162 222 172 218 177 218 182 218 193 224 182 229 176 229 171 228
130 185 131 200 133 216 136 230 143 243 153 254 164 263 179 267 195 264 208 255 218 244 226 229 230 214 232 198 235 183 237 167 134 157 140 148 150 146 160 147 170 151 188 150 198 146 209 143 220 146 226 154 179 161 179 170 179 179 179 189 167 197 173 200 178 202 185 200 190 198 146 164 152 159 160 159 166 164 160 167 152 167 194 164 201 159 208 159 214 163 209 167 201 166 159 222 165 216 172 213 177 215 183 214 191 218 197 224 190 232 182 235 176 235 170 234 163 230 162 222 172 218 177 218 183 218 193 224 182 228 176 229 171 228
129 184 131 200 132 215 136 229 143 242 152 254 164 263 179 267 195 264 208 255 218 243 226 229 230 214 232 198 234 182 237 166 135 156 140 148 150 145 160 147 170 151 188 150 198 145 209 143 220 146 226 154 179 161 179 171 179 180 179 190 167 197 173 200 179 202 185 200 190 198 146 164 152 159 160 159 166 165 159 167 152 167 194 164 201 159 208 159 214 163 209 167 201 166 159 222 165 216 172 213 177 215 183 214 191 218 197 224 190 231 182 234 176 234 170 233 163 230 162 222 172 218 177 219 183 219 194 224 182 227 176 228 171 227
130 185 132 200 133 215 136 230 143 242 153 253 164 263 179 266 195 264 208 255 218 243 226 229 230 214 232 198 234 182 237 167 134 157 140 148 150 146 160 147 170 151 189 150 199 145 210 143 220 146 226 154 179 161 179 170 179 179 179 189 167 197 173 200 178 201 185 200 190 198 146 164 152 159 160 159 166 164 160 166 152 167 194 164 201 159 209 159 214 163 209 166 201 166 159 222 165 216 172 213 177 215 183 214 190 218 197 224 190 231 182 234 176 234 170 233 164 229 162 221 172 217 177 218 182 218 193 223 182 227 176 227 171 226
130 185 131 200 133 215 137 230 144 243 153 254 164 263 179 266 195 264 208 255 218 243 226 229 230 215 232 199 235 183 237 168 134 157 140 148 150 145 160 147 170 151 188 150 198 145 209 143 220 146 226 154 180 161 179 170 179 179 179 189 167 197 173 200 179 202 185 200 190 198 146 163 152 159 160 159 166 164 160 166 152 166 194 164 201 159 209 159 214 163 209 166 201 166 159 222 165 215 172 213 177 215 183 214 190 217 197 224 190 231 182 233 176 234 170 233 164 229 162 221 172 217 177 218 183 218 193 223 182 227 176 227 171 226
129 183 131 198 132 213 136 228 142 241 152 253 163 262 178 266 194 264 207 255 218 243 226 229 230 214 232 198 234 182 237 167 135 157 140 148 150 145 160 147 170 151 188 150 198 145 209 143 220 146 226 154 179 161 179 170 179 179 179 189 167 197 172 200 178 202 185 200 190 198 146 164 152 159 160 159 166 164 160 166 152 167 193 164 200 159 208 159 214 163 209 167 201 166 159 222 165 216 172 213 177 215 182 214 190 218 197 224 189 231 182 233 176 233 170 232 163 229 162 221 171 217 176 218 182 218 193 223 182 227 176 227 171 226
130 184 131 200 133 215 136 229 143 242 152 253 164 262 179 266 194 264 207 255 218 243 226 229 230 214 232 198 234 183 237 167 135 156 140 148 150 145 160 147 170 150 189 150 199 145 210 143 220 146 226 154 179 161 179 170 179 179 179 189 168 197 173 199 178 201 185 200 190 198 146 163 152 159 160 159 166 164 160 166 152 167 194 164 201 159 209 159 214 163 209 166 201 166 159 222 165 216 172 213 177 215 183 214 190 218 197 224 190 231 182 233 176 233 170 232 164 229 162 221 172 217 177 218 183 218 193 224 182 226 176 227 171 226
129 184 131 198 132 213 136 228 142 241 151 252 163 261 178 265 194 262 207 254 218 243 225 229 230 214 232 198 234 183 237 167 135 156 140 148 150 145 160 146 170 150 188 150 199 145 210 143 220 146 226 154 179 160 179 170 179 179 179 189 167 196 172 199 178 201 184 200 190 197 146 163 152 159 160 159 166 164 160 166 152 166 194 164 201 159 209 159 214 163 209 166 201 166 159 222 165 216 172 214 177 215 182 215 189 218 196 224 189 229 181 231 176 232 170 230 164 227 162 221 172 218 176 219 182 219 192 223 181 224 176 225 171 224
129 184 131 199 132 214 135 229 142 241 151 252 163 261 177 265 193 263 207 255 218 243 226 229 230 214 232 198 234 182 237 166 135 155 140 147 150 145 160 146 169 150 188 149 198 145 209 143 219 146 225 154 179 160 179 170 179 179 179 189 168 197 173 199 178 201 184 200 189 198 149 165 154 162 160 162 166 164 160 166 154 167 193 165 199 162 206 163 211 165 206 168 199 167 160 222 166 217 172 215 177 217 182 216 189 219 195 224 188 228 181 230 176 230 171 229 165 226 163 221 172 220 176 221 182 221 192 223 181 222 176 223 171 222
129 183 131 198 132 213 135 228 142 240 151 251 163 260 178 263 194 261 208 253 218 242 226 228 230 212 232 196 234 181 236 165 135 155 140 147 150 144 160 146 170 150 187 149 198 144 209 142 219 145 225 154 179 160 179 169 179 178 179 188 168 197 173 199 178 201 184 200 189 198 149 166 154 165 160 164 166 165 160 168 154 169 193 165 199 164 205 165 211 166 206 169 199 168 160 222 166 217 172 215 177 217 182 216 188 219 195 224 188 228 181 229 176 229 171 228 165 226 163 221 172 220 176 221 182 221 191 223 181 222 176 222 172 221
130 184 131 199 132 213 135 228 142 240 151 251 163 260 178 264 193 262 207 254 218 243 226 229 230 213 232 197 234 181 237 166 135 155 140 147 150 144 160 146 169 150 188 149 198 144 209 143 219 146 225 155 179 159 179 169 179 178 179 188 168 196 173 199 178 201 185 199 190 197 149 165 154 164 160 163 166 164 160 166 154 167 193 164 199 163 205 164 211 166 205 168 199 167 160 222 166 217 172 215 177 217 182 215 189 219 195 224 188 228 182 228 176 228 171 227 165 226 163 222 172 220 177 221 182 221 192 223 182 221 176 222 172 221
129 184 131 199 132 214 135 228 142 241 151 252 163 261 178 264 194 262 207 254 218 243 225 230 230 215 232 198 234 182 236 167 135 156 140 147 149 144 159 146 169 150 187 149 198 144 209 142 219 145 226 154 179 159 179 169 179 178 179 188 168 197 173 199 178 201 184 200 189 198 148 164 153 162 160 161 166 164 160 166 153 166 193 164 200 162 206 162 212 165 206 167 199 166 159 222 166 217 172 215 177 216 182 215 189 219 196 224 188 228 181 229 176 229 171 228 165 226 163 221 172 220 176 221 182 221 192 223 181 221 176 222 172 221
129 183 131 198 132 213 135 228 142 241 151 252 164 261 179 264 195 262 208 254 218 242 226 228 230 213 231 197 234 182 236 166 134 155 140 147 150 144 160 146 170 150 188 149 198 144 209 142 220 145 226 153 179 159 179 169 179 178 179 188 168 196 173 199 178 201 184 199 189 197 147 163 153 160 160 160 166 163 160 165 153 166 193 163 200 160 207 161 212 164 207 166 200 165 159 222 166 217 172 215 177 216 182 215 189 219 196 224 188 228 182 229 176 230 171 229 165 226 162 221 172 221 176 221 182 221 192 223 181 222 176 222 172 221
129 182 130 197 132 212 135 227 141 240 150 252 162 262 177 266 193 264 207 255 217 243 225 229 229 214 231 197 234 182 236 166 134 155 140 146 150 144 160 145 170 150 188 149 198 144 209 142 219 145 226 153 179 159 179 168 179 178 178 188 167 196 172 199 178 201 184 199 189 197 147 163 153 160 159 159 165 163 159 165 152 165 193 163 200 160 207 160 212 163 207 166 200 165 159 222 165 217 172 214 176 216 182 215 189 219 196 224 188 229 181 232 175 232 170 231 164 228 162 221 171 220 176 221 182 221 192 223 181 224 176 224 171 223
129 183 130 198 132 213 135 228 142 241 151 253 163 263 178 267 194 264 207 255 218 243 225 228 229 213 231 197 234 181 236 165 135 155 140 147 149 144 159 145 169 149 188 149 198 144 209 142 219 145 226 153 179 159 178 169 178 178 178 188 167 196 172 199 178 201 184 199 189 197 146 163 152 159 159 159 165 163 159 165 152 165 193 163 200 159 207 159 212 163 207 166 200 165 158 222 165 216 172 213 176 215 182 214 189 218 196 224 189 230 181 232 176 233 170 232 164 229 162 222 171 218 176 219 182 219 192 223 181 226 176 226 171 225
129 182 131 198 132 213 135 228 142 241 152 253 163 263 178 267 194 264 207 255 217 243 226 229 230 213 232 197 234 181 236 165 134 155 140 146 149 144 159 145 169 149 187 148 198 144 209 142 219 145 226 153 179 159 178 169 178 178 178 188 167 196 172 198 178 200 184 199 189 197 146 162 152 159 159 158 165 163 159 165 152 165 193 163 200 158 207 159 213 163 207 165 200 165 159 222 164 215 171 212 176 214 182 213 189 217 196 224 189 230 181 233 175 233 170 232 163 228 162 221 171 217 176 218 182 217 192 223 181 226 176 227 170 226
129 183 131 198 132 214 136 229 143 242 152 253 164 263 179 266 194 264 207 255 217 243 225 228 230 213 232 197 234 181 236 166 134 155 139 147 149 144 160 145 169 149 187 148 197 144 209 142 219 145 226 153 179 159 178 168 178 178 178 187 167 195 172 198 178 200 184 199 189 196 146 162 152 159 159 158 165 163 159 165 151 165 193 162 200 159 207 159 213 162 207 165 200 165 159 221 165 215 171 212 176 214 182 213 189 216 196 223 189 229 181 232 176 232 170 231 164 228 162 220 171 216 176 217 182 217 192 222 181 225 176 226 171 225
129 183 131 197 132 213 135 227 142 240 151 251 162 261 178 264 193 262 207 254 218 243 225 229 230 214 232 198 234 182 236 166 134 155 139 147 149 144 160 145 169 149 187 149 197 144 208 142 219 145 225 153 178 159 178 168 178 177 178 187 167 195 172 198 177 200 184 199 189 196 146 163 152 159 159 158 165 163 159 165 151 165 193 163 200 158 207 159 213 162 207 165 200 165 159 221 165 214 171 212 176 213 181 212 189 216 195 223 188 228 181 230 175 230 170 229 164 226 162 220 171 217 176 218 181 218 192 222 181 223 175 223 171 222
129 183 131 198 132 213 135 227 142 240 151 251 162 260 178 264 193 262 207 254 218 242 226 228 230 213 232 197 234 182 236 166 134 155 139 147 149 144 159 145 169 149 187 148 197 144 209 142 219 145 225 153 178 159 178 168 178 177 178 187 167 195 172 198 177 200 184 199 189 196 145 162 151 159 159 158 165 163 158 165 151 165 193 162 200 158 207 158 213 162 207 165 200 165 159 220 165 214 171 212 176 214 181 213 188 217 195 223 188 227 181 229 175 229 170 228 164 225 163 219 171 217 176 218 181 218 191 222 181 221 175 221 171 220
129 183 131 198 132 213 135 227 142 240 150 251 162 260 177 264 193 262 207 254 217 243 225 229 230 214 232 197 234 182 236 166 134 155 139 147 149 144 159 145 169 149 187 148 197 144 208 142 219 145 225 153 178 159 178 168 178 177 178 187 166 195 171 198 177 200 184 199 189 196 145 162 151 158 159 158 165 163 159 165 151 165 193 162 200 158 207 158 213 162 207 165 200 165 159 221 165 214 171 212 176 213 182 213 189 216 196 223 188 227 181 229 175 229 169 228 164 225 162 220 171 217 176 218 181 217 192 222 181 222 175 222 170 221
129 183 130 198 132 214 136 228 142 241 151 253 163 263 178 266 193 264 206 255 217 243 225 229 229 214 231 197 233 182 236 166 134 156 139 147 149 144 160 145 169 149 187 148 197 144 208 141 219 145 225 153 178 159 178 168 178 178 178 187 167 195 172 198 177 200 184 199 189 196 145 163 151 158 159 158 165 163 159 165 151 165 192 162 199 158 207 158 212 162 207 165 200 165 159 221 164 214 171 211 176 213 181 212 189 216 195 223 188 230 181 233 175 233 170 232 163 228 162 220 171 216 176 217 181 217 192 222 181 226 175 226 170 225
129 184 131 199 132 214 136 229 143 242 152 254 163 264 178 268 193 265 206 256 217 244 225 229 229 214 232 198 234 182 236 166 134 155 139 147 149 144 159 145 169 149 187 148 197 144 208 142 219 144 225 152 178 159 178 169 178 178 177 188 167 195 172 198 177 200 184 199 189 196 145 163 151 158 158 158 165 163 158 165 151 165 193 162 199 158 207 158 213 162 207 165 200 165 158 222 164 215 171 212 176 213 182 212 189 216 196 224 189 231 181 234 175 235 169 234 163 230 161 221 171 216 176 217 181 217 192 223 181 228 175 228 170 227
129 183 131 199 132 214 136 229 143 242 152 254 164 264 178 267 194 265 207 256 217 243 225 229 230 213 232 197 234 181 236 165 134 155 139 147 149 144 159 146 169 149 187 149 197 144 208 142 219 145 225 153 178 160 178 169 178 178 178 188 167 196 172 198 178 200 184 199 189 196 145 163 151 158 159 158 165 163 159 165 151 165 193 163 199 158 207 158 213 162 207 165 200 165 158 221 164 215 171 212 176 213 182 213 190 216 196 223 189 231 182 235 175 235 170 234 163 230 161 221 171 216 176 216 182 216 193 223 181 228 175 229 170 228
129 183 130 198 132 214 135 228 142 241 151 253 163 262 178 266 194 263 207 254 218 242 225 228 230 213 232 197 234 182 236 166 134 155 139 147 149 144 159 146 169 150 187 149 198 144 209 142 219 145 225 153 178 160 178 169 178 178 178 188 167 196 172 199 178 200 184 199 189 196 145 163 151 158 159 158 165 163 158 165 151 166 192 163 199 158 207 158 213 162 207 166 200 165 158 221 164 214 171 212 176 213 182 213 189 217 197 223 189 230 181 233 175 233 170 232 163 228 161 220 171 216 176 217 182 217 193 222 181 226 175 227 170 225
129 182 130 197 132 212 135 227 142 240 151 252 163 262 178 265 194 263 207 254 218 242 225 228 230 213 231 196 234 181 236 165 134 155 139 147 149 144 160 146 169 150 187 149 197 144 209 142 219 145 225 153 179 159 179 169 178 178 178 188 167 196 172 198 178 200 184 199 190 197 145 163 151 158 159 158 165 163 158 165 151 166 193 163 200 158 207 158 213 162 208 166 200 165 158 220 164 214 171 212 176 213 182 213 189 216 197 222 189 228 181 231 175 231 170 230 163 227 161 220 171 216 176 217 182 217 193 222 181 224 175 225 170 224
129 183 131 199 132 214 135 229 142 241 152 253 164 262 179 265 194 262 207 254 218 242 225 228 230 213 231 197 233 182 236 166 133 155 139 147 149 144 159 146 169 150 188 149 198 144 209 142 219 145 225 153 179 159 179 169 179 178 179 188 167 196 172 198 178 200 184 199 190 196 145 163 151 158 159 158 165 163 158 165 151 166 193 163 200 158 207 158 213 162 208 165 200 165 158 220 164 214 171 212 176 213 182 212 190 216 197 222 189 229 182 231 175 231 170 230 163 227 161 220 171 216 176 217 182 217 193 222 181 224 176 225 170 224
129 183 131 199 132 214 136 228 143 241 152 253 164 262 179 265 195 263 208 253 218 242 226 228 230 212 232 196 234 181 236 165 133 155 139 147 148 144 159 146 168 150 188 149 198 144 208 142 219 145 225 153 178 160 178 169 178 179 178 188 167 196 172 199 178 200 184 199 189 196 145 163 151 158 158 158 165 163 158 165 151 165 193 163 200 158 207 158 213 162 208 165 200 165 158 221 164 214 172 212 177 213 182 212 190 216 197 223 189 229 182 232 176 232 170 231 163 228 161 220 171 216 177 217 182 216 193 222 182 225 176 226 171 225
129 183 131 199 132 214 136 229 143 242 152 253 164 263 179 266 194 263 207 254 218 242 225 228 229 213 231 197 233 181 236 166 134 156 139 147 149 144 159 146 169 150 187 149 197 144 209 142 219 145 225 154 178 160 178 169 178 178 178 188 167 196 172 198 178 200 184 199 189 196 145 163 151 159 159 158 165 163 158 165 151 166 193 163 200 158 207 158 213 162 208 165 200 165 158 221 164 215 171 212 176 213 182 213 189 216 196 223 189 230 181 233 175 234 170 233 163 229 161 221 171 216 176 217 182 216 192 222 181 227 175 228 170 226
129 184 131 199 132 214 135 229 142 242 151 253 163 263 178 267 193 264 207 255 218 243 226 229 230 213 231 197 233 181 236 165 133 156 139 147 148 145 159 146 168 150 187 149 197 144 208 142 219 145 225 153 178 160 178 169 178 179 178 188 166 196 172 199 177 201 184 199 189 197 145 163 151 159 159 158 165 163 158 166 151 166 193 163 199 158 207 158 213 162 208 166 200 165 158 221 164 215 171 212 176 214 182 213 189 217 196 223 189 231 181 235 175 235 169 234 162 230 161 221 171 216 176 217 181 217 192 223 181 228 175 228 170 227
129 184 131 199 132 214 136 229 142 241 152 253 163 262 178 266 193 263 206 255 217 243 225 229 229 214 231 198 233 182 236 166 134 156 139 147 149 145 159 146 169 150 187 149 197 145 208 143 219 146 226 154 178 160 178 169 178 179 177 189 167 196 172 199 177 201 183 199 189 197 145 163 151 159 159 158 165 163 158 166 151 166 193 163 199 158 207 158 213 163 208 166 200 165 158 222 164 216 171 213 176 215 182 214 189 217 196 224 189 231 181 234 175 234 170 233 163 230 162 221 171 217 176 217 182 217 192 223 181 227 175 228 170 227
129 183 131 198 132 213 135 227 141 240 150 252 162 261 177 264 193 262 207 254 217 242 225 228 229 213 231 197 233 181 236 165 134 156 139 147 149 145 159 146 168 150 187 149 197 145 208 142 219 145 225 154 178 159 178 169 178 178 178 188 167 197 172 199 177 201 183 200 188 198 145 163 151 159 158 159 165 163 158 166 150 166 192 163 199 158 207 158 212 162 207 166 199 165 159 222 165 218 171 215 176 217 181 216 188 220 195 225 187 229 180 230 175 230 170 229 164 227 162 222 171 221 176 221 181 221 191 224 180 223 175 223 171 223
129 183 131 198 132 214 135 228 142 241 151 252 163 261 178 264 194 262 207 254 218 243 225 229 229 214 231 198 233 182 235 166 134 156 139 147 149 145 159 146 169 150 186 149 197 145 208 143 218 145 225 153 178 159 178 169 178 178 178 188 167 197 172 200 178 201 183 200 188 198 145 163 151 159 158 158 165 163 158 166 150 166 192 163 199 158 207 158 213 163 207 166 199 166 159 223 165 218 172 215 176 217 181 216 188 220 195 225 188 228 181 230 175 230 171 229 164 227 162 222 171 221 176 222 181 221 192 224 181 222 176 223 171 222
128 183 130 198 132 213 135 227 142 240 151 251 163 261 178 264 194 262 208 253 218 242 226 228 229 213 231 196 233 181 235 165 133 156 139 148 148 145 159 146 168 150 186 149 197 145 208 143 219 146 225 154 178 160 178 169 178 179 178 189 167 197 172 200 177 201 183 200 188 198 145 163 151 159 158 159 164 164 158 166 150 166 192 163 199 158 207 158 212 163 207 166 199 166 159 222 165 217 172 215 176 217 181 216 188 219 196 224 188 228 181 229 175 229 170 228 164 226 162 222 171 220 176 221 181 221 192 223 181 222 176 223 171 222
128 183 130 198 132 213 135 227 142 240 151 251 163 260 178 264 194 262 208 253 218 242 226 228 229 212 231 196 233 181 235 165 133 156 139 147 148 145 159 147 168 151 187 150 197 145 208 143 218 146 225 154 178 160 178 170 178 179 178 189 167 197 172 200 177 202 183 200 188 198 145 163 150 159 158 159 164 164 158 166 150 166 192 164 199 159 207 159 212 163 207 166 199 166 158 222 164 217 171 214 176 216 181 215 188 218 196 224 188 229 181 230 175 231 170 229 164 227 161 221 171 219 176 220 181 220 192 223 180 224 175 224 170 223
128 183 130 198 132 213 135 227 142 240 152 252 163 262 178 265 194 263 207 254 218 242 226 228 230 213 231 197 233 181 235 166 133 156 139 148 148 145 159 147 168 151 187 150 197 145 208 143 218 146 225 154 178 160 178 170 177 180 177 190 166 197 171 200 177 202 184 200 189 198 145 163 151 159 158 159 164 164 158 166 150 166 192 164 199 159 207 159 212 163 207 166 199 166 158 222 164 216 171 213 176 215 181 214 189 218 196 224 188 229 181 232 175 232 170 231 164 227 162 221 171 217 176 218 181 218 193 223 181 225 175 225 170 224
128 184 130 199 132 214 136 228 142 241 151 252 163 262 178 265 193 263 206 255 217 243 225 229 229 214 231 198 233 182 235 166 133 157 139 148 148 146 159 147 169 151 186 150 196 146 208 143 219 146 225 154 177 161 177 170 177 180 177 190 166 197 171 200 177 202 183 200 189 198 144 163 150 159 158 159 164 164 158 166 150 167 192 164 199 159 206 159 212 163 207 166 199 166 158 222 164 215 171 213 176 215 182 214 189 217 196 224 188 229 181 232 175 232 169 231 163 228 162 221 171 217 176 218 181 218 192 223 181 225 175 225 170 224
129 184 131 199 132 215 136 229 143 242 152 253 164 263 178 266 193 263 207 255 217 243 225 229 229 214 231 197 233 181 235 166 133 157 138 148 148 146 158 147 168 151 187 150 197 146 208 144 218 146 225 154 177 161 177 170 177 180 177 190 166 197 171 200 177 202 183 200 188 198 144 164 150 159 158 159 164 164 158 166 150 167 192 164 199 159 207 159 212 163 207 166 199 166 158 222 164 216 171 213 176 215 181 214 189 218 196 224 188 230 181 233 175 233 169 232 163 229 162 221 171 217 176 218 181 218 192 223 181 225 175 226 170 225
129 184 131 199 132 215 136 229 142 242 152 253 163 263 178 266 193 264 207 255 217 243 225 230 230 214 231 198 233 182 236 166 133 156 139 148 148 146 159 147 168 151 187 150 197 146 208 143 218 146 225 154 177 161 177 171 177 180 177 190 166 197 171 200 177 202 183 200 189 198 144 164 150 159 158 159 164 165 158 167 150 167 192 164 199 159 207 159 213 163 207 167 199 166 158 222 164 216 171 213 176 215 181 214 189 218 195 224 188 231 181 234 175 234 169 233 163 229 161 221 171 217 176 218 181 218 192 223 180 227 175 227 170 226
129 184 130 199 132 215 136 229 143 242 152 253 163 262 178 266 193 263 207 255 217 243 225 229 229 214 231 198 233 182 236 166 133 157 138 148 148 145 159 147 168 151 186 150 197 146 208 143 218 146 225 154 178 161 178 171 177 180 177 190 166 197 171 200 177 202 184 200 189 198 144 164 150 159 158 159 164 164 158 166 150 167 192 164 199 159 207 159 212 163 207 166 199 166 158 222 164 215 171 213 176 214 181 214 188 217 195 224 188 230 181 232 175 233 169 231 163 228 161 221 171 217 176 218 181 218 191 223 180 225 175 226 170 225
128 184 130 200 132 215 136 230 143 243 152 254 163 263 178 266 194 264 207 255 217 244 225 229 230 214 231 198 233 182 236 166 133 157 138 148 148 146 159 147 168 151 186 150 196 146 208 143 218 146 225 154 178 161 178 171 177 180 177 190 166 197 171 200 177 202 183 200 189 198 144 164 150 159 158 159 164 164 158 166 150 167 192 164 199 159 206 159 212 163 207 166 199 166 159 222 164 215 171 213 176 214 181 214 189 218 195 224 188 230 181 233 175 233 170 232 163 229 162 221 171 217 176 218 181 218 191 223 181 226 175 227 170 226
129 185 130 200 132 215 136 230 143 243 152 254 163 264 177 267 193 265 206 256 216 244 224 230 229 215 231 199 233 183 236 166 134 156 139 148 148 145 159 147 168 151 186 151 196 146 207 144 218 147 224 155 178 161 178 170 178 180 178 190 166 197 171 200 177 202 183 200 189 198 146 165 152 162 158 161 165 164 159 166 152 167 192 164 198 162 205 162 210 165 205 167 198 166 159 222 165 216 171 213 176 215 181 214 188 218 195 224 188 231 181 233 175 233 170 232 164 228 163 221 171 217 176 218 181 218 191 223 180 226 175 226 170 225
128 185 130 200 131 215 135 230 142 242 151 254 162 263 177 267 193 265 206 256 217 244 225 230 230 214 232 198 234 182 236 166 134 156 139 148 148 145 158 147 168 151 186 150 196 146 207 144 218 147 224 155 178 162 178 171 177 180 177 190 166 197 171 200 177 202 183 201 188 198 147 167 153 165 159 164 165 166 159 168 153 168 191 166 197 165 204 165 210 167 204 169 197 169 159 223 165 216 171 214 176 216 181 215 188 218 195 225 188 231 180 233 175 233 170 232 164 229 163 222 171 218 176 219 181 219 191 224 180 226 175 226 170 225
128 184 130 200 131 215 135 229 142 242 151 254 162 263 177 267 193 264 207 255 217 243 225 229 229 213 231 197 234 181 236 165 134 157 139 148 148 146 158 147 168 151 186 150 197 146 207 144 218 147 224 155 178 161 178 171 178 180 177 190 166 197 171 200 177 202 183 200 189 198 147 167 153 165 159 165 165 166 159 168 153 169 192 166 198 165 204 166 210 167 204 169 198 168 159 222 165 216 171 214 176 216 182 215 189 219 195 225 188 231 181 233 175 233 170 232 164 229 162 222 171 218 176 219 181 219 191 224 181 226 175 227 170 226
128 184 130 199 131 214 135 228 142 242 151 253 162 263 177 267 193 264 206 255 217 243 225 228 229 213 231 196 234 180 236 164 134 157 139 148 148 146 158 147 168 151 186 150 197 146 208 144 218 147 224 155 178 161 178 171 178 180 178 190 166 197 171 200 177 202 184 200 189 198 147 166 152 164 159 164 164 166 159 167 152 168 192 166 198 164 205 165 210 166 205 168 198 168 158 222 164 216 171 214 176 215 182 215 189 218 195 225 188 231 181 234 175 234 169 233 163 229 162 222 171 217 176 218 182 218 192 224 181 227 175 228 170 227
129 185 130 200 132 215 136 230 143 243 152 254 163 264 178 267 194 264 207 255 217 244 225 229 230 214 232 198 234 182 236 166 134 156 139 148 148 146 159 147 168 151 187 150 197 145 208 143 218 146 225 154 178 161 178 171 178 180 178 190 166 197 172 200 177 202 184 200 189 198 147 166 152 163 159 163 165 165 159 167 152 168 192 165 198 163 205 163 211 166 205 168 199 168 159 223 164 216 171 214 176 215 182 214 190 218 196 225 189 232 181 235 175 236 170 234 163 231 162 222 171 218 176 218 182 218 192 224 181 228 176 229 171 228
129 185 131 200 132 216 136 230 143 243 152 255 163 265 178 268 193 265 206 256 217 244 225 230 230 215 232 198 234 182 236 166 134 156 139 148 148 145 159 147 168 151 187 150 197 145 208 143 218 146 225 154 178 161 178 171 177 180 177 190 166 197 171 200 177 202 183 200 189 198 146 165 152 162 158 162 165 165 158 167 152 167 192 165 199 162 205 162 211 165 206 167 199 167 158 223 164 216 171 213 176 215 182 214 190 218 196 225 189 232 181 236 175 236 169 235 163 231 161 222 171 217 176 218 182 218 192 224 181 229 175 229 170 228
129 185 131 201 132 216 136 230 143 243 152 255 164 264 178 267 194 265 207 255 217 244 225 230 230 215 232 199 234 183 236 167 134 156 139 148 149 145 159 147 168 150 187 150 197 145 208 143 218 146 225 154 178 161 178 170 178 180 177 190 166 197 172 200 177 201 183 200 189 198 146 165 151 161 158 161 165 165 158 167 151 167 193 164 199 161 206 161 212 165 206 167 199 167 158 223 164 216 171 213 176 214 182 214 190 217 196 225 189 232 181 235 175 236 170 234 163 231 161 222 171 217 176 217 182 217 192 224 181 229 176 229 170 228
128 184 130 199 132 215 136 229 142 242 152 254 163 263 178 267 193 264 206 255 217 243 225 229 229 214 232 198 234 182 236 166 134 156 139 148 148 145 159 146 168 150 187 150 197 145 208 143 218 146 225 154 178 161 178 170 178 179 177 189 166 197 171 200 177 201 184 200 189 197 146 164 151 161 158 161 165 164 158 166 151 167 192 164 199 161 206 161 212 164 206 167 199 167 158 222 164 215 171 213 176 214 181 214 189 217 195 224 188 232 181 235 175 236 169 235 163 231 161 222 171 216 176 217 181 217 192 223 181 228 175 229 170 228
128 184 130 199 132 215 136 229 143 242 152 253 163 263 178 266 194 264 207 254 218 243 225 229 230 214 232 198 234 182 236 166 133 156 139 148 148 145 159 146 168 150 187 150 197 145 208 143 218 145 225 153 178 161 178 170 177 179 177 189 166 197 171 199 177 201 183 200 189 197 145 164 151 161 158 161 164 165 158 167 151 167 192 164 199 161 206 161 212 164 206 167 199 167 158 222 164 215 171 213 176 214 182 213 189 217 196 224 189 231 181 235 175 235 170 234 163 230 161 221 171 217 176 217 182 217 192 223 181 228 175 228 170 227
128 184 130 199 132 214 135 229 142 242 151 253 163 263 177 266 193 264 206 254 217 242 225 228 230 213 232 197 234 182 236 166 133 156 139 148 148 145 158 146 168 150 186 150 197 145 208 143 218 145 225 153 178 160 178 170 177 179 177 189 166 196 171 199 177 201 183 200 189 197 145 164 151 161 158 161 164 164 158 166 151 167 192 164 199 161 206 161 212 164 206 167 199 167 158 221 164 215 171 213 176 214 182 214 189 217 196 224 189 231 181 234 175 234 169 233 163 229 161 221 171 216 176 217 182 217 192 223 181 227 175 227 170 226
128 185 130 200 131 215 135 229 142 242 151 253 163 262 178 265 193 263 206 254 217 243 225 229 229 213 231 197 233 181 236 165 133 156 139 148 148 145 158 146 168 150 187 150 197 145 208 143 218 146 224 153 178 161 178 170 178 179 178 189 166 196 172 199 177 201 184 199 189 197 145 164 151 161 158 161 164 165 158 166 151 167 192 164 199 160 206 161 212 164 206 167 199 166 158 221 164 215 171 212 176 214 182 213 189 217 195 223 188 230 181 233 175 233 169 232 163 229 161 221 171 216 176 217 181 217 192 222 181 226 175 227 170 226
128 184 130 199 132 214 135 229 142 241 151 253 163 262 178 265 193 263 207 254 217 243 226 229 230 214 232 197 234 182 236 166 133 156 139 148 148 145 158 146 168 150 186 150 196 145 207 143 218 145 225 153 178 160 178 170 178 179 178 189 166 197 171 199 177 201 183 200 189 197 145 164 151 161 158 161 164 164 158 167 151 167 192 164 199 160 206 161 212 164 206 167 199 166 158 221 164 215 171 212 176 214 182 213 189 217 196 223 189 229 181 232 175 232 169 231 163 228 161 221 171 217 176 218 182 217 192 223 181 225 175 226 170 225
128 184 130 199 131 215 135 229 142 242 151 253 163 262 178 265 194 262 207 254 218 243 226 229 230 214 232 198 233 182 236 166 133 156 139 148 148 145 158 146 168 150 186 149 197 145 208 143 218 145 224 153 178 160 178 170 178 179 178 189 166 197 171 199 177 201 184 200 189 197 145 164 151 160 158 160 164 165 158 167 151 167 192 164 199 160 206 160 212 164 206 167 199 166 158 221 164 215 171 213 176 214 182 214 189 217 196 223 188 229 181 231 175 231 170 230 163 227 161 220 171 216 176 217 182 217 192 222 181 225 175 225 170 224
129 185 131 200 132 215 135 229 142 241 151 252 163 261 177 264 193 262 206 254 217 243 225 229 230 214 231 198 233 182 236 166 133 156 138 148 148 145 158 147 168 150 187 149 197 145 208 143 218 145 225 154 178 160 178 170 178 179 178 189 166 196 171 199 177 201 184 199 189 197 145 164 151 161 158 160 164 164 158 167 151 167 192 164 199 160 206 160 212 164 206 167 199 166 158 221 164 215 171 213 176 214 182 213 189 217 196 223 188 228 181 230 175 231 169 229 163 227 161 220 171 216 176 217 181 217 192 222 181 224 175 224 170 223
128 183 130 198 131 213 134 228 141 240 150 251 162 260 177 263 193 261 207 253 218 242 226 228 230 213 231 197 233 181 236 165 134 156 139 148 148 145 158 147 168 150 186 150 196 145 207 143 218 145 224 153 178 160 178 170 178 179 178 189 166 196 171 199 177 201 184 199 189 197 146 164 152 162 158 161 164 164 158 166 151 167 192 164 198 161 205 162 211 164 205 167 199 166 158 220 164 215 171 213 176 215 181 214 188 217 195 223 188 228 181 230 175 230 170 229 163 226 161 220 171 217 176 218 181 218 192 222 181 223 175 223 170 222
128 184 130 199 131 214 134 228 141 240 150 251 162 260 177 263 193 261 207 253 217 242 226 229 230 214 232 197 234 181 236 165 134 156 139 148 148 145 158 146 168 150 186 150 196 145 207 143 217 146 224 154 178 160 178 170 177 179 177 189 166 196 171 199 177 201 183 199 189 197 147 166 153 164 159 163 164 165 159 167 153 167 192 165 198 164 204 164 210 166 204 168 198 168 158 220 164 216 171 214 176 216 181 214 189 217 196 222 188 226 181 228 175 228 170 227 164 225 161 220 171 219 176 220 181 219 193 222 181 221 175 221 171 220
128 183 130 198 131 212 134 227 140 240 149 251 161 259 177 263 193 261 207 252 218 241 226 227 230 212 232 196 233 180 236 164 134 156 139 148 148 145 158 146 167 150 186 149 197 145 207 143 217 146 223 153 178 160 178 170 177 179 177 189 166 197 171 199 177 201 183 200 189 197 147 167 153 165 159 165 165 166 159 168 153 168 192 166 198 165 204 165 210 166 204 169 198 168 158 220 165 216 171 214 176 215 181 214 189 217 196 222 188 226 181 228 175 228 170 227 164 225 162 220 171 219 176 220 181 220 192 222 181 220 176 221 171 220
128 182 130 197 131 212 134 227 140 240 150 250 162 259 178 262 194 260 209 252 219 240 227 226 230 211 231 195 233 179 235 163 134 156 139 148 148 145 158 146 168 150 186 150 196 145 207 143 217 146 224 154 177 160 178 170 178 179 178 189 166 197 172 199 178 201 184 199 189 197 147 166 153 165 159 164 165 165 159 167 153 168 191 165 197 164 204 165 210 166 204 168 197 168 159 220 165 215 171 213 176 215 182 214 189 217 196 222 189 226 181 227 176 228 171 226 165 224 162 220 171 219 176 220 181 219 192 221 181 220 176 220 171 219
128 183 130 198 131 213 134 227 140 240 150 251 162 259 177 263 193 260 207 252 218 242 226 228 230 212 231 196 234 180 236 164 134 156 139 148 148 145 158 147 168 150 186 149 196 145 207 143 218 145 224 153 177 160 177 170 177 179 177 189 166 197 171 199 177 201 183 199 189 197 147 165 152 163 159 162 165 165 159 166 152 167 192 165 198 163 205 163 210 165 205 167 198 167 159 220 165 215 171 213 176 215 182 214 189 217 196 222 188 226 181 227 175 227 170 226 164 224 162 219 171 218 176 219 181 219 193 221 181 220 176 220 171 219
128 184 130 198 131 213 134 227 140 240 150 251 162 259 178 262 194 260 208 252 219 241 227 228 231 213 232 197 233 181 236 165 133 156 138 148 148 145 158 146 167 150 186 149 196 145 207 143 218 145 224 153 177 160 177 169 177 179 177 189 166 196 171 199 177 201 183 199 189 197 146 164 152 161 158 161 164 164 158 166 152 166 192 164 198 161 205 161 210 164 205 166 198 166 158 220 164 215 171 213 176 215 181 214 188 217 196 221 188 225 181 226 175 226 170 225 164 223 161 219 171 218 176 219 181 219 193 221 181 219 175 220 170 219
128 183 130 197 131 212 134 226 140 239 149 250 161 259 177 262 193 260 207 252 218 241 226 227 230 212 231 196 233 181 235 165 133 156 138 148 148 145 158 146 168 150 186 149 196 145 207 142 218 145 224 153 177 160 177 169 177 179 177 189 166 196 171 199 177 201 183 199 188 197 146 164 151 161 158 160 164 164 158 166 151 166 192 163 199 160 205 160 211 163 206 166 199 165 158 219 164 215 171 213 176 214 181 213 188 217 196 221 188 225 181 226 175 226 170 225 164 223 161 219 170 218 175 219 181 219 193 221 180 219 175 219 170 219
128 184 130 198 131 213 134 227 140 239 150 250 162 258 177 262 194 259 208 251 218 240 226 227 230 212 231 196 233 181 235 165 133 156 138 147 148 145 158 146 167 150 186 149 196 145 207 142 217 145 224 153 177 160 177 169 177 179 177 189 166 196 171 199 177 200 183 199 188 197 145 164 151 160 158 160 164 164 158 166 151 166 192 163 198 160 205 160 211 163 206 166 198 165 158 219 164 214 171 212 176 214 181 213 189 216 196 222 188 225 181 226 175 226 170 225 164 223 161 219 171 218 176 219 181 218 193 221 181 219 175 219 170 218
128 183 130 198 131 213 134 227 140 239 150 250 162 259 178 262 194 259 208 251 219 240 226 227 230 212 231 196 233 181 235 165 133 156 138 148 147 145 158 146 167 150 186 149 196 144 207 142 218 145 224 153 177 160 177 169 177 179 177 189 166 196 171 199 177 201 183 199 188 197 145 164 150 160 158 160 164 164 158 166 150 167 192 163 198 159 206 159 211 163 206 166 198 165 158 219 164 215 171 212 176 214 181 213 188 216 196 221 188 224 181 226 175 226 170 225 164 223 161 219 170 218 176 219 181 218 192 220 180 219 175 219 170 218
128 184 130 198 131 213 133 227 140 239 149 250 161 259 176 262 192 260 207 252 218 241 226 227 229 212 231 196 233 181 235 165 133 156 138 148 147 145 158 146 167 150 185 149 196 145 206 142 217 145 224 152 176 160 177 169 176 179 176 189 165 196 171 199 176 201 183 199 188 197 144 164 150 160 157 159 164 164 157 166 150 166 191 163 198 159 205 159 211 163 206 166 198 165 157 219 163 215 170 212 175 214 181 213 188 216 196 221 188 225 180 226 174 226 169 225 163 223 160 219 170 218 175 219 181 218 193 221 180 219 175 219 169 218
128 183 130 198 131 212 133 226 140 239 149 250 161 258 177 261 193 259 207 251 218 240 226 227 230 212 231 196 233 181 235 166 132 156 138 148 147 145 158 146 168 150 185 149 196 144 207 142 217 145 224 153 177 159 177 169 177 179 176 189 165 196 171 199 177 201 183 199 188 197 144 164 150 160 157 159 164 164 157 166 150 166 191 163 198 159 206 159 211 162 206 166 198 165 157 219 164 215 170 212 175 214 181 213 188 216 196 221 188 224 181 226 175 226 169 225 163 223 160 218 170 218 175 218 181 218 192 220 180 219 175 219 170 218
128 184 130 198 131 213 133 227 140 239 149 249 161 258 176 261 192 259 206 252 218 241 226 228 230 213 231 197 233 182 235 166 133 156 138 148 147 145 158 147 167 150 185 149 195 144 207 142 217 145 224 153 177 159 177 169 177 179 177 189 165 197 171 199 176 201 183 199 188 197 144 164 150 160 157 159 164 164 157 166 150 167 191 163 198 159 206 159 212 162 206 165 199 165 157 219 164 215 170 212 175 214 181 213 188 216 196 221 188 225 181 226 175 226 169 225 163 223 160 219 170 218 175 219 181 218 192 221 180 219 175 219 170 218
128 183 130 198 131 212 133 226 140 239 149 249 161 258 177 261 193 259 207 251 218 241 226 227 229 212 230 196 232 180 235 165 132 156 138 148 147 145 158 146 167 150 185 149 195 144 207 142 217 145 224 153 177 159 177 169 177 178 176 189 165 196 170 199 176 201 183 199 188 197 144 163 150 160 157 159 164 164 157 166 150 167 191 163 198 159 206 159 211 162 206 166 198 165 157 219 164 214 170 212 175 214 181 213 188 216 196 221 188 225 181 226 175 226 169 225 163 223 160 218 170 218 175 219 181 218 192 220 180 219 175 219 170 218
128 182 130 196 131 211 133 225 139 238 149 249 161 257 177 261 193 259 207 251 218 240 226 226 229 211 230 195 232 179 235 163 132 156 137 148 147 145 157 147 167 150 185 149 195 144 206 142 217 145 224 153 176 159 176 169 176 178 176 189 165 196 171 199 176 200 183 199 188 197 144 163 150 159 157 159 164 164 157 166 150 166 191 163 198 158 206 158 211 162 206 165 198 165 157 219 163 214 170 212 175 214 181 213 188 216 196 221 188 225 181 226 175 226 169 225 163 223 160 218 170 218 175 219 181 218 193 220 180 219 175 219 170 218
128 184 130 198 131 213 133 226 140 239 149 249 161 258 177 261 193 259 207 251 218 240 226 227 229 212 231 196 233 181 235 165 132 156 137 148 147 145 157 146 167 150 185 149 195 144 206 142 217 145 224 152 176 159 176 169 176 178 176 189 165 196 171 199 176 201 183 199 188 197 144 164 150 159 157 159 164 164 157 166 150 166 191 163 198 158 205 158 211 162 206 165 198 165 157 219 164 214 170 212 175 214 181 213 188 216 196 221 188 224 181 225 175 226 169 225 163 223 160 218 170 217 175 218 181 218 192 220 180 219 175 219 170 218
127 184 129 198 130 213 133 227 140 239 149 249 161 258 177 261 193 258 207 251 218 240 226 226 229 211 231 195 233 180 235 165 132 156 137 148 147 145 157 146 167 150 185 149 195 144 206 142 217 144 223 153 176 159 176 169 176 178 176 188 165 196 170 199 176 201 183 199 188 197 144 163 149 159 157 159 164 164 157 166 149 166 191 163 198 158 206 158 211 162 206 165 198 165 157 219 164 214 170 212 175 214 181 213 188 216 196 221 188 224 181 226 175 226 169 225 163 223 160 218 170 217 175 218 181 218 193 220 180 219 175 219 170 218
127 183 129 197 130 212 133 226 139 238 149 249 161 258 177 261 193 259 207 251 218 240 226 227 229 212 230 196 232 180 234 165 132 156 137 148 147 145 157 146 166 150 185 149 195 144 206 142 217 144 223 152 176 159 176 169 176 178 176 188 165 196 170 199 176 201 182 199 188 197 144 163 149 159 157 159 163 164 157 166 149 166 191 163 198 158 205 158 211 162 206 165 198 165 157 219 163 214 170 212 175 214 181 213 188 216 196 221 188 224 180 225 174 226 169 225 163 223 160 218 170 217 175 218 181 218 193 220 180 219 175 219 169 218
127 184 129 198 131 213 133 227 140 239 149 250 161 258 176 261 192 259 206 252 218 241 226 227 229 212 231 196 233 181 235 165 132 156 137 148 147 145 157 146 167 150 185 149 195 144 206 142 217 144 223 152 176 159 176 169 176 178 176 188 165 196 170 199 176 200 182 199 188 196 144 163 150 159 157 159 164 163 157 166 149 166 191 163 198 158 205 158 211 162 206 165 198 165 157 219 163 214 170 212 175 214 181 213 188 216 196 221 188 224 180 225 174 225 169 225 163 223 160 218 170 217 175 218 181 218 192 220 180 219 175 219 169 218
128 183 130 197 131 212 133 226 139 238 149 249 161 257 177 261 193 259 207 251 218 240 226 227 229 212 231 196 233 180 235 165 132 156 137 148 147 145 157 146 167 150 185 149 195 144 206 141 217 144 223 152 177 159 177 169 176 178 176 188 165 196 170 198 176 200 183 199 188 196 144 163 150 159 157 159 164 164 157 166 149 166 191 163 198 158 206 158 211 162 206 165 198 165 157 219 164 214 170 212 175 214 181 212 188 216 196 221 188 224 180 226 174 226 169 225 163 223 160 218 170 217 175 218 181 218 192 220 180 219 175 219 169 218
