133 169 133 185 134 201 138 216 146 229 157 239 170 247 186 250 201 247 212 239 221 227 226 214 230 200 232 186 235 173 237 159 146 136 152 128 162 125 173 127 182 132 202 132 211 129 221 128 229 133 233 142 192 143 192 152 192 160 192 169 179 178 184 181 189 183 195 182 199 180 156 146 162 142 170 142 176 147 169 149 162 149 203 149 210 145 217 146 222 151 217 153 210 152 167 204 174 196 182 194 187 196 192 195 199 200 203 209 197 215 191 218 185 218 179 216 172 212 170 204 181 198 187 199 192 200 199 208 191 211 186 211 181 210
132 171 133 187 134 203 139 218 147 230 158 240 171 247 186 249 200 247 212 238 220 228 226 215 229 202 231 188 234 174 237 161 145 135 152 128 162 125 173 127 182 132 202 132 211 129 221 128 229 132 233 141 192 144 192 152 192 160 192 169 178 178 184 180 189 182 195 182 199 180 156 147 162 142 169 143 175 148 169 149 162 149 203 150 210 146 217 146 221 152 217 154 209 153 166 204 173 196 181 194 187 196 192 195 198 200 203 208 197 215 190 217 185 217 179 216 172 212 169 203 181 198 186 199 191 200 199 207 191 211 186 211 180 210
132 170 133 186 134 202 138 217 146 229 157 239 170 246 185 249 200 247 212 238 220 228 226 215 229 201 231 188 234 174 237 161 145 135 152 128 162 125 172 127 182 132 202 132 211 129 220 128 229 132 232 141 192 144 192 152 192 161 192 169 178 178 183 181 189 183 194 182 199 180 156 147 162 142 169 143 175 148 169 149 161 149 203 150 210 146 217 146 221 152 216 153 209 153 166 204 173 196 181 194 186 196 192 195 198 200 203 208 197 214 190 216 185 216 179 215 172 211 169 203 181 199 186 200 191 200 200 207 191 210 186 210 180 208
132 170 133 186 134 202 138 217 146 229 157 239 170 246 186 248 200 246 212 238 220 227 226 215 229 201 231 187 234 173 237 160 145 134 152 127 162 125 172 127 181 132 202 132 211 129 220 128 228 132 232 140 192 144 192 152 192 161 192 170 178 178 183 181 189 183 195 182 199 181 156 147 162 142 169 143 175 148 169 149 161 149 203 150 210 146 217 146 221 152 217 154 209 153 167 204 174 196 181 194 187 196 192 195 198 200 203 208 197 214 190 215 185 215 179 214 172 210 169 203 181 199 186 200 191 200 200 207 191 209 186 209 180 208
133 169 133 185 134 201 138 216 145 228 156 238 169 245 184 248 199 246 211 238 220 227 226 215 229 201 231 187 234 173 237 160 146 134 153 127 162 125 173 127 181 132 201 133 210 129 220 128 228 132 232 140 191 144 192 152 192 161 192 170 178 178 183 181 189 183 194 182 199 180 156 146 162 142 169 143 175 147 168 149 161 149 203 149 210 146 217 147 221 152 216 154 209 152 166 203 173 196 181 194 186 196 192 195 198 200 203 208 197 213 190 214 185 214 179 213 172 210 169 203 180 199 186 200 191 200 199 207 190 208 185 208 180 207
132 170 133 186 134 202 138 216 146 229 157 238 170 245 185 248 200 246 211 238 220 227 226 214 229 200 231 187 234 173 237 159 145 135 152 128 162 125 172 127 181 132 201 132 211 129 220 128 229 132 233 140 192 143 191 152 191 161 191 170 178 178 183 181 189 183 194 182 199 181 156 147 162 143 169 143 175 148 169 149 161 149 203 150 210 146 217 147 221 151 216 153 209 153 166 203 173 196 181 194 186 196 192 195 198 200 203 208 197 213 190 215 185 214 179 213 172 210 169 203 181 199 186 200 191 200 199 207 191 208 186 208 180 207
132 169 133 185 134 201 138 215 146 228 157 238 170 244 185 247 200 245 212 237 220 226 226 213 229 200 231 186 234 172 237 159 145 135 152 127 162 125 172 127 181 132 201 132 210 129 220 128 229 132 232 141 191 143 191 152 191 160 191 169 178 178 183 180 189 182 194 182 199 180 156 146 161 143 169 143 175 147 168 149 161 149 203 149 209 146 216 146 221 151 216 153 209 152 166 203 173 196 181 194 186 196 191 195 198 200 203 208 197 213 190 215 185 214 179 213 172 210 169 203 180 199 186 200 191 200 199 207 190 208 185 208 180 206
132 169 133 185 134 201 138 215 145 228 156 238 170 244 185 247 200 245 212 237 220 227 226 214 229 200 231 187 234 173 237 160 145 135 152 127 162 125 172 127 181 132 201 133 210 129 220 128 228 132 232 140 191 144 191 152 191 160 191 169 178 178 183 180 188 182 194 182 199 180 156 146 162 143 169 143 175 148 168 149 161 149 203 150 209 146 217 146 221 151 216 153 209 152 166 204 173 196 181 194 186 196 191 195 198 200 203 208 197 213 190 214 185 214 179 213 172 210 169 203 180 199 186 200 191 200 199 207 191 208 185 208 180 207
133 169 134 184 134 200 138 215 146 228 157 238 170 245 185 247 201 245 212 237 221 226 226 214 229 200 231 186 235 173 238 160 146 134 153 127 162 125 172 127 181 132 202 133 211 129 220 128 228 132 232 140 192 144 192 152 192 161 191 170 178 178 183 181 189 183 194 182 199 181 156 146 162 142 169 143 175 147 169 149 161 149 203 149 210 146 217 146 221 151 216 153 209 152 166 203 174 196 181 194 187 196 192 195 198 200 203 208 197 213 190 214 185 214 179 213 172 210 169 203 181 199 186 200 191 200 200 207 191 208 186 208 180 207
133 169 134 185 134 201 138 216 146 229 157 238 170 245 185 248 201 245 212 238 221 227 226 214 229 201 232 187 235 173 238 160 146 134 153 127 163 125 173 127 182 132 202 133 211 129 220 128 229 131 233 140 192 144 192 152 191 161 191 170 178 178 183 181 189 183 194 182 199 180 156 147 162 143 169 143 175 148 169 149 161 149 203 150 210 146 217 147 221 151 216 153 209 153 167 204 173 196 181 194 186 196 192 195 198 200 203 208 197 213 190 215 185 215 179 213 172 210 169 203 181 198 186 199 191 200 200 207 191 208 186 208 180 207
133 169 134 185 135 200 138 215 146 228 157 238 170 246 186 249 201 246 213 237 221 226 227 213 230 200 232 186 235 173 238 159 146 135 152 128 162 125 173 127 182 132 202 133 211 129 221 128 229 132 233 141 192 144 192 152 192 160 192 169 178 178 184 181 189 183 195 182 199 180 156 146 162 143 169 143 176 148 169 149 161 149 203 150 210 146 217 147 222 151 217 153 210 153 167 203 173 196 181 194 187 196 192 195 198 200 203 208 197 214 190 215 185 215 179 214 172 211 169 203 181 198 186 199 191 199 200 207 191 209 186 209 180 208
133 170 134 186 135 202 139 217 146 229 157 239 170 246 185 249 200 247 212 238 221 227 226 215 229 201 232 188 235 174 238 161 146 135 153 128 163 125 173 127 182 132 202 133 211 129 221 128 229 132 233 141 192 144 192 152 192 161 192 170 178 178 184 181 189 183 195 182 199 180 156 147 162 143 169 143 176 148 169 150 161 150 203 150 210 146 217 147 222 152 217 154 210 153 166 204 173 196 181 194 187 196 192 195 198 200 203 208 197 214 190 216 185 216 179 215 172 211 169 203 181 198 186 199 191 199 200 207 191 210 186 210 180 209
133 168 134 184 134 200 138 215 146 228 156 238 169 246 185 249 200 246 212 238 221 226 226 213 230 199 232 186 235 172 238 159 146 135 153 128 163 125 173 127 182 132 201 133 211 129 220 128 229 132 233 141 192 144 192 152 192 161 192 170 178 178 183 181 189 183 195 182 199 180 156 146 162 142 169 143 176 147 169 149 162 149 203 150 209 146 216 147 221 152 216 153 209 152 167 204 174 197 181 194 186 196 191 196 197 200 202 208 196 214 190 216 185 216 179 215 172 211 170 203 181 199 186 200 191 200 199 207 190 210 185 210 180 208
133 167 133 182 134 198 137 213 144 226 154 237 168 244 184 247 200 245 212 237 220 226 226 214 229 200 231 187 235 173 237 160 147 134 153 127 163 125 174 127 183 132 201 133 211 129 220 128 229 132 233 140 192 143 192 152 192 160 192 170 178 178 183 181 189 183 194 183 199 181 157 146 162 143 169 143 176 147 169 149 162 149 203 150 210 146 217 147 221 152 216 154 209 153 168 204 175 198 181 196 186 198 190 197 196 202 201 209 195 212 189 213 185 213 179 212 173 209 171 204 181 202 185 203 190 203 197 208 190 206 185 206 181 205
132 167 133 182 134 198 138 213 145 226 155 237 169 244 185 246 200 244 212 236 221 226 226 213 229 200 232 186 235 172 237 159 146 134 153 127 163 125 173 127 183 132 201 132 210 129 220 128 229 132 233 141 192 143 192 152 192 160 191 169 178 179 183 181 189 183 194 182 198 181 156 146 162 142 169 143 175 147 169 149 161 149 203 149 209 145 217 146 221 151 216 153 209 152 169 205 175 199 181 196 186 198 190 197 195 202 199 209 194 213 189 214 184 214 180 212 174 209 172 204 181 203 185 204 189 204 196 208 189 206 185 206 181 205
132 167 133 183 133 198 137 213 144 226 154 236 167 244 183 247 198 245 211 238 219 227 225 215 229 202 231 188 234 174 237 160 146 133 153 127 163 125 173 127 182 132 201 132 210 129 220 128 229 132 233 140 191 143 191 152 191 160 190 169 178 179 183 181 188 183 193 182 197 181 156 146 161 142 169 142 175 147 168 149 161 149 202 149 209 146 216 146 221 151 216 153 209 152 168 206 174 199 181 196 185 198 189 197 195 202 199 210 194 214 188 215 184 215 179 214 173 211 172 205 180 203 185 204 189 204 195 209 189 207 185 207 180 206
132 168 133 184 134 200 137 215 144 228 155 239 168 247 183 250 198 248 210 240 219 228 225 216 228 202 231 188 234 174 237 160 146 133 153 126 162 124 172 126 181 131 201 132 210 128 220 128 228 132 232 140 191 143 191 151 191 160 191 168 178 178 182 181 188 183 193 182 198 180 156 146 161 142 168 143 175 147 168 149 161 149 202 149 209 146 216 147 221 151 216 153 208 152 168 205 173 198 181 195 185 197 190 197 195 202 199 210 194 215 188 217 184 217 179 216 172 212 171 205 180 202 185 202 189 203 196 209 189 209 184 209 180 208
132 169 133 184 134 200 137 215 144 228 154 239 167 247 182 251 197 248 210 240 218 229 225 216 228 202 231 188 234 174 237 160 145 134 152 126 162 124 172 126 181 131 200 132 210 128 219 127 228 131 232 140 190 143 190 152 190 160 189 169 177 178 182 180 187 182 192 182 197 180 155 146 161 142 168 142 175 147 168 149 161 149 202 149 209 145 216 146 220 151 215 153 208 152 166 205 172 197 180 194 185 196 190 195 196 200 200 209 195 216 188 218 183 218 177 217 171 213 169 204 179 199 184 200 189 200 197 208 188 211 184 211 179 210
132 169 133 185 134 201 137 216 145 229 155 240 168 247 183 250 197 248 209 240 218 229 225 217 228 203 230 189 234 175 237 161 145 134 152 127 161 124 172 126 181 131 200 132 209 129 219 128 228 132 231 141 191 143 190 151 190 159 190 168 177 178 182 180 187 182 193 181 197 180 156 146 162 142 168 142 175 147 168 148 161 148 202 149 209 145 215 147 220 151 215 153 208 152 165 204 172 196 180 193 185 195 190 195 196 200 200 209 195 215 188 218 183 218 177 216 170 212 168 204 179 198 184 199 189 199 197 208 188 211 184 211 179 210
132 169 132 184 133 200 136 215 143 228 153 239 166 247 181 250 197 248 210 240 219 228 225 215 229 201 231 186 234 172 237 159 145 135 151 127 161 124 171 126 180 131 200 132 209 128 219 127 227 132 230 141 190 143 190 151 190 159 190 168 177 177 182 180 187 182 192 181 197 180 157 147 163 145 169 145 174 147 169 149 162 149 201 150 208 149 213 150 218 153 213 154 207 153 165 204 171 196 179 193 185 195 190 195 196 199 201 209 195 215 188 217 183 217 177 215 170 212 168 203 179 197 184 198 189 199 197 207 188 210 183 210 178 209
131 168 132 184 132 200 136 215 143 227 154 238 166 246 182 249 197 247 210 239 219 227 225 214 228 200 231 186 234 172 236 158 145 136 150 127 160 124 171 126 180 131 200 132 209 128 219 128 227 133 230 142 190 143 190 152 190 160 190 168 176 177 182 179 187 182 193 181 197 179 157 148 163 147 168 146 174 147 168 149 163 150 201 150 207 150 213 151 217 154 212 154 206 153 164 203 171 195 179 193 185 195 190 194 196 199 200 208 195 214 188 216 183 216 177 215 169 211 167 203 179 197 184 198 189 199 197 207 189 209 184 209 178 208
131 169 132 185 133 201 137 215 144 228 155 238 168 245 183 248 198 245 210 238 219 227 226 214 229 201 231 187 234 174 236 160 145 135 151 127 161 124 171 126 180 131 200 132 209 128 219 128 226 132 230 141 190 144 189 152 189 160 189 168 176 177 181 179 187 182 192 181 197 179 157 148 162 146 168 146 174 148 168 150 162 150 201 150 207 149 213 150 218 154 213 154 207 153 164 202 171 195 179 192 184 194 190 194 196 198 201 207 195 213 188 215 183 215 177 213 170 210 167 202 179 196 184 197 189 198 197 206 188 208 183 208 178 207
131 169 132 184 133 200 136 215 144 227 155 237 168 244 183 247 198 245 210 237 219 226 225 214 229 200 231 186 234 173 237 159 145 134 151 127 161 124 171 126 180 131 200 132 209 128 219 128 228 132 231 141 190 143 190 151 189 160 189 168 176 177 181 179 187 182 192 181 197 179 156 147 162 145 168 145 174 147 168 149 161 149 201 150 208 148 214 149 218 153 213 154 207 153 165 202 172 195 179 192 185 194 190 194 196 198 201 207 195 211 188 213 183 212 177 211 170 208 168 201 179 196 184 197 189 198 197 205 189 206 184 206 178 205
131 168 132 183 133 198 136 213 144 225 154 235 167 242 182 245 197 244 210 237 219 227 225 214 228 201 230 187 233 174 236 160 145 133 152 126 161 124 171 126 180 131 200 132 209 129 219 128 228 132 232 140 190 143 190 151 190 160 189 169 176 177 181 180 187 182 193 181 197 179 156 147 161 144 168 144 174 147 168 149 161 149 202 150 208 148 214 149 219 153 214 154 207 152 165 201 172 195 180 193 185 195 190 194 195 199 200 206 194 211 188 212 183 212 177 210 171 207 168 201 179 197 184 198 189 199 197 205 188 205 183 205 178 204
132 167 132 182 133 198 136 213 143 225 154 236 167 243 183 246 199 244 211 236 220 225 226 213 229 199 231 186 234 173 237 159 145 133 151 126 161 124 171 126 180 131 200 132 210 129 219 128 228 132 232 140 190 143 190 151 190 160 189 169 176 177 181 180 187 182 193 181 197 179 156 146 161 144 168 144 174 147 168 148 161 148 202 149 208 147 214 148 219 152 214 153 207 152 165 201 172 196 180 194 184 196 189 196 195 200 200 206 194 209 188 210 183 209 178 208 171 206 168 201 179 200 184 201 189 201 197 205 188 203 184 203 179 202
132 166 133 182 133 198 136 213 143 226 154 236 167 243 183 245 198 243 211 236 220 226 225 214 228 201 230 187 233 174 236 160 145 134 151 126 161 124 171 126 181 131 200 132 209 129 219 128 228 132 232 141 190 142 190 151 190 159 190 168 177 178 182 180 187 182 192 181 197 180 156 146 162 143 168 143 174 147 168 148 161 148 201 149 208 147 215 148 219 152 214 153 207 152 165 202 173 197 180 195 185 197 189 196 195 200 200 206 194 208 188 208 184 208 179 207 172 205 168 201 180 201 184 201 189 202 197 205 189 202 184 202 180 201
131 167 132 182 133 199 136 214 144 226 154 237 167 244 183 246 198 245 211 237 220 227 226 214 229 201 230 187 233 173 236 160 145 134 151 126 161 124 171 126 180 131 200 132 209 129 219 128 228 132 231 141 190 143 190 151 190 160 189 169 176 178 181 180 187 182 192 182 197 180 156 146 161 143 168 143 174 147 168 149 161 149 201 149 208 147 215 148 219 152 214 154 207 152 165 203 173 198 180 196 185 198 189 197 195 201 201 207 194 209 188 210 184 210 179 209 172 207 168 202 179 202 184 203 189 203 197 206 188 203 184 203 179 202
132 167 133 182 133 198 136 213 143 226 153 237 166 245 182 248 198 247 210 239 219 228 225 215 228 202 231 187 234 174 237 160 145 133 152 126 161 124 171 126 180 131 200 132 209 129 219 128 228 132 232 140 190 143 190 151 190 159 190 168 176 178 181 180 187 183 192 182 197 180 156 146 161 143 168 143 174 147 168 148 161 148 202 149 208 147 215 148 219 152 214 153 208 152 165 204 172 198 180 196 184 198 189 197 195 202 200 208 194 213 188 214 183 213 178 212 171 209 168 204 179 202 184 203 188 204 197 207 188 206 184 206 179 205
132 167 133 183 133 199 137 214 144 227 154 238 167 246 182 249 198 247 210 239 219 228 226 215 229 201 231 187 234 173 237 159 146 133 152 126 162 124 172 126 181 131 200 132 209 129 219 128 228 132 232 141 190 143 190 151 189 160 189 169 176 178 181 180 187 182 192 182 197 180 156 146 162 142 168 143 174 147 168 148 161 148 202 149 208 146 215 147 220 152 215 153 208 152 165 204 172 197 180 194 184 197 189 196 196 201 201 208 194 214 187 216 183 216 177 214 170 211 168 203 179 200 184 201 188 202 198 207 188 209 183 209 178 208
132 169 133 185 134 201 138 216 145 228 155 239 167 247 183 250 198 248 210 239 219 228 225 215 228 202 231 187 234 174 237 160 145 134 151 127 161 124 172 126 181 131 200 132 209 128 219 128 228 133 231 142 190 143 190 152 190 160 190 169 177 177 182 180 187 182 193 182 197 180 156 146 162 142 168 143 174 147 168 148 161 148 202 149 208 146 215 147 219 152 214 153 208 152 165 204 172 196 180 194 185 196 190 196 196 200 201 209 195 214 188 217 183 217 177 215 170 211 168 203 179 198 184 200 189 200 197 207 189 210 184 210 178 209
132 169 133 185 134 201 137 215 145 228 155 238 167 246 182 250 198 247 210 239 219 228 225 215 229 201 231 187 234 173 237 159 145 134 151 126 161 124 172 126 181 131 200 132 209 129 219 128 228 132 232 141 190 143 190 152 190 160 190 169 176 178 181 180 187 182 193 182 197 180 155 146 161 142 168 143 174 147 168 149 160 149 202 150 209 146 215 147 220 152 215 154 208 153 164 203 171 196 180 193 185 195 190 195 196 200 202 208 195 214 188 217 183 216 177 215 170 211 167 203 179 198 184 199 189 200 198 207 188 210 184 210 178 209
132 169 133 185 134 201 138 216 145 228 155 239 168 246 183 249 198 247 210 239 219 228 226 215 229 202 231 188 234 174 237 160 145 133 152 126 162 124 172 126 181 131 200 132 209 128 219 127 228 131 232 140 190 143 190 151 190 159 189 168 176 177 182 180 187 182 192 181 197 180 156 146 161 142 168 142 174 147 168 148 161 148 202 149 209 146 215 147 220 152 215 153 208 152 165 203 172 196 180 193 185 195 190 195 196 199 201 208 195 214 188 216 183 216 177 214 170 210 168 203 179 197 184 198 189 199 198 207 189 209 184 209 178 208
133 169 134 185 135 200 138 215 145 228 155 238 168 246 183 249 198 247 210 239 219 228 225 216 228 202 231 188 234 175 238 161 145 134 152 126 162 124 172 126 181 131 200 132 209 128 219 127 228 132 231 141 190 142 190 151 190 159 190 168 177 177 182 179 187 181 193 181 197 179 156 146 162 142 169 142 175 147 168 148 161 148 202 149 209 145 215 146 220 151 215 153 208 152 165 203 172 195 179 193 185 195 190 194 196 199 201 208 195 213 188 215 183 215 177 214 170 210 168 202 179 197 184 198 189 199 198 207 189 208 184 209 178 207
133 169 134 185 135 200 138 215 145 228 156 238 168 245 183 248 198 246 210 238 219 228 225 215 228 202 231 188 234 174 238 160 145 134 151 126 161 123 172 125 181 130 200 131 209 128 219 127 228 131 232 141 190 142 190 151 190 159 189 167 177 177 182 179 187 181 193 180 197 179 156 145 162 142 169 142 175 146 168 148 161 148 202 148 208 145 215 146 220 151 215 153 208 151 166 202 172 194 180 192 185 194 190 193 196 198 201 207 195 212 189 214 183 214 177 213 170 209 169 202 179 196 185 197 190 198 198 206 189 208 184 208 178 207
133 169 133 184 134 200 137 215 145 227 155 237 168 244 183 247 198 245 211 238 219 227 225 215 229 201 231 188 234 174 237 161 145 134 152 126 161 123 172 125 181 130 200 131 209 128 219 127 228 131 231 140 190 142 190 150 190 158 189 167 176 176 181 179 187 180 192 180 197 179 156 145 161 141 168 142 174 146 168 148 161 148 202 149 209 145 216 146 220 151 215 152 208 151 165 202 172 194 179 191 185 193 190 193 196 198 201 207 195 212 188 214 183 213 177 212 170 209 169 202 179 196 184 197 189 197 197 206 189 207 184 207 178 206
133 169 134 184 135 200 138 214 145 227 155 237 167 244 183 247 198 245 210 238 219 228 226 215 229 202 231 188 235 175 238 161 146 133 152 126 161 123 171 125 180 129 200 131 210 127 219 127 228 131 232 140 190 142 190 150 189 158 189 167 177 176 182 178 187 180 192 180 197 178 156 145 162 141 169 142 175 146 168 148 161 147 202 148 209 145 215 146 220 151 215 152 208 151 166 202 172 194 180 191 185 194 190 193 196 198 201 207 195 211 188 213 183 213 177 212 171 208 169 201 179 196 184 197 189 197 198 206 189 206 184 206 178 205
132 168 133 184 134 200 138 215 145 228 155 238 168 244 184 247 199 245 211 237 219 227 225 215 229 201 231 188 235 174 238 160 145 134 151 126 161 123 171 125 180 130 200 131 209 127 219 127 228 131 232 141 190 142 190 150 190 158 189 167 176 176 182 179 187 180 193 180 197 179 156 145 161 141 168 141 175 146 168 148 161 148 202 148 208 145 215 146 220 151 215 152 208 151 165 202 172 194 180 191 185 193 190 193 196 198 201 207 195 211 188 213 183 213 177 212 170 208 168 202 179 196 184 197 189 197 198 205 189 207 184 206 178 205
133 168 133 184 134 200 138 214 145 227 155 237 167 244 183 247 198 245 211 237 220 227 225 214 229 201 231 187 235 173 238 160 145 133 152 126 161 123 172 125 181 130 199 131 209 128 219 127 228 131 232 140 190 142 190 151 190 159 189 167 176 176 182 179 187 181 192 180 197 179 156 145 161 141 168 142 174 146 168 148 161 148 202 149 208 145 215 146 220 151 215 152 208 151 165 202 172 194 179 192 184 194 190 193 196 198 201 207 195 212 188 213 183 213 177 212 170 208 168 202 179 196 184 197 189 198 197 206 188 207 183 206 178 205
133 169 134 184 134 200 138 215 145 227 155 237 167 245 183 247 198 245 210 238 219 227 225 215 229 202 231 188 234 175 237 161 145 134 151 126 161 124 171 125 180 130 200 131 209 128 220 127 228 132 232 141 190 142 190 151 190 159 189 168 176 176 181 179 187 181 192 180 197 179 155 145 161 141 168 142 174 146 168 148 161 148 202 149 208 145 215 146 220 151 215 153 208 151 165 202 171 195 179 192 184 194 189 194 195 198 200 207 194 212 188 213 182 213 177 212 170 208 168 201 179 196 184 197 189 198 197 206 188 207 183 207 178 206
132 168 133 184 134 199 137 214 144 226 154 237 167 244 182 247 198 245 210 237 219 227 225 215 228 201 231 188 234 174 237 161 145 134 151 126 161 124 171 126 181 130 199 132 209 128 219 127 228 132 232 141 190 143 189 151 189 159 189 168 176 177 181 179 186 181 192 181 197 179 155 146 161 142 168 142 174 147 168 148 160 148 201 149 208 146 215 147 220 152 215 153 208 152 165 202 171 195 179 192 184 194 189 194 195 198 201 207 194 212 187 213 182 213 177 212 170 208 168 202 179 197 184 197 188 198 197 206 188 207 183 207 178 206
132 168 133 183 134 199 137 214 144 227 154 237 167 244 182 247 197 245 210 238 218 227 225 215 228 201 231 187 234 174 237 161 145 133 152 126 162 124 172 126 181 131 199 132 209 128 219 127 227 132 231 140 189 143 189 151 189 159 188 168 176 177 181 179 186 181 192 181 197 179 155 145 161 142 168 142 174 146 167 148 160 148 201 149 208 146 215 147 219 151 214 153 207 152 164 202 171 195 179 192 184 194 189 194 195 199 200 207 194 212 187 214 182 213 176 212 169 209 167 202 178 197 183 198 188 198 197 206 188 207 183 207 177 206
132 169 133 184 134 200 137 215 144 227 154 238 166 245 181 248 196 246 209 239 218 228 224 216 228 202 230 188 234 175 237 161 144 133 151 126 161 124 171 126 180 131 199 132 209 128 218 128 227 132 231 140 189 143 189 151 189 159 188 168 176 177 181 180 186 182 191 181 196 180 155 146 160 142 167 142 173 147 167 148 160 148 201 149 208 146 215 147 219 151 214 153 207 152 164 203 170 195 178 192 184 194 189 194 195 199 200 208 194 213 187 215 182 215 176 213 169 209 167 202 178 197 183 198 188 199 196 207 187 208 182 208 177 207
132 169 133 184 133 201 137 215 144 228 154 238 167 245 182 248 197 246 209 239 218 228 225 216 228 202 230 188 234 175 237 161 144 134 150 127 160 124 170 126 180 131 199 132 208 129 218 128 227 132 231 141 189 143 189 151 189 160 188 168 175 177 180 180 186 182 191 181 196 180 155 146 160 142 167 142 173 147 167 148 160 148 201 149 207 146 214 147 219 152 214 153 207 152 164 203 170 195 178 193 183 195 188 194 195 199 200 208 194 214 187 216 181 216 176 215 168 211 167 202 178 197 183 198 188 199 196 207 187 209 182 209 177 208
132 169 133 185 133 201 137 216 144 228 154 238 167 246 182 249 197 247 209 239 218 228 224 216 228 202 230 188 233 175 237 161 144 135 150 127 160 124 170 126 179 131 199 132 208 129 218 128 227 132 230 141 189 143 189 151 188 160 188 168 175 177 180 180 186 182 191 181 196 180 155 146 160 142 167 143 173 147 167 148 160 148 200 149 207 146 214 147 218 152 213 153 206 152 163 203 170 195 178 193 183 195 188 194 195 199 199 208 193 214 186 217 181 216 175 215 168 211 166 203 177 197 183 198 188 199 196 207 187 210 182 210 177 209
131 169 132 185 132 200 136 215 143 227 153 238 165 245 180 249 196 247 208 239 218 228 224 216 228 202 230 188 233 174 236 160 144 134 150 127 159 124 170 126 179 131 198 132 207 128 217 128 226 132 229 142 188 144 188 152 188 160 188 169 175 177 180 180 185 182 191 181 196 180 155 147 160 145 166 145 173 148 166 149 160 149 200 150 206 149 212 150 217 153 212 154 206 153 163 203 169 195 177 193 183 195 188 195 195 199 199 208 193 214 186 216 181 216 175 214 168 211 165 203 177 197 182 198 188 199 196 207 187 209 182 209 176 208
130 168 131 183 132 199 135 213 142 226 152 237 165 245 180 248 196 246 209 238 218 227 224 214 228 200 230 186 233 172 236 158 143 135 149 127 159 125 169 126 178 131 198 133 207 129 217 128 225 133 229 142 188 144 188 152 187 160 187 169 174 177 179 180 185 182 190 181 195 180 156 149 161 147 167 147 173 148 167 150 161 150 199 151 206 151 211 152 216 154 211 155 205 154 163 203 169 195 177 193 182 195 188 195 194 199 199 208 193 213 186 215 181 215 174 214 168 210 165 203 176 197 182 198 187 199 196 207 187 209 181 209 175 208
130 168 131 184 132 200 135 215 142 227 153 238 166 245 181 248 196 246 209 238 218 227 225 215 228 201 230 186 233 173 236 159 143 135 149 128 159 125 169 126 178 132 198 133 207 129 217 128 225 133 228 142 188 144 187 152 187 160 187 169 174 177 179 180 185 182 190 181 195 180 156 149 161 148 166 148 172 149 166 150 161 151 199 151 205 151 211 152 215 154 210 155 204 154 162 203 169 195 177 193 182 195 187 195 194 199 199 207 192 213 185 215 180 215 175 213 167 210 165 202 176 197 182 199 187 199 195 206 186 208 181 208 176 207
130 169 131 184 132 199 135 214 142 227 152 237 165 244 180 248 196 245 208 238 217 227 224 215 227 201 229 186 232 173 235 159 143 136 148 128 158 125 168 126 177 131 197 133 206 129 216 128 224 133 227 143 187 144 187 152 187 160 186 169 173 177 179 180 184 182 190 181 195 180 155 149 160 148 166 148 172 149 166 151 160 151 198 151 204 151 210 152 215 155 209 156 203 154 162 203 169 195 176 193 182 195 187 195 193 199 199 207 192 212 185 214 180 214 174 212 167 209 165 202 176 198 182 199 187 199 195 206 186 208 181 208 175 207
130 170 130 185 131 200 134 215 142 227 152 237 164 244 180 247 195 245 208 238 217 227 224 215 228 201 229 187 232 174 235 160 142 135 148 128 158 125 168 126 177 132 197 133 206 129 216 128 224 133 227 142 187 144 187 152 186 160 186 169 173 178 178 180 184 182 190 182 194 180 155 149 160 148 166 148 172 149 166 151 160 151 198 151 205 151 210 152 215 155 210 155 204 154 161 203 168 195 176 193 182 195 187 195 193 199 199 207 192 212 186 214 180 214 174 213 167 209 164 202 176 198 181 199 187 199 195 206 186 208 181 208 175 207
129 169 130 184 130 200 134 215 141 227 151 237 164 245 179 248 194 246 207 238 217 228 224 215 227 202 229 187 232 174 235 160 141 136 147 128 157 125 167 127 177 132 196 133 206 129 216 128 224 133 228 142 187 144 186 152 186 160 186 169 173 178 178 181 184 183 189 182 194 180 154 149 159 147 165 147 171 148 165 150 159 150 198 151 205 150 210 152 215 154 210 155 204 154 161 203 168 196 176 194 181 196 186 195 192 200 198 208 191 213 185 214 179 214 174 213 167 209 164 203 175 198 181 199 186 200 194 207 185 208 180 208 175 206
128 169 129 184 130 200 134 214 141 227 151 237 163 245 178 248 194 246 206 239 216 228 222 216 226 202 229 188 231 174 234 160 141 136 147 128 157 125 167 127 176 132 195 133 205 129 215 129 224 133 228 143 186 144 185 153 185 161 184 169 172 178 177 181 182 183 188 182 193 181 152 149 158 146 164 146 170 149 164 150 158 150 198 151 204 149 210 151 215 154 210 155 204 154 161 203 168 196 175 194 180 196 186 195 192 200 197 208 191 213 184 215 179 215 173 214 166 210 164 203 175 198 180 199 185 199 194 207 185 209 179 209 174 207
128 170 129 185 130 201 134 215 141 228 151 238 164 245 179 248 194 246 206 239 216 228 222 215 226 201 228 187 231 174 234 160 140 136 146 128 156 125 166 127 176 132 195 133 204 130 214 129 223 133 227 142 185 145 185 153 184 161 184 170 171 178 177 181 182 183 188 182 193 181 152 148 157 146 164 146 169 149 163 150 157 150 197 151 203 149 210 150 214 154 209 155 203 154 160 204 167 196 175 194 180 196 185 195 192 200 197 208 191 214 184 216 178 216 172 215 166 211 163 203 174 198 180 199 185 200 193 208 184 210 179 210 173 209
127 170 128 185 130 200 134 215 141 228 151 238 163 245 178 248 193 246 205 239 214 229 221 216 225 202 228 188 231 174 233 160 140 136 146 128 156 125 166 127 175 132 194 133 204 129 214 129 223 133 227 142 184 145 184 153 184 161 183 170 171 179 176 181 181 183 187 182 192 181 151 148 157 145 163 146 169 149 163 150 157 150 197 151 203 148 210 150 214 153 209 155 203 154 160 204 167 196 174 194 180 196 185 195 191 200 196 208 190 215 183 217 178 217 172 215 165 212 163 203 174 198 179 199 184 199 193 207 183 210 178 210 173 209
127 171 128 186 130 201 133 216 141 228 151 238 163 245 178 248 193 247 205 239 215 229 221 217 225 203 227 189 230 175 233 162 139 137 145 129 155 125 166 127 175 132 194 133 203 129 214 129 222 133 226 142 184 145 184 153 184 161 183 170 171 179 176 181 181 183 187 182 192 181 151 148 156 145 163 145 169 149 163 150 156 150 196 151 203 148 209 149 214 153 209 154 202 153 160 204 166 196 174 194 179 196 184 195 191 200 196 209 190 215 183 216 177 216 172 215 165 211 163 203 174 198 179 199 184 200 193 208 183 210 178 210 173 209
127 170 128 185 130 200 133 215 141 227 151 237 163 244 178 247 193 245 205 238 214 228 221 215 224 201 227 187 230 174 233 160 139 136 145 128 155 126 165 127 174 132 194 133 203 129 213 129 222 133 226 142 184 145 184 153 183 161 183 170 170 179 176 181 181 183 186 182 191 181 150 149 156 145 162 146 168 149 162 151 156 151 196 151 202 148 209 149 214 153 208 155 202 154 160 204 167 197 174 194 179 196 184 196 190 200 195 208 189 214 182 216 177 215 172 214 165 211 163 203 174 199 179 200 183 200 192 207 183 209 178 209 173 208
127 169 129 184 129 199 132 214 138 226 148 237 161 245 176 248 192 246 204 239 214 228 220 216 224 202 226 188 229 174 232 160 139 135 145 128 155 126 165 127 173 132 194 133 203 129 213 128 222 132 226 141 184 145 183 153 183 161 183 170 171 179 176 181 181 183 186 182 191 181 150 149 156 146 162 146 168 149 162 151 156 151 196 150 202 148 209 150 213 153 208 155 202 154 161 204 167 198 174 195 178 197 183 197 189 201 194 209 188 213 182 214 177 214 172 213 166 210 164 204 174 200 178 201 183 201 191 208 182 208 177 208 173 207
127 168 128 183 129 198 132 213 139 226 149 236 161 244 177 247 192 245 205 237 214 227 221 214 224 200 226 186 229 173 232 159 139 136 145 128 154 126 165 128 173 132 192 133 202 129 212 128 221 132 225 141 183 144 183 153 183 161 183 170 170 179 175 181 180 183 186 183 190 181 150 148 155 146 162 146 168 149 162 151 155 151 195 151 202 148 208 149 213 153 208 155 201 154 161 205 168 198 174 196 178 198 182 198 189 202 194 209 188 213 181 214 177 214 172 213 166 210 165 204 174 202 178 203 182 203 190 208 182 207 177 207 173 206
127 169 128 184 129 199 132 214 138 226 148 237 161 244 176 247 191 245 204 238 213 228 220 215 223 202 226 187 229 174 232 160 138 136 144 129 154 126 164 128 173 132 192 132 202 129 212 128 221 132 225 141 183 144 183 153 183 161 183 169 170 179 175 182 180 183 186 183 190 181 149 149 155 146 161 146 167 149 161 151 154 151 195 150 201 148 208 149 213 153 208 154 201 153 161 205 167 199 174 197 177 199 182 198 188 203 193 209 187 213 181 214 176 214 172 212 166 210 164 205 173 203 177 204 182 204 190 209 181 207 177 207 173 206
127 168 128 183 129 198 132 213 138 225 148 236 160 244 176 247 192 245 205 238 214 227 220 214 224 201 226 186 229 173 232 159 138 136 144 129 154 126 164 128 173 132 192 132 202 129 212 128 221 132 225 141 183 144 183 153 182 161 182 170 170 179 175 182 180 184 185 183 190 181 149 149 155 146 161 146 167 149 161 151 154 151 195 150 201 148 208 149 212 153 207 155 201 154 161 205 167 199 173 197 177 199 182 198 188 203 193 209 187 213 181 214 176 214 172 213 166 210 164 205 173 203 177 204 181 204 189 208 181 207 177 207 173 206
126 168 128 183 128 198 131 213 137 225 147 236 160 243 176 246 191 244 205 237 214 227 220 214 224 201 225 187 229 173 232 160 138 136 144 129 153 126 163 128 172 133 192 133 202 130 211 128 220 132 225 140 182 145 182 153 182 161 182 170 170 180 174 182 179 184 184 183 189 182 149 149 154 146 161 146 167 149 161 151 154 151 194 151 201 149 208 150 212 153 207 155 201 154 160 205 166 199 173 197 177 199 182 198 188 203 193 209 187 212 180 213 176 213 171 212 165 209 163 204 172 203 177 204 181 204 190 208 181 206 176 206 172 205
126 168 127 183 128 198 130 213 136 225 146 236 160 243 176 246 191 244 205 237 214 227 221 214 224 200 225 186 229 173 231 159 138 136 144 129 153 126 164 128 173 133 191 133 201 129 211 128 220 132 224 141 182 145 182 153 181 161 181 170 169 180 174 182 179 184 185 183 189 182 149 149 154 146 161 146 167 149 161 151 154 151 194 151 201 149 207 150 212 153 207 155 200 154 159 204 166 199 173 196 177 198 182 198 188 202 194 208 187 211 181 212 176 212 171 211 164 209 162 204 172 203 177 204 181 204 190 207 181 205 176 205 172 204
126 168 127 183 127 198 130 213 136 225 146 235 160 242 176 244 192 243 205 236 214 227 221 214 224 201 226 186 229 173 231 159 138 137 143 129 153 126 163 128 172 133 191 133 201 130 211 129 220 133 224 142 182 145 182 153 182 161 181 170 169 179 174 182 179 184 185 183 189 182 148 149 154 146 160 146 166 149 160 151 153 151 194 151 201 149 207 150 212 153 207 155 200 154 158 203 165 198 172 196 177 198 182 198 188 202 194 208 187 211 181 211 175 211 171 210 164 208 161 203 172 202 176 203 181 203 190 207 181 204 176 204 171 203
126 168 127 183 127 198 129 213 136 225 146 235 159 242 175 245 191 243 205 237 214 227 221 215 224 201 225 187 229 174 231 160 137 136 143 129 153 126 163 128 172 133 191 134 201 130 211 129 220 133 224 142 182 144 182 153 182 161 181 170 168 180 174 182 179 184 184 183 189 182 148 149 153 146 160 146 166 149 160 151 153 151 194 151 200 149 207 150 212 153 207 155 200 154 158 203 165 198 172 196 176 198 181 197 188 201 194 208 187 210 180 210 175 210 170 209 164 207 161 202 171 202 176 203 181 203 191 207 181 203 176 203 171 202
126 170 127 184 127 199 129 214 135 226 145 236 158 243 174 245 190 244 204 237 214 228 220 216 223 202 225 188 229 174 231 161 137 137 143 129 153 127 163 128 172 133 191 134 201 130 211 129 220 133 224 143 182 144 182 153 181 161 181 170 168 179 173 182 179 184 184 183 189 182 147 149 153 146 160 146 166 150 160 151 153 151 194 151 201 149 207 150 212 154 207 155 200 154 157 202 164 197 171 195 176 197 181 197 187 201 194 207 186 209 180 209 174 209 170 208 163 206 160 202 171 201 176 202 181 202 190 206 180 203 175 202 170 202
126 170 127 184 127 199 129 213 135 226 145 235 158 242 174 245 190 243 204 237 214 227 220 215 223 202 225 188 228 174 231 160 137 137 143 129 152 127 162 128 171 133 191 134 201 130 210 129 219 134 223 143 182 144 181 153 181 161 181 170 168 179 173 182 179 184 184 183 189 182 148 149 153 146 160 146 166 149 160 151 153 151 193 151 200 149 206 150 211 154 206 155 199 154 157 202 164 197 171 195 176 197 181 197 187 201 194 207 186 209 180 209 174 208 169 207 163 205 160 201 170 201 175 202 181 202 190 206 180 202 175 202 170 201
125 169 126 183 126 198 128 213 134 225 144 235 157 242 173 245 189 243 203 237 214 228 220 216 223 202 225 188 228 175 231 162 137 137 142 129 152 126 162 128 171 133 191 134 200 130 210 129 219 133 223 142 181 144 180 153 180 161 180 170 167 179 172 182 178 184 183 183 188 182 147 149 153 146 159 146 165 150 159 151 152 151 193 152 200 149 206 150 211 154 206 155 199 154 156 202 163 197 171 195 175 197 181 197 187 201 194 207 186 209 179 208 174 208 169 207 162 205 159 201 170 200 175 202 180 202 191 206 179 202 175 202 170 201
126 170 127 184 127 199 129 213 135 225 145 235 158 242 174 244 190 243 203 237 213 228 220 216 223 202 225 188 228 175 231 161 136 137 142 129 152 126 162 128 171 133 191 134 200 130 210 129 219 133 223 142 181 144 181 153 180 161 180 170 167 179 172 181 178 183 183 183 188 182 147 149 152 146 159 146 165 150 159 151 152 152 193 151 200 149 206 149 211 153 206 155 199 154 156 202 164 197 171 195 175 197 180 197 187 201 194 207 186 209 179 208 174 208 169 207 162 205 159 201 170 201 175 202 180 202 190 206 179 202 174 202 170 201
125 170 126 184 127 199 129 213 136 226 145 235 159 242 174 244 190 243 203 236 213 227 220 215 223 202 225 188 228 175 231 161 136 137 142 129 151 126 162 128 171 133 190 134 200 130 210 129 219 133 223 142 180 145 180 153 179 161 179 170 167 179 172 182 177 184 183 183 188 182 146 149 152 146 159 146 165 150 159 151 152 151 192 151 199 149 206 149 211 153 206 155 199 154 156 202 164 197 170 195 175 197 180 196 187 200 194 207 186 209 179 208 174 208 169 207 162 205 160 201 170 200 175 201 180 202 190 206 179 202 174 202 169 201
126 170 127 184 127 198 129 213 135 225 144 235 158 242 173 245 189 243 203 237 213 228 220 216 223 202 225 188 228 175 231 161 136 137 142 129 152 126 162 128 171 133 190 134 200 130 210 129 219 133 223 143 180 145 180 153 179 161 179 170 167 179 172 181 177 184 183 183 188 181 147 149 152 146 159 146 165 150 159 151 152 151 193 151 199 149 206 149 211 153 206 155 199 154 156 201 163 197 170 195 175 197 180 196 187 200 194 207 186 209 179 208 174 208 169 207 162 205 159 201 170 200 175 201 180 201 190 206 179 202 174 202 169 201
126 170 127 184 127 199 129 213 135 225 145 235 158 242 174 245 190 243 204 237 214 227 220 215 223 202 225 188 228 175 231 161 136 137 142 129 152 127 162 128 171 133 190 134 200 130 210 129 219 133 223 142 181 145 180 153 180 161 180 170 167 179 172 182 178 183 183 183 188 182 147 149 152 146 159 146 165 150 159 151 152 151 193 151 199 149 206 150 211 153 206 155 199 154 156 202 163 197 170 195 175 197 180 197 187 201 194 207 186 209 179 208 174 208 169 207 162 205 159 201 170 200 175 201 180 202 190 206 179 202 174 202 170 201
126 170 127 185 127 199 129 213 135 226 145 235 158 242 174 245 190 243 204 237 214 227 220 215 223 201 225 187 228 174 231 161 136 138 142 130 151 127 162 129 171 134 190 134 200 130 210 129 219 134 223 143 181 145 180 153 180 162 179 171 167 179 172 182 178 184 183 183 188 182 147 149 152 146 159 146 165 150 159 151 152 152 192 152 199 149 206 150 211 154 206 155 199 155 156 202 163 197 170 195 175 197 180 197 187 201 194 207 186 209 179 209 174 208 169 207 162 205 159 201 170 200 175 202 180 202 190 206 179 202 174 202 170 201
126 170 127 184 126 199 128 213 134 225 144 235 157 242 174 245 190 244 203 237 214 228 220 215 223 202 225 188 228 175 231 161 136 138 142 130 152 127 162 129 171 134 190 134 200 130 210 129 219 134 223 143 181 145 181 154 180 162 180 171 167 180 173 182 178 184 184 184 188 182 147 149 153 146 159 147 165 150 159 152 152 152 193 152 200 149 206 150 211 154 206 156 199 155 156 202 164 197 171 195 175 198 181 197 187 201 194 207 186 209 179 209 174 209 169 207 162 206 159 202 170 201 175 202 180 202 191 206 180 203 175 203 170 201
125 170 126 184 126 199 128 213 134 225 144 235 157 243 173 246 189 244 203 237 213 228 220 216 223 203 225 189 228 176 231 163 136 138 142 130 152 127 162 129 171 134 190 135 200 131 210 130 219 134 223 143 181 146 181 154 180 162 180 171 167 180 172 182 178 185 183 184 188 183 147 150 153 146 159 147 165 151 159 152 152 152 193 152 200 149 206 150 211 154 206 156 199 155 156 202 164 197 171 195 175 198 181 197 187 201 194 208 186 210 179 209 174 209 169 207 162 206 159 202 170 201 175 202 180 203 191 207 180 203 175 203 170 201
126 170 127 184 127 199 128 213 134 226 144 235 157 243 173 246 190 244 203 238 213 228 220 216 223 203 225 189 228 175 231 162 137 138 142 130 152 128 162 130 171 134 190 135 200 131 210 130 219 134 223 143 181 146 181 154 180 162 180 171 167 180 172 182 178 184 183 184 188 183 147 150 153 147 160 147 166 150 159 152 152 152 193 152 200 149 206 150 211 154 206 156 199 155 156 202 163 198 170 196 175 198 180 198 187 202 194 208 186 210 179 209 174 209 169 208 162 206 159 202 170 201 175 203 180 203 191 207 180 203 174 203 169 202
