128 176 129 190 130 204 132 218 138 231 146 242 157 251 172 255 187 254 202 246 213 236 221 223 226 208 228 193 230 177 234 162 132 149 138 142 147 140 157 142 166 146 184 146 194 141 205 139 215 142 222 150 175 155 174 165 174 174 173 184 163 191 168 194 173 196 180 195 185 192 143 157 149 153 157 153 163 158 156 160 148 160 189 159 196 153 204 153 210 158 204 161 197 161 155 212 161 209 167 207 172 209 177 208 184 211 192 216 184 220 176 221 171 221 166 219 160 217 158 212 167 212 172 213 177 213 189 215 177 214 171 214 166 213
128 175 129 190 130 204 132 219 138 231 146 242 157 251 172 254 188 253 202 246 213 236 221 222 226 208 227 192 230 177 233 161 132 150 138 143 147 141 157 142 166 146 184 146 194 142 205 140 215 142 222 150 175 155 174 165 174 174 173 184 163 191 168 194 173 196 180 195 185 192 143 157 149 153 157 153 163 158 156 160 148 160 189 158 196 153 204 153 210 158 204 161 196 161 154 213 161 209 167 207 172 209 177 208 184 211 192 216 183 220 176 220 171 220 165 219 159 217 157 213 166 212 172 213 177 213 189 215 177 214 171 214 166 213
128 176 129 190 130 204 132 219 138 231 146 242 157 251 172 255 188 254 202 246 213 236 221 222 225 208 227 192 230 177 233 162 132 150 138 143 147 141 157 142 166 146 184 146 194 141 205 139 215 142 222 150 175 155 174 165 174 174 173 184 163 191 168 194 173 196 180 195 185 192 143 157 149 153 157 153 163 158 156 160 148 160 190 158 197 153 204 153 210 158 205 161 197 161 154 213 161 209 167 207 172 209 178 208 185 211 192 216 184 220 177 220 171 220 165 219 159 217 157 213 166 212 172 213 177 213 189 215 177 214 171 214 166 213
128 176 130 190 131 205 133 219 138 232 147 243 158 252 172 255 188 254 202 247 213 236 221 223 226 209 228 193 231 178 234 162 132 150 137 142 147 140 157 142 166 146 184 146 194 141 205 139 215 142 222 150 175 155 174 165 174 174 173 184 163 191 168 194 173 196 180 195 185 192 143 157 149 153 157 153 163 158 156 160 148 160 190 159 197 153 204 153 210 158 205 161 197 161 154 213 161 209 167 207 172 209 178 208 185 211 193 216 184 220 177 221 171 220 165 219 160 217 157 213 166 212 172 213 177 213 189 215 177 214 171 214 166 213
127 175 129 189 130 203 132 218 138 231 146 242 157 251 172 255 188 253 202 246 213 236 221 223 226 209 228 193 231 178 234 162 132 150 138 142 147 140 157 142 166 146 184 145 194 141 205 139 216 142 222 150 175 155 174 165 174 174 173 184 163 191 168 194 173 196 180 194 185 192 143 157 149 152 157 153 163 158 156 160 148 160 190 158 197 153 204 153 210 158 205 161 197 161 155 213 161 209 167 207 172 209 178 208 185 211 193 216 184 220 177 221 171 221 166 219 160 217 157 213 167 212 172 213 177 213 189 216 177 214 171 214 166 213
128 176 130 190 131 204 133 219 138 232 146 242 157 251 172 255 187 254 202 247 213 236 221 223 226 208 228 192 231 177 234 162 132 150 138 142 147 140 157 142 166 146 184 145 194 141 205 139 215 142 222 150 175 155 174 164 174 174 174 184 163 191 168 194 173 196 180 195 185 192 143 157 149 152 157 152 163 158 156 160 148 160 190 158 197 153 204 153 210 158 205 161 197 161 155 213 161 208 167 206 172 209 178 208 185 211 192 216 184 220 176 221 171 221 165 219 160 217 157 212 167 212 172 213 177 213 189 215 177 214 171 214 166 213
128 176 130 190 130 204 132 218 138 231 146 242 157 251 171 255 187 254 201 247 213 236 221 223 226 208 228 193 230 178 233 162 132 150 137 142 147 140 157 142 166 146 184 146 194 141 205 139 215 142 222 150 175 155 174 165 174 174 173 184 163 191 168 194 173 196 180 194 185 192 143 157 149 152 157 152 163 158 156 160 148 160 190 158 197 153 204 153 210 158 205 161 197 161 154 213 160 209 167 206 172 208 177 208 184 211 192 216 184 220 176 221 171 221 165 219 159 217 157 213 166 212 172 213 177 213 189 215 176 214 171 214 166 213
127 174 129 188 130 203 132 217 138 231 146 242 157 251 172 254 187 253 202 246 213 235 221 222 225 207 227 192 230 176 233 161 132 150 137 142 147 140 157 142 166 146 184 145 194 141 205 139 215 142 222 150 175 154 174 164 174 174 173 184 163 191 168 194 173 195 180 194 185 192 143 157 149 152 156 152 163 158 156 160 148 160 189 158 196 153 204 153 210 158 204 161 196 160 154 213 161 209 167 207 172 209 177 208 184 211 192 216 184 220 177 221 171 221 166 220 160 217 157 213 167 212 172 213 177 213 189 215 177 214 171 214 166 213
128 175 129 189 130 204 132 218 138 231 146 242 157 251 172 255 187 253 202 246 213 236 221 222 226 208 228 192 230 177 233 162 132 150 137 142 147 140 157 142 166 146 184 145 194 141 205 139 215 142 221 150 175 155 174 164 174 174 173 184 163 191 168 194 173 196 179 194 185 192 143 157 148 153 156 153 162 158 156 160 148 160 190 158 196 153 204 153 210 158 204 161 197 161 155 214 161 209 167 207 172 209 177 208 184 211 192 217 184 220 177 221 171 221 166 220 160 218 158 213 167 213 172 214 177 213 189 216 177 214 172 215 166 214
128 176 130 190 130 205 133 219 138 232 147 242 158 251 172 255 187 254 201 246 212 236 221 223 226 209 228 193 230 178 233 162 132 149 137 142 147 140 157 142 166 145 184 145 194 141 205 139 215 142 222 150 175 155 174 164 174 174 173 184 163 191 168 194 173 196 180 194 185 192 143 157 149 152 156 152 163 158 156 160 148 160 190 158 196 153 204 153 210 158 204 161 197 161 154 214 161 210 167 208 172 210 177 209 184 212 191 217 183 221 176 221 171 221 166 220 160 218 157 214 167 213 172 214 177 214 188 217 176 215 171 215 166 214
128 176 129 191 131 205 133 219 139 232 147 242 158 251 172 255 187 254 201 247 212 236 220 223 226 209 228 194 230 178 233 162 132 149 138 142 147 140 157 141 166 145 184 145 194 141 205 139 215 142 222 149 175 154 174 164 174 174 173 184 163 191 168 194 173 196 180 194 185 192 143 157 149 152 157 152 163 158 156 160 148 160 190 158 197 153 204 153 210 158 205 161 197 161 155 214 161 210 168 208 172 210 177 209 184 212 192 218 184 221 176 222 171 222 166 221 160 219 158 214 167 213 172 214 177 214 188 217 177 215 171 215 167 214
128 174 129 188 130 203 132 217 138 230 146 241 157 252 172 256 187 255 201 247 213 236 221 223 226 209 228 193 230 177 233 162 133 148 138 141 148 140 157 141 166 145 184 145 194 140 205 139 215 141 222 149 175 154 174 164 174 173 173 183 163 190 168 193 173 195 179 194 185 192 143 156 149 152 157 152 162 157 156 159 148 159 190 158 196 153 204 153 210 157 204 160 197 160 154 214 160 210 167 207 172 209 178 209 185 212 192 218 184 222 176 222 171 222 165 221 159 219 157 214 166 213 172 214 177 214 189 217 177 216 171 216 166 215
128 174 129 189 131 204 134 218 140 231 148 243 159 254 173 258 189 256 202 247 213 236 221 222 226 207 228 191 230 176 233 160 133 148 138 141 147 139 157 141 166 145 184 144 194 140 205 138 215 141 222 148 175 154 175 163 174 173 174 183 163 190 168 193 173 195 180 194 185 191 143 156 149 152 157 152 163 157 156 159 148 159 190 157 196 152 204 152 210 157 205 160 197 160 155 214 161 209 168 206 172 208 177 208 185 211 192 217 184 223 177 225 171 225 166 224 160 221 158 214 167 211 172 212 177 212 189 217 177 219 172 219 167 218
128 174 130 188 131 203 134 218 139 231 147 243 158 254 173 258 188 256 202 248 213 237 221 223 226 208 229 192 231 176 234 160 133 149 138 141 147 139 157 141 166 145 184 144 194 140 206 138 216 141 222 149 175 154 175 163 174 173 174 183 163 190 168 192 174 195 180 193 185 191 143 156 149 152 157 152 163 157 157 159 149 159 190 157 197 152 204 152 210 157 205 160 197 159 155 214 161 209 167 206 172 208 178 207 185 211 192 217 184 223 177 225 171 225 166 224 160 221 158 214 167 210 172 211 177 211 188 216 177 218 171 218 166 218
128 173 130 188 131 203 134 218 139 231 148 243 158 253 173 257 188 256 202 247 213 236 221 222 226 207 228 191 231 175 233 159 133 149 138 141 148 139 158 141 167 145 184 145 195 140 206 138 216 141 223 149 176 154 175 164 175 173 174 183 163 190 168 192 174 195 180 193 186 191 144 156 149 152 157 152 163 157 157 159 149 159 190 157 197 152 205 152 210 156 205 160 197 160 155 214 161 208 167 205 172 207 178 206 185 210 193 216 184 222 177 224 171 224 166 223 159 220 158 213 167 209 172 210 178 210 189 216 177 218 172 218 166 217
128 174 130 189 131 204 134 218 140 231 148 243 159 253 173 257 189 255 202 247 213 236 222 222 227 208 229 192 231 176 233 161 132 149 138 141 147 139 157 141 166 145 185 144 195 140 206 138 216 141 223 149 176 154 175 164 175 173 174 183 163 189 168 192 174 195 180 193 186 191 143 156 149 152 157 152 163 157 156 159 149 159 190 157 197 152 205 152 210 157 205 160 197 160 155 213 161 208 168 205 173 207 179 206 186 210 193 216 185 222 178 224 172 224 166 223 160 220 158 213 168 209 173 210 178 210 189 215 178 218 172 218 167 217
128 175 130 189 131 204 134 218 139 231 147 242 158 252 173 256 188 254 202 247 213 237 221 224 227 209 229 193 231 177 234 161 132 149 138 141 148 139 158 141 167 145 185 145 195 140 206 138 216 141 222 149 176 154 175 164 175 173 174 183 163 190 168 193 174 195 180 193 186 191 144 156 149 152 157 152 163 157 157 159 149 159 190 158 197 153 205 153 210 157 205 160 197 160 156 213 161 208 168 205 173 207 178 206 185 210 192 216 184 221 177 223 171 223 166 222 160 219 159 213 167 209 172 210 178 210 188 215 177 217 172 217 167 216
129 175 130 189 131 204 134 218 140 231 148 242 158 252 173 256 188 254 202 247 214 236 222 223 227 208 229 192 231 177 234 161 133 149 138 142 147 140 157 141 166 145 185 145 195 140 206 139 216 142 223 149 175 154 175 164 175 174 174 184 163 190 168 193 174 195 180 194 186 191 144 156 149 152 157 152 163 157 157 159 149 160 190 157 197 152 205 152 210 157 205 160 197 160 156 214 161 208 167 205 172 207 178 206 184 210 192 216 184 221 177 222 171 222 166 221 160 219 159 213 167 209 172 210 177 210 188 216 177 217 171 217 166 216
128 174 130 189 131 203 134 218 140 231 148 242 159 252 173 255 188 254 202 247 213 236 221 223 226 208 228 192 231 176 233 160 133 149 138 142 148 140 158 141 167 145 185 145 194 141 205 139 216 142 222 149 175 155 175 164 175 174 174 184 164 190 168 193 174 195 180 194 186 191 144 156 149 152 157 152 163 158 157 160 149 160 190 158 197 153 204 153 210 157 205 161 197 160 156 214 162 208 168 205 173 207 178 206 184 210 191 217 184 222 177 224 171 224 166 222 161 219 159 213 167 209 172 210 178 210 188 216 177 217 172 217 167 216
128 174 130 189 131 204 134 218 140 231 148 242 159 250 173 254 189 252 202 246 213 235 222 222 226 208 229 192 231 176 233 161 133 149 138 142 148 140 158 142 167 146 184 145 194 141 205 139 216 142 222 150 175 154 175 164 174 174 174 184 163 190 168 193 174 195 180 194 186 191 144 156 149 152 157 152 163 157 156 159 149 159 190 158 197 152 204 153 210 157 205 160 197 160 156 213 162 208 168 205 172 207 178 206 185 210 191 216 184 220 177 221 171 221 166 220 161 217 159 212 168 210 172 211 178 211 188 215 177 214 172 215 167 213
128 175 130 190 131 205 134 219 140 231 148 242 158 252 173 255 189 254 202 247 213 236 221 223 226 208 229 193 231 177 234 161 133 149 138 142 148 140 157 141 167 145 185 145 195 140 206 139 216 141 222 149 175 154 175 164 175 174 174 184 163 190 168 193 174 195 180 194 186 191 143 157 149 152 157 152 163 158 156 160 149 160 190 158 197 153 205 153 210 157 205 161 197 160 156 213 162 208 168 205 173 207 178 207 184 210 191 217 184 221 177 222 171 222 166 220 161 218 159 213 167 210 172 211 178 211 188 216 177 215 172 215 167 214
128 174 130 189 131 204 134 219 140 232 148 244 159 254 174 258 189 256 203 248 214 237 222 223 227 208 229 192 232 176 234 161 133 150 138 142 148 140 158 142 167 146 185 145 194 141 206 139 216 142 223 149 175 155 175 164 174 174 174 184 164 190 168 193 174 195 180 194 186 191 144 157 149 152 157 153 163 158 157 160 149 160 190 158 197 153 205 153 210 157 205 161 197 160 157 214 162 208 168 206 173 207 178 207 185 211 191 217 184 223 177 225 172 225 166 224 161 221 160 214 167 210 172 211 178 211 188 216 177 218 172 219 167 217
128 176 130 190 131 205 135 220 141 233 148 245 159 255 173 259 188 257 201 249 212 237 221 224 226 209 229 193 231 177 234 161 133 150 138 142 148 140 158 142 167 146 184 145 195 141 206 139 216 142 222 149 176 155 175 165 174 174 174 184 163 190 168 194 174 196 180 194 186 191 144 157 149 152 157 152 163 158 157 160 149 160 190 158 197 153 205 153 211 157 205 161 197 160 156 215 161 209 168 206 172 208 178 207 185 211 191 218 184 224 177 227 171 227 166 226 160 222 159 214 167 210 172 211 177 211 188 217 177 220 171 221 167 220
128 176 129 191 131 206 134 220 141 233 149 245 159 254 173 258 188 256 201 248 212 237 221 224 226 209 229 193 231 177 234 161 133 150 139 142 148 140 158 142 167 146 184 146 194 141 205 140 216 142 222 149 176 155 175 165 175 175 174 184 164 191 168 194 174 196 180 194 186 192 144 157 149 153 157 153 163 158 157 160 149 160 190 158 197 153 205 153 211 158 205 161 197 161 155 215 161 208 167 206 172 208 178 207 185 211 192 218 185 225 177 227 171 227 166 226 160 222 158 214 167 210 172 211 178 211 188 217 177 221 172 221 166 220
128 175 130 190 131 205 134 220 140 233 149 244 160 254 174 258 189 256 202 247 212 236 220 222 225 208 228 192 230 176 233 160 133 150 138 142 148 140 158 142 167 146 185 146 195 141 206 140 216 142 223 150 176 155 175 165 175 174 174 184 164 191 169 194 174 196 180 194 186 192 144 157 149 152 157 153 163 158 157 160 149 160 190 158 197 153 205 153 210 158 205 161 197 161 155 214 161 208 167 206 172 208 178 207 185 211 192 217 184 224 177 227 171 227 166 226 160 222 158 214 167 210 172 211 178 211 188 217 177 220 172 221 166 220
128 176 130 191 131 206 134 220 140 233 149 244 160 254 173 258 188 256 202 247 212 237 221 223 226 209 228 193 231 178 234 162 133 149 139 142 148 140 158 142 167 146 185 146 195 141 206 140 216 142 223 150 176 155 176 165 175 175 175 185 164 190 169 194 174 196 181 194 186 192 144 157 150 153 157 153 163 158 157 160 150 160 191 158 197 154 205 154 210 158 205 161 198 161 155 214 161 208 168 206 173 208 179 207 186 211 192 217 185 224 177 226 172 226 166 225 160 221 158 213 168 210 173 211 178 211 189 217 178 220 172 220 167 219
127 175 129 190 130 205 134 220 140 233 148 244 159 253 173 257 188 255 202 247 213 237 221 223 226 209 229 193 231 178 234 162 133 149 139 141 149 140 159 141 168 145 186 145 196 141 207 139 217 142 223 150 177 155 176 165 176 174 175 185 164 190 169 193 175 195 181 194 187 192 146 157 152 155 158 155 164 158 158 159 152 159 191 159 197 157 203 158 209 160 203 162 197 161 156 213 162 208 168 206 173 208 179 207 186 210 192 217 185 222 178 225 172 225 166 223 160 220 158 213 168 209 173 211 179 211 189 216 178 218 172 219 167 217
127 175 129 190 130 205 133 220 139 233 148 244 159 253 173 257 188 256 202 248 213 237 222 224 227 210 229 194 231 178 234 163 134 149 140 141 149 139 159 141 168 145 186 145 196 141 207 140 217 142 223 150 177 155 177 164 176 174 176 184 164 190 169 193 175 195 181 194 187 191 146 158 152 156 158 156 164 158 158 160 152 160 191 159 198 158 204 159 209 161 204 162 197 162 155 213 162 208 168 206 174 207 179 207 186 210 192 216 185 223 178 225 172 225 166 223 160 220 158 213 168 209 173 210 179 210 189 216 178 218 172 218 167 217
128 174 130 190 131 205 134 220 140 233 149 245 160 255 174 259 189 257 202 248 213 237 222 224 227 209 229 193 231 177 234 161 134 149 139 141 149 139 159 141 168 145 186 145 196 140 207 139 217 142 223 150 177 154 177 164 176 173 176 184 165 190 169 193 175 195 182 193 187 191 147 158 152 155 158 155 164 158 158 159 152 159 191 159 197 157 204 158 209 160 204 162 197 161 156 214 162 207 169 205 174 207 180 206 186 210 192 217 185 224 178 227 172 227 167 225 160 222 159 213 168 209 173 210 179 210 189 216 178 220 173 220 167 219
128 175 130 191 131 206 135 221 141 234 149 246 160 255 174 259 189 257 202 249 213 238 221 224 227 209 229 193 231 178 234 162 134 148 140 141 149 139 159 141 168 145 186 145 196 141 207 139 217 142 223 149 177 154 177 164 176 174 176 184 165 190 170 193 175 195 181 193 187 191 146 157 152 154 158 154 164 157 158 159 151 159 191 158 198 156 204 156 210 159 204 161 197 161 156 214 162 208 168 205 174 207 179 207 186 210 192 217 185 224 178 227 172 227 167 226 160 222 159 214 168 209 173 210 179 210 189 216 178 221 173 221 167 220
128 175 130 190 131 206 135 220 141 234 150 245 161 255 174 258 189 256 202 248 213 237 222 224 227 209 229 193 231 177 234 162 134 149 139 141 149 139 159 141 168 145 186 145 196 141 207 139 217 142 223 150 177 154 177 164 176 173 176 184 165 190 170 193 175 195 182 193 187 191 146 157 151 154 158 154 164 157 158 159 151 159 191 158 198 155 205 156 210 159 205 161 198 160 156 214 162 207 169 205 174 207 179 206 186 210 193 217 186 224 178 227 172 227 167 226 161 222 159 213 168 209 174 210 179 210 189 216 178 220 173 221 168 220
128 175 130 190 131 205 134 219 140 233 149 244 160 253 174 257 189 256 203 248 214 237 222 223 227 209 229 193 231 177 234 161 133 149 139 141 149 139 159 141 168 145 186 145 196 141 207 139 217 142 223 150 177 154 177 164 176 174 176 184 165 190 170 193 175 195 182 193 187 191 145 157 151 153 158 153 164 157 158 159 151 159 191 158 198 155 205 155 210 158 205 161 198 160 156 213 162 207 169 205 174 207 180 206 186 210 193 216 186 223 179 226 173 226 167 224 161 221 159 213 168 209 174 210 179 210 189 216 179 219 173 219 168 218
128 174 130 189 131 204 134 219 141 232 149 244 160 253 174 257 189 255 203 247 213 236 222 223 227 208 229 193 231 177 234 161 133 149 139 141 149 139 159 141 168 145 186 145 196 141 207 139 217 142 223 150 177 154 176 164 176 174 175 184 164 190 169 193 175 195 181 194 187 191 145 156 151 153 158 153 164 157 158 159 151 159 191 158 198 154 205 155 210 158 205 161 198 160 156 213 162 207 168 205 173 207 179 206 186 210 193 216 185 222 178 224 172 224 167 223 161 220 159 213 168 209 173 210 179 210 189 215 178 218 173 218 167 217
128 174 130 189 131 203 134 218 140 231 148 243 159 252 174 256 189 254 202 247 213 236 221 223 226 208 228 193 231 177 234 161 134 149 139 141 149 139 159 141 168 145 187 145 196 141 207 139 217 142 223 150 177 154 177 164 176 174 176 184 165 190 170 193 175 195 182 194 187 191 145 156 151 153 158 153 164 157 158 159 150 159 191 158 198 154 205 154 210 158 205 161 198 160 156 213 162 207 169 205 174 207 179 207 186 210 193 216 185 222 178 224 172 224 167 223 161 219 159 213 168 209 173 210 179 210 189 215 178 218 173 218 168 217
128 174 130 189 132 204 134 219 141 232 149 243 160 253 174 257 189 255 203 247 213 237 222 223 227 209 229 193 231 177 234 161 134 149 140 141 149 139 159 141 168 145 186 145 196 141 207 139 217 142 224 150 177 154 177 164 176 174 176 184 165 190 170 193 175 195 182 193 187 191 145 156 151 153 158 153 164 157 158 159 151 159 191 158 198 154 205 154 211 158 206 161 198 160 156 213 162 207 169 205 174 207 179 206 186 210 193 216 186 222 178 224 172 224 167 223 161 220 159 213 168 209 173 210 179 210 190 215 179 218 173 218 168 217
129 174 131 189 132 204 134 218 140 232 149 243 159 253 174 257 189 255 203 247 214 236 222 223 227 209 230 193 232 177 235 162 134 149 140 141 150 139 160 141 169 146 186 145 196 141 207 139 217 142 224 149 177 154 177 164 176 174 176 184 165 190 170 193 175 195 182 194 187 191 145 156 151 153 158 153 165 157 158 159 151 159 192 158 198 154 206 154 211 158 206 161 198 160 156 213 162 208 169 205 174 207 179 207 187 210 193 217 186 223 178 225 172 225 167 223 161 220 159 213 168 209 173 210 179 210 190 216 178 218 173 218 168 217
129 174 131 190 132 205 135 219 141 232 149 244 160 253 174 257 190 255 203 247 214 236 222 223 227 208 229 193 231 177 234 162 134 149 140 141 150 139 160 141 169 145 187 145 197 141 208 139 218 142 224 150 178 154 177 164 177 174 176 184 165 190 170 193 176 195 182 194 187 191 145 156 151 152 159 153 165 157 158 159 151 159 192 158 199 154 206 154 212 158 206 161 199 160 156 214 162 208 169 205 174 207 180 207 186 210 193 216 186 223 178 225 173 225 167 224 161 220 159 213 169 209 174 210 179 210 190 216 179 218 173 219 168 217
129 175 131 190 132 205 135 219 141 232 149 244 160 254 174 257 190 255 203 247 213 236 222 223 227 209 229 193 232 178 235 162 134 149 140 141 150 139 160 141 169 145 187 145 197 141 208 139 218 142 224 149 177 154 177 164 176 174 176 184 165 190 170 193 175 195 182 193 187 191 145 156 151 152 158 152 164 157 158 159 151 159 192 158 199 153 206 154 211 158 206 161 199 160 156 214 162 207 169 205 174 207 179 206 187 210 193 217 186 224 178 226 173 226 167 225 161 221 159 213 168 209 174 210 179 210 190 216 179 220 173 220 168 219
129 174 131 190 132 205 135 220 141 233 150 244 161 254 175 258 190 255 203 247 214 236 222 223 227 208 229 192 232 177 234 161 134 149 140 141 149 139 159 141 169 145 187 145 197 141 208 139 218 142 224 150 177 154 177 164 176 174 176 184 165 190 170 193 175 195 182 194 187 191 145 156 151 152 158 152 164 157 158 159 150 159 192 158 198 153 206 154 211 158 206 161 199 160 156 214 162 207 169 205 174 207 180 206 187 210 193 217 186 224 179 227 173 227 167 225 161 221 159 213 168 209 174 210 179 210 190 216 179 220 173 220 168 219
129 175 131 190 132 205 135 220 141 232 150 244 161 254 175 258 190 256 202 247 213 236 222 223 227 208 229 192 231 177 234 161 134 149 140 141 150 139 160 141 169 145 187 145 197 140 207 139 218 141 224 149 178 155 177 164 177 174 176 184 165 190 170 193 176 195 182 193 187 191 145 156 151 152 158 152 164 157 158 159 151 159 192 158 198 153 206 153 211 158 206 161 199 160 156 214 162 207 169 205 174 207 180 206 187 210 193 217 186 224 178 227 172 227 167 226 160 222 159 213 168 209 174 210 179 210 190 216 179 220 173 221 167 220
128 175 130 190 132 205 135 220 141 233 150 244 161 254 175 258 189 256 202 248 213 237 221 223 226 209 229 193 231 178 234 162 134 149 140 141 149 139 159 141 168 145 187 145 197 141 207 139 217 142 224 149 177 154 177 164 177 174 176 184 165 190 170 193 176 195 182 194 187 191 145 156 151 152 158 152 164 158 158 159 150 160 192 158 198 153 206 153 211 158 206 161 198 160 156 214 162 207 169 205 174 207 180 206 187 210 193 217 186 224 179 227 173 227 167 226 161 221 159 213 169 209 174 210 179 210 190 216 179 220 173 221 168 220
129 174 130 190 131 205 134 219 141 232 149 244 160 254 175 258 190 255 203 247 214 236 222 223 227 208 229 192 231 177 234 161 134 148 140 141 149 140 159 141 168 146 187 145 197 141 207 139 217 141 223 149 177 155 177 164 176 174 176 184 165 190 170 193 176 195 182 194 187 191 145 156 151 152 158 152 164 158 158 159 150 159 192 158 198 153 206 153 211 158 206 161 198 160 156 214 162 208 169 205 174 207 180 206 187 210 193 217 186 224 179 226 173 226 167 225 160 221 159 213 168 209 174 210 179 210 190 216 179 220 173 220 168 219
128 175 130 190 131 205 134 219 141 232 149 244 160 253 174 257 189 255 202 247 213 236 221 223 226 208 228 193 231 177 234 162 134 149 140 142 149 140 159 141 168 145 186 145 196 141 207 139 217 142 223 150 177 155 177 164 176 174 175 184 165 190 170 193 175 195 181 194 187 192 145 157 150 152 158 152 164 157 158 159 150 160 191 158 198 153 206 153 211 158 206 161 198 160 156 214 161 208 168 206 173 207 179 207 187 210 193 217 186 223 178 226 172 226 167 225 160 221 158 213 168 209 173 210 179 210 190 216 179 219 173 220 167 219
128 174 130 189 131 204 134 219 140 232 149 243 160 253 174 257 189 255 202 247 213 236 221 223 227 209 229 193 231 177 234 162 134 149 140 142 149 140 159 142 168 146 186 145 196 141 207 139 217 142 223 150 177 155 177 164 176 174 176 184 165 190 170 193 175 195 182 194 187 192 145 157 150 153 158 153 164 158 157 160 150 160 191 158 198 153 206 154 211 158 206 161 198 161 156 214 162 208 169 206 174 207 179 207 186 211 193 217 186 223 178 226 172 226 167 225 160 221 158 213 168 210 173 211 179 211 189 216 178 219 173 220 167 219
128 175 130 190 131 205 135 219 141 232 149 244 160 254 174 257 189 255 202 247 213 236 222 223 227 208 229 192 231 177 234 161 133 149 139 142 149 140 159 142 168 146 186 145 196 141 207 139 217 142 223 150 177 155 177 165 176 174 176 184 165 191 170 193 175 195 181 194 187 192 145 157 150 153 158 153 164 158 158 160 150 160 191 158 198 153 206 154 211 158 206 161 198 161 156 214 162 208 169 206 174 207 179 207 186 211 193 217 186 224 178 227 172 227 167 225 160 221 158 214 168 210 173 211 179 211 190 217 178 220 173 220 167 219
128 174 130 190 131 205 135 219 141 232 149 244 160 254 174 258 189 256 203 247 213 236 222 223 227 208 229 192 231 177 234 161 134 150 139 142 149 140 159 142 168 146 186 145 196 141 207 139 217 142 224 150 177 155 177 165 176 174 176 185 165 190 170 193 175 195 182 194 187 192 145 157 151 153 158 153 164 158 158 160 150 160 191 158 198 153 206 154 211 158 206 161 198 161 156 214 162 208 169 206 174 208 179 207 186 211 193 217 186 224 178 227 172 227 167 225 161 221 159 214 168 210 173 211 179 211 189 217 178 220 173 221 168 219
129 175 130 191 132 206 135 220 141 233 150 244 161 254 175 257 190 255 203 247 213 236 221 223 226 208 228 192 231 177 234 161 134 150 139 142 149 140 159 142 168 146 186 145 196 141 207 140 217 142 224 150 177 155 177 165 176 174 176 184 165 190 170 193 175 195 182 194 187 191 145 157 150 152 158 153 164 158 158 160 150 160 191 158 198 153 206 154 211 158 206 161 198 161 156 214 162 208 169 206 174 208 179 207 186 211 193 217 186 224 178 226 173 227 167 225 161 222 159 214 169 209 174 210 179 211 189 216 178 220 173 221 168 219
128 176 130 191 131 206 135 220 141 233 149 244 160 253 174 257 189 255 202 247 213 236 222 223 227 208 229 192 231 177 234 161 134 149 140 142 149 140 159 142 168 146 186 145 196 141 207 139 217 142 224 150 177 155 177 165 176 174 176 185 165 191 170 194 175 196 182 194 187 192 145 157 150 153 158 153 164 158 158 160 150 160 191 158 198 154 206 154 211 158 206 161 198 161 156 214 162 208 169 206 174 208 179 207 186 211 193 217 186 223 178 226 173 226 167 225 161 221 159 214 169 210 174 211 179 211 189 216 178 220 173 220 168 219
128 175 130 190 131 205 135 219 141 232 149 243 160 253 174 257 189 255 202 247 212 236 221 222 226 208 228 192 231 177 234 161 134 149 140 142 149 140 159 141 168 145 186 145 196 141 207 139 217 142 223 150 177 155 177 165 176 174 176 185 165 190 170 194 175 196 182 194 187 192 145 157 150 152 158 153 164 158 158 160 150 160 191 158 198 153 205 153 211 158 206 161 198 161 157 214 163 209 169 206 174 208 179 208 185 211 192 217 184 223 178 225 172 225 167 224 161 220 160 214 169 210 173 211 178 212 188 217 178 218 173 219 168 218
128 175 130 189 131 204 134 218 140 231 148 243 159 252 173 256 188 255 201 247 212 236 221 223 226 208 228 193 231 177 234 162 133 149 140 142 149 140 159 141 168 145 186 145 196 141 207 139 217 142 224 150 177 154 177 164 176 174 176 185 165 191 170 194 175 196 181 194 187 192 145 157 150 152 158 152 164 158 158 160 150 160 191 158 198 153 206 154 211 158 206 161 198 161 158 215 163 210 169 208 173 210 178 209 185 213 191 218 184 223 177 225 172 224 167 223 162 220 161 214 169 212 173 213 178 213 188 218 177 218 172 218 168 217
128 174 130 189 131 204 134 218 140 231 148 243 159 252 173 256 188 255 202 247 213 236 221 223 226 208 229 193 231 177 234 162 133 149 139 142 149 140 159 141 168 145 186 145 196 141 207 139 217 142 224 150 177 155 176 164 176 174 175 184 165 191 170 194 175 196 181 194 186 192 145 157 150 153 158 153 164 158 157 160 150 160 191 158 198 153 205 154 211 158 206 161 198 161 158 215 163 211 169 208 173 210 178 210 184 213 191 219 183 223 177 224 172 224 167 223 162 220 161 215 168 214 173 215 177 215 187 218 177 217 172 217 168 216
128 174 130 188 131 203 134 218 140 231 149 243 160 253 174 256 189 255 202 246 213 235 221 222 226 207 228 192 231 176 234 161 133 149 139 142 149 140 159 141 169 146 186 145 196 141 207 139 218 142 224 150 177 154 177 164 177 174 176 185 166 191 170 194 175 196 181 194 186 192 145 157 151 153 158 153 164 158 158 160 150 160 191 158 198 153 205 154 211 158 206 161 198 160 158 216 163 211 169 209 173 211 178 210 184 214 190 219 183 223 177 224 172 224 168 223 162 220 161 215 169 214 173 215 178 215 187 218 177 217 173 217 169 216
128 174 130 188 131 203 134 217 140 231 148 243 159 253 173 257 188 255 202 247 213 236 221 223 226 208 229 192 231 177 234 161 134 149 139 142 149 140 159 142 168 146 186 145 196 141 207 139 217 142 224 150 177 154 177 164 176 174 176 184 166 191 170 193 175 196 181 194 186 192 145 156 150 152 158 153 164 157 157 159 150 160 192 158 198 153 205 154 211 158 206 161 198 160 158 216 163 211 169 209 173 211 178 210 184 214 191 219 183 223 177 224 172 224 167 223 162 220 161 215 169 214 173 215 177 215 187 218 177 217 172 217 168 216
128 174 130 189 131 203 134 218 140 231 148 243 160 252 174 256 189 254 203 246 213 235 222 222 226 208 229 192 231 177 234 162 133 149 139 142 149 140 159 141 168 145 186 145 196 141 207 139 217 142 224 149 177 154 177 164 176 174 176 184 166 191 170 193 175 196 181 194 186 192 145 156 151 152 158 152 164 157 158 159 150 159 191 158 198 153 206 154 211 158 206 161 198 160 158 215 163 211 169 208 173 210 178 210 184 213 191 218 183 223 177 224 172 224 167 223 162 220 161 215 169 214 173 215 177 215 187 218 177 217 172 217 168 216
128 175 130 190 132 204 134 218 140 231 149 242 160 251 174 255 189 254 202 246 213 236 221 223 227 209 229 193 231 177 234 162 134 149 139 142 149 140 159 141 168 145 186 145 196 141 207 139 217 142 224 149 177 154 177 164 176 174 176 184 166 191 170 193 175 196 181 194 186 192 145 157 150 152 158 152 164 157 158 160 150 160 192 158 198 153 206 154 211 158 206 161 198 161 157 215 163 211 169 208 173 210 178 210 185 213 192 218 184 222 177 223 172 223 168 222 162 219 160 215 169 214 173 215 178 215 189 218 177 216 173 216 168 215
128 174 130 189 131 203 133 217 139 230 148 241 159 250 173 254 189 253 202 246 213 235 221 222 226 208 228 192 231 177 234 161 133 149 139 141 149 140 159 141 168 145 186 145 196 141 207 139 217 142 224 150 177 154 177 164 177 174 176 184 166 191 170 193 175 195 181 194 186 192 145 156 150 152 158 152 164 157 158 159 150 160 192 158 198 153 206 154 211 158 206 161 198 161 157 214 163 210 169 208 174 210 179 209 185 212 192 218 185 221 178 222 172 222 168 221 162 218 160 214 169 213 173 214 178 214 189 217 178 215 173 215 168 214
128 173 130 188 131 203 133 217 139 230 147 241 159 250 173 253 189 252 202 245 213 235 221 222 226 207 228 192 231 176 234 161 134 148 140 141 149 140 159 141 168 145 186 145 196 141 207 139 217 142 223 149 177 154 177 164 176 174 176 184 165 191 170 193 175 196 181 194 186 192 145 156 150 152 158 153 164 158 157 160 150 160 191 158 198 153 206 154 211 158 206 161 198 161 156 213 163 209 169 207 174 209 179 209 185 212 193 217 185 221 177 221 172 221 167 220 162 218 159 213 169 213 173 214 178 214 189 216 178 215 173 215 168 214
128 174 130 189 131 204 133 218 139 231 147 242 159 250 173 254 188 253 202 246 214 236 222 223 227 209 229 193 232 177 234 162 134 149 140 141 149 140 159 141 168 146 186 145 196 141 207 139 217 142 223 150 177 154 177 164 176 174 176 184 165 191 170 193 175 195 181 194 187 192 146 156 151 153 159 153 164 158 158 159 151 159 192 158 198 154 205 155 211 158 206 161 198 161 156 213 163 209 169 207 173 209 178 208 185 212 193 217 184 220 177 221 172 221 167 219 161 217 159 213 168 212 173 214 178 214 189 216 178 214 173 214 168 213
128 175 130 189 131 204 133 218 139 231 147 242 159 250 173 254 189 253 203 245 214 235 222 222 227 207 229 192 231 176 234 161 134 149 139 142 149 140 159 141 168 146 186 145 196 141 206 139 216 142 223 150 177 154 177 164 176 174 176 184 164 190 170 193 175 195 181 194 187 192 147 159 152 157 158 157 164 158 158 160 152 160 191 159 197 158 203 159 209 161 203 163 197 162 156 212 162 208 169 207 173 209 179 208 186 211 193 216 185 220 178 220 172 220 167 219 161 217 159 212 168 212 173 213 179 213 190 216 178 214 173 214 168 213
128 173 129 188 130 203 133 218 138 231 147 242 158 251 173 255 189 253 204 246 215 235 223 221 227 206 229 191 232 175 234 160 134 149 140 142 149 140 159 141 168 145 186 145 196 141 207 139 217 142 223 150 177 155 177 164 176 174 176 184 165 190 170 193 175 195 182 194 187 192 147 159 153 158 159 158 165 159 159 161 152 161 191 159 197 159 203 159 209 161 203 163 197 162 156 212 162 208 169 206 173 208 179 208 186 211 193 216 185 219 178 220 172 220 167 219 161 217 159 212 168 212 173 213 179 213 189 215 178 213 173 214 168 212
128 174 129 188 130 203 132 217 138 230 146 241 158 250 172 255 189 253 203 246 215 235 223 222 228 207 229 192 232 176 234 161 134 149 139 141 149 139 158 141 168 145 186 145 196 141 207 139 216 142 223 150 177 155 177 164 176 174 176 184 164 190 169 193 175 195 181 194 187 192 147 159 153 158 158 157 164 159 158 160 152 161 191 159 197 159 203 159 208 161 203 163 197 162 156 212 162 208 169 206 174 208 179 207 186 211 193 216 185 219 178 220 172 220 167 219 161 216 159 212 168 211 173 213 179 213 189 215 178 213 173 213 168 212
128 175 130 189 130 204 132 218 138 231 147 242 158 251 173 255 189 253 203 246 214 236 223 222 227 208 229 192 231 176 234 161 134 148 140 141 149 140 159 141 168 145 186 145 196 141 206 139 216 142 223 149 177 154 177 164 176 174 176 184 164 190 169 193 175 195 182 194 187 192 147 158 152 156 158 156 164 158 158 160 152 160 191 159 198 157 204 158 209 160 203 162 197 161 156 212 162 208 168 206 174 208 179 207 186 210 193 215 185 219 178 220 172 220 167 218 161 216 158 212 168 211 173 212 179 212 190 215 178 213 173 213 167 212
129 174 130 188 130 203 132 217 138 230 146 241 158 250 173 254 188 253 203 245 214 235 222 222 227 207 229 192 231 177 234 161 134 149 140 142 149 140 158 141 168 145 187 145 196 141 207 139 217 142 223 149 177 154 177 164 177 173 176 184 164 190 170 193 175 195 182 194 187 191 146 157 152 155 158 155 164 157 158 159 152 159 191 158 198 156 204 156 209 159 204 161 198 160 155 211 162 207 168 206 173 208 179 207 186 210 193 215 185 219 178 219 172 219 166 218 160 216 158 211 168 211 173 212 179 212 190 215 178 213 172 213 167 212
129 174 130 188 130 202 132 217 138 229 146 240 158 249 172 253 188 252 203 245 214 235 222 222 227 208 228 192 231 177 234 161 134 149 140 141 149 139 159 141 168 145 186 145 196 141 207 139 217 142 223 150 177 154 177 164 176 174 176 184 164 190 169 193 175 195 181 194 187 192 146 156 152 154 158 154 164 157 158 159 151 159 192 158 198 155 205 156 210 159 205 161 198 160 155 211 162 207 168 206 173 208 179 207 186 210 194 215 185 219 178 219 172 219 166 218 160 216 158 211 168 211 173 212 179 212 190 215 178 213 172 213 167 212
129 174 130 188 131 203 133 217 138 230 147 241 158 250 173 254 189 253 203 245 214 235 222 223 226 208 228 193 231 177 234 162 134 149 140 141 149 139 159 141 168 145 186 145 196 141 207 139 217 142 223 150 177 154 177 164 176 173 176 183 164 190 169 193 175 195 182 194 187 191 146 156 152 153 158 153 164 157 158 159 151 159 192 158 198 154 205 154 210 158 205 161 198 160 155 211 162 207 168 205 173 207 179 207 186 210 194 215 185 219 178 219 172 219 166 218 161 215 158 211 168 210 173 212 179 212 190 214 178 213 173 213 167 211
128 174 129 188 130 203 133 217 138 230 147 241 159 249 173 253 189 252 203 245 214 234 222 221 226 207 229 191 231 176 233 161 134 149 140 141 149 139 159 141 169 145 186 145 196 141 207 139 217 142 224 150 177 154 177 164 176 173 175 183 165 190 170 192 175 195 181 193 187 191 145 156 151 153 158 153 164 157 158 159 151 159 192 158 198 154 206 154 211 158 205 161 198 160 156 211 162 207 168 206 174 208 179 207 186 210 193 215 185 219 178 220 173 220 167 218 161 216 159 211 168 211 174 212 179 212 190 215 178 213 173 213 168 211
128 173 130 187 130 202 132 216 138 229 146 241 158 249 173 253 189 252 203 245 214 235 222 222 226 207 228 192 231 176 234 161 134 149 140 141 149 139 159 141 168 145 186 145 196 141 207 139 217 142 223 150 177 154 177 164 176 173 176 184 165 190 170 193 175 195 182 194 187 191 145 156 151 153 158 153 164 157 158 159 151 159 192 158 198 154 205 154 211 158 205 161 198 160 156 211 162 207 168 206 173 208 179 207 186 210 193 215 185 219 178 219 172 219 167 218 161 215 159 211 168 211 173 212 179 212 190 215 178 213 173 213 168 212
128 174 130 188 131 202 133 217 138 230 147 241 159 249 174 253 190 252 204 244 214 234 222 221 227 206 229 191 232 176 234 161 134 148 139 141 149 139 159 141 169 145 186 145 196 141 207 139 217 142 224 150 177 154 176 164 176 174 175 184 165 190 170 193 175 195 182 193 187 191 145 156 151 153 158 152 164 157 158 159 150 159 191 158 198 154 206 154 211 158 206 161 198 160 156 211 162 207 169 206 174 208 179 207 186 210 193 215 185 219 178 220 173 219 167 218 161 215 159 211 168 211 174 212 179 212 190 215 178 213 173 213 168 212
128 174 130 188 131 203 133 217 139 230 147 241 159 249 173 253 189 252 203 244 214 234 223 221 227 207 230 192 232 177 234 162 134 149 140 141 149 139 159 141 168 145 186 145 196 141 207 139 217 142 224 150 177 155 176 164 176 174 175 184 165 190 169 193 175 195 181 194 187 191 145 156 151 152 158 152 165 157 158 159 150 159 192 158 198 154 206 154 211 158 206 161 198 160 155 211 162 207 168 206 174 208 179 207 186 210 193 215 185 219 178 220 173 220 167 218 161 216 158 211 168 211 173 212 179 212 190 214 178 213 173 213 167 212
129 174 130 188 131 203 133 217 138 230 147 241 159 250 173 253 189 252 203 245 214 235 222 222 227 207 229 192 232 177 234 162 134 149 140 141 149 139 159 141 169 145 186 145 196 141 207 139 217 142 224 149 177 154 177 164 176 173 176 184 165 190 170 193 175 195 182 194 187 191 145 156 151 152 158 152 164 157 158 159 150 159 191 158 198 153 206 154 211 158 206 161 198 160 155 211 162 207 169 205 174 208 179 207 186 210 194 215 186 219 178 219 172 219 167 218 161 215 158 211 168 210 173 212 179 211 190 214 178 213 173 213 168 211
128 174 130 188 131 202 133 216 138 229 147 240 158 249 173 253 188 252 202 245 214 235 222 222 227 208 229 192 231 177 234 161 133 149 139 141 149 139 159 141 169 145 186 145 196 141 207 139 217 141 224 149 177 154 177 164 176 173 176 183 165 190 170 193 175 195 182 194 187 191 145 156 151 152 158 152 165 157 158 159 150 159 191 158 198 153 206 154 211 158 206 161 198 160 155 210 162 207 169 205 174 207 179 206 186 210 193 215 185 218 178 219 172 219 167 217 161 215 158 211 168 210 173 212 179 212 190 214 178 212 173 212 168 211
129 174 130 188 130 202 132 216 138 229 147 240 158 249 173 253 189 252 203 245 214 235 222 222 226 208 229 193 231 177 234 162 134 148 140 141 149 139 159 141 168 145 186 145 196 140 207 139 217 141 224 149 177 154 177 164 176 173 176 184 165 190 170 193 175 195 182 193 187 191 145 156 151 152 159 152 164 157 158 159 151 159 192 158 198 153 206 153 211 157 206 160 198 160 155 210 162 207 169 205 174 207 179 206 186 210 194 214 185 218 178 218 172 218 167 217 161 214 158 210 168 210 173 211 179 211 191 214 178 212 173 212 168 211
128 173 130 187 131 201 133 216 138 229 147 240 158 249 173 253 189 252 203 245 214 235 222 222 227 207 229 192 231 177 234 161 134 149 140 141 149 139 159 141 168 145 186 145 196 140 207 139 217 142 224 150 177 154 177 164 176 173 176 184 164 190 170 193 175 195 182 193 187 191 145 156 151 152 159 152 165 157 158 159 151 159 191 158 199 153 206 153 211 157 206 160 199 160 155 210 162 207 169 205 174 207 179 207 186 210 194 214 185 217 178 218 172 218 167 217 161 214 158 210 168 210 173 211 179 211 190 214 178 212 173 212 168 211
128 174 130 188 131 202 133 217 138 229 147 240 158 249 173 253 189 252 204 245 215 235 223 222 227 207 229 192 232 177 234 161 134 148 140 141 149 139 159 141 168 145 186 144 196 140 207 139 217 141 224 149 177 154 177 164 176 173 175 184 164 190 169 193 175 195 182 194 187 191 145 156 151 152 159 152 164 157 158 159 150 159 192 158 199 153 206 153 211 158 206 161 199 160 155 211 162 207 169 205 174 207 179 207 186 210 194 215 186 218 178 218 172 218 167 217 161 214 158 211 168 210 173 212 179 211 191 214 178 212 173 212 168 211
