130 166 132 181 134 197 140 211 149 223 162 232 176 239 191 241 206 238 218 229 230 220 239 208 243 193 244 178 245 162 246 147 143 131 150 125 160 124 170 126 180 131 198 131 208 127 217 124 227 125 235 130 189 140 190 149 190 158 190 168 179 178 184 180 190 181 195 179 200 177 154 142 161 138 168 138 174 144 168 145 160 145 204 143 210 138 217 138 224 141 218 144 210 144 170 202 177 198 185 195 190 196 195 194 202 197 209 200 203 207 196 211 190 212 185 211 177 209 173 202 185 200 190 201 195 200 206 200 196 204 190 205 185 204
130 166 131 182 134 197 140 211 149 224 162 233 175 240 190 242 205 239 218 230 230 221 238 208 242 194 244 178 245 163 245 147 142 133 150 127 160 126 170 129 179 133 198 133 207 129 217 126 227 126 235 131 189 142 189 151 190 161 190 170 179 180 184 182 189 183 195 182 200 179 154 144 160 140 168 140 174 146 167 147 160 147 203 145 210 140 217 139 223 143 218 146 210 146 169 203 177 200 184 197 190 199 195 197 202 199 209 202 203 210 196 214 190 215 185 214 177 211 173 204 185 202 190 203 195 202 206 202 195 206 190 207 185 207
130 167 131 183 134 199 141 213 150 225 163 234 176 242 191 244 206 240 218 232 230 222 238 209 242 195 244 180 245 164 246 149 141 135 149 129 160 128 170 130 179 135 198 135 207 131 217 128 227 128 235 133 189 143 189 153 190 162 190 173 179 182 184 184 190 185 195 184 200 181 154 145 160 141 168 142 174 147 167 148 160 148 203 147 210 141 217 141 223 144 218 147 210 148 169 205 177 201 184 199 190 201 195 199 202 200 210 203 203 211 196 216 191 217 185 216 177 213 173 205 185 204 190 204 195 203 206 203 196 209 190 210 185 209
130 170 131 185 135 201 141 214 151 226 163 236 176 244 190 246 205 243 217 234 229 224 238 211 242 198 244 182 245 166 246 151 141 137 150 131 160 131 170 133 179 137 198 137 207 133 216 130 226 130 235 135 189 146 189 155 189 165 190 175 179 184 184 186 189 187 195 186 200 183 154 147 160 144 168 144 174 149 167 151 160 150 203 149 210 143 217 143 223 146 218 149 210 150 169 207 176 204 184 201 189 203 195 201 202 202 210 204 203 214 196 218 190 220 184 219 176 216 172 207 184 206 189 207 195 205 206 205 195 211 190 212 184 212
129 171 131 187 134 203 141 217 150 229 163 238 176 246 190 249 205 245 217 236 229 225 238 212 242 198 244 183 245 167 246 151 141 139 149 134 160 133 170 135 179 139 198 139 207 135 216 133 226 132 235 137 189 148 189 158 189 167 190 178 178 186 184 188 189 190 195 188 200 186 154 149 160 145 168 146 174 151 167 152 160 152 203 151 209 145 217 145 223 148 217 151 210 151 168 209 176 206 184 203 189 205 195 203 202 204 210 207 203 216 196 221 190 222 184 222 176 218 172 209 184 208 189 208 195 207 206 208 196 214 190 215 184 214
129 172 131 188 135 204 141 218 151 230 163 240 176 248 191 250 205 247 217 237 229 227 238 214 242 200 244 184 245 168 246 152 141 141 150 136 160 135 170 138 179 142 197 142 206 138 216 135 226 135 234 139 189 150 189 160 189 170 190 180 178 188 183 191 189 192 195 190 200 188 154 151 160 147 168 148 174 153 167 154 160 154 203 152 209 147 216 147 223 150 217 153 210 153 169 211 176 208 184 205 189 207 195 205 202 206 210 208 203 218 196 223 190 225 184 224 176 220 172 211 184 210 189 210 195 209 207 209 195 216 190 217 185 217
130 173 132 189 135 205 141 220 150 232 162 242 176 250 191 252 206 248 218 239 230 228 238 215 242 200 244 185 245 169 246 153 141 142 150 138 160 137 169 140 178 144 197 144 207 139 216 137 226 136 235 140 189 151 189 161 189 172 190 182 178 190 183 192 189 194 195 192 199 189 154 153 160 149 168 149 174 155 167 156 160 156 203 154 209 149 217 148 223 152 217 155 210 155 168 212 175 209 183 207 189 209 194 207 202 208 210 210 203 220 196 225 190 226 183 225 176 221 171 213 183 211 189 212 194 211 206 211 195 218 189 219 184 218
130 173 132 189 135 205 141 219 150 232 162 242 175 250 190 253 205 249 218 240 229 229 238 216 242 201 244 186 245 170 246 154 141 145 149 139 159 138 169 141 178 145 197 145 206 141 216 138 226 138 235 142 188 153 189 163 189 173 190 184 178 191 183 194 189 195 195 193 200 191 153 154 160 150 167 150 173 156 167 157 159 157 203 155 209 150 216 149 223 153 217 156 210 156 168 213 176 210 183 208 189 210 194 208 202 209 209 211 203 221 195 226 189 227 183 226 175 222 171 214 183 212 189 213 195 212 206 212 195 219 189 220 183 220
129 174 131 190 134 205 140 220 149 233 161 243 175 251 190 253 205 250 218 241 229 230 238 217 242 202 244 186 245 171 246 155 141 145 149 139 159 139 169 141 178 145 197 146 206 141 216 138 227 138 235 142 188 153 189 163 189 174 189 184 178 192 183 194 189 196 195 194 200 191 153 154 160 150 167 151 173 156 167 157 159 157 203 156 209 150 216 150 223 153 217 156 210 156 167 213 175 210 183 209 189 210 194 208 202 209 209 211 203 221 195 226 189 228 183 227 175 223 171 214 183 213 189 213 194 212 206 212 195 219 189 221 183 220
129 174 131 190 134 206 140 221 149 235 161 245 174 253 190 256 205 252 218 243 230 232 238 218 242 203 244 187 245 171 246 154 140 144 148 139 159 138 169 141 178 145 197 145 206 141 216 138 227 137 236 142 188 152 188 163 188 173 189 184 177 191 182 194 188 195 194 193 199 191 153 154 159 150 167 150 173 156 166 157 159 156 203 155 209 150 217 149 223 153 217 156 210 156 167 213 174 210 182 208 188 209 194 207 202 209 209 211 203 222 195 228 189 229 182 228 174 224 170 214 182 212 188 213 194 212 206 212 194 220 189 222 182 221
129 175 131 191 135 207 140 221 150 235 161 245 174 253 189 256 205 252 218 243 230 232 238 218 242 203 244 187 245 171 246 155 140 144 148 139 159 138 169 140 178 144 197 145 206 140 216 137 227 137 236 142 188 152 188 162 188 172 189 183 177 190 182 193 188 195 194 193 199 190 153 153 159 149 167 150 173 155 166 156 159 156 202 155 209 149 216 149 223 152 217 155 209 155 167 213 174 209 182 207 188 208 194 207 202 208 209 211 202 222 195 228 188 230 182 229 174 224 170 214 182 212 188 213 194 211 205 212 194 220 188 221 182 221
129 174 131 190 134 206 139 220 148 234 160 244 173 252 189 254 204 251 217 242 229 231 237 217 242 202 244 187 245 170 246 154 140 144 148 139 158 138 168 140 178 144 196 144 205 140 215 137 225 137 234 141 187 151 188 162 188 172 188 183 177 190 182 192 188 194 194 192 199 190 152 153 159 149 166 150 173 155 166 156 158 156 202 155 208 149 216 149 222 152 216 155 209 155 166 212 174 209 181 206 187 208 193 206 201 208 209 211 202 222 194 227 188 228 182 228 173 223 170 213 182 210 187 211 193 210 205 212 194 220 188 221 182 220
129 174 131 191 134 207 139 221 148 234 160 243 174 251 189 253 204 249 218 241 229 230 237 217 242 203 244 187 245 170 246 154 140 143 148 138 158 137 168 140 178 144 196 144 206 139 215 137 226 136 235 140 187 151 188 161 188 172 188 182 177 189 182 192 188 193 193 192 199 189 152 153 159 149 166 149 173 155 165 156 158 156 202 155 208 149 216 148 223 152 217 155 209 155 166 212 174 208 182 206 187 208 193 206 201 208 208 211 201 221 194 225 188 226 182 226 174 222 170 213 182 211 187 211 193 210 205 212 193 217 188 218 182 217
129 173 131 189 134 205 139 219 147 232 159 242 173 249 188 252 203 248 216 240 229 230 237 217 242 202 244 187 245 171 246 154 140 143 148 138 158 137 168 140 178 144 196 144 205 140 215 137 225 136 234 140 187 151 187 161 188 172 188 182 177 190 182 193 187 194 193 192 198 190 152 153 159 149 166 149 172 155 165 156 158 156 202 154 208 149 216 148 222 152 216 155 209 155 167 213 175 210 182 208 187 210 192 208 200 210 207 212 200 219 193 223 187 224 182 223 174 220 171 213 182 213 187 214 192 213 204 212 193 216 187 217 182 217
129 173 130 189 133 205 139 219 147 232 159 241 173 248 188 251 203 248 217 240 229 230 237 217 241 202 243 187 244 170 245 154 140 143 148 138 158 138 168 140 177 144 196 144 205 140 215 137 225 136 234 141 187 152 187 162 187 172 188 183 177 191 182 193 187 194 193 193 198 191 152 153 158 149 166 150 172 155 165 157 158 156 202 155 208 149 215 148 222 152 216 155 209 156 168 213 175 211 182 210 187 212 192 210 199 211 207 213 199 218 193 221 188 221 182 221 175 218 171 213 182 214 187 215 192 214 204 213 192 214 187 215 182 214
129 174 131 190 133 205 139 220 147 233 159 242 173 249 188 251 204 248 218 240 230 230 237 217 241 202 243 187 244 171 245 155 140 143 148 138 158 138 168 140 177 144 196 144 205 140 215 137 225 136 234 141 187 151 187 162 187 172 188 183 177 191 182 194 187 195 193 193 197 191 152 153 158 150 166 150 172 156 165 157 158 157 202 155 208 149 215 149 222 152 216 156 209 156 168 214 176 212 182 210 187 212 192 210 199 212 206 213 199 219 193 222 188 223 182 222 176 220 172 214 182 215 187 216 192 215 203 214 193 215 188 216 183 215
129 175 131 191 134 206 139 220 147 232 159 242 173 249 188 252 203 248 217 240 229 230 237 217 242 203 243 188 244 172 245 156 139 144 147 139 157 138 167 141 176 144 196 144 205 140 215 137 225 137 234 142 187 152 187 163 187 173 187 184 176 192 181 194 187 195 192 194 197 191 152 154 158 150 165 150 172 156 165 157 157 157 202 155 208 150 215 149 222 153 216 156 209 156 169 215 176 212 182 210 187 211 192 210 199 212 206 214 200 220 193 223 188 224 182 224 176 221 173 215 182 215 187 215 192 214 203 214 193 216 188 217 182 216
129 175 131 191 134 206 139 220 148 233 160 242 174 249 189 252 204 248 217 240 229 230 237 217 241 203 243 188 244 172 245 156 139 145 147 139 158 139 168 141 177 145 196 145 205 141 215 138 225 137 234 142 187 153 187 163 187 173 187 184 177 192 181 194 187 196 192 194 197 192 152 154 158 150 165 150 172 156 165 157 158 157 202 156 208 150 215 149 222 153 216 156 209 157 169 215 175 212 182 210 187 211 192 210 199 212 206 215 200 221 193 225 187 226 182 225 175 222 172 216 182 214 187 215 192 214 203 215 193 217 187 218 182 217
129 174 131 190 134 206 140 220 148 232 160 241 173 249 188 252 203 248 216 240 228 230 237 218 242 203 243 188 244 171 245 156 140 145 148 140 158 139 168 142 177 145 196 145 205 141 215 138 225 138 234 143 187 153 187 163 187 174 187 185 176 192 181 195 187 196 193 195 198 192 152 154 159 150 166 151 172 157 165 157 158 157 202 156 208 151 215 150 222 154 216 157 209 157 169 215 175 212 182 210 187 212 192 210 199 212 206 215 199 221 193 225 187 225 182 225 175 222 172 216 182 214 187 215 192 214 202 215 192 217 187 218 182 217
129 174 131 190 134 206 139 220 148 232 160 241 173 249 188 251 203 248 216 240 229 230 237 218 242 203 244 188 245 172 246 156 139 144 147 139 158 139 167 142 177 146 196 146 205 141 215 138 225 138 235 142 187 153 187 164 187 174 187 185 176 193 181 195 187 197 192 195 197 193 152 154 158 151 166 151 172 157 165 157 158 157 202 156 208 151 216 150 222 154 216 157 209 157 169 216 175 213 181 211 186 212 192 211 198 213 205 215 199 222 192 225 187 226 181 225 175 222 173 216 181 215 187 216 192 215 202 216 192 217 187 218 182 217
129 175 131 190 134 206 140 220 148 232 160 242 173 249 188 252 203 248 217 240 229 230 238 218 242 203 244 188 245 172 246 156 140 145 148 139 158 139 168 142 177 146 196 145 205 141 215 138 226 138 235 142 187 153 187 164 187 174 187 185 177 193 181 195 187 197 193 195 197 193 152 154 159 150 166 151 172 157 165 158 158 157 202 156 208 150 216 150 222 154 217 157 209 157 169 216 175 213 182 211 187 213 192 211 199 213 206 216 199 222 193 225 187 226 182 225 176 222 173 216 182 216 187 217 192 216 202 216 192 217 187 218 182 217
129 174 131 190 134 206 140 220 148 233 160 242 174 249 189 251 204 248 217 240 229 231 237 218 242 203 244 188 245 172 246 156 140 144 148 139 158 138 168 141 177 145 196 145 205 141 215 138 226 137 235 142 187 153 187 163 187 174 187 185 177 192 182 195 187 196 192 195 197 193 152 154 159 150 166 150 172 156 165 157 158 157 202 156 208 150 216 149 222 153 217 157 209 157 169 216 176 213 182 211 187 213 192 211 198 213 206 215 199 221 193 224 188 225 182 224 176 222 173 216 182 216 187 217 192 216 202 216 192 217 187 218 182 217
129 174 131 190 134 206 140 220 149 233 161 243 174 250 189 253 205 249 218 241 230 231 238 218 242 203 244 188 245 172 247 157 141 144 149 138 159 138 169 140 178 144 197 144 206 140 216 137 226 137 235 141 188 152 188 163 188 173 188 184 177 192 182 194 187 196 193 194 197 192 153 153 159 149 167 150 173 156 166 157 159 156 203 155 209 149 216 149 222 152 217 156 209 156 170 215 176 213 182 211 187 212 192 210 199 212 205 214 199 221 193 224 188 225 182 225 176 222 173 216 182 216 187 216 192 215 202 215 192 217 188 217 183 217
130 173 132 190 135 205 140 220 148 234 160 244 173 252 189 255 204 251 218 242 230 231 238 218 242 203 244 187 246 171 247 155 141 143 149 138 159 137 169 140 179 144 197 144 206 139 216 137 227 136 236 140 188 151 188 162 188 172 188 183 177 190 182 193 188 195 193 193 198 191 153 153 159 149 167 149 173 155 166 156 159 156 203 155 209 149 217 148 223 152 218 155 210 156 169 214 175 211 182 208 187 210 192 208 200 211 207 214 200 223 193 227 187 228 182 227 175 223 172 215 182 213 187 214 192 213 203 214 193 220 187 220 182 220
130 173 132 190 135 206 140 221 149 234 160 245 174 253 189 256 205 252 218 243 230 232 239 218 243 203 245 188 247 171 247 155 141 143 149 138 160 138 169 140 179 144 198 144 207 140 217 137 227 136 236 141 189 152 189 162 189 173 189 183 177 190 183 193 189 195 194 193 199 191 154 153 160 149 168 150 174 156 167 156 160 156 204 155 210 149 218 149 224 152 218 155 211 156 167 213 174 209 182 207 188 208 194 207 202 209 209 212 202 223 195 229 188 230 181 229 173 224 170 213 182 212 188 213 194 212 205 213 194 220 188 221 182 221
130 174 132 190 135 206 140 221 149 234 161 245 174 252 190 255 205 251 218 242 230 230 239 217 243 202 246 186 247 170 248 154 142 145 150 140 160 140 170 142 180 146 199 146 208 141 218 138 228 138 237 142 190 153 190 164 190 174 191 185 178 191 184 194 190 196 196 194 201 191 154 154 161 150 168 151 175 157 168 157 160 157 204 156 211 150 218 149 225 153 219 156 212 157 166 212 174 208 183 207 189 208 195 207 203 208 211 211 204 223 196 229 189 230 182 229 174 224 170 213 183 211 189 211 195 211 207 212 195 221 189 223 183 222
131 174 132 190 135 206 141 221 150 234 162 244 176 251 191 253 205 249 218 240 230 229 239 216 244 202 246 186 247 169 248 153 142 147 150 142 160 141 171 144 180 148 199 147 208 143 218 140 228 139 237 143 190 155 191 165 191 176 192 187 179 193 185 195 191 197 197 195 202 193 155 156 161 152 169 152 175 158 168 159 161 158 205 157 211 151 218 151 225 154 219 157 212 158 168 213 176 210 184 209 190 210 196 208 204 210 211 211 204 222 197 227 190 229 184 228 176 224 171 214 184 212 190 212 196 211 208 213 196 221 190 223 184 222
131 175 132 191 135 207 141 221 150 234 162 244 176 251 190 254 205 249 218 240 230 230 239 217 244 203 246 187 247 171 248 155 142 148 151 143 161 143 171 145 181 149 199 149 208 144 218 141 228 140 237 144 191 156 191 167 191 178 192 189 179 194 185 197 191 198 197 197 202 194 155 157 162 153 169 154 175 159 169 160 161 160 205 159 211 153 218 152 225 155 219 158 212 159 169 214 176 212 185 210 190 211 196 209 204 211 211 213 204 223 197 228 190 229 184 229 176 224 172 215 185 213 190 213 196 213 208 214 196 222 190 223 185 223
131 176 133 192 136 208 142 222 151 234 164 244 177 252 192 254 206 249 218 240 230 230 239 217 244 203 246 188 247 172 248 156 142 148 151 144 161 144 171 146 181 150 199 150 208 146 217 142 228 141 236 145 191 157 191 168 191 179 192 190 180 195 185 198 191 199 197 198 202 195 155 158 162 154 169 154 175 160 169 161 161 160 205 159 211 154 218 153 225 156 219 159 212 160 169 216 177 213 185 211 190 212 196 210 203 212 210 214 204 224 197 229 190 230 185 229 177 225 173 216 185 214 190 214 196 213 207 215 196 222 190 224 185 223
131 176 132 192 135 208 142 222 151 234 163 244 176 251 191 253 205 250 218 241 230 231 239 219 244 205 246 189 247 173 248 158 142 149 151 144 161 144 171 147 180 151 199 151 208 146 217 143 227 142 237 146 190 158 190 169 191 180 191 191 179 196 184 199 190 200 196 199 201 196 155 158 161 155 169 155 175 161 168 161 161 161 204 160 211 155 218 154 225 157 219 160 212 161 169 217 177 214 185 212 190 213 195 211 203 213 210 216 203 225 196 229 190 230 184 229 177 226 173 217 185 215 190 215 195 215 207 216 196 222 190 223 185 223
130 176 132 192 135 207 140 222 149 234 161 244 175 252 190 254 205 250 219 242 231 232 240 219 244 204 246 189 248 173 249 158 141 149 150 144 160 145 170 147 180 151 198 151 207 147 217 144 227 143 237 147 189 158 189 169 190 180 190 191 178 196 183 199 189 201 195 199 201 197 154 158 161 155 168 155 174 161 167 162 160 161 204 160 210 155 218 154 224 158 218 160 211 161 169 217 176 214 183 212 189 213 195 211 202 214 210 216 203 225 195 229 189 230 183 229 176 225 173 218 183 215 189 216 195 215 206 217 195 221 189 222 183 222
130 175 132 191 135 207 140 221 149 234 161 244 174 252 189 254 204 251 218 242 230 232 239 220 244 205 246 190 247 173 248 157 141 149 150 145 160 145 170 148 179 152 198 152 207 148 216 145 227 143 237 147 189 159 189 170 189 181 189 192 177 197 183 200 189 201 195 200 200 197 154 158 160 155 168 155 174 161 167 162 160 161 203 161 210 155 217 155 224 158 218 161 210 161 169 218 175 214 182 212 188 213 194 212 202 214 209 217 202 226 195 231 189 232 182 231 175 227 173 218 182 215 188 216 194 215 205 218 194 223 189 224 183 223
130 175 132 191 135 207 140 222 149 235 160 245 173 253 188 255 203 251 217 243 229 233 238 220 243 206 246 190 247 174 248 158 141 149 150 144 160 145 169 148 179 151 197 152 206 148 216 145 226 144 236 148 188 159 188 170 188 181 188 192 176 197 181 200 187 202 194 200 199 197 153 158 159 155 167 155 173 161 166 162 159 161 203 161 209 155 217 155 223 158 217 161 210 162 167 218 174 214 181 211 187 213 193 212 201 214 208 217 201 227 193 232 187 233 181 232 173 227 171 218 181 216 187 216 193 216 204 218 193 223 187 224 181 224
130 175 132 191 135 207 140 222 149 235 160 246 173 254 188 257 203 253 217 245 229 234 238 221 243 207 245 191 247 174 248 158 141 148 149 144 160 144 169 147 178 151 197 151 206 147 216 144 226 143 236 146 188 158 188 169 187 180 187 191 176 196 181 199 187 201 193 199 199 197 153 158 160 154 167 155 173 161 166 161 159 161 203 160 209 155 216 154 223 158 217 161 210 161 167 218 173 213 181 211 187 212 192 211 200 214 207 217 200 228 193 233 187 235 180 234 173 229 171 218 181 215 187 215 192 215 203 218 192 225 187 227 181 226
130 175 132 191 135 207 141 222 149 235 160 246 173 254 189 257 204 253 217 244 229 233 238 220 243 206 246 190 247 173 248 157 141 148 149 143 159 143 169 146 178 150 197 150 206 146 215 143 226 142 235 146 187 158 187 168 187 179 187 190 176 195 181 198 187 200 193 198 199 195 153 157 160 154 167 154 173 160 166 161 159 160 203 160 209 154 216 154 223 157 217 160 210 161 167 217 174 213 181 210 187 212 193 210 201 213 208 217 201 228 193 233 187 234 181 233 174 228 171 218 181 214 187 215 193 214 204 217 193 225 187 226 181 226
130 175 132 191 135 207 140 222 148 235 160 245 173 253 188 256 204 252 217 244 229 233 238 220 243 205 245 190 246 173 247 157 140 146 149 142 159 142 169 145 178 149 196 149 206 145 215 142 226 141 235 144 187 157 187 167 187 178 187 189 176 194 181 197 187 199 193 197 199 195 152 157 159 153 166 153 173 159 166 160 158 159 202 159 209 153 216 153 223 156 217 159 210 160 167 217 174 212 181 209 187 211 192 209 200 212 207 216 200 226 193 231 187 232 181 231 173 226 171 217 181 213 187 214 193 213 204 217 192 223 187 224 181 224
130 174 131 190 134 206 139 220 148 234 159 244 172 251 188 254 203 251 217 242 230 232 238 219 243 204 245 189 246 172 247 156 140 146 148 141 159 141 168 144 177 148 197 148 206 144 215 141 225 140 235 144 187 156 187 166 187 177 187 188 175 194 181 196 187 198 193 197 198 194 152 156 159 152 167 153 173 159 166 159 158 159 202 159 209 153 216 152 223 156 217 159 209 159 166 215 173 212 181 209 187 211 192 209 200 212 208 215 200 224 193 228 187 229 180 228 173 224 170 216 181 213 187 214 192 213 204 216 192 220 187 221 181 221
129 175 131 190 134 205 139 219 147 232 159 242 172 249 187 252 203 249 217 241 229 232 238 219 242 205 245 189 246 173 247 157 140 146 148 141 158 141 168 144 177 148 196 148 205 144 215 141 226 140 235 144 187 155 187 166 187 176 187 187 175 193 181 196 187 198 193 196 198 194 152 156 159 152 166 152 173 158 165 159 158 159 202 158 209 152 216 152 223 155 217 158 209 159 167 214 174 211 181 209 187 210 192 209 200 211 208 215 200 221 193 224 187 225 181 224 174 221 171 215 181 213 186 214 192 213 204 215 192 217 187 218 181 217
129 174 131 190 134 205 140 219 149 231 160 241 173 249 188 251 203 248 217 240 229 230 238 218 243 204 245 188 246 172 247 156 140 146 148 141 158 141 168 144 177 147 196 148 205 143 215 140 226 140 235 144 187 155 187 165 187 176 187 187 175 193 181 195 187 197 193 196 199 193 152 155 159 152 166 152 172 158 165 159 158 158 202 158 208 152 216 151 223 155 217 158 209 159 167 214 174 211 181 209 187 210 192 209 200 211 208 214 200 219 193 222 187 223 181 223 175 220 171 214 181 213 187 214 192 213 204 214 193 215 187 216 182 215
129 175 131 191 134 206 140 220 148 232 160 242 173 248 188 251 203 247 217 240 230 231 238 218 243 204 245 189 246 173 247 157 140 145 148 141 158 141 167 143 177 147 196 147 205 143 215 140 225 139 235 143 187 155 187 165 187 176 187 187 176 193 181 195 187 197 193 196 198 193 152 155 159 151 166 152 172 158 165 159 158 158 202 158 208 152 216 151 222 155 216 158 209 158 167 214 174 211 181 209 187 210 192 208 200 211 208 214 200 219 193 222 187 223 181 222 174 219 171 214 181 213 187 214 192 213 204 214 192 215 187 216 181 215
130 174 131 190 134 206 139 220 148 232 160 242 173 249 188 251 204 248 218 241 230 231 238 219 243 205 245 189 246 173 246 157 140 146 148 141 158 141 168 143 177 147 196 147 205 143 215 140 225 139 235 144 187 155 187 165 187 176 187 187 176 193 181 196 187 197 193 196 198 193 152 155 159 151 166 152 173 158 166 158 158 158 202 157 208 152 216 151 222 155 216 158 209 158 168 215 175 212 181 209 187 211 192 209 199 211 207 215 200 220 193 223 187 224 181 223 175 220 172 215 181 214 187 215 192 214 204 215 192 216 187 217 181 216
130 174 131 190 134 205 139 220 148 232 160 242 173 250 188 252 204 249 218 240 230 231 239 219 243 204 245 189 246 173 247 157 140 145 148 140 158 140 168 143 177 147 196 147 205 143 215 140 225 140 235 143 187 155 187 165 187 176 187 187 176 194 181 196 186 198 192 196 197 194 152 155 159 151 166 152 172 158 165 158 158 158 202 157 208 152 216 151 222 155 216 158 209 158 168 217 175 213 181 211 186 212 192 210 199 213 207 216 200 222 193 224 187 225 181 224 175 222 172 217 181 215 187 216 192 215 203 216 192 217 187 217 182 217
129 175 131 191 134 207 140 221 149 233 161 242 174 250 189 252 204 248 217 240 230 230 239 218 243 204 245 188 246 172 247 156 140 145 148 141 158 140 168 143 177 147 196 147 205 143 215 140 226 139 235 143 187 155 187 165 187 176 187 187 176 194 181 196 187 198 193 196 198 194 152 155 159 151 166 152 172 158 165 159 158 158 202 157 208 152 216 151 222 155 217 158 209 158 169 217 175 214 182 212 187 213 192 211 199 214 207 217 200 222 193 225 187 226 182 225 175 223 172 217 182 216 187 217 192 216 203 217 193 217 187 218 182 218
129 174 131 191 134 206 140 220 149 233 161 242 174 250 189 252 204 249 217 240 230 231 239 219 243 205 245 189 246 173 247 157 140 145 148 140 158 140 168 143 178 147 196 147 205 143 215 140 226 139 235 143 187 155 187 165 187 176 187 187 176 194 181 196 187 198 192 196 197 194 152 155 158 151 166 151 172 158 165 159 158 158 202 157 208 152 216 151 223 155 217 158 209 159 169 218 175 214 181 212 187 213 192 212 199 214 206 217 200 223 193 226 187 226 182 226 175 223 172 218 182 217 187 217 192 216 203 217 192 218 187 218 182 218
130 174 132 190 134 206 140 220 149 233 161 242 174 250 189 252 204 249 218 240 230 230 239 218 243 203 245 188 246 172 247 156 140 145 148 141 158 140 168 143 177 147 196 147 205 143 215 140 225 140 235 144 187 155 187 165 187 176 187 186 176 194 181 196 187 198 192 196 197 194 152 155 159 151 166 152 172 157 165 158 158 158 202 157 208 152 216 151 222 155 216 158 209 158 169 218 175 215 182 212 187 214 192 212 199 214 206 217 200 223 193 226 188 227 182 226 176 223 173 218 182 217 187 217 192 216 203 217 192 218 187 219 182 218
129 174 131 190 134 206 140 220 148 233 160 242 173 250 188 252 203 249 216 240 229 231 238 219 243 204 245 189 246 173 247 157 140 145 148 140 158 140 168 143 177 146 197 147 206 143 216 140 226 140 235 144 187 155 187 165 187 175 187 186 176 194 181 196 186 198 192 196 197 194 152 155 159 151 166 151 172 157 166 158 158 158 202 157 209 151 216 151 223 155 217 158 209 158 169 217 175 214 181 212 187 214 192 212 199 214 206 217 200 223 193 226 187 227 182 226 175 223 173 218 181 217 187 217 192 216 203 217 193 218 187 219 182 218
129 174 131 190 134 206 140 219 149 232 161 241 173 248 188 251 203 247 217 239 230 229 239 217 243 203 245 187 246 172 247 156 140 145 148 140 158 140 168 143 177 147 196 147 206 143 215 140 226 139 235 144 187 155 187 165 187 175 187 186 176 193 181 196 187 197 192 196 198 193 153 154 159 150 166 151 173 157 166 158 158 157 202 157 209 151 216 151 223 154 217 158 209 158 169 217 175 214 181 211 187 213 192 211 199 213 206 216 199 222 193 225 187 226 182 225 175 223 172 217 182 216 187 216 192 215 203 216 192 217 187 218 182 218
129 173 131 189 134 205 139 218 148 231 160 240 173 248 187 250 202 247 215 239 228 229 238 217 243 203 245 188 246 172 247 156 140 144 148 140 158 139 168 142 178 146 196 146 205 142 215 139 226 139 236 143 187 154 187 164 187 175 186 186 175 192 180 195 186 197 192 195 198 193 152 154 159 150 166 150 172 157 165 157 158 157 202 157 208 151 216 150 223 154 217 157 209 158 167 215 173 211 180 208 186 210 191 208 199 211 206 214 199 221 192 225 186 226 180 224 173 221 171 215 180 213 186 214 191 213 203 215 192 217 186 218 180 217
129 172 130 188 133 203 139 217 148 229 159 238 171 247 186 249 201 246 214 238 227 229 237 217 242 203 244 188 246 172 247 156 140 143 149 138 159 138 168 141 178 145 196 146 206 142 216 139 226 138 236 142 187 153 187 164 186 174 186 185 174 190 179 193 185 195 192 194 197 192 152 153 159 149 166 150 172 156 165 157 158 156 202 156 209 150 216 150 223 153 217 157 209 157 165 212 172 208 179 206 185 208 191 206 199 209 207 213 199 220 191 224 184 224 178 223 171 219 169 212 179 210 185 211 191 211 203 213 191 216 185 217 179 216
129 172 131 188 133 203 139 217 147 229 159 238 171 247 185 250 200 246 214 238 227 229 237 217 242 203 244 187 246 171 247 155 140 143 148 139 158 138 168 141 177 145 196 145 206 141 216 139 226 138 235 143 187 153 186 163 186 174 186 185 174 190 179 193 185 195 192 193 198 191 152 153 159 149 166 149 172 156 165 156 158 156 202 156 208 150 216 150 223 153 217 156 209 157 165 211 171 207 179 205 185 207 191 205 199 208 207 212 199 220 191 223 184 224 178 223 171 218 169 211 179 209 185 210 191 210 203 212 191 216 184 217 178 215
129 172 131 187 134 203 139 217 148 229 159 239 171 247 186 250 201 247 214 239 227 230 237 217 242 203 244 188 246 171 247 155 140 143 149 138 159 139 169 141 178 145 197 146 206 142 216 139 226 138 236 142 187 153 187 164 187 174 186 185 174 190 180 193 186 195 192 194 198 191 152 153 159 149 166 150 173 156 166 156 158 156 202 156 209 150 216 150 223 153 217 156 209 157 165 211 172 207 179 205 185 207 191 206 199 209 207 213 199 221 191 225 185 225 178 224 171 219 169 212 179 209 185 211 191 210 203 213 191 217 185 218 179 217
129 172 131 188 134 204 139 218 148 230 159 240 171 248 186 251 201 248 215 239 227 229 236 217 242 203 244 188 246 172 247 156 140 144 148 139 159 139 168 142 178 146 196 146 206 142 216 139 226 139 236 143 187 154 187 164 187 175 186 186 175 192 180 194 186 196 192 195 197 192 152 154 159 150 166 150 173 157 166 157 158 157 202 157 209 151 216 150 223 154 217 157 209 158 166 213 173 210 180 207 185 209 191 208 198 210 206 214 199 221 191 225 185 226 179 225 172 221 170 213 180 212 185 213 191 212 202 214 191 217 185 218 180 217
130 173 131 189 134 205 140 219 148 231 160 241 173 249 187 251 202 248 216 240 228 231 237 218 242 204 245 188 246 172 247 156 140 144 149 140 159 140 168 143 177 147 197 147 206 143 216 140 226 139 236 143 187 154 187 165 187 175 187 186 175 193 180 195 186 197 192 196 197 193 153 154 159 150 167 151 173 157 166 157 158 157 202 157 209 151 216 151 223 155 217 158 209 158 167 214 174 212 180 210 185 211 191 210 198 212 206 215 198 222 191 225 186 226 180 225 174 221 171 215 180 214 185 215 191 214 202 216 191 217 186 218 181 217
129 173 131 189 134 205 139 219 148 232 159 241 172 249 187 251 202 249 216 241 229 231 237 219 242 204 244 189 246 172 247 156 140 145 149 140 159 140 168 143 177 148 196 148 206 144 215 141 226 140 235 144 187 155 187 166 187 176 187 187 175 194 180 197 186 198 192 197 197 194 152 154 159 151 166 151 173 158 165 158 158 158 202 158 209 152 216 151 223 155 217 158 209 159 167 215 174 213 180 211 186 213 191 211 198 213 206 216 198 222 191 225 186 226 180 225 174 221 171 216 180 216 185 217 191 216 202 216 191 217 186 218 181 217
130 173 132 189 134 205 139 219 148 231 160 241 172 249 187 252 202 249 216 241 228 231 237 219 242 205 244 189 246 173 247 157 141 145 149 141 159 141 169 144 178 148 196 149 205 145 215 142 226 141 235 145 187 156 187 166 187 177 187 188 176 194 180 197 186 199 192 197 197 195 153 155 159 152 167 152 173 159 166 159 158 159 202 159 209 153 216 153 223 156 217 159 209 160 167 216 174 214 180 212 185 214 190 212 198 214 205 217 198 223 191 226 186 226 180 225 174 222 171 216 180 217 185 217 190 217 202 217 191 218 186 219 181 218
130 173 132 189 135 205 140 219 149 232 160 241 173 249 187 252 202 249 216 241 228 232 237 219 242 205 245 190 246 173 247 157 141 145 149 141 159 141 169 144 178 149 197 149 206 145 216 142 226 141 236 145 187 156 187 167 187 177 187 188 176 195 181 197 186 199 192 198 197 196 153 155 159 152 167 153 173 159 166 160 158 159 202 159 209 153 216 153 223 156 217 160 209 160 167 216 174 214 180 213 185 214 191 213 198 214 206 217 198 223 191 226 186 226 180 225 173 222 170 216 180 217 185 218 191 217 202 217 191 218 186 219 180 218
130 172 132 188 134 204 140 218 148 231 159 240 172 248 187 251 202 248 215 241 228 231 237 219 242 205 244 190 246 173 247 157 141 144 149 140 159 141 169 144 178 148 196 148 206 144 215 141 226 141 236 144 187 156 187 166 187 177 187 188 175 194 180 197 186 198 192 197 197 195 153 155 159 152 167 152 173 158 166 159 159 159 202 159 209 153 216 153 223 156 217 159 209 160 167 215 174 213 180 211 186 213 191 211 198 213 206 216 198 222 191 225 186 226 180 225 174 222 171 216 180 216 185 217 191 216 202 216 191 217 186 218 181 217
130 173 131 189 134 204 139 218 148 231 159 240 172 248 186 251 201 248 215 241 228 231 237 219 242 205 244 189 246 173 247 157 140 144 148 140 159 140 168 143 177 147 196 148 206 144 216 141 226 140 236 144 187 155 187 165 187 176 187 187 175 193 180 196 186 198 192 196 197 194 152 155 159 151 167 152 173 158 166 159 158 158 202 158 209 152 217 152 223 156 217 159 209 159 166 215 173 212 180 210 185 212 191 210 199 212 207 215 199 222 192 225 186 226 180 225 173 221 170 215 180 215 185 216 191 215 203 216 191 217 186 218 180 217
130 172 131 188 134 204 140 218 149 230 160 240 172 248 187 251 201 248 215 240 227 231 237 219 242 205 244 189 246 173 247 156 141 144 149 139 159 140 168 143 177 147 196 147 205 143 215 140 226 140 235 144 187 154 186 165 186 176 186 186 175 193 180 195 186 197 192 195 197 193 153 154 159 151 167 151 173 157 166 158 158 158 202 158 208 152 216 151 223 155 217 158 209 159 167 214 174 211 180 209 186 211 191 209 199 211 207 214 199 221 192 225 186 225 180 224 174 221 171 215 180 214 186 214 191 214 203 215 192 217 186 218 181 217
130 172 131 188 135 204 140 218 149 230 160 240 173 248 187 251 202 248 216 239 228 230 237 217 242 203 245 188 246 172 247 156 141 143 149 139 159 139 169 142 178 147 196 147 205 143 215 140 226 139 235 143 187 154 187 164 187 175 187 186 176 192 181 195 186 197 192 195 198 193 152 154 159 150 167 151 173 157 166 158 158 158 202 157 209 152 217 151 223 155 217 158 209 159 168 214 174 211 181 209 186 211 192 209 199 211 207 214 200 221 192 225 187 226 181 225 174 221 171 215 181 214 186 214 192 214 203 215 192 217 187 218 181 217
130 173 132 189 135 204 141 218 150 231 161 240 174 248 188 250 202 247 215 239 228 230 237 218 242 204 244 188 246 172 247 156 141 144 149 139 159 139 169 142 178 146 197 147 206 143 216 140 226 139 235 143 187 154 187 165 187 175 187 186 176 192 181 195 187 197 193 195 198 193 153 154 160 151 167 151 173 157 166 158 159 157 202 157 209 152 216 151 223 154 217 158 209 158 168 214 175 211 181 209 187 211 192 209 199 211 207 214 200 220 193 224 187 225 181 224 175 221 172 215 181 214 186 215 192 214 204 214 192 216 187 217 182 217
130 173 132 189 135 204 140 218 150 230 161 240 174 247 188 250 203 247 216 239 228 229 237 217 242 203 244 188 246 172 247 155 141 144 149 140 159 140 169 142 178 147 197 147 206 143 216 140 226 139 236 143 188 154 188 165 188 175 188 186 176 193 181 195 187 196 193 195 198 193 153 154 160 151 167 151 173 157 166 158 159 158 202 157 209 152 217 151 223 154 217 158 209 158 168 214 175 212 182 210 187 212 192 210 199 212 208 213 200 219 193 223 187 224 181 223 175 220 171 214 181 215 187 215 192 214 204 214 193 215 187 216 182 216
130 172 132 188 134 203 139 218 148 230 160 239 174 247 189 249 203 246 217 238 229 229 237 217 242 203 244 187 246 171 247 155 141 144 150 139 160 139 169 142 178 147 197 147 206 143 216 140 226 139 236 142 188 154 188 165 188 175 188 186 177 193 182 195 188 196 193 195 198 193 153 154 160 151 167 151 173 157 167 158 159 158 203 157 209 151 217 151 223 154 217 158 210 158 168 214 175 211 182 210 187 212 193 210 200 211 208 213 200 219 193 222 187 223 182 222 175 219 171 214 182 214 187 215 193 214 205 213 193 215 188 216 182 215
130 171 132 188 135 203 140 217 149 230 161 239 175 246 189 249 204 245 217 237 229 228 238 215 243 201 245 186 246 170 247 154 141 143 150 139 160 139 169 142 178 146 198 146 207 142 216 139 227 138 236 142 188 154 188 164 189 175 189 186 178 192 183 194 188 196 194 195 198 192 153 154 160 150 168 151 174 157 167 158 159 157 203 157 209 151 217 151 223 154 217 157 210 158 168 213 176 211 182 210 188 211 193 209 200 210 209 212 201 218 194 221 188 221 182 221 175 218 171 213 182 214 188 215 193 214 205 212 193 214 188 215 183 214
130 171 132 187 135 203 140 217 149 229 161 238 175 246 189 248 204 244 218 237 230 227 238 215 243 201 245 186 246 170 247 154 142 143 150 138 160 138 170 141 179 145 198 146 207 141 216 138 226 138 236 141 189 153 189 163 189 174 189 185 178 191 183 194 188 195 194 194 199 192 154 153 160 150 168 150 174 156 167 157 160 157 203 156 210 151 217 150 223 153 217 157 210 157 168 212 176 210 182 209 188 210 193 209 200 210 208 211 201 217 194 220 188 220 182 219 176 217 172 212 182 213 188 214 193 213 205 212 193 213 188 214 183 213
130 170 132 187 135 202 140 216 150 229 162 238 175 245 190 247 204 243 218 236 229 226 238 214 243 200 245 185 246 169 247 153 142 143 150 138 160 138 170 141 179 145 198 145 207 141 216 138 227 137 236 141 189 153 189 163 189 173 189 184 178 191 183 193 188 195 194 193 199 191 154 153 160 150 168 150 174 156 167 157 160 156 203 156 209 150 217 150 223 153 218 156 210 157 169 211 176 209 183 208 188 210 194 208 201 209 209 211 201 216 194 219 188 220 183 219 176 216 172 211 183 212 188 213 194 212 206 211 194 212 188 214 183 213
130 170 132 186 134 201 140 215 149 227 160 236 174 244 189 246 203 243 217 236 229 226 237 214 242 200 245 185 246 169 247 154 142 142 150 138 160 138 169 140 178 144 198 145 207 140 216 137 227 137 236 141 189 152 189 162 189 173 189 184 178 191 183 193 188 194 194 193 199 191 153 153 160 150 168 150 174 155 167 157 159 156 203 155 210 150 217 149 223 152 218 156 210 156 168 210 176 209 183 208 188 209 193 207 200 209 209 210 201 215 193 218 188 219 182 218 176 216 171 211 183 212 188 213 193 212 206 211 193 212 188 213 183 212
130 171 132 187 135 202 140 216 149 228 161 237 175 244 190 246 205 243 218 235 230 226 238 214 243 200 245 184 246 168 247 153 141 142 150 137 160 137 169 140 178 144 197 145 206 140 216 137 226 136 236 140 189 152 189 162 189 172 189 183 178 190 183 193 188 194 194 193 199 190 153 153 160 149 168 150 174 155 167 156 160 156 203 155 209 150 217 149 224 152 218 156 210 156 168 210 176 209 183 208 188 209 194 207 201 209 209 210 201 215 194 218 188 219 183 218 176 216 171 211 183 211 188 213 194 211 206 210 194 212 188 213 183 212
130 170 132 186 134 201 140 215 149 227 161 236 174 244 189 246 204 243 217 235 229 226 238 214 243 200 245 184 246 169 247 153 141 142 150 137 160 137 170 140 179 144 197 145 207 140 216 137 227 136 236 140 188 152 189 162 189 172 189 183 178 190 183 193 188 194 194 193 199 190 153 152 160 149 168 150 174 155 167 156 160 156 203 155 209 150 217 149 224 152 217 156 210 156 168 210 176 208 183 207 188 209 193 207 200 208 209 210 201 215 194 218 188 219 182 218 176 215 171 210 182 211 188 212 193 211 205 210 193 211 188 212 183 212
130 170 132 186 134 202 140 216 148 228 161 237 174 243 189 245 204 242 218 235 230 226 238 214 243 200 245 185 246 169 247 153 142 142 150 137 160 137 169 140 178 144 198 144 207 140 216 137 226 136 235 140 188 151 189 162 189 172 189 183 178 190 183 192 188 193 194 192 199 190 153 152 160 149 167 150 173 155 167 156 159 156 203 155 209 150 217 149 223 152 217 155 210 156 168 210 176 208 183 207 188 209 193 207 200 208 209 209 201 215 194 217 188 218 182 217 176 215 171 210 182 211 188 212 193 211 206 210 194 211 188 212 183 211
131 170 132 186 134 202 140 216 149 228 160 236 174 243 189 245 204 242 217 235 229 226 238 214 243 200 245 184 247 168 247 152 141 141 150 137 160 137 169 140 178 144 198 144 207 140 216 137 226 136 236 140 188 151 189 161 189 172 189 182 177 190 182 192 188 193 194 192 199 190 153 152 160 149 168 150 174 155 167 156 159 156 203 154 209 149 217 149 223 152 217 155 210 156 168 210 176 208 182 207 188 208 193 206 200 208 209 209 201 215 194 217 188 218 182 217 176 215 171 210 182 211 188 212 193 211 206 210 193 211 188 212 183 211
130 170 132 186 134 202 140 216 149 228 161 236 174 243 189 245 204 242 217 235 229 226 238 214 242 199 244 184 246 168 247 153 142 141 150 137 160 137 170 139 179 144 197 144 206 139 216 136 227 136 236 140 189 151 189 161 189 172 189 182 178 189 183 192 188 193 194 192 199 190 154 152 160 149 168 149 174 155 167 156 160 156 203 154 209 149 217 148 223 151 218 155 210 156 168 209 176 207 182 206 188 208 193 206 200 208 209 209 201 214 194 217 188 217 182 217 176 214 171 210 182 210 188 212 193 210 206 210 193 211 188 212 183 211
130 170 132 186 134 201 139 215 148 227 160 236 174 243 189 245 204 241 217 234 229 225 238 213 242 199 244 184 246 168 247 153 142 141 150 136 160 136 170 139 178 143 197 144 207 139 216 136 227 135 236 139 189 151 189 161 189 171 189 182 178 189 183 191 188 193 194 192 199 189 154 152 160 149 168 149 174 155 167 156 160 155 203 154 209 149 217 148 223 151 217 155 210 156 168 209 175 207 182 206 188 208 193 206 200 207 209 209 200 214 193 216 188 217 182 216 175 214 171 210 182 210 188 211 193 210 206 209 193 210 188 211 182 211
