137 170 139 186 143 201 150 214 160 225 172 234 184 240 198 242 212 239 223 231 234 222 241 210 246 196 248 182 249 167 249 152 150 139 157 132 167 131 177 132 186 136 204 136 213 132 223 130 232 131 239 137 196 145 196 154 196 163 197 172 185 182 190 184 196 185 202 183 207 181 161 148 167 144 175 144 181 149 174 150 167 150 209 148 215 143 222 143 228 146 223 149 216 149 177 204 184 200 191 197 196 199 202 197 209 199 215 203 209 210 203 214 197 215 191 214 184 211 181 205 191 202 196 202 202 202 212 203 202 207 197 208 191 207
138 169 140 185 143 200 150 213 160 224 172 233 185 239 199 241 212 237 224 229 234 220 242 208 246 194 248 180 249 165 249 151 150 138 157 130 167 128 177 130 187 134 204 134 213 130 223 128 233 129 239 136 196 143 196 152 197 160 197 170 186 179 191 181 197 182 202 181 207 179 162 146 168 142 175 142 182 147 175 148 168 148 209 146 215 142 222 141 228 145 223 147 216 147 177 203 185 198 192 195 197 197 202 195 209 197 216 201 210 208 203 211 198 213 192 212 185 209 181 203 192 200 197 200 202 200 212 201 203 205 198 206 192 205
138 169 140 185 143 200 150 213 160 224 172 232 184 238 199 240 212 237 224 229 234 220 242 208 246 195 248 180 249 166 249 151 150 137 157 130 167 128 177 130 187 134 204 134 214 130 224 128 233 129 240 135 196 143 197 151 197 160 197 169 186 179 191 181 197 182 202 181 207 178 162 146 168 142 175 142 182 147 175 148 168 148 210 146 216 141 223 141 229 145 223 147 216 147 177 202 185 198 192 195 197 196 202 194 209 197 216 201 210 208 203 211 198 212 192 212 185 209 181 202 192 200 197 200 202 199 212 201 203 204 198 205 192 205
138 169 140 185 143 200 150 213 160 224 172 232 184 238 198 240 212 237 224 229 235 220 242 208 247 194 248 179 249 165 250 150 150 136 157 130 167 128 177 130 187 134 205 134 214 130 223 128 233 129 240 135 196 143 196 151 197 160 197 170 186 179 191 181 197 182 202 181 207 178 162 145 168 142 176 142 182 147 175 148 168 148 210 146 216 142 223 141 229 145 223 147 216 147 177 202 185 198 192 195 197 196 202 195 209 197 216 201 210 208 203 211 198 212 192 212 185 209 181 202 192 200 197 200 202 199 213 201 203 204 198 205 192 205
139 168 140 184 144 199 150 212 160 223 172 232 184 238 198 241 212 238 224 230 234 220 242 208 246 195 248 180 249 165 250 151 151 136 158 130 167 128 178 130 187 134 204 134 214 130 223 128 233 129 240 135 196 143 196 152 197 161 197 170 186 179 191 181 197 183 202 181 207 179 162 146 168 142 175 142 182 147 175 148 168 148 210 146 216 142 223 142 229 145 223 147 216 147 178 202 185 198 192 195 197 197 202 195 209 197 216 201 210 208 203 211 198 212 192 212 185 209 181 203 192 200 197 200 202 200 212 201 203 205 197 205 192 205
138 170 140 185 144 200 150 213 160 224 172 232 185 239 199 241 213 238 224 230 235 220 242 209 247 195 248 181 249 166 249 152 150 138 157 131 167 129 178 131 187 135 204 135 213 131 223 128 233 129 239 136 196 143 197 152 197 161 197 170 186 180 191 182 197 183 202 181 207 179 162 146 168 143 176 143 182 148 175 149 168 149 210 147 216 142 223 142 229 145 223 147 216 148 178 203 185 198 192 196 197 197 202 195 209 197 216 201 210 208 204 212 198 213 192 212 185 209 182 203 192 200 197 201 202 200 212 202 203 205 198 206 192 205
138 170 140 185 144 200 151 213 160 224 172 233 185 239 199 241 213 238 224 230 235 220 242 209 247 195 249 181 249 166 250 151 150 138 157 131 167 129 177 131 187 135 204 135 213 131 223 129 233 130 239 136 196 144 196 153 197 162 197 171 185 180 191 182 197 184 202 182 207 180 162 146 168 143 176 143 182 148 175 149 168 149 209 147 216 143 223 142 229 146 223 148 216 148 178 203 185 199 192 196 197 197 202 195 209 198 216 202 210 209 203 212 198 213 192 213 185 210 182 203 192 201 197 201 202 200 212 202 203 205 197 206 192 206
138 170 140 185 144 200 150 213 160 224 172 232 184 239 198 241 212 238 224 230 234 220 242 209 247 195 248 181 249 166 249 151 150 138 157 132 167 130 177 132 186 136 204 136 213 131 223 129 232 130 240 136 196 145 196 153 196 162 197 171 185 181 191 183 196 184 202 182 207 180 162 147 168 144 175 144 182 148 175 149 168 149 209 148 216 143 223 143 229 146 223 148 216 149 177 203 184 199 191 196 196 197 202 196 209 198 216 202 209 209 203 212 197 213 191 213 184 210 181 203 191 200 197 201 202 200 212 202 202 206 197 207 192 207
138 169 139 184 143 199 149 212 159 223 171 232 184 239 198 241 211 238 223 230 234 220 242 209 246 195 248 181 249 166 250 151 150 139 157 132 167 131 177 132 187 136 204 136 213 132 223 130 233 131 240 137 196 145 196 154 197 163 197 172 185 181 191 183 197 185 202 183 207 181 162 147 168 144 175 144 182 149 175 150 168 150 209 148 216 144 223 143 229 146 223 149 216 149 176 203 183 198 191 196 196 197 202 195 209 197 216 201 209 208 203 212 197 213 191 212 183 209 179 203 191 200 196 200 202 199 213 201 202 205 197 206 191 206
138 169 140 185 143 199 150 213 159 224 171 232 183 239 197 241 211 238 223 230 234 221 242 209 247 196 248 181 249 166 249 151 149 139 156 133 166 131 177 133 186 137 203 137 213 133 223 130 233 131 240 138 195 145 196 154 196 164 196 173 184 181 190 183 196 185 202 183 207 181 161 148 167 144 175 145 181 149 174 150 167 150 209 148 215 144 222 144 229 147 223 149 216 149 175 202 182 198 190 195 196 196 201 195 209 197 216 200 209 208 202 212 196 213 190 212 182 209 178 202 190 199 196 199 201 199 213 201 202 205 196 207 190 206
138 169 139 185 143 200 149 213 159 224 170 233 183 240 197 242 211 239 222 231 233 221 242 210 246 196 248 182 249 167 249 152 149 140 156 133 166 132 176 134 186 138 203 138 213 134 222 131 232 132 239 138 195 146 195 155 196 165 196 174 184 182 189 184 196 185 202 184 207 181 161 148 167 145 174 145 181 150 174 151 167 151 208 149 215 145 222 144 228 147 222 150 215 150 174 202 182 198 189 196 195 197 201 195 208 197 215 201 209 208 202 212 196 214 189 213 182 210 178 203 189 199 195 200 201 199 212 201 201 206 195 208 190 207
137 169 139 185 143 200 150 213 160 225 171 234 183 241 197 243 210 240 221 232 232 222 241 210 246 197 248 182 248 167 249 151 148 140 156 134 166 132 176 134 186 138 203 138 212 134 222 132 232 132 239 138 195 147 195 156 195 165 195 175 183 182 189 184 195 186 201 184 206 181 161 149 167 145 174 145 180 150 174 151 167 151 208 149 214 145 221 144 228 147 222 150 215 150 173 203 181 199 189 196 195 197 200 196 208 197 215 201 209 211 202 215 195 217 189 216 181 212 177 203 189 199 195 200 200 199 212 202 201 209 195 210 189 210
137 170 139 186 143 201 150 215 159 226 170 236 183 243 197 246 211 242 222 234 232 224 241 212 245 199 247 184 248 168 248 153 148 140 155 134 165 132 176 134 185 139 202 138 212 134 221 131 231 132 238 138 194 146 194 156 195 165 195 175 183 182 189 184 195 186 201 184 206 182 160 149 166 145 174 145 180 150 173 151 166 151 208 149 214 144 221 144 227 147 222 150 215 150 173 204 181 199 188 196 194 198 200 196 208 198 215 203 209 212 201 217 195 218 189 218 181 214 177 205 189 200 194 200 200 200 212 203 201 210 195 211 189 211
137 170 139 186 142 201 149 215 159 226 170 236 183 243 197 245 210 242 222 234 232 224 241 212 245 198 247 183 248 168 249 153 148 141 155 134 165 133 175 134 185 138 202 138 212 134 222 132 232 132 238 139 194 147 194 156 195 165 195 175 183 183 188 185 195 186 201 184 206 182 160 149 166 146 174 146 180 150 173 151 166 151 208 149 214 145 221 145 227 147 221 150 214 150 173 204 181 199 188 197 194 198 200 196 207 198 215 202 208 212 201 216 195 217 189 217 181 213 177 204 189 200 194 201 200 200 211 203 200 209 195 211 189 210
137 174 138 189 142 204 148 218 157 229 168 238 181 243 196 245 211 242 223 236 234 227 241 215 246 201 248 186 249 171 249 156 148 140 156 134 166 133 176 135 185 139 202 139 211 134 221 132 231 132 238 139 194 146 194 156 194 165 195 175 183 182 188 185 194 187 200 185 205 182 160 149 166 146 173 146 180 150 173 151 166 151 208 149 214 145 221 145 227 148 222 150 215 150 174 204 181 199 189 197 194 198 200 197 207 199 214 203 208 211 201 214 195 216 189 215 182 212 177 204 189 200 194 201 200 200 211 203 201 209 195 210 189 210
137 175 139 190 142 205 149 218 158 229 170 237 183 242 197 244 211 241 223 235 234 226 242 215 246 201 248 186 248 172 249 157 148 141 155 134 165 133 175 135 185 139 202 139 211 135 221 132 231 133 238 139 194 146 195 155 195 165 195 175 183 183 189 185 195 187 200 185 205 182 160 149 166 146 173 146 180 151 173 151 166 151 208 150 214 145 221 145 227 148 222 150 215 151 174 204 182 200 189 197 194 198 200 197 207 199 214 203 207 209 201 212 195 213 189 212 182 210 178 204 189 200 194 201 200 200 211 203 200 207 195 208 189 208
137 176 139 190 142 205 148 218 157 228 169 236 182 240 197 242 211 240 224 234 235 226 242 215 246 201 248 186 248 172 249 157 148 141 155 134 166 133 176 135 185 139 202 138 212 134 222 132 231 132 239 139 194 146 195 156 195 165 195 175 183 183 189 185 195 187 201 185 206 183 160 149 166 145 174 146 180 151 173 151 166 151 208 150 214 145 221 145 228 148 222 150 215 151 175 203 183 200 189 197 194 199 200 197 207 199 215 202 208 207 202 209 195 210 190 210 183 208 179 203 189 201 195 202 200 201 211 202 201 204 195 204 190 204
137 175 139 190 142 204 148 217 158 228 170 235 183 240 197 242 211 239 223 234 235 226 242 215 246 201 248 186 248 171 248 156 148 141 156 134 165 133 175 135 185 138 203 138 212 134 222 132 231 132 238 138 194 146 195 155 195 165 196 175 184 183 189 185 195 187 201 185 206 182 160 149 166 145 174 146 180 151 173 151 166 151 207 150 214 145 221 145 227 148 222 150 215 151 175 203 183 199 190 197 195 198 201 197 207 199 215 202 208 206 202 209 196 210 190 209 184 207 179 203 190 201 195 202 201 201 211 202 201 203 196 204 190 203
137 175 139 190 143 205 149 218 158 229 170 237 182 242 197 244 211 241 224 235 235 226 242 214 247 201 248 186 249 171 249 156 149 140 156 134 166 132 176 134 185 138 202 138 212 134 221 132 231 132 238 138 194 146 194 155 195 165 195 174 183 182 188 185 195 187 200 185 206 182 160 149 166 145 174 146 180 150 173 151 166 151 208 150 214 145 221 145 227 148 222 150 215 150 175 204 182 199 189 197 194 198 200 196 207 198 215 202 208 208 201 212 195 213 190 212 183 210 179 204 189 200 194 201 200 200 211 202 201 206 195 207 190 207
137 175 139 191 143 206 149 220 158 231 170 240 183 245 198 247 213 244 224 237 235 228 242 215 247 201 248 186 248 171 249 156 148 141 155 134 165 132 175 134 185 138 202 138 211 134 221 132 231 132 238 138 194 146 194 155 195 164 195 174 183 182 189 185 195 186 201 184 206 182 160 149 166 145 174 145 180 150 173 151 166 151 208 149 214 145 221 144 227 148 222 150 215 150 175 205 182 199 189 196 194 198 200 196 208 198 215 203 209 212 202 217 195 218 189 217 182 214 178 205 189 200 194 200 200 199 211 204 201 211 195 212 189 211
137 175 139 190 143 206 150 220 159 231 170 240 183 246 198 248 213 245 225 238 235 228 242 215 246 201 248 186 248 171 248 156 148 141 156 134 165 133 175 135 184 139 202 139 211 135 221 132 231 133 238 138 194 146 194 156 195 165 195 175 183 183 188 185 195 187 201 185 206 183 160 149 166 146 173 146 180 151 173 152 166 152 208 150 214 145 221 145 227 148 222 150 215 150 174 206 182 200 189 197 195 198 201 197 208 199 215 204 209 213 202 217 195 219 189 218 182 214 178 206 189 201 195 201 201 200 211 204 201 211 195 212 189 212
138 175 139 191 143 206 150 219 159 231 170 240 183 245 197 247 211 244 223 237 233 227 241 215 246 201 248 186 248 172 249 157 148 141 156 135 165 133 175 135 185 139 202 139 211 135 221 132 231 133 238 138 194 147 194 156 194 166 194 175 182 183 188 186 194 187 200 185 205 183 160 150 166 146 173 146 179 151 173 152 166 152 208 150 214 145 221 145 227 148 222 151 215 151 174 206 181 200 188 197 194 198 200 197 208 199 215 203 208 213 202 217 195 219 189 218 182 214 178 206 189 200 194 201 200 200 211 204 201 211 195 213 189 212
137 174 139 189 143 205 149 218 158 230 169 239 182 244 196 246 210 243 222 237 233 227 241 215 246 201 248 186 248 171 249 156 148 141 156 134 165 133 175 135 185 139 202 139 211 135 221 132 231 133 238 138 194 147 194 156 194 166 195 176 183 183 188 186 194 188 200 186 206 183 160 150 166 146 174 146 180 151 173 152 166 152 207 150 214 145 221 145 227 148 222 151 215 151 174 205 182 200 189 198 194 199 200 197 207 199 214 203 208 212 201 216 195 217 189 217 182 213 178 205 189 201 194 201 200 200 211 204 201 210 195 211 189 211
137 174 138 189 142 204 148 217 156 229 168 237 181 242 196 244 210 241 223 235 234 227 241 215 246 201 247 186 248 171 248 156 148 141 156 135 166 133 175 135 185 139 202 139 211 135 221 132 230 133 238 138 194 147 194 156 194 166 194 175 183 183 188 186 194 188 200 186 205 183 160 150 166 146 173 146 179 151 173 152 166 152 208 150 214 145 221 145 227 148 222 151 215 151 175 205 182 201 189 199 194 201 200 199 207 201 214 204 207 209 201 212 195 213 189 213 183 210 179 205 189 203 194 204 200 203 211 204 200 206 195 207 189 207
137 173 139 188 142 204 148 217 156 228 168 236 182 241 197 243 211 241 224 235 235 226 241 214 246 201 247 186 248 171 248 156 149 140 156 134 165 133 175 135 184 139 203 139 212 135 221 132 231 132 238 138 194 146 194 156 194 165 195 175 183 184 189 186 194 187 200 186 205 183 160 149 166 146 173 146 179 150 173 151 166 152 208 150 214 145 221 145 227 148 222 150 215 151 175 205 183 202 189 200 194 202 200 200 206 202 214 204 207 208 201 210 195 211 190 211 183 209 179 205 189 205 194 205 200 204 211 204 200 205 195 206 190 205
137 174 138 190 141 205 148 218 156 229 168 238 182 243 197 244 212 242 224 235 235 226 242 215 246 200 247 185 248 170 248 155 148 140 156 134 165 133 175 135 184 139 202 138 211 134 221 132 230 132 238 137 194 146 194 155 195 165 195 175 183 183 189 186 195 187 200 185 205 183 160 149 166 145 173 146 179 150 173 151 166 151 207 149 214 145 221 144 227 147 221 150 214 150 175 205 183 202 189 200 194 202 200 200 207 202 214 204 207 210 201 212 195 213 190 213 183 211 179 206 189 205 194 205 200 204 211 204 200 206 195 207 190 207
137 174 138 189 141 205 147 218 156 230 168 239 181 245 196 247 211 243 224 236 235 227 242 214 247 200 248 185 248 170 249 155 148 140 156 134 166 133 176 135 185 139 202 138 211 134 221 132 231 132 238 138 194 146 194 156 194 165 194 175 183 183 188 186 194 188 200 186 205 183 160 149 166 146 173 146 180 150 173 151 166 151 207 150 214 145 221 145 227 148 221 150 214 150 174 205 182 201 189 199 194 201 200 199 207 201 214 204 208 212 201 215 195 217 189 216 182 213 178 206 189 204 194 204 200 204 211 205 201 209 195 210 189 210
137 174 138 190 142 205 148 219 157 231 168 239 181 245 196 247 211 244 223 237 234 228 241 216 246 202 248 187 248 172 249 157 148 141 155 134 165 133 175 135 184 139 202 139 211 135 221 132 231 133 238 139 194 147 194 156 194 166 194 176 182 183 188 186 194 188 200 186 205 183 160 149 166 146 173 146 179 151 173 151 166 151 207 150 214 145 221 145 227 148 221 150 214 151 173 205 180 200 187 198 193 199 199 198 207 200 214 204 207 213 200 217 194 218 188 218 180 214 176 205 188 201 193 202 199 201 210 204 200 211 194 212 188 212
137 175 138 190 142 205 148 219 157 231 168 240 181 246 196 248 210 244 222 237 233 227 241 215 246 202 248 186 248 172 248 157 148 141 155 134 165 133 175 135 184 139 201 139 211 135 220 132 230 133 237 138 193 146 193 156 193 166 194 176 182 183 187 186 194 188 200 185 205 183 159 149 165 146 173 146 179 151 173 152 165 152 207 150 213 145 220 145 226 148 221 150 214 151 172 205 179 200 187 197 193 199 199 197 207 199 214 203 207 213 200 218 193 219 187 218 179 214 175 205 187 201 193 201 199 200 210 204 200 212 193 213 187 213
137 175 138 190 142 206 148 219 157 231 168 241 181 247 196 249 210 246 222 238 233 228 240 216 245 202 247 187 248 172 248 157 148 140 155 134 165 133 175 135 184 139 201 139 210 135 220 132 230 133 237 138 193 146 193 156 194 165 194 175 182 183 187 185 194 187 199 185 204 182 159 149 165 146 173 146 179 150 172 151 165 151 207 150 213 145 220 145 226 148 221 150 214 150 172 205 179 200 187 197 193 198 199 197 207 199 214 204 208 214 200 219 194 221 187 220 179 216 175 205 187 201 193 201 199 200 210 204 200 213 193 214 187 214
137 175 139 191 143 206 149 220 158 233 169 242 182 249 197 251 211 247 223 240 234 229 241 216 246 202 247 186 248 171 248 156 148 141 155 134 164 133 174 135 183 139 202 139 211 134 220 132 230 132 237 138 193 146 193 156 194 165 194 175 182 183 187 185 194 187 199 185 204 182 159 149 165 146 173 146 179 150 172 151 165 151 207 150 213 145 220 145 227 148 221 150 214 150 172 205 179 200 187 197 193 198 199 197 207 199 214 204 208 215 201 221 194 222 187 221 179 217 175 206 187 200 193 201 199 200 211 204 200 215 193 216 187 215
137 175 139 191 142 206 149 220 157 233 168 242 181 248 196 251 211 247 223 240 233 229 241 217 246 202 247 187 248 172 248 157 148 140 155 134 165 133 175 135 184 139 202 139 211 135 221 132 230 133 237 138 193 146 193 156 194 165 194 175 182 183 187 185 194 187 199 185 205 182 159 149 165 146 173 146 179 150 172 151 165 151 207 150 213 145 220 145 226 148 221 150 214 150 172 205 179 200 187 197 193 198 199 197 207 199 214 204 208 215 201 220 194 222 187 221 179 216 175 206 187 201 193 201 199 200 211 205 200 214 193 215 187 214
137 174 138 190 142 205 149 219 158 232 169 241 182 247 197 249 211 245 223 238 234 228 241 216 246 202 248 186 248 171 249 156 147 141 155 134 165 133 175 135 184 139 202 139 211 135 221 132 231 133 238 138 194 147 194 156 194 165 194 175 182 183 188 185 194 187 200 185 205 182 159 149 165 146 173 146 179 150 173 151 165 151 207 150 214 145 221 145 227 148 221 150 214 151 172 205 179 200 187 197 193 198 199 197 207 199 214 203 208 214 201 219 194 220 188 220 179 216 175 205 188 201 193 201 199 200 211 204 200 213 194 214 188 214
136 171 138 187 141 202 148 215 158 227 169 237 181 245 195 247 209 244 221 235 231 225 240 212 245 199 247 184 248 169 248 154 148 141 155 135 165 133 175 135 184 139 202 139 211 135 222 132 231 133 238 139 194 147 194 157 194 166 194 176 182 183 188 185 194 187 200 185 205 183 160 149 166 146 173 146 179 151 173 152 166 152 207 150 214 145 221 145 227 148 221 150 214 151 171 204 179 200 187 197 193 199 199 197 207 199 214 203 207 213 200 218 193 219 187 219 178 214 174 204 187 200 193 201 199 200 211 204 199 212 193 213 187 213
136 171 138 186 141 201 148 215 158 226 169 235 181 243 195 245 208 241 220 233 231 223 240 212 244 198 247 183 248 168 248 153 148 141 155 135 165 133 175 135 185 139 202 139 211 135 221 132 231 133 238 139 194 148 194 157 194 166 194 176 182 183 188 185 194 187 200 185 205 183 160 149 166 146 173 146 180 151 173 152 166 152 207 150 214 145 221 145 227 148 222 151 214 151 171 203 179 199 187 197 193 199 199 197 207 199 214 203 207 212 200 217 193 218 187 218 179 213 175 204 187 200 193 201 199 200 211 203 199 211 193 212 187 211
137 174 138 189 142 204 148 218 156 229 167 238 180 243 195 245 209 242 222 236 233 227 241 215 246 201 248 186 248 172 249 157 148 141 156 134 166 133 175 135 184 139 202 139 211 135 221 133 230 133 238 138 194 147 194 156 194 166 194 176 182 183 188 185 194 187 200 185 205 183 159 149 166 146 173 146 179 151 173 152 166 152 207 150 214 146 221 145 227 148 222 151 215 151 171 203 179 199 187 197 193 198 199 197 206 199 214 202 207 211 199 215 193 216 187 215 179 212 174 203 187 200 193 201 199 200 211 203 199 209 193 210 187 210
137 174 138 189 141 204 148 218 157 229 168 238 181 243 195 245 209 242 221 235 233 226 241 214 245 201 247 186 248 171 249 156 148 141 155 134 165 133 175 135 184 140 202 139 211 135 221 133 231 133 238 139 194 147 194 156 194 166 194 176 182 183 188 186 194 187 200 185 205 183 159 149 166 146 173 146 180 151 173 152 166 152 207 150 214 145 221 145 227 148 222 151 215 151 171 202 179 199 187 197 193 198 199 197 206 199 214 202 207 210 199 215 193 216 187 215 179 211 174 203 187 200 193 201 199 200 211 202 199 209 193 211 187 210
137 171 138 186 141 201 148 214 157 225 169 235 181 242 195 244 209 241 220 233 231 224 240 212 245 198 247 183 248 168 249 153 148 141 155 135 165 134 175 136 184 140 202 139 211 135 221 133 230 133 238 139 194 147 194 157 194 166 194 176 182 183 187 186 194 187 200 185 205 183 159 150 166 146 173 146 179 151 173 152 165 152 207 150 214 146 221 145 227 148 221 151 214 151 171 203 179 199 187 197 193 199 199 197 206 199 214 202 207 211 200 216 193 217 187 216 178 212 174 203 187 201 193 201 199 200 211 203 199 209 193 210 187 210
137 173 138 188 142 204 147 217 156 230 167 239 180 245 194 247 209 244 221 237 232 227 240 215 245 201 248 186 248 171 249 156 148 140 156 134 165 133 175 136 184 140 202 139 211 135 221 133 230 132 237 138 194 147 194 157 194 166 194 176 182 183 187 186 194 188 200 186 205 183 160 150 166 147 173 147 180 151 173 152 166 152 207 150 214 146 221 146 227 149 221 151 214 151 172 204 179 200 187 197 192 199 199 197 206 199 213 203 206 213 199 217 193 219 187 218 179 214 175 204 187 201 193 201 199 201 210 204 199 211 193 213 187 212
137 174 139 190 142 205 148 218 157 230 168 239 181 244 196 246 210 243 223 236 233 227 241 215 245 201 247 186 248 171 248 156 149 141 156 135 165 134 175 136 184 140 202 140 211 136 221 133 230 133 237 139 194 147 194 157 194 166 194 176 182 183 188 186 194 188 200 186 205 183 160 150 166 148 173 148 180 151 173 152 166 152 207 151 213 148 220 147 226 149 220 151 214 151 173 204 180 200 187 198 193 199 199 198 206 200 213 203 206 209 200 212 193 213 188 212 181 210 176 204 187 202 193 202 199 201 210 203 199 207 193 208 188 207
137 174 139 189 142 204 148 218 157 229 168 238 181 243 196 245 211 242 224 236 235 227 242 214 246 200 248 185 248 170 249 155 148 141 155 135 165 133 175 136 184 140 202 140 211 136 221 133 230 133 238 139 194 147 194 157 194 166 195 176 182 183 188 186 194 188 200 186 205 183 160 150 166 149 173 149 179 151 173 152 167 152 207 151 214 149 220 149 226 150 220 151 214 151 174 204 182 200 188 198 193 199 199 198 207 200 214 203 207 208 201 210 194 211 188 210 182 208 178 204 188 202 193 202 199 202 211 203 200 205 194 205 188 205
137 170 138 186 142 201 148 214 158 226 169 235 182 242 196 244 210 241 222 234 232 224 240 212 245 198 247 183 248 168 248 152 148 142 155 135 165 134 175 136 185 140 202 140 211 136 221 133 231 134 238 141 194 148 194 157 194 167 194 177 182 184 187 186 194 188 200 186 205 183 160 150 167 149 173 149 180 151 173 152 166 152 207 151 214 148 220 148 226 150 221 151 214 152 173 204 181 200 188 198 193 199 199 198 206 200 213 204 207 210 200 213 194 214 188 213 181 210 177 205 188 201 194 202 199 201 210 204 200 207 194 208 188 207
137 174 139 189 142 204 148 218 157 229 168 238 181 243 195 245 209 242 222 236 233 228 241 216 246 202 248 187 248 172 249 157 148 141 156 135 165 134 175 136 184 141 202 140 211 136 221 133 231 134 238 140 194 147 194 157 194 167 194 177 182 183 188 186 194 188 200 186 205 184 160 150 166 148 173 148 180 152 173 152 166 152 207 151 214 148 220 148 227 150 221 151 214 152 173 205 181 200 188 198 193 199 199 198 206 200 213 204 206 210 200 214 194 215 188 214 181 211 177 205 188 201 193 202 199 201 210 204 200 208 194 209 188 209
137 173 138 189 142 204 148 218 157 229 168 238 181 243 196 245 210 242 222 236 233 227 241 215 246 201 248 186 248 171 249 156 148 141 156 135 166 134 176 136 185 140 201 140 211 136 221 133 231 133 238 140 194 147 194 157 194 167 194 177 182 184 187 187 194 188 200 187 205 184 159 150 166 147 173 148 180 151 173 152 166 152 207 151 214 147 221 147 227 149 221 151 214 151 173 205 181 200 188 198 193 199 199 198 206 200 213 204 206 211 200 214 194 216 188 215 181 211 177 205 188 201 193 202 199 201 210 204 200 208 194 210 188 209
137 174 139 190 142 205 148 218 157 229 168 238 181 243 196 245 210 242 222 235 233 227 241 215 246 202 248 186 249 172 249 157 149 141 156 135 166 134 176 136 185 140 202 140 211 136 221 133 231 134 239 140 194 147 194 157 194 167 194 177 182 184 188 186 194 188 200 186 205 184 160 150 166 147 174 147 180 151 173 152 166 152 207 151 214 147 221 146 227 149 221 151 215 151 173 205 181 200 188 198 193 199 199 197 207 200 214 204 207 211 200 214 194 215 188 215 181 212 177 205 188 201 193 201 199 201 210 204 200 209 194 210 188 209
137 174 139 189 142 204 148 218 157 230 168 238 181 244 196 245 210 242 222 236 233 227 241 214 245 200 247 185 248 170 249 155 148 142 155 135 165 134 176 136 185 140 201 140 211 136 221 133 231 133 238 139 194 147 194 157 194 167 194 177 182 183 188 186 194 188 200 186 205 183 160 150 166 147 173 147 180 151 173 152 166 152 207 151 214 146 221 146 227 149 221 151 215 151 173 205 181 200 188 197 193 199 199 197 207 199 214 203 207 211 201 215 194 216 188 216 181 212 177 205 188 201 193 201 199 200 210 204 200 209 194 210 188 210
137 174 139 189 143 205 149 218 157 230 169 239 181 245 196 247 210 244 222 237 233 228 241 215 246 201 248 186 248 171 249 156 148 141 156 134 165 133 175 135 184 140 202 140 211 135 221 133 231 133 238 139 194 147 194 156 194 166 194 176 182 183 188 186 194 188 200 186 205 183 160 149 166 146 173 147 179 151 173 152 166 152 208 150 214 146 221 146 227 149 222 151 215 151 173 205 180 200 188 197 193 199 200 197 207 199 214 204 208 212 201 217 194 218 188 217 180 214 177 205 188 201 194 201 200 200 210 204 200 211 194 212 188 211
137 174 139 190 142 206 148 220 156 233 168 242 180 248 195 251 210 247 222 240 233 230 241 218 245 203 247 188 248 172 248 157 148 141 155 134 165 133 175 135 184 139 202 139 211 135 221 133 231 134 238 139 194 147 194 156 194 166 194 176 182 183 188 186 194 188 200 186 205 183 160 149 166 146 173 146 180 151 173 151 166 151 207 150 214 146 221 145 227 148 221 150 214 151 173 206 180 200 188 197 194 198 200 197 208 199 214 205 208 215 201 220 194 221 188 221 180 216 176 206 188 201 194 201 200 200 211 205 201 213 194 215 188 214
137 175 139 190 143 206 148 220 157 233 168 242 181 249 196 251 211 248 224 240 234 230 241 217 246 203 248 187 248 172 249 157 148 140 156 134 165 133 175 135 184 139 202 139 211 135 221 133 230 133 238 138 194 146 194 156 194 165 194 175 182 182 188 185 194 187 200 185 205 182 160 149 166 145 173 146 179 150 173 151 166 151 207 150 214 145 221 145 227 148 221 150 214 150 173 206 180 200 187 197 193 198 200 196 207 199 214 205 208 216 201 221 194 223 188 222 180 217 176 206 188 200 193 201 200 200 211 205 200 215 194 216 188 215
137 175 139 190 143 206 149 220 157 232 168 242 181 249 196 251 210 248 223 240 233 230 241 217 245 203 247 188 248 173 248 158 149 141 156 134 166 133 176 135 185 139 202 139 211 135 221 133 230 133 238 139 194 146 194 156 194 165 194 175 182 183 187 186 194 187 200 185 205 183 160 149 166 145 173 146 180 150 173 151 166 151 207 150 214 145 221 145 227 148 221 150 214 151 173 206 180 200 187 197 193 198 199 197 207 199 214 205 208 217 201 222 194 223 187 223 179 218 176 207 188 200 193 201 199 200 210 205 200 216 194 217 188 216
137 175 139 191 142 206 148 220 156 233 167 243 180 249 196 252 211 248 223 241 234 230 241 217 246 203 247 187 248 173 249 158 148 140 156 134 166 133 176 135 185 139 202 139 212 135 221 132 231 133 238 139 194 146 194 156 194 165 194 175 182 183 188 186 194 188 199 186 204 183 160 149 166 145 173 146 179 150 173 151 166 151 207 150 214 145 221 145 227 148 221 150 215 150 173 206 179 200 187 197 193 199 199 197 207 200 213 205 208 216 200 221 193 222 187 222 179 217 176 206 187 201 193 201 199 201 210 205 200 215 193 216 187 215
137 173 138 189 141 204 147 218 156 231 167 240 180 247 195 249 210 246 223 239 234 229 241 216 245 202 247 187 248 172 248 158 149 140 156 134 166 133 175 135 185 139 202 139 211 135 221 133 230 133 238 139 194 147 194 156 194 165 194 175 182 184 188 186 193 188 199 186 204 183 160 149 166 146 173 146 179 151 173 151 166 151 207 150 214 145 221 145 227 148 221 151 214 151 173 206 181 202 188 200 193 201 199 199 206 202 212 205 207 214 200 218 194 219 188 218 181 215 177 207 188 204 193 205 199 204 209 206 200 211 194 212 188 212
137 174 138 190 142 205 148 218 157 230 168 239 181 245 195 246 210 244 222 237 234 228 241 216 245 201 247 186 248 172 248 157 149 140 156 134 166 133 175 135 184 139 203 139 212 135 221 133 230 133 238 138 194 147 194 156 194 166 194 176 183 184 188 187 193 189 199 187 203 184 160 150 166 146 173 146 179 151 173 152 166 152 207 150 214 146 220 146 226 149 221 151 214 151 175 207 182 204 188 202 193 203 198 201 205 203 212 206 205 212 199 214 194 215 188 215 182 212 179 207 188 206 193 206 198 205 208 207 199 208 194 209 188 209
137 168 139 183 143 199 150 212 160 224 170 233 182 241 195 243 208 240 220 233 230 223 239 212 244 198 247 183 248 168 248 153 148 139 156 134 165 133 175 135 185 139 202 139 211 135 221 132 231 133 238 139 194 147 194 157 194 166 194 176 183 184 188 186 193 188 199 187 204 184 160 149 166 146 173 146 179 151 173 152 166 152 207 150 213 146 220 146 227 148 221 151 214 151 174 206 181 203 188 201 193 203 198 201 204 203 212 206 205 212 198 215 193 216 188 215 181 212 178 206 188 205 193 206 198 205 208 206 198 208 193 208 188 208
137 172 138 187 141 203 147 216 156 228 168 236 180 242 195 244 209 242 222 236 233 227 241 215 245 201 247 186 248 172 249 157 148 140 156 133 166 133 175 135 184 139 202 138 212 135 221 132 231 133 238 138 194 146 194 156 194 165 194 175 183 184 188 186 193 188 199 186 204 184 160 149 166 146 173 146 179 150 173 151 166 151 207 150 214 146 221 146 227 149 221 151 214 151 174 205 181 203 187 201 192 202 198 200 205 203 212 206 205 211 199 213 193 214 188 213 181 211 178 206 187 205 193 205 198 205 208 206 199 207 193 208 188 207
136 172 138 187 141 202 147 216 156 227 167 236 179 242 194 244 208 242 221 235 232 227 240 215 244 201 246 186 248 171 248 156 148 139 156 134 166 133 176 135 184 139 202 139 211 135 221 132 230 132 238 138 193 146 193 156 193 165 193 175 182 184 187 186 193 188 199 186 204 184 159 149 166 146 173 146 179 151 173 151 165 151 207 150 213 146 221 146 227 148 221 151 214 151 173 205 181 202 187 200 193 201 198 200 205 202 212 205 206 211 199 214 193 215 187 214 181 211 177 205 187 204 193 205 198 204 209 205 199 207 193 208 188 207
137 172 138 188 141 203 147 216 156 227 167 236 180 242 194 244 208 241 221 236 232 227 240 215 245 202 247 186 248 171 249 156 148 140 155 134 165 133 175 135 184 139 202 139 211 135 221 133 231 133 239 139 194 147 194 156 194 166 194 176 182 184 187 186 193 188 199 186 204 184 160 149 166 146 173 147 180 151 173 152 166 152 207 150 214 146 221 146 227 149 221 151 214 151 173 205 181 202 187 200 193 201 198 200 206 202 213 205 206 211 199 214 193 215 188 214 181 211 177 205 187 204 193 205 199 204 210 205 199 207 193 208 188 207
136 172 138 187 141 202 146 215 155 227 166 236 179 241 194 243 209 241 221 235 233 226 240 215 245 201 247 186 248 171 248 156 149 140 156 134 166 133 175 135 184 139 202 139 212 135 221 133 231 133 238 138 194 147 194 157 194 166 194 176 182 184 188 187 193 189 199 187 204 184 160 150 166 147 173 147 179 151 173 152 165 152 207 151 213 147 220 146 226 149 221 152 214 152 173 205 180 202 187 200 193 202 199 200 206 202 214 204 206 210 199 213 193 214 187 213 181 210 176 205 187 205 193 206 199 205 210 205 199 206 193 207 188 207
136 172 138 187 141 202 147 216 156 227 167 236 180 241 195 243 209 241 222 235 233 226 240 214 245 201 247 185 248 171 248 156 148 140 156 135 165 134 175 136 184 140 202 140 211 136 221 133 230 133 238 139 194 147 194 157 194 167 194 177 182 185 188 187 193 189 199 187 204 185 159 150 166 147 173 147 179 152 173 153 166 153 207 151 213 147 220 147 227 149 221 152 214 152 173 204 181 202 187 200 193 202 198 200 206 202 214 204 206 210 199 212 193 213 188 212 181 210 177 205 187 205 193 206 199 205 210 205 199 206 193 207 188 206
137 172 138 188 141 203 147 216 156 228 167 236 180 242 195 244 209 241 222 236 233 227 241 215 245 201 247 186 248 172 248 157 149 140 156 134 166 134 175 136 184 140 202 140 211 136 220 133 230 133 237 139 193 147 193 157 194 167 194 177 182 185 188 187 193 189 199 187 204 185 159 150 166 147 173 148 179 152 173 153 166 153 207 151 213 147 220 147 226 149 221 152 214 152 173 204 181 202 187 200 193 202 199 200 206 202 214 204 206 209 199 212 193 213 188 212 181 209 176 205 187 205 193 205 199 205 211 205 199 206 193 207 188 206
137 174 138 189 142 203 148 217 157 228 168 236 181 241 195 243 209 241 222 235 233 227 241 216 245 202 247 187 248 172 248 157 148 140 156 135 165 134 175 136 184 140 201 140 211 136 220 133 230 133 237 139 193 147 194 157 194 167 194 177 182 185 188 187 194 189 199 187 204 184 159 150 166 148 173 148 179 152 173 153 166 153 207 151 213 147 220 147 226 149 221 152 214 152 173 204 181 202 188 200 193 202 199 200 206 202 214 204 207 209 200 211 194 212 188 211 181 209 176 205 188 205 193 205 199 204 211 204 199 206 194 206 188 206
137 173 138 188 141 203 147 216 156 228 167 236 180 241 195 243 209 241 222 235 233 227 241 215 246 201 248 186 248 172 248 157 148 140 156 135 166 134 175 136 184 141 202 140 211 136 221 133 230 133 238 139 194 147 194 157 194 167 194 177 183 185 188 187 194 189 199 187 204 185 160 150 166 147 173 148 179 152 173 152 166 152 207 151 213 147 220 147 226 149 221 152 214 152 173 204 181 201 187 200 193 202 199 200 206 202 214 204 206 209 199 211 193 212 188 211 181 209 176 204 188 204 193 205 199 204 211 204 199 205 193 206 188 205
137 173 138 188 141 203 147 216 156 227 168 235 181 240 195 242 209 240 222 235 233 226 241 215 246 201 248 187 248 172 248 157 148 140 156 135 165 134 175 136 184 140 202 140 211 136 221 133 230 133 238 139 194 148 194 157 194 167 194 177 182 185 188 187 194 189 199 187 204 185 159 150 166 147 173 148 180 152 173 153 165 153 207 151 214 147 221 147 227 149 222 152 214 153 173 204 181 201 187 200 193 202 199 200 206 202 214 204 206 209 200 211 193 212 188 211 181 208 176 204 188 204 193 205 199 204 211 204 199 206 193 206 188 205
137 173 138 188 141 203 147 217 156 228 167 236 181 241 195 243 209 241 222 235 234 227 241 215 246 201 248 186 249 172 249 157 148 140 156 135 166 134 175 136 184 140 202 140 212 136 221 133 231 133 239 139 194 148 194 157 194 167 194 177 183 185 188 187 194 189 199 187 204 185 159 150 166 147 173 148 180 152 173 153 166 153 207 151 214 147 221 147 227 149 222 152 215 153 173 204 181 201 187 200 193 202 199 200 206 202 214 204 206 209 200 211 193 212 188 211 181 209 176 204 187 204 193 205 199 204 211 204 199 205 193 206 188 205
137 172 138 187 141 203 147 216 156 228 167 236 180 241 195 243 210 240 223 235 234 227 241 215 245 201 247 186 248 171 249 156 148 140 156 135 166 134 175 136 184 141 202 140 211 136 221 133 231 133 238 139 194 147 194 157 194 167 194 177 183 185 188 187 194 189 199 187 204 185 160 150 166 147 173 147 180 152 173 153 166 152 207 151 214 147 221 147 227 149 221 152 214 152 173 204 181 201 188 200 193 201 199 200 206 202 214 204 207 209 200 211 194 212 188 211 181 209 177 204 188 204 193 205 199 204 211 204 199 205 194 206 188 205
137 172 139 187 141 202 147 216 156 227 167 235 180 240 194 243 208 241 221 235 233 227 241 215 245 202 247 186 248 171 249 156 148 140 156 135 166 134 175 136 184 141 202 141 211 136 220 133 230 133 238 139 194 148 194 157 194 167 194 177 182 185 188 187 194 189 199 187 204 185 160 150 166 148 173 148 179 152 173 153 166 153 207 151 213 147 220 147 227 149 221 152 214 152 173 204 181 201 187 200 193 201 199 200 206 201 214 204 206 209 200 211 194 212 188 211 181 209 177 204 187 204 193 205 199 204 211 204 199 205 194 206 188 205
137 173 138 188 141 203 147 216 156 227 168 235 181 241 195 243 209 240 222 235 233 227 241 215 246 202 248 187 248 172 249 157 149 141 156 135 166 134 175 136 184 140 202 140 211 136 221 133 231 133 238 139 194 148 194 157 194 167 194 177 183 185 188 187 194 189 199 187 204 185 160 150 166 148 173 148 180 152 173 153 166 153 207 151 214 147 221 147 227 149 221 152 214 152 173 204 181 202 188 200 193 202 199 200 206 202 214 204 206 209 200 211 194 212 188 211 181 209 177 205 188 204 193 205 199 204 211 204 199 206 194 206 188 206
137 170 138 185 141 200 146 214 155 225 167 234 180 240 194 242 209 240 221 234 233 224 241 212 245 199 247 183 248 168 249 153 148 141 156 135 165 134 175 136 184 140 203 140 212 136 221 134 231 134 238 139 194 148 194 158 194 167 194 177 183 185 188 187 194 189 200 187 204 185 160 150 166 147 173 148 180 152 173 153 166 153 207 151 214 147 221 147 227 150 221 152 214 153 174 204 181 202 188 201 194 202 199 200 206 202 214 204 206 209 200 212 194 212 188 212 181 209 177 205 188 205 194 206 199 205 211 205 199 206 194 206 188 206
137 170 138 186 141 201 147 214 155 226 167 234 180 240 195 242 209 240 222 234 233 225 241 214 245 200 247 185 248 170 249 154 148 141 156 135 166 134 175 137 184 141 203 141 212 137 222 134 232 134 239 140 194 148 194 158 195 168 195 178 183 185 188 187 194 189 200 187 205 185 160 151 166 148 174 148 180 152 173 153 166 153 208 152 214 148 221 147 227 150 222 153 215 153 173 205 181 202 188 201 194 202 199 201 206 202 214 205 206 209 200 212 194 212 188 212 181 210 177 205 188 205 194 206 199 205 211 205 200 206 194 207 188 206
137 171 138 186 141 201 147 214 156 225 167 234 180 240 195 242 209 240 221 234 233 225 241 213 245 200 247 185 248 170 249 154 148 141 156 135 166 135 175 137 184 141 203 141 212 137 221 134 231 134 238 140 194 149 194 158 194 168 195 178 183 185 188 187 194 189 200 188 205 185 160 151 166 148 173 148 180 153 173 154 166 153 207 152 214 148 221 148 227 150 221 153 214 153 173 205 181 202 188 201 194 202 199 201 206 202 214 205 206 210 200 212 194 213 188 212 181 210 177 205 188 205 194 206 199 205 211 205 200 206 194 207 188 206
137 171 139 186 141 201 147 214 156 226 167 234 180 240 195 243 210 240 222 234 233 225 241 213 245 199 247 184 248 169 249 153 149 141 156 135 166 135 175 137 184 141 203 141 211 137 221 134 231 134 238 140 194 149 194 158 194 168 195 178 183 185 188 187 194 189 200 188 205 185 160 151 166 148 173 148 180 152 173 153 166 153 207 152 214 148 221 148 227 150 221 153 214 153 173 205 181 202 188 201 193 202 199 201 206 202 214 205 206 210 200 212 194 213 188 212 181 210 177 205 188 205 194 206 199 205 211 205 199 206 194 207 188 206
137 170 138 185 141 201 146 214 155 226 167 235 180 241 195 243 209 241 221 234 233 225 241 213 245 200 247 184 249 169 249 154 148 141 156 136 165 135 175 137 184 141 202 141 211 137 221 134 231 134 238 140 194 149 194 159 194 168 194 178 183 186 188 188 194 189 200 188 204 186 160 151 166 148 173 149 180 153 173 154 166 154 207 152 214 148 221 148 227 150 221 153 214 153 173 205 181 203 188 201 193 202 199 201 206 203 214 205 206 210 200 212 194 213 188 212 181 210 177 206 188 205 193 206 199 205 211 205 199 206 194 207 188 207
137 170 138 185 141 201 146 214 155 226 167 234 180 241 195 243 209 241 222 234 233 225 241 214 246 200 247 185 248 169 249 154 148 142 156 136 165 135 175 137 184 141 202 141 211 137 221 135 231 135 238 141 194 149 194 158 194 168 194 178 183 186 188 188 194 189 200 188 205 186 160 151 166 148 173 149 179 153 173 154 166 154 207 152 214 148 220 148 227 150 221 153 214 153 173 205 181 203 188 201 193 202 199 201 206 203 214 205 206 210 200 212 194 213 188 212 181 210 177 206 188 205 193 206 199 205 211 205 199 206 194 207 188 206
137 170 138 185 141 200 146 214 156 225 167 234 180 241 195 243 209 241 221 234 233 225 241 213 245 199 247 184 248 168 249 153 148 141 156 136 165 135 175 137 184 141 202 141 211 137 221 134 231 134 238 140 194 149 194 159 194 168 194 178 183 186 188 188 194 189 199 188 204 186 160 151 166 148 173 149 179 153 173 154 166 154 207 152 214 148 220 148 227 150 221 153 214 153 173 205 181 203 188 201 193 203 199 201 206 203 214 205 206 210 200 213 194 213 188 213 181 210 177 206 188 205 193 206 199 205 211 205 199 207 194 207 188 207
