142 161 142 177 145 193 150 207 160 218 173 226 187 233 202 235 217 232 231 224 243 215 251 203 255 190 256 174 257 159 257 144 155 128 163 122 173 121 182 124 191 128 210 129 219 124 229 122 239 122 246 128 201 137 201 147 202 157 202 167 190 175 196 178 201 179 207 178 212 175 166 138 172 135 180 135 186 141 179 142 172 142 215 140 222 135 229 134 236 138 230 141 222 141 182 198 189 195 196 193 201 194 206 192 214 194 222 196 214 201 207 204 202 205 196 204 189 203 185 198 196 197 201 198 206 197 218 197 207 198 202 199 196 199
141 163 142 179 144 195 150 209 159 221 172 230 186 236 202 238 218 235 231 227 242 218 250 206 254 191 255 176 256 160 256 145 154 128 162 123 172 122 182 124 191 128 209 129 218 124 228 122 238 123 246 129 201 137 201 147 201 157 201 167 190 176 195 178 201 180 207 178 212 175 166 139 172 135 179 135 186 141 179 142 171 142 215 140 221 135 229 134 235 138 229 141 222 141 181 199 188 195 195 193 201 194 206 192 213 194 220 198 214 202 207 204 202 205 196 205 189 204 185 199 195 198 201 198 206 197 217 198 207 198 201 199 196 199
141 163 142 179 145 195 150 209 159 221 172 230 186 236 202 238 218 235 231 227 243 218 250 205 254 191 255 175 256 160 256 145 154 129 162 123 172 122 181 124 191 128 210 129 218 124 228 122 238 122 245 129 200 136 201 146 201 157 201 167 189 175 195 178 201 180 207 178 212 175 165 139 172 135 179 135 186 141 179 142 171 142 215 140 221 135 229 134 235 138 229 141 222 141 181 199 188 194 195 192 201 194 206 192 213 194 220 198 214 203 207 205 201 206 195 205 188 204 184 199 195 197 201 198 206 197 217 198 207 198 201 199 195 199
141 162 142 178 144 194 149 209 158 221 171 230 185 237 200 240 216 236 230 228 242 218 250 205 253 191 255 175 256 160 256 144 154 128 162 122 172 121 182 123 191 128 209 128 218 124 228 121 238 122 245 128 200 136 201 146 201 156 201 167 189 175 194 177 200 179 206 177 212 174 165 138 172 134 179 134 185 140 178 141 171 141 215 140 221 134 229 134 235 137 229 140 222 141 181 199 187 193 194 190 200 192 206 190 213 193 219 198 214 206 207 210 201 211 194 210 187 207 184 199 194 195 200 196 206 195 216 198 206 203 200 204 194 203
140 163 142 179 144 195 149 210 158 222 171 231 185 238 200 240 216 237 230 229 242 219 249 206 253 192 254 176 255 161 256 145 153 127 161 121 171 120 182 122 191 126 208 127 217 122 228 120 238 121 245 127 200 135 200 145 200 155 200 165 189 174 194 176 200 178 206 176 211 173 165 137 171 133 179 133 185 139 178 140 171 140 214 139 221 133 228 133 234 137 229 139 221 140 180 199 186 193 194 189 200 191 206 189 213 192 219 198 214 207 207 211 200 213 194 212 186 208 183 199 194 195 200 195 206 194 216 198 206 204 200 205 194 204
140 162 141 178 144 195 149 209 157 222 170 231 184 238 200 240 216 236 230 229 242 218 250 205 254 191 255 175 255 160 256 144 154 126 161 120 171 119 181 122 190 126 209 126 218 122 227 119 237 120 244 126 200 134 200 144 200 154 200 164 189 173 194 175 200 177 206 175 211 172 165 137 171 133 178 133 185 139 178 140 170 140 214 138 221 133 228 132 234 136 229 139 221 139 180 199 186 192 194 189 200 190 206 188 213 191 219 197 214 206 207 211 200 212 194 211 186 207 184 199 194 194 200 195 206 194 216 197 206 203 200 204 194 204
140 161 141 177 143 193 148 208 157 221 170 230 184 236 200 239 216 235 229 228 242 218 249 206 253 191 255 176 256 160 256 144 153 127 161 120 171 119 181 122 190 126 209 126 218 122 228 120 238 121 245 127 200 135 200 144 200 154 200 165 188 173 194 175 199 177 205 175 211 172 165 137 171 133 178 133 184 138 178 139 170 139 214 138 220 133 228 133 234 136 228 139 221 139 179 198 186 192 193 189 200 190 206 188 213 191 220 196 214 205 207 209 200 210 193 210 186 206 183 198 194 194 200 194 206 194 216 196 206 202 200 203 194 203
140 161 141 178 143 194 149 208 158 221 170 229 184 236 199 238 215 235 229 228 241 218 249 205 253 191 254 175 255 160 256 144 153 127 160 121 170 120 180 123 189 127 208 128 217 123 226 121 236 121 243 127 199 136 199 146 199 156 199 166 187 174 193 177 199 178 205 176 210 173 164 138 170 134 178 134 184 140 177 141 170 140 213 139 220 134 227 133 233 137 228 140 220 140 178 198 185 193 193 190 199 191 205 190 212 192 219 196 213 205 206 209 199 210 193 210 185 207 182 198 193 195 199 195 205 194 216 197 205 202 199 203 193 203
139 162 140 178 143 194 148 209 158 221 170 230 183 237 199 239 214 236 227 228 240 219 248 206 252 192 254 177 255 161 255 145 152 129 160 123 170 122 179 124 188 129 207 129 216 124 226 122 236 122 243 128 198 137 198 147 198 158 198 168 187 176 192 178 198 180 204 178 210 175 163 139 170 135 177 135 184 141 176 142 169 142 213 140 219 135 227 134 233 138 227 141 220 141 177 198 184 194 192 191 198 193 204 191 211 193 219 197 212 206 205 210 198 211 192 211 184 207 180 199 192 196 198 196 204 195 215 197 204 203 198 204 192 204
139 162 140 178 142 194 148 209 158 221 170 230 184 237 199 239 213 236 226 227 238 217 247 205 251 191 253 175 254 160 255 145 151 131 159 125 169 124 179 126 188 131 207 130 216 126 226 123 236 124 243 130 198 139 198 149 198 160 198 170 186 177 191 180 198 182 204 179 209 177 163 141 169 137 177 137 183 143 176 144 169 143 212 142 219 137 226 136 232 140 226 143 219 143 176 199 183 195 192 193 197 194 203 192 211 194 218 197 211 206 204 210 197 212 191 211 183 207 179 199 192 197 197 197 203 196 215 198 203 204 197 205 192 205
138 163 139 180 142 195 148 209 158 221 170 230 183 237 198 239 212 236 225 227 237 218 246 206 251 192 253 176 254 161 254 145 150 132 158 126 168 125 178 128 188 132 206 132 215 128 225 125 235 126 242 131 197 141 197 151 198 161 198 171 185 178 191 181 197 183 203 181 209 178 162 142 169 138 176 138 182 144 175 145 168 144 211 143 218 138 225 137 231 141 226 144 219 144 175 199 183 195 191 193 196 195 202 193 210 194 217 198 211 206 203 210 197 211 191 211 182 207 178 199 191 197 197 198 203 197 214 198 203 204 197 205 191 204
138 164 139 180 142 195 148 209 157 222 169 231 182 238 197 240 212 237 225 229 237 219 246 207 251 193 253 177 254 162 254 146 150 133 158 127 168 127 178 129 187 133 206 133 215 129 224 126 234 127 242 132 196 142 197 152 197 162 197 173 185 179 190 182 197 184 203 182 208 179 161 143 168 139 175 139 182 145 175 146 167 145 211 144 218 139 225 138 232 142 226 145 218 145 174 199 182 196 190 194 196 195 202 194 210 195 217 198 210 207 202 211 196 212 190 211 181 207 177 199 190 197 196 198 202 197 214 199 202 205 196 206 190 205
138 165 139 181 141 196 147 210 156 222 168 232 181 239 196 241 211 238 225 230 236 220 245 208 250 194 252 178 253 163 254 147 149 135 157 128 167 128 177 130 187 134 205 134 214 130 224 127 234 128 242 133 196 142 196 153 197 164 197 175 184 180 190 183 196 185 203 183 208 180 161 143 168 140 175 140 181 146 174 146 167 146 211 145 217 140 224 139 231 142 225 145 218 146 173 199 181 196 189 195 195 196 202 194 209 196 217 199 210 208 202 212 195 213 189 213 181 208 176 200 189 198 195 199 202 198 214 200 201 206 195 207 189 206
138 166 139 183 142 199 147 213 156 226 168 236 181 243 197 245 212 242 225 234 237 224 245 211 250 196 252 181 253 165 254 148 149 134 156 128 167 128 177 130 186 134 205 135 214 130 224 127 234 128 242 134 196 143 196 153 196 164 197 174 184 180 190 183 196 185 202 183 208 181 161 143 167 140 175 140 181 146 174 147 167 146 210 145 217 140 224 139 231 143 225 146 218 146 173 202 181 197 189 195 195 197 201 195 209 197 216 201 210 211 202 216 195 217 189 216 180 212 176 202 189 199 195 199 201 199 213 202 201 209 195 210 189 210
138 166 139 183 142 198 147 213 157 226 168 236 181 243 196 245 212 242 225 234 236 223 245 211 250 196 252 180 253 164 254 148 149 135 156 129 166 128 176 131 186 135 204 135 214 131 223 128 233 129 241 134 195 143 195 154 196 164 196 175 184 181 189 184 195 186 202 184 207 181 160 144 167 140 175 141 181 146 174 147 166 147 210 146 216 140 224 140 230 143 225 146 217 147 173 202 180 198 189 196 195 197 201 196 209 198 216 202 209 212 202 217 195 218 188 217 180 212 176 203 189 199 195 200 201 199 213 203 201 210 195 211 188 210
137 167 139 183 142 198 146 212 154 225 166 234 179 241 194 244 210 241 224 233 236 224 245 211 250 197 252 181 253 165 254 149 150 135 157 129 167 129 177 131 185 135 204 135 213 131 223 128 233 129 241 134 195 143 195 154 195 164 196 175 183 181 189 184 195 186 201 184 207 181 161 144 167 140 174 141 181 146 174 147 167 147 210 145 217 140 224 140 230 143 225 146 217 146 174 202 181 198 189 196 194 198 201 196 208 198 215 203 208 211 201 214 194 215 188 214 181 211 178 203 189 200 194 200 201 200 212 203 201 208 194 209 188 209
137 165 139 181 141 197 146 211 154 223 166 232 179 238 195 241 211 238 225 231 238 222 246 209 250 195 252 179 253 163 254 148 149 134 157 128 167 128 177 131 186 135 204 135 214 130 223 128 233 128 242 133 195 142 195 153 195 164 195 175 184 181 189 184 195 186 201 184 206 181 161 143 167 140 174 140 180 145 174 146 167 146 210 145 217 140 224 140 230 143 225 146 217 146 176 203 183 200 190 198 195 200 200 198 208 200 214 203 208 209 201 212 194 213 189 212 182 209 179 203 190 202 195 203 200 202 211 203 200 205 195 206 189 206
138 166 139 182 141 197 146 211 154 224 167 232 180 239 195 241 211 238 225 232 237 222 245 210 250 196 252 180 253 164 253 149 149 133 157 127 167 127 177 130 185 134 204 134 213 129 223 126 233 127 241 132 195 141 195 152 195 162 195 173 184 181 190 184 195 186 201 184 205 181 160 143 167 139 174 139 180 145 174 146 166 146 210 144 216 139 224 139 230 142 225 145 217 146 177 204 184 202 190 200 194 201 200 200 207 202 213 204 207 209 200 212 195 213 190 212 184 209 181 204 190 204 195 205 200 204 210 204 200 206 195 206 190 206
138 165 139 181 142 197 147 212 155 224 167 233 180 239 196 241 211 239 225 232 238 223 246 211 250 196 252 180 253 164 254 148 149 132 157 126 167 126 176 129 185 133 204 133 213 129 223 126 233 126 241 132 195 141 195 152 195 162 195 173 185 181 190 184 195 185 200 184 205 181 160 142 167 138 174 139 180 144 174 145 166 145 210 144 216 138 224 138 230 141 225 145 217 145 179 205 184 202 190 200 194 201 199 200 206 202 212 205 207 210 200 212 195 213 190 213 184 210 182 205 190 205 194 205 200 205 209 205 200 206 195 207 190 206
138 166 139 183 142 199 147 213 155 226 167 235 181 241 196 243 212 240 226 234 238 224 246 212 251 197 252 180 253 164 254 148 149 131 157 126 167 126 176 128 185 132 204 132 213 128 223 126 233 126 241 131 195 140 195 151 195 161 195 172 185 181 190 183 195 185 200 183 205 181 160 142 167 138 174 138 180 144 174 145 166 145 210 143 216 138 224 138 230 141 225 144 217 144 179 206 184 202 190 199 194 201 199 199 206 202 212 206 206 211 200 213 195 214 190 214 184 211 182 206 190 205 194 205 200 204 209 205 200 206 195 207 190 207
138 163 139 179 142 196 147 211 156 223 168 233 181 241 196 243 212 241 226 233 238 223 247 210 251 194 253 178 254 162 254 146 149 132 156 126 167 125 176 128 185 132 204 132 214 128 224 125 234 126 242 132 195 140 195 151 195 161 195 172 184 179 189 182 195 184 201 182 206 180 161 141 167 138 174 138 180 143 174 144 166 144 210 143 217 138 224 137 230 141 225 144 217 144 179 204 184 200 190 197 194 198 199 197 206 200 212 204 207 212 201 216 195 216 190 216 184 212 182 204 190 202 194 202 200 201 209 204 200 208 195 209 190 208
138 163 139 179 141 195 146 210 155 222 167 233 180 241 195 243 211 240 224 232 236 222 245 209 250 194 252 178 253 162 254 146 149 132 157 126 167 125 177 128 186 132 204 132 214 128 224 125 233 126 241 131 195 140 195 150 195 161 195 171 183 179 189 181 195 183 201 182 206 179 161 141 167 137 174 138 181 143 174 144 166 144 210 143 216 138 224 137 230 141 225 144 217 144 176 203 181 197 189 195 194 196 200 195 207 198 213 203 208 212 201 216 194 217 188 216 181 212 179 203 189 200 194 201 200 200 210 203 200 208 194 209 189 208
138 163 139 179 141 195 146 209 155 222 167 232 180 239 196 242 211 239 225 231 237 220 246 208 250 194 252 178 253 162 254 147 149 132 157 126 167 125 177 128 186 132 205 132 214 128 224 125 234 126 242 131 196 140 196 150 195 161 195 171 183 178 189 181 195 183 201 181 207 178 161 141 167 137 175 137 181 143 174 144 167 144 210 143 217 138 224 137 231 141 225 144 218 144 175 201 181 196 189 194 194 195 200 194 208 196 215 202 209 210 201 215 195 216 188 215 181 211 178 202 189 198 195 199 201 198 211 202 201 208 195 209 189 208
138 162 139 178 141 194 146 208 155 221 167 230 180 237 195 240 210 237 223 230 235 220 245 208 250 194 252 178 253 163 254 147 150 132 158 126 168 125 178 127 187 132 205 132 214 127 224 125 234 126 242 132 196 140 196 150 196 161 195 171 183 178 189 181 195 183 201 181 207 178 161 141 168 137 175 137 181 143 174 144 167 143 211 143 217 138 224 137 231 141 225 144 218 144 174 200 181 195 189 193 195 194 200 193 208 195 215 200 208 208 201 213 194 214 188 213 181 209 178 200 189 197 195 197 200 197 211 200 200 206 194 207 189 207
138 161 139 177 141 193 146 207 155 220 167 229 180 236 195 239 211 237 224 229 236 219 245 207 250 193 252 177 254 161 254 145 149 131 157 125 167 124 177 127 187 131 205 131 214 127 224 124 234 125 242 131 196 140 196 150 196 160 196 171 184 177 189 180 195 182 202 180 207 177 161 140 167 136 175 137 181 142 174 143 167 143 211 142 217 137 224 136 231 140 225 143 218 143 175 199 181 195 189 192 195 194 201 192 208 195 215 199 208 207 201 212 195 213 189 212 181 208 178 199 189 196 195 196 201 196 211 199 201 205 195 206 189 206
138 161 139 177 142 192 147 206 156 218 168 228 181 235 195 238 211 235 224 228 236 218 245 206 250 192 252 176 254 160 255 145 150 130 158 124 168 123 178 126 187 130 205 130 214 126 224 124 234 124 242 130 196 139 196 149 196 159 196 169 184 176 189 179 195 181 202 179 207 176 161 139 168 135 175 136 181 142 174 142 167 142 211 142 217 136 225 136 231 139 225 142 218 142 175 198 182 194 189 192 195 193 200 192 208 194 214 198 208 206 201 210 194 211 189 210 182 206 179 198 189 195 195 196 200 195 211 199 200 204 195 204 189 204
139 159 139 175 141 190 146 204 155 216 167 226 180 233 195 236 210 233 224 226 236 216 245 205 250 191 252 175 253 160 254 144 150 129 157 123 167 123 177 125 186 130 205 130 215 125 225 123 235 124 242 130 196 138 196 148 196 158 196 169 184 176 190 178 195 180 201 178 206 176 161 138 168 135 175 135 181 141 174 142 167 142 211 141 217 136 225 135 231 139 225 142 218 142 176 197 183 195 190 193 195 195 200 193 207 195 214 198 207 203 200 206 195 206 190 206 183 203 180 198 190 198 195 199 200 198 211 198 200 199 195 200 190 199
138 161 139 176 141 191 146 205 155 217 167 226 180 233 196 235 211 233 225 226 237 217 246 205 250 191 252 175 254 160 254 145 150 129 157 123 167 123 177 125 186 129 205 130 214 125 224 123 234 124 242 130 196 137 196 148 196 158 196 168 184 176 190 178 195 180 201 178 206 176 161 138 167 135 175 135 181 141 174 142 167 141 211 141 217 135 224 135 231 139 225 142 218 142 176 197 184 195 190 194 195 195 200 194 207 196 215 198 208 203 201 205 195 205 190 204 183 202 180 198 190 198 195 199 200 198 212 198 200 198 195 199 190 198
139 160 140 176 142 192 147 206 155 218 167 227 181 234 196 237 212 234 226 227 238 218 247 206 251 191 253 176 254 160 255 144 150 129 157 123 167 122 177 125 186 129 205 129 214 125 225 123 235 124 242 130 196 138 196 148 196 158 196 168 185 176 190 178 196 180 202 179 207 176 161 139 168 135 175 135 181 141 175 142 167 142 211 141 217 135 225 135 231 139 225 142 218 142 176 198 183 195 190 193 195 195 201 193 208 195 215 199 208 204 201 207 195 208 190 207 183 204 180 199 190 198 195 199 201 198 212 199 201 200 195 200 190 200
139 160 140 176 142 191 148 206 157 218 168 228 181 236 196 238 211 236 224 228 236 218 245 206 250 192 252 176 254 160 254 145 150 130 158 124 168 123 177 126 186 130 205 130 215 126 225 124 235 125 242 131 196 138 196 149 196 159 195 170 184 176 189 179 195 181 201 180 207 177 162 139 168 135 175 136 181 142 175 142 167 142 211 142 217 136 225 136 231 139 225 142 218 142 176 199 182 195 190 193 195 194 201 193 208 195 215 199 208 207 201 210 195 211 189 210 182 206 179 199 189 197 195 198 201 197 211 199 201 204 195 204 189 203
139 160 140 176 142 192 148 206 157 219 168 229 181 237 196 239 211 236 224 229 236 218 245 206 250 192 252 176 254 160 255 145 150 131 157 125 168 124 178 127 187 131 205 131 214 127 225 124 235 125 242 132 196 139 196 149 196 160 196 170 184 177 189 180 195 182 201 180 207 177 162 140 168 136 175 136 181 142 175 143 167 143 211 142 217 137 225 136 231 140 225 143 218 143 175 199 182 195 189 193 195 194 200 193 208 195 215 200 208 208 201 212 195 213 189 212 181 208 179 199 189 196 195 197 201 197 211 200 201 205 195 206 189 205
139 161 140 177 143 192 148 206 158 219 169 229 182 236 196 238 211 235 224 228 236 218 245 206 250 192 252 176 254 160 254 145 150 131 158 125 168 125 177 127 187 131 205 131 214 127 224 125 234 126 242 132 196 140 196 150 196 160 196 171 183 177 189 180 195 182 202 180 207 178 161 140 168 136 175 137 181 143 175 143 167 143 211 143 217 137 224 137 231 141 225 143 218 144 175 199 182 195 189 193 195 195 200 193 208 195 215 200 208 208 201 212 195 213 189 212 182 208 179 200 189 197 195 197 200 197 211 200 201 205 195 206 189 205
139 161 140 177 143 192 148 207 157 219 169 228 181 236 196 238 211 236 225 228 237 219 246 207 251 193 253 177 254 161 255 146 150 131 158 125 168 125 177 128 186 132 205 132 215 128 225 125 235 126 242 132 196 140 196 150 195 161 195 172 184 178 189 181 195 183 201 181 207 178 161 141 168 137 175 137 181 143 175 144 167 143 211 143 217 137 225 137 231 141 225 144 218 144 176 200 183 196 189 194 195 196 200 194 208 197 215 200 208 207 201 211 195 212 189 211 182 207 179 200 189 198 195 199 200 198 211 200 201 204 195 205 189 204
139 161 140 177 143 192 148 207 157 219 169 228 181 236 196 238 211 236 225 228 237 219 246 207 251 193 254 177 255 161 255 146 150 131 158 125 168 125 177 128 186 132 205 132 214 128 224 125 234 126 242 131 196 140 195 150 195 161 195 171 184 178 189 181 195 183 201 182 206 179 161 141 168 137 175 137 181 143 175 144 167 144 211 143 217 137 225 137 231 141 225 144 218 144 177 201 184 198 190 196 195 197 200 196 207 198 214 201 208 208 201 211 195 211 190 211 183 207 180 201 190 200 195 201 200 200 211 201 200 204 195 204 190 204
139 161 140 177 143 193 147 208 156 220 169 228 181 236 196 238 211 235 225 228 237 219 246 207 251 193 253 177 254 162 255 146 150 131 157 125 167 125 177 128 186 132 204 132 214 128 224 125 234 126 242 131 195 140 195 151 195 161 195 172 184 179 189 182 195 184 201 182 206 179 161 141 167 137 175 137 181 143 174 144 167 144 211 143 217 137 224 137 231 141 225 144 218 144 177 201 184 198 190 197 195 198 200 197 207 199 215 202 208 207 201 210 195 210 190 210 183 207 181 201 190 201 195 201 200 201 211 202 200 203 195 204 190 203
138 160 139 176 142 192 147 206 156 218 168 228 181 235 195 237 211 235 224 228 236 218 245 206 250 192 253 177 254 161 255 145 150 130 157 125 168 124 177 127 186 132 205 131 214 127 224 125 235 125 242 131 196 140 195 150 195 161 195 171 184 179 189 181 195 183 201 181 206 179 161 140 168 136 175 137 181 143 174 143 167 143 211 143 217 137 224 137 231 140 225 143 218 144 177 200 183 198 190 196 195 198 200 196 207 198 214 201 207 206 200 209 195 210 189 209 183 206 180 201 190 201 195 201 200 201 211 201 200 202 195 203 190 202
138 162 139 177 141 192 146 207 155 218 167 227 180 234 195 237 210 234 224 227 236 219 245 207 250 193 253 177 254 162 255 146 149 130 157 125 167 124 177 127 186 131 204 131 214 127 224 124 234 125 242 131 196 140 195 150 195 160 195 171 184 178 189 181 195 183 201 181 206 178 161 140 168 136 175 137 181 143 174 143 167 143 210 142 217 137 224 136 230 140 225 143 217 143 176 200 182 197 189 196 194 197 200 196 207 198 214 200 207 206 200 208 194 209 189 208 182 205 179 200 189 200 194 201 200 200 210 200 200 201 194 202 189 201
138 160 139 176 141 191 145 205 154 217 166 226 179 233 193 236 209 234 222 227 235 218 244 206 250 192 252 177 253 161 255 145 149 131 157 125 167 124 177 127 186 131 204 131 214 127 224 124 234 125 242 131 195 139 195 150 195 160 195 171 183 177 188 180 194 182 200 180 206 178 161 140 168 136 175 136 181 142 174 143 167 143 210 142 217 137 224 136 230 140 225 143 217 143 175 198 182 196 189 194 194 195 199 194 207 196 214 199 207 205 200 208 193 209 188 208 181 205 178 199 188 198 194 199 199 198 210 199 199 201 194 202 188 201
138 160 139 176 141 191 145 205 154 217 166 227 179 234 193 237 209 234 222 227 235 218 244 206 249 192 252 177 253 161 254 145 149 131 157 124 167 124 177 126 186 131 204 131 213 127 223 124 234 125 241 131 195 139 195 150 195 160 194 171 182 176 188 179 194 182 201 180 206 177 161 139 167 136 175 136 181 142 174 142 167 142 210 142 216 137 224 136 230 140 224 143 217 143 174 197 181 193 188 191 194 193 200 191 207 194 214 198 207 205 200 209 193 210 187 209 180 205 178 198 188 195 194 196 200 195 211 198 200 202 193 203 187 202
138 160 139 176 141 192 146 206 155 218 167 228 180 235 195 237 210 235 223 228 235 218 245 206 250 192 252 176 253 160 254 145 149 131 157 124 167 124 177 127 186 131 204 131 213 127 223 124 234 125 241 131 195 139 195 149 195 160 195 170 182 176 188 179 194 181 201 179 206 177 161 139 167 136 174 136 181 142 174 143 166 142 210 142 216 136 224 136 230 140 224 143 217 143 173 197 180 192 187 190 193 192 199 191 207 193 214 198 207 206 199 210 193 210 187 210 179 205 176 197 187 194 193 195 199 194 211 198 199 203 193 204 187 203
138 161 139 177 141 193 146 207 154 220 165 230 178 237 194 240 210 237 224 230 236 221 245 208 250 194 252 178 253 162 254 147 149 130 157 124 167 124 177 126 186 131 204 131 213 127 223 124 233 125 241 131 195 139 195 149 194 160 194 170 182 176 188 179 194 182 200 179 206 177 160 139 167 135 174 136 180 142 174 143 166 142 210 142 216 136 224 136 230 140 224 143 217 143 172 198 179 193 187 191 193 192 199 191 207 193 214 198 207 207 199 211 192 212 186 211 178 207 176 198 187 195 193 196 199 195 211 199 199 205 193 206 187 205
138 160 139 176 141 192 146 206 155 219 167 229 180 236 195 238 211 236 224 229 236 219 245 206 250 192 252 176 253 161 254 145 149 131 156 124 167 124 177 126 186 131 204 131 213 127 223 124 234 125 241 132 195 139 195 149 195 160 194 170 182 176 188 179 194 181 200 179 206 177 160 139 167 136 174 136 181 142 174 143 166 142 210 142 216 137 224 136 230 140 224 143 217 143 174 197 181 193 188 191 193 193 199 192 207 194 214 198 207 204 200 208 193 208 187 207 180 204 177 198 188 196 193 197 199 196 211 198 199 201 193 202 188 201
138 160 139 176 141 191 146 205 155 217 166 227 179 234 194 237 210 234 223 227 236 217 245 205 250 191 252 176 253 160 254 145 149 131 157 124 167 124 177 126 186 131 204 131 214 127 224 124 234 126 241 132 195 139 195 149 195 159 195 170 182 176 188 179 194 181 201 179 206 177 161 139 167 136 174 137 181 142 174 142 167 142 210 142 216 137 223 137 230 140 224 143 217 143 174 197 181 193 188 191 194 193 200 192 207 194 214 198 207 203 200 205 194 206 188 205 181 202 178 197 188 196 194 196 200 196 211 198 200 198 194 199 188 198
138 160 139 176 142 191 147 206 156 218 167 227 180 234 195 237 211 234 224 227 236 218 245 206 250 192 252 176 253 160 254 145 150 131 158 125 168 124 177 127 186 131 204 131 213 127 223 125 233 126 240 132 195 139 195 150 195 160 195 171 182 176 188 179 194 181 201 179 206 177 162 140 168 139 175 139 181 142 175 143 168 143 210 142 216 139 222 139 229 141 223 143 216 143 175 197 182 193 189 192 194 193 200 192 207 194 214 198 207 203 200 206 194 207 188 206 182 203 179 197 189 195 194 196 200 196 211 198 200 200 194 200 189 200
138 159 139 175 142 191 147 205 156 217 167 227 179 234 194 237 209 234 223 227 235 218 244 205 250 191 252 175 253 159 254 143 150 130 158 124 168 124 177 127 186 131 204 132 213 127 223 125 233 126 240 132 195 140 195 150 195 160 195 171 183 177 188 180 195 182 201 180 206 177 163 141 169 140 175 140 181 143 175 143 169 143 210 143 216 140 222 140 228 142 222 144 216 144 175 198 182 195 189 193 194 194 200 193 207 195 214 198 207 204 200 207 194 208 188 207 181 204 179 198 189 196 194 197 200 197 210 199 200 201 194 201 189 201
138 160 139 176 141 191 146 205 155 217 167 227 180 234 195 237 210 234 224 227 236 218 245 206 250 192 252 177 253 161 254 145 150 130 158 124 168 124 177 127 186 131 205 132 214 127 224 125 233 126 241 131 195 140 195 150 195 160 195 171 184 177 189 180 195 182 201 180 206 178 162 141 168 139 175 139 181 143 174 143 168 143 210 143 216 140 223 140 229 141 223 144 217 144 175 198 182 196 189 194 194 196 200 194 207 196 214 199 207 203 200 206 194 207 189 206 182 203 179 198 189 198 194 199 200 198 211 199 200 200 194 200 189 200
138 159 139 175 141 191 146 205 155 217 167 226 179 233 194 236 209 233 223 227 235 218 244 206 249 192 251 176 253 160 253 144 150 130 157 124 167 124 177 127 186 131 204 131 214 127 224 125 234 126 241 132 195 139 195 150 195 160 195 171 184 177 189 180 195 182 201 180 206 178 161 140 168 137 175 138 181 142 174 143 167 143 210 142 216 138 223 138 229 141 224 143 217 143 176 198 183 196 189 195 194 196 200 195 207 196 214 199 207 204 200 206 194 206 189 206 183 203 179 199 189 199 194 200 200 199 211 199 200 199 194 200 189 199
138 160 139 175 141 191 146 205 155 217 167 226 180 233 195 236 210 234 223 227 236 218 244 206 249 192 252 176 253 161 254 145 150 129 158 124 167 124 177 127 186 131 205 131 214 127 223 125 233 125 241 131 195 139 195 149 195 160 195 171 184 177 189 180 194 182 200 180 205 178 161 139 168 136 175 137 181 142 174 142 167 142 210 142 216 137 223 137 230 140 224 143 217 143 176 198 183 196 189 194 194 196 200 194 207 196 214 199 207 204 200 206 194 207 189 206 182 203 179 199 189 199 194 200 200 199 211 199 200 200 194 201 189 200
138 158 139 174 142 190 147 204 156 216 167 226 180 234 194 236 209 234 223 226 234 216 243 204 249 190 251 175 253 159 254 143 150 129 157 124 167 124 177 126 186 131 204 131 214 127 224 124 233 125 241 131 195 139 195 149 195 160 194 171 183 177 188 180 194 182 200 180 206 177 161 139 168 136 175 137 181 142 174 143 167 142 210 142 216 137 223 137 230 140 224 143 217 143 176 198 182 195 189 193 194 195 200 193 207 195 214 199 207 205 200 209 194 209 188 209 182 205 180 199 189 198 194 199 199 198 210 199 200 201 194 202 189 201
138 159 139 175 142 190 147 204 156 217 167 227 180 234 194 237 209 234 222 227 234 218 244 206 249 192 251 176 253 160 254 144 150 130 157 124 167 124 177 127 185 131 204 131 214 127 224 125 234 126 241 132 195 139 195 150 195 160 194 171 182 177 188 180 194 182 200 180 206 177 161 139 168 136 175 136 181 142 174 142 167 142 210 142 216 137 223 137 230 140 224 143 217 143 174 198 181 194 188 193 194 194 199 193 207 195 214 199 207 206 200 210 194 211 188 210 181 206 178 198 188 196 194 197 199 197 211 199 200 203 194 204 188 203
138 159 139 175 142 191 147 206 156 218 167 228 180 235 195 238 210 235 223 227 235 218 244 206 249 192 251 176 253 161 253 145 149 130 157 124 167 124 177 127 186 131 204 132 213 127 223 125 233 126 241 132 195 139 195 150 195 160 194 171 182 177 188 180 194 182 200 180 206 178 161 139 167 136 175 136 181 142 174 142 167 142 210 142 216 137 223 137 230 140 224 143 217 143 173 198 180 194 188 192 193 194 200 192 207 194 214 198 208 206 200 210 193 211 187 210 180 206 177 198 188 196 193 197 200 196 211 199 200 204 193 205 187 204
138 159 139 175 142 191 148 205 157 217 168 227 180 235 195 238 210 235 223 227 235 218 244 206 249 192 252 176 253 161 254 145 150 130 157 124 167 124 177 127 186 131 204 132 213 127 223 125 234 126 241 132 195 139 195 150 195 161 194 172 182 177 188 180 194 182 200 180 206 177 161 139 168 136 175 136 181 142 174 142 167 142 210 142 216 137 224 137 230 140 224 143 217 143 174 197 180 193 188 192 193 193 200 192 207 194 215 198 208 206 200 210 193 211 187 210 180 206 177 198 188 196 193 196 199 196 211 198 200 204 193 205 187 204
139 159 140 176 142 191 148 205 157 217 168 227 180 235 195 238 210 235 223 227 235 218 244 206 250 192 252 176 253 161 254 145 150 130 157 125 167 124 177 127 186 132 204 132 213 128 224 125 234 126 242 132 195 140 195 150 195 161 195 171 183 177 188 180 194 182 201 180 206 177 161 139 168 136 175 136 181 142 174 143 167 142 210 142 217 137 224 137 231 140 225 143 218 143 173 197 180 194 188 192 193 193 200 192 207 194 215 198 208 206 200 211 193 211 187 211 180 206 176 198 188 196 193 196 200 196 211 198 200 204 193 205 188 204
138 159 139 175 142 191 147 205 157 217 168 227 180 235 195 238 209 235 223 228 235 218 244 206 249 192 252 177 253 161 254 145 150 130 158 124 168 124 177 127 186 131 204 132 214 127 224 125 234 126 242 132 195 139 195 150 195 161 195 172 182 177 188 180 195 182 201 180 207 177 161 139 168 136 175 136 181 142 174 143 167 142 210 142 217 137 224 137 230 140 225 143 218 143 173 197 180 193 188 192 194 193 200 192 208 194 215 198 208 206 200 211 193 212 187 211 180 206 177 198 188 195 194 196 200 195 211 198 200 204 194 205 188 204
139 159 140 175 142 191 148 205 157 217 168 227 181 235 195 237 210 234 223 227 235 217 244 206 249 192 252 176 253 161 254 145 150 130 158 124 168 124 177 127 186 131 204 132 214 127 224 125 234 126 242 132 195 139 195 150 195 160 195 171 183 177 188 180 194 182 201 180 206 177 161 139 168 135 175 136 181 142 174 142 167 142 210 142 217 137 224 136 230 140 225 143 217 143 173 197 180 193 188 192 194 193 200 192 207 194 215 197 208 206 200 210 193 211 187 210 180 206 176 197 188 195 194 196 200 195 211 198 200 204 194 205 188 204
139 158 140 174 142 190 148 205 157 217 168 227 181 235 195 237 210 234 223 226 235 217 244 205 250 191 252 175 253 159 254 144 150 130 158 124 168 124 178 126 186 131 205 131 214 127 224 124 234 125 242 131 196 139 196 150 195 160 195 171 183 176 188 179 195 182 201 180 207 177 162 139 168 135 175 135 181 142 175 142 167 142 210 142 217 136 224 136 230 139 225 142 218 143 173 196 180 193 188 191 194 193 200 191 208 193 215 197 208 206 200 210 193 211 187 210 180 206 176 197 188 195 194 196 200 195 211 198 200 203 194 205 188 204
139 159 139 175 142 191 147 205 157 217 168 226 180 234 195 236 210 234 223 226 235 216 244 205 249 191 252 175 253 159 254 144 150 129 158 124 168 123 178 126 186 131 205 131 214 127 224 124 234 125 242 131 196 139 196 149 195 160 195 171 183 176 189 179 195 181 201 179 207 176 162 138 168 135 176 135 181 141 175 142 167 141 210 142 217 136 224 136 231 139 225 142 218 143 173 196 180 192 188 191 194 192 200 191 208 193 215 197 208 205 200 209 193 210 187 209 180 205 176 197 188 194 194 195 200 195 212 197 200 203 194 204 188 203
139 158 140 174 142 190 148 204 157 216 168 226 180 234 195 236 209 233 222 225 234 215 243 204 249 190 252 175 254 159 255 143 150 129 158 123 168 123 177 126 186 130 205 130 214 126 224 124 234 125 242 130 196 138 196 149 195 159 195 170 183 176 189 178 195 181 201 179 207 176 161 138 168 134 175 135 181 141 175 141 167 141 211 141 217 135 225 135 231 139 225 142 218 142 173 196 180 192 188 190 194 192 200 190 208 192 215 196 208 205 200 209 194 210 187 209 180 205 176 196 188 194 194 195 200 194 211 197 200 202 194 204 188 203
139 158 139 174 142 190 147 204 157 216 168 226 180 233 195 236 210 233 223 225 234 216 244 204 250 190 252 175 254 159 255 143 150 129 158 123 168 123 178 125 187 130 205 130 214 126 224 123 234 124 242 130 196 138 196 148 196 159 195 170 183 175 189 178 195 180 201 178 207 176 161 138 168 134 176 134 182 141 175 141 167 141 211 141 217 135 225 135 231 139 225 141 218 142 174 196 180 192 188 190 194 191 200 190 208 192 215 196 208 204 200 209 194 210 188 209 180 205 177 196 188 193 194 194 200 193 212 197 200 202 194 203 188 203
139 158 140 174 142 190 148 204 157 216 168 226 180 234 195 236 209 234 223 226 235 217 244 205 250 191 253 175 254 159 255 143 150 128 158 123 169 122 178 125 187 130 206 130 215 126 225 123 235 124 243 130 196 138 196 148 196 159 196 170 184 175 189 178 195 180 201 178 207 176 162 138 168 134 176 134 182 140 175 141 168 141 211 141 218 135 225 134 232 138 226 141 218 141 174 196 181 192 189 190 194 191 200 190 208 192 215 196 208 204 200 209 194 210 188 209 180 204 178 196 188 194 194 194 200 194 212 197 200 202 194 203 188 202
139 157 140 173 142 188 147 203 156 215 167 225 180 232 194 235 209 233 222 225 234 216 244 204 249 190 252 175 254 159 256 143 151 128 158 123 169 122 178 125 187 130 206 130 215 126 225 123 235 124 243 130 197 138 196 148 196 159 196 170 184 175 190 178 195 180 202 178 207 176 162 137 169 133 176 134 182 140 176 141 168 140 212 140 218 135 226 134 232 138 226 141 219 141 175 195 182 192 189 190 194 192 201 191 208 193 215 197 207 203 200 207 194 207 188 206 181 203 179 196 189 194 194 195 200 195 211 197 200 200 194 201 189 200
140 158 140 174 142 189 147 204 156 215 168 225 181 232 195 235 210 233 224 226 236 216 245 205 250 191 253 175 254 160 255 144 151 128 159 123 169 122 179 125 187 130 206 130 216 126 226 123 236 124 243 130 197 138 197 148 197 159 197 169 185 175 190 178 196 180 202 179 207 176 162 137 169 134 177 134 182 140 176 141 168 140 212 141 218 135 226 135 232 139 226 142 219 142 175 196 183 193 190 192 195 194 201 192 208 194 216 197 208 202 201 205 195 205 189 204 182 201 179 196 190 197 195 198 201 197 212 197 201 198 195 199 190 198
140 159 141 174 143 190 148 204 157 215 169 225 182 232 197 234 212 232 225 225 237 216 246 205 251 191 253 175 255 160 256 144 151 129 159 123 169 123 178 126 187 130 207 130 216 126 226 124 236 125 244 131 197 138 197 148 197 159 197 170 185 176 191 179 196 181 202 179 207 177 162 138 169 134 177 135 182 141 176 141 168 141 212 141 218 135 226 135 232 139 227 142 219 142 176 196 183 194 190 193 195 195 201 193 208 195 216 197 208 202 201 204 195 205 190 204 183 201 179 196 190 197 195 198 201 197 213 197 201 198 195 199 190 198
140 159 140 175 142 190 148 204 156 216 168 225 181 232 196 234 211 232 225 225 237 216 246 205 251 191 253 176 254 160 255 145 151 129 159 123 169 123 179 126 187 130 207 131 216 127 226 124 236 125 244 131 197 138 197 149 197 159 197 170 186 176 191 179 196 181 202 179 207 177 162 138 169 134 176 135 182 141 176 142 168 141 212 142 218 136 226 136 232 139 226 142 219 143 176 196 183 194 190 193 196 195 201 193 208 195 216 197 209 202 201 204 196 205 190 204 183 201 179 196 190 197 196 198 201 198 213 198 201 198 196 199 190 198
140 158 141 173 143 189 148 203 157 214 168 224 181 231 196 234 211 231 224 224 236 215 246 203 251 190 253 174 255 159 255 144 151 128 159 123 169 123 179 126 187 130 206 131 216 127 226 124 236 125 243 131 197 139 197 149 197 159 197 170 186 176 191 179 196 181 202 179 207 177 163 138 169 135 177 135 183 141 176 142 169 142 212 142 218 137 225 136 232 140 226 143 219 143 176 195 183 194 190 193 195 195 201 193 208 195 216 197 208 202 201 204 195 205 190 204 183 201 179 196 190 197 195 198 201 197 213 197 201 198 195 199 190 198
140 157 140 173 142 189 147 202 156 214 168 223 180 230 195 233 210 231 224 224 236 215 245 203 250 190 253 175 254 159 255 144 151 128 159 123 169 123 178 126 187 130 206 131 216 127 225 124 235 124 243 130 197 138 197 149 196 159 196 170 185 176 190 179 196 181 202 179 207 177 162 138 169 135 176 135 182 141 175 142 168 142 211 142 218 136 225 136 232 139 226 143 219 143 176 195 183 193 190 192 195 194 201 193 208 194 216 196 208 201 201 204 195 204 189 203 182 200 179 195 190 197 195 198 201 197 213 197 200 197 195 198 190 197
139 158 140 173 142 189 147 203 156 214 168 223 180 230 195 233 210 230 223 224 236 215 245 203 250 189 253 174 254 159 255 143 151 128 159 122 169 122 178 125 187 130 206 130 215 126 225 123 235 124 243 130 197 138 197 148 197 158 196 169 185 176 190 178 196 180 202 179 207 176 162 138 168 135 176 135 182 141 175 142 168 142 211 142 217 136 225 136 231 139 226 143 218 143 175 195 183 193 190 192 195 194 200 192 208 194 216 196 208 201 200 203 195 204 189 203 182 200 178 195 190 196 195 197 200 197 212 197 200 197 195 198 190 197
140 158 140 173 143 189 148 202 157 214 168 223 181 230 196 233 211 230 225 223 237 214 246 203 251 189 252 174 254 159 255 144 151 128 159 122 169 122 178 125 187 130 206 130 215 126 225 123 235 124 242 130 197 138 197 148 196 158 196 169 185 176 190 178 196 180 202 178 207 176 162 138 169 135 176 135 182 141 175 142 168 142 211 141 217 136 225 136 231 139 226 142 218 143 175 195 183 193 190 192 195 193 200 192 208 193 216 196 208 201 201 203 195 204 189 203 183 200 179 195 190 196 195 197 201 196 213 196 201 197 195 197 190 196
139 157 140 173 142 188 147 202 156 213 168 222 181 230 196 232 211 230 224 223 236 214 246 203 251 189 253 174 254 159 255 144 151 128 159 122 169 122 178 125 187 129 206 130 216 126 225 123 235 124 243 129 197 138 197 148 197 158 196 168 185 175 190 178 196 179 202 178 207 176 162 138 169 135 176 135 182 141 175 142 168 141 211 141 218 136 225 136 232 139 226 142 218 143 175 195 183 193 190 191 195 193 201 192 208 193 216 196 208 201 201 203 195 203 189 202 182 200 179 195 190 196 195 197 201 196 212 196 200 196 195 197 190 196
139 158 140 174 142 189 147 203 156 214 167 223 181 230 196 232 211 230 224 223 237 214 245 203 251 190 253 174 254 159 255 144 151 128 159 122 169 122 178 125 187 130 206 130 215 126 225 123 235 124 243 129 197 138 197 148 197 158 197 168 185 175 190 178 196 179 202 178 207 176 162 138 169 135 176 135 182 141 175 142 168 141 211 141 218 136 225 135 232 139 226 142 218 142 175 194 183 192 190 191 195 193 201 191 208 193 216 196 208 200 201 202 195 203 189 202 182 199 178 195 190 196 195 197 201 196 213 196 201 196 195 197 190 196
139 158 140 174 142 189 147 203 156 214 168 223 181 230 196 232 211 230 225 223 237 215 246 203 251 190 253 174 254 159 255 144 151 127 159 122 169 122 178 125 187 129 206 129 215 125 225 123 235 124 243 129 197 137 197 147 197 157 196 168 185 175 190 177 196 179 202 177 207 175 162 137 169 134 176 135 182 140 176 141 168 141 211 141 218 136 225 135 231 138 226 142 218 142 175 194 183 192 190 191 195 193 201 191 208 193 216 195 208 200 201 202 195 203 190 202 183 199 179 195 190 195 195 196 201 195 213 196 201 196 195 197 190 196
139 158 140 173 142 189 147 202 156 214 167 223 180 230 195 232 210 230 224 224 236 215 245 204 251 190 253 175 254 159 255 144 150 127 158 122 168 121 178 124 186 129 205 129 215 125 225 122 235 123 242 129 196 137 196 147 196 157 196 168 184 175 190 177 195 179 201 177 206 175 162 137 168 134 176 134 182 140 175 141 168 141 211 140 217 135 225 135 231 138 225 142 218 142 175 194 182 192 189 191 195 193 200 191 208 193 216 195 208 200 200 202 194 203 189 202 182 199 178 194 189 195 195 196 200 196 213 196 200 196 195 196 189 195
139 158 139 174 142 189 146 203 155 214 167 223 180 230 195 232 211 230 224 223 236 215 245 203 250 190 252 175 253 159 254 144 150 127 158 122 168 121 177 124 186 129 205 129 214 125 224 122 234 123 242 128 196 137 196 147 196 157 196 168 184 174 189 177 195 179 201 177 206 175 161 137 168 134 175 135 181 140 174 141 167 141 210 140 217 135 224 135 231 138 225 141 218 142 175 194 182 192 189 191 194 192 200 191 208 192 216 195 208 200 200 201 194 202 189 201 182 199 178 194 189 195 194 196 200 195 212 195 200 195 195 196 189 195
138 158 139 173 141 188 146 202 155 214 166 223 180 229 195 232 210 230 224 224 236 215 245 203 249 190 252 174 253 159 254 144 150 127 157 122 167 121 177 124 186 128 205 129 214 124 224 122 234 123 242 128 196 137 196 147 195 157 195 168 184 175 189 177 195 179 201 177 206 175 161 137 168 134 175 135 181 140 174 141 167 141 210 140 216 135 224 135 230 138 225 141 217 142 175 194 182 192 189 191 194 192 200 191 207 192 216 195 208 199 200 201 194 202 189 201 182 199 178 194 189 195 194 196 200 195 212 195 200 196 194 196 189 195
