122 170 124 186 127 201 131 215 139 227 150 235 163 241 177 243 191 241 203 234 214 225 221 214 225 200 227 185 229 170 230 155 132 147 140 141 149 139 159 140 169 143 185 143 194 140 204 138 213 139 220 144 177 154 177 162 177 170 177 178 167 187 172 189 177 190 182 188 187 187 146 158 152 157 159 156 164 158 159 160 152 160 189 157 195 155 201 155 207 156 201 159 195 159 161 210 167 205 173 201 178 203 182 201 189 204 194 209 188 211 183 211 178 212 173 212 167 211 165 209 173 207 178 207 182 207 191 209 182 206 178 206 173 206
122 171 124 187 127 202 132 216 141 228 152 236 164 242 178 243 191 240 203 234 214 225 222 214 226 200 227 185 229 170 230 155 132 148 139 141 149 139 159 140 169 143 185 143 194 140 204 138 213 139 220 145 177 154 177 162 177 170 178 179 167 188 172 189 177 190 183 189 187 187 146 158 152 157 159 156 164 158 159 160 152 160 189 158 195 155 201 155 207 157 202 159 195 159 163 212 168 206 174 202 178 203 183 202 188 205 194 211 188 212 183 213 178 214 174 214 168 213 166 211 174 208 178 208 183 207 190 211 182 207 178 208 174 208
122 172 125 188 128 202 133 216 141 227 152 235 165 241 179 242 192 240 204 233 214 225 221 213 226 199 228 185 229 170 230 154 132 149 139 142 149 140 159 141 169 144 185 143 194 140 204 139 213 140 220 145 177 155 177 163 177 171 178 179 167 188 173 190 178 191 183 189 188 187 146 159 152 157 158 157 164 159 159 161 152 161 189 158 195 155 201 156 207 157 202 159 195 160 163 211 168 205 174 202 179 203 183 201 189 204 194 210 189 211 184 212 179 213 174 212 169 212 167 210 174 207 179 207 183 206 191 209 183 206 179 207 175 207
121 170 124 186 127 200 132 214 141 225 152 233 165 240 178 242 192 239 204 232 214 223 221 210 225 196 227 182 229 167 230 152 132 149 139 143 149 140 159 141 169 144 184 144 193 141 203 139 213 140 220 146 177 155 177 163 177 172 177 181 168 189 172 190 178 191 182 190 187 188 146 159 152 157 159 157 164 159 159 161 152 161 189 158 195 156 201 156 206 157 201 160 195 160 161 206 168 204 173 202 178 203 182 202 188 203 194 205 188 209 183 211 178 211 174 211 168 210 164 206 174 206 178 206 183 205 191 205 182 206 178 206 174 206
122 171 124 186 127 201 132 215 141 226 152 235 164 241 178 243 192 241 204 233 214 223 221 211 225 197 227 182 229 167 230 153 133 149 139 143 149 141 159 141 169 144 185 144 194 141 204 139 213 141 220 146 177 155 177 164 177 172 177 181 167 189 172 190 177 191 182 190 187 188 146 159 152 157 158 156 164 159 158 161 152 161 189 158 195 156 201 156 207 157 201 160 195 160 161 207 167 204 173 202 178 204 182 202 188 203 194 206 188 210 183 212 178 213 173 213 168 211 164 207 173 206 178 207 182 206 191 206 183 207 178 208 173 207
122 171 124 186 127 201 132 215 141 226 152 235 164 242 178 244 191 242 203 234 214 223 221 211 225 196 227 182 229 167 230 152 133 150 139 143 149 141 159 141 169 144 184 145 193 141 203 139 213 141 220 146 177 155 177 164 177 172 177 181 167 189 172 191 177 192 183 190 188 188 146 159 152 157 158 157 164 159 158 161 152 161 189 158 195 156 201 156 207 157 201 160 195 160 161 207 167 205 173 203 178 204 182 202 188 204 194 207 188 211 183 213 178 214 173 214 168 212 164 207 173 207 178 207 182 206 191 207 182 207 178 208 173 208
121 171 124 186 127 201 132 215 142 227 153 236 165 243 179 245 192 242 203 234 213 224 221 211 225 196 227 182 229 166 230 151 132 149 139 143 149 140 159 141 169 144 184 144 194 141 204 139 213 140 220 147 177 156 177 164 177 172 177 181 167 189 172 190 177 191 183 190 188 188 146 159 152 157 158 157 164 159 159 161 152 161 189 158 195 156 201 156 206 157 201 160 195 160 162 208 168 204 173 202 178 203 183 202 189 204 194 207 189 213 184 216 179 217 174 216 168 214 165 208 174 206 178 207 183 206 191 207 183 210 179 211 174 210
121 171 124 186 127 201 132 215 141 226 153 235 165 242 179 245 192 242 203 234 214 224 221 210 225 196 227 181 229 166 230 151 132 149 139 143 149 140 159 141 169 144 185 144 194 141 204 139 213 141 220 146 177 156 177 164 177 172 177 181 167 189 172 190 178 191 183 190 188 188 146 159 152 157 158 157 164 159 159 161 152 161 189 158 195 156 201 156 206 157 201 160 195 160 162 208 168 204 174 202 178 203 183 202 188 204 194 207 189 214 184 216 179 217 174 216 168 214 165 208 174 206 178 206 183 206 191 207 183 210 178 211 174 210
121 170 124 185 127 200 132 214 141 226 153 234 165 242 178 244 191 242 203 234 213 223 221 210 225 196 227 181 229 166 230 151 133 149 140 143 149 140 159 141 169 144 185 144 194 141 204 139 213 141 220 147 177 156 177 164 177 172 177 181 167 189 172 190 177 191 183 190 188 188 147 159 152 157 158 157 164 159 159 161 152 161 189 158 195 156 201 156 206 157 201 160 195 160 162 208 168 204 174 203 178 204 183 202 188 204 194 207 189 213 184 215 179 216 174 215 168 213 165 207 174 206 178 206 183 206 191 207 183 210 178 210 174 210
122 169 124 184 127 199 132 213 141 225 152 234 165 241 178 243 192 241 203 233 214 223 221 210 225 195 227 181 229 166 230 152 133 149 140 143 149 141 160 141 169 144 184 145 194 141 203 139 213 141 220 147 177 156 177 164 177 172 177 181 167 189 172 190 177 191 183 190 188 188 147 160 153 159 158 158 164 159 159 161 153 161 190 159 195 157 201 157 207 157 201 160 195 160 162 207 168 204 173 203 178 204 182 202 188 204 194 206 189 212 183 214 179 215 173 214 168 212 165 207 173 205 178 206 183 205 191 207 183 209 178 210 174 209
122 170 124 185 127 200 133 213 141 225 152 234 164 241 178 243 192 240 204 233 214 223 221 210 225 195 227 181 229 166 230 152 134 149 140 143 150 140 160 141 169 144 185 144 194 141 204 139 213 141 220 147 177 156 177 164 177 172 177 181 167 189 172 191 177 192 183 190 188 188 148 161 153 160 159 159 165 160 159 162 153 162 189 159 195 158 200 158 206 158 201 161 195 161 162 206 168 204 174 203 178 204 183 203 188 204 194 206 188 211 183 212 179 213 174 212 168 210 165 206 174 206 179 207 183 206 192 206 183 207 179 208 174 207
122 169 124 184 127 199 133 212 141 224 153 233 165 240 179 242 192 240 204 232 214 222 221 210 225 195 228 181 230 166 231 151 134 149 141 143 150 141 160 141 170 144 185 145 194 141 204 140 214 141 220 147 177 156 177 164 178 172 178 181 168 189 173 191 178 192 183 190 188 189 147 161 153 160 159 159 165 160 159 162 153 163 190 159 195 158 201 158 208 158 202 161 195 161 162 206 168 204 174 203 178 204 182 203 188 204 195 205 188 210 183 211 179 212 174 211 169 210 165 206 174 206 178 207 183 206 192 206 183 207 179 207 174 206
123 170 125 185 128 199 133 213 142 225 153 233 165 240 179 242 192 240 204 232 214 222 222 210 226 196 228 181 230 167 231 152 134 149 141 143 150 140 160 141 170 144 186 145 195 141 205 139 214 141 221 147 178 155 178 164 178 172 178 181 168 189 173 191 178 192 183 190 188 189 148 160 154 159 159 159 165 159 159 161 154 162 190 159 195 158 201 158 207 158 201 161 195 161 162 206 169 204 174 203 179 204 183 202 188 204 195 205 189 210 184 211 179 212 174 211 169 210 165 206 174 206 179 207 183 206 192 205 183 206 179 207 175 206
123 170 125 185 128 200 133 213 142 225 154 233 166 240 179 242 193 240 205 232 215 222 222 210 226 196 228 181 230 167 231 152 135 149 141 143 151 140 161 141 171 144 186 144 195 141 205 139 214 141 221 146 178 155 178 163 178 172 178 181 169 189 173 190 178 192 183 190 188 188 148 159 154 158 159 158 165 159 160 161 154 161 190 158 196 157 202 157 208 157 202 160 196 160 162 206 169 204 174 203 179 204 183 202 188 204 195 206 189 210 184 212 179 212 175 212 169 210 165 206 174 206 179 207 183 206 192 206 183 207 179 207 175 206
123 170 125 185 128 200 134 213 142 225 154 234 166 241 179 243 193 241 205 233 215 223 222 210 226 195 228 181 230 167 231 152 134 149 141 142 151 140 161 141 171 143 186 144 195 141 205 139 214 141 221 146 178 155 178 163 178 171 178 180 169 188 174 190 179 191 184 190 189 188 148 159 154 158 159 157 166 158 160 160 154 160 191 158 196 156 202 156 208 157 202 159 196 159 163 207 169 204 175 202 180 204 184 202 189 204 195 207 189 212 184 214 180 215 175 214 169 212 166 207 175 205 180 206 184 206 192 207 184 208 180 209 175 208
123 170 125 185 128 200 134 213 143 225 155 234 167 241 180 244 193 241 205 233 215 223 222 210 226 195 229 181 231 166 232 152 135 149 141 142 151 140 161 141 171 143 186 144 195 141 205 139 215 141 222 147 179 155 179 163 179 171 179 180 169 188 173 190 179 191 184 190 189 188 148 158 154 157 160 156 166 158 160 160 154 160 191 158 197 156 203 156 208 157 203 159 197 159 164 207 169 204 175 202 179 203 184 202 190 204 195 207 190 213 185 216 180 216 175 216 169 213 167 207 175 205 179 206 184 205 192 207 184 210 180 210 175 209
123 170 126 184 129 199 134 213 143 224 155 233 167 240 180 243 194 240 205 232 215 222 222 209 226 195 229 181 231 166 232 152 135 148 142 142 151 140 162 140 172 143 186 144 195 141 205 139 215 140 222 146 179 155 179 163 179 171 179 180 169 188 174 190 179 191 184 189 189 188 148 158 154 156 160 156 166 158 160 160 154 160 191 158 197 155 203 155 208 157 203 159 197 159 164 207 170 203 175 201 180 203 184 201 190 203 196 207 190 213 185 215 180 216 175 215 170 212 167 206 175 205 180 206 184 205 193 207 185 209 180 209 175 208
123 170 126 185 128 199 134 213 142 224 154 233 166 239 180 242 193 239 206 232 216 223 223 210 226 196 229 182 231 168 232 153 135 148 142 142 152 139 162 140 172 143 186 144 196 140 206 139 215 140 222 146 179 154 179 163 179 171 179 180 169 188 174 190 179 191 184 189 190 188 148 158 154 156 160 156 166 158 160 159 154 160 191 158 197 155 203 155 209 156 203 159 197 159 164 206 170 203 175 201 180 203 185 201 190 203 196 206 190 210 185 212 180 212 175 211 170 210 166 206 175 204 180 205 185 204 193 206 185 206 180 207 176 206
123 169 126 184 128 199 133 212 142 224 154 232 166 238 180 241 194 238 206 231 216 222 223 209 227 195 229 181 231 167 232 152 135 148 142 142 151 140 162 140 172 144 186 144 195 140 205 139 215 140 222 146 179 155 179 163 179 171 179 180 169 188 174 190 179 191 185 189 190 187 148 158 154 156 160 156 166 158 160 160 154 160 191 158 197 155 203 155 208 156 203 159 197 159 163 205 170 203 175 201 180 203 184 201 190 203 196 205 190 209 185 210 180 211 175 210 170 209 166 205 175 204 180 205 184 204 193 205 184 205 180 206 175 205
123 168 126 183 128 198 133 212 142 224 154 232 166 239 180 241 194 238 206 231 216 222 223 209 226 195 229 181 231 166 232 152 135 148 142 142 152 139 162 140 172 143 187 144 196 140 206 139 215 140 222 146 179 154 179 163 179 171 179 180 169 188 174 189 179 190 185 189 190 187 149 158 154 156 160 156 166 158 160 160 154 160 191 158 197 155 203 155 209 156 203 159 197 159 163 206 170 203 175 201 180 203 184 201 190 203 196 205 190 209 185 211 180 212 175 211 170 209 166 205 175 204 180 205 184 204 193 205 185 206 180 206 175 206
124 169 126 184 128 199 134 213 142 224 154 233 166 241 180 243 193 240 206 233 216 223 223 210 226 196 229 181 231 167 232 152 135 148 142 142 152 139 162 140 172 143 187 144 196 140 206 139 216 140 223 146 179 154 179 163 179 171 179 180 169 188 174 189 179 190 184 189 189 187 149 158 154 156 160 156 166 158 160 160 154 160 192 158 197 155 203 155 209 157 203 159 197 159 163 206 169 203 175 201 180 203 184 201 190 203 196 206 190 212 185 214 180 215 175 214 169 212 167 206 175 204 180 205 184 204 192 206 184 208 180 209 175 208
123 170 125 185 128 200 134 213 143 225 154 234 166 241 180 244 194 241 206 233 216 223 223 210 226 195 229 181 231 167 232 152 135 148 141 142 151 139 161 140 172 142 187 143 196 140 206 139 215 140 222 147 179 155 179 163 179 171 179 180 169 188 174 189 179 191 184 189 189 187 148 158 154 156 160 156 166 158 160 160 154 160 191 158 197 155 203 155 209 156 203 159 197 159 163 207 169 203 175 201 180 203 184 201 190 203 196 207 190 213 185 216 180 217 175 216 169 213 167 206 175 205 180 205 184 205 193 207 185 210 180 210 175 209
123 170 126 185 128 199 134 213 143 225 154 234 166 242 180 244 193 241 206 233 216 223 223 210 227 196 229 181 231 167 232 152 135 148 141 142 151 139 161 140 171 143 186 144 196 140 206 139 215 140 222 146 179 155 179 163 179 171 179 180 169 188 174 189 179 191 184 189 189 188 148 158 154 157 160 156 166 158 160 160 154 160 191 158 197 156 203 156 209 157 203 159 197 159 163 207 169 203 174 201 179 203 184 201 190 203 196 207 190 213 185 216 180 217 174 216 169 213 166 207 174 205 179 205 184 205 192 207 184 210 180 211 174 210
123 169 125 184 128 198 134 212 142 225 154 234 166 242 180 244 194 241 206 233 216 222 223 209 227 195 229 181 231 166 233 152 135 148 141 142 151 140 161 140 171 144 186 144 196 141 206 139 216 141 222 147 179 155 179 163 179 171 179 180 169 188 173 190 179 191 184 190 189 188 148 159 154 159 160 158 166 159 160 161 154 161 191 158 197 157 203 157 209 158 203 160 197 160 162 207 169 203 174 202 179 203 184 202 190 203 196 207 190 214 184 217 180 217 174 216 168 213 166 207 174 205 179 205 184 205 192 207 184 210 179 211 174 210
123 168 125 183 128 198 133 212 142 224 153 234 165 241 179 244 193 241 205 233 215 223 222 210 226 195 229 181 231 166 232 152 136 149 142 143 151 140 161 141 171 144 186 144 195 141 205 139 215 141 222 147 178 156 178 164 178 172 178 180 168 188 173 190 178 191 184 190 189 188 148 160 154 160 160 160 166 160 161 162 154 162 190 159 196 159 202 159 208 159 202 161 196 161 162 207 168 204 174 202 179 203 183 202 189 203 195 207 190 214 184 217 179 218 174 217 168 214 165 207 174 205 179 206 183 205 192 207 184 211 179 212 174 211
123 169 125 183 128 198 133 212 142 225 153 234 165 242 179 244 193 242 205 233 215 223 222 210 226 195 229 181 231 166 232 152 135 149 142 143 151 140 161 141 171 144 186 145 195 141 205 140 214 141 221 147 178 156 178 164 178 172 178 181 168 189 173 191 178 192 184 190 189 188 148 161 154 161 160 160 166 160 160 163 154 163 190 160 196 159 202 160 208 159 202 162 196 162 162 207 168 204 174 202 179 203 183 202 190 203 196 207 190 214 184 217 179 218 174 217 168 214 165 207 174 205 179 206 184 205 192 207 184 211 179 212 174 211
123 169 125 184 128 198 133 212 142 224 153 234 165 241 180 244 194 241 205 233 216 223 223 209 226 195 229 181 231 166 231 151 135 149 141 143 151 141 161 141 170 144 186 145 195 141 205 140 214 141 221 147 178 156 178 165 178 173 178 181 168 189 173 191 178 192 184 191 189 188 147 161 153 161 159 160 166 160 160 162 153 163 190 160 196 159 202 160 208 159 202 162 196 162 162 207 168 203 174 201 179 203 184 201 190 203 196 207 190 214 185 217 180 217 174 217 168 213 165 207 174 205 179 206 184 205 193 207 184 210 179 211 174 210
123 169 125 184 128 199 133 213 142 225 154 234 166 241 180 243 194 240 206 232 216 222 223 209 226 195 229 181 231 166 232 152 134 149 141 143 150 141 160 142 170 145 185 145 195 142 205 140 214 141 221 147 178 156 178 165 178 173 178 181 168 189 173 191 178 192 184 190 189 188 147 161 153 161 159 160 166 160 159 162 153 163 190 160 196 159 202 159 209 159 202 162 196 162 162 206 168 203 174 201 179 202 184 201 190 202 196 206 191 213 185 216 179 216 174 215 168 212 165 206 174 204 179 205 184 204 193 206 184 209 179 210 174 209
123 169 125 184 128 199 133 212 142 225 153 234 166 241 180 243 194 240 206 232 216 222 223 209 226 195 228 181 230 166 231 152 134 149 140 143 150 141 160 142 170 145 185 145 194 142 204 140 214 141 221 147 177 156 177 164 178 172 178 181 168 189 173 191 178 192 184 190 189 188 147 160 153 160 158 159 165 160 159 162 153 162 190 159 196 158 202 159 208 158 202 161 196 161 162 206 168 203 174 201 179 202 184 200 190 202 196 206 190 212 185 215 179 215 174 215 168 212 165 206 174 204 179 205 184 204 193 206 184 208 179 209 174 208
122 169 125 184 128 199 133 213 142 225 153 234 166 242 180 244 194 241 206 233 216 222 223 209 226 195 228 180 230 166 231 151 134 149 141 143 150 141 160 141 170 145 186 145 195 141 205 139 214 141 221 147 177 156 178 164 178 173 178 182 168 189 173 190 178 191 183 190 189 188 147 160 153 159 159 158 165 159 159 161 153 161 190 159 196 158 202 158 208 158 202 160 196 160 162 206 168 203 173 201 179 202 184 201 190 202 196 206 190 212 185 216 179 216 174 215 168 212 165 206 173 204 179 205 184 204 192 206 184 209 179 210 174 209
122 171 125 186 128 200 134 214 142 226 154 235 166 243 180 245 194 242 205 234 215 223 222 210 226 196 228 181 230 167 231 152 133 149 140 143 150 140 160 141 170 144 185 144 195 141 205 139 214 141 221 146 178 155 178 163 178 172 178 180 168 188 173 190 178 191 183 190 189 188 147 159 153 158 159 157 165 159 159 160 153 161 190 158 196 157 202 157 208 157 202 160 196 159 162 207 167 203 173 201 179 202 184 200 190 202 195 206 190 213 185 217 179 217 173 217 168 213 165 207 173 204 179 205 184 204 192 207 184 210 179 211 173 210
122 171 125 186 128 200 133 214 142 226 154 235 166 242 180 245 194 242 205 234 215 223 222 210 226 196 228 181 230 167 231 152 134 149 140 142 150 140 161 140 171 144 185 144 195 140 205 139 214 140 221 146 178 155 178 163 178 171 178 180 168 188 173 189 178 191 184 189 189 188 147 159 153 157 159 157 165 158 159 160 153 160 190 158 196 156 202 156 208 157 202 159 196 159 162 207 168 203 174 201 179 202 184 200 190 202 195 207 190 213 185 217 179 217 174 217 168 213 165 206 174 204 179 205 184 204 192 207 184 210 179 211 174 210
122 171 125 186 128 200 133 214 142 225 153 235 166 242 179 244 193 241 205 233 215 223 222 210 226 196 228 181 230 167 231 152 134 149 140 142 150 139 161 140 170 143 186 143 195 140 205 138 214 140 222 146 178 155 178 163 178 171 178 180 168 188 173 189 178 190 183 189 189 187 147 158 153 157 159 156 165 158 159 160 153 160 190 158 196 155 202 155 208 156 202 159 196 159 162 206 168 202 174 200 179 202 184 200 190 202 195 206 190 213 184 216 179 217 174 216 168 212 165 206 174 204 179 205 184 204 192 206 184 209 179 210 174 209
123 170 125 185 128 199 133 213 142 225 153 234 166 241 180 243 194 240 206 232 216 222 222 209 226 195 228 181 231 167 232 152 134 149 140 142 150 139 161 140 171 143 186 143 195 140 205 138 215 140 222 146 178 154 178 163 178 171 178 180 168 187 173 189 178 190 184 189 189 187 147 158 153 156 159 156 166 158 160 160 153 160 190 157 196 155 202 155 208 156 202 159 196 159 162 206 168 202 174 200 179 201 184 200 190 202 196 206 190 212 185 215 180 215 174 214 169 211 166 205 174 204 179 204 184 204 193 206 184 208 180 209 174 208
123 169 125 184 128 199 133 213 142 224 153 234 166 240 180 243 193 241 205 233 215 222 222 209 226 195 228 180 230 166 232 151 134 148 141 141 151 139 161 140 171 143 186 143 195 140 205 138 215 140 222 146 178 154 178 162 178 170 178 179 168 187 173 189 178 190 184 188 189 187 148 158 154 156 159 156 166 158 160 159 154 160 191 157 196 155 202 155 208 156 203 159 196 159 163 205 169 202 174 200 179 201 184 200 190 202 196 205 190 211 184 214 179 214 174 213 169 210 166 205 174 203 179 204 184 203 192 205 184 208 179 208 174 207
123 170 125 185 128 200 134 214 142 225 154 234 166 241 180 243 194 241 206 233 216 223 223 210 226 195 229 181 231 166 232 152 135 148 141 141 151 139 161 139 171 142 186 143 195 140 205 138 215 140 222 146 178 154 178 162 179 170 179 179 169 187 173 188 179 190 184 188 189 187 148 158 154 156 160 155 166 158 160 159 154 159 191 157 196 155 202 155 208 156 203 158 196 159 163 206 169 202 174 200 179 201 184 200 190 202 196 206 190 212 185 214 180 215 174 214 169 211 166 205 174 203 179 204 184 203 192 206 184 208 180 209 174 208
123 170 125 185 128 200 134 214 143 225 154 234 166 241 180 244 193 241 205 233 215 223 222 210 226 196 229 181 231 167 232 152 135 148 141 141 151 139 161 140 171 143 186 143 195 140 205 138 215 140 222 146 179 154 179 162 179 170 179 179 168 187 173 189 179 190 184 189 189 187 148 157 154 156 160 155 166 157 160 159 154 159 191 157 196 155 202 155 208 156 203 158 196 158 163 206 169 202 174 200 179 201 184 200 190 202 196 206 190 212 185 215 180 215 174 215 169 211 166 205 174 203 179 204 184 203 192 206 185 208 180 209 174 208
123 170 125 185 128 199 134 213 142 225 154 234 166 241 180 244 193 241 205 233 216 223 222 210 226 195 229 181 231 166 232 152 135 148 141 141 151 139 161 140 171 142 187 143 196 140 206 138 215 140 222 146 179 154 179 162 179 170 179 179 169 187 173 189 179 190 184 189 189 187 148 158 154 156 160 155 166 157 160 159 154 159 191 157 197 155 203 155 209 156 203 159 197 159 163 206 169 202 174 200 179 201 184 200 190 202 195 206 190 212 185 215 179 216 174 215 169 212 166 205 174 203 179 204 184 203 192 206 184 209 179 209 174 208
123 170 125 184 128 199 133 213 142 225 154 234 166 241 179 244 193 241 205 233 215 223 222 210 226 196 229 181 231 167 232 152 135 148 141 141 151 139 162 140 171 143 187 143 196 140 206 138 215 140 222 146 179 154 179 162 179 170 178 179 169 187 173 189 179 190 184 189 189 187 148 158 154 156 160 155 166 158 160 159 154 159 191 157 197 155 203 155 209 156 203 158 197 159 162 206 168 202 174 200 179 201 184 200 190 202 196 206 190 212 185 215 180 216 174 215 168 212 166 205 174 203 179 204 184 203 192 206 184 209 179 209 174 209
123 170 125 185 128 199 133 213 142 224 154 234 166 241 179 243 193 240 205 233 215 223 222 210 226 196 229 182 231 167 232 152 134 148 141 141 151 139 161 140 171 143 186 143 195 140 205 138 215 140 222 146 179 154 179 163 178 170 178 179 168 187 173 189 178 190 184 189 189 187 148 158 154 156 160 155 166 158 160 159 154 159 191 157 196 155 203 155 208 156 203 159 197 159 162 205 168 202 174 200 179 201 184 200 190 202 196 206 190 212 184 215 179 216 174 215 168 212 165 205 174 204 179 204 184 204 192 206 184 208 179 209 174 208
123 169 125 184 128 199 133 212 142 224 153 233 166 241 179 243 193 241 205 233 215 223 223 209 226 195 229 181 231 166 232 151 135 148 141 141 151 139 161 140 171 143 186 143 196 140 206 138 215 140 222 146 178 154 178 163 178 171 178 179 168 187 173 189 178 190 184 189 189 187 148 158 154 156 160 155 166 158 160 159 154 160 191 157 197 155 203 155 208 156 203 159 197 159 162 205 168 202 174 200 179 202 184 200 190 202 195 206 190 212 184 215 179 216 174 215 168 212 165 205 174 204 179 204 184 204 192 206 184 209 179 209 174 208
123 170 125 185 128 199 133 213 142 225 154 234 166 242 179 244 193 241 205 233 215 223 222 210 226 195 229 181 231 166 232 152 134 149 141 142 151 139 161 140 171 143 186 144 196 140 206 139 215 140 222 146 179 154 179 163 179 171 179 179 169 187 173 189 179 190 184 189 189 187 148 158 154 156 160 156 166 158 160 159 154 160 191 157 197 155 203 155 209 156 203 159 197 159 162 206 168 202 174 201 179 202 184 200 190 202 196 206 190 213 184 216 179 217 174 216 168 213 165 206 174 204 179 205 184 204 192 206 184 210 179 210 174 210
123 170 125 185 128 200 133 214 142 225 154 235 166 242 179 245 193 242 205 234 215 224 222 211 226 196 229 182 231 167 232 152 134 149 141 142 151 139 161 140 171 143 186 144 195 140 205 139 215 140 222 146 179 155 179 163 179 171 179 180 169 187 173 189 178 190 184 189 189 187 148 158 154 156 160 155 166 158 160 159 154 160 191 157 196 155 202 155 208 156 203 159 196 159 161 206 167 203 174 201 179 202 183 201 189 203 195 207 190 214 184 217 179 218 173 217 167 213 165 206 174 204 179 205 184 204 192 207 184 211 179 212 174 211
123 170 125 185 127 200 133 214 141 225 153 235 165 242 179 245 192 242 204 234 214 224 222 211 226 196 228 182 231 167 232 153 134 149 141 142 151 139 162 140 172 143 186 143 196 140 206 139 215 140 222 146 179 154 179 163 179 171 179 179 169 188 173 189 178 190 184 189 189 188 148 158 154 156 160 156 166 158 160 160 154 160 191 157 196 155 202 155 208 156 203 159 197 159 161 206 167 203 174 201 179 203 183 201 189 203 195 207 189 214 184 217 179 218 173 217 167 213 164 206 174 204 179 205 183 205 192 207 184 211 179 212 174 211
122 169 124 184 127 199 132 213 141 224 152 234 164 242 178 244 192 242 204 234 214 224 221 211 226 197 228 182 231 168 232 153 134 149 141 142 151 139 161 140 171 143 186 144 196 140 206 139 215 140 222 146 178 155 178 163 178 171 178 180 168 188 173 190 178 191 183 190 188 188 148 158 154 156 160 155 165 158 160 160 153 160 191 158 196 155 202 155 208 157 203 159 196 159 161 206 167 203 173 202 178 203 183 202 189 203 195 207 189 213 183 216 178 216 173 215 167 212 164 206 173 205 178 206 183 205 192 207 183 210 178 210 173 209
123 171 125 185 128 200 133 214 141 225 153 234 165 241 179 243 192 241 204 233 215 224 222 211 226 197 228 182 230 167 232 153 134 149 141 142 151 140 161 141 171 144 186 144 195 140 205 139 215 141 221 147 178 155 178 163 178 171 178 180 168 188 173 190 178 191 183 190 188 188 148 159 154 157 159 157 165 159 159 160 153 160 190 158 196 156 202 156 208 157 202 160 196 160 162 206 168 203 173 202 178 203 183 202 188 204 195 207 188 211 183 213 178 214 173 213 168 211 165 206 173 205 178 206 183 205 192 207 183 208 178 208 173 207
122 169 125 184 127 199 132 212 141 224 152 233 165 240 179 242 192 240 205 232 215 222 222 210 226 195 228 181 230 167 231 152 135 149 141 142 151 140 161 140 171 144 185 144 195 140 205 139 215 140 222 146 178 155 178 164 178 172 178 180 168 188 173 190 178 191 183 190 188 188 148 160 154 159 159 159 166 159 160 161 154 162 190 158 196 157 202 157 208 157 202 160 196 160 162 206 168 203 174 202 178 203 182 202 188 203 195 206 188 210 183 212 179 212 174 211 168 210 165 206 174 205 178 206 182 205 192 206 183 207 179 207 174 206
122 169 124 183 127 198 132 212 141 224 152 232 164 239 179 242 193 239 205 232 215 222 222 209 226 195 228 181 230 166 231 152 135 149 141 143 151 140 160 141 170 144 185 144 194 141 204 139 213 141 220 146 177 156 177 164 178 172 178 180 168 188 173 190 178 191 183 190 188 188 148 161 154 160 160 159 166 160 160 162 154 163 190 159 195 159 201 159 207 159 201 161 195 161 161 205 168 203 174 202 178 203 183 202 188 203 195 206 188 210 183 211 179 211 174 210 168 209 164 205 174 205 178 206 183 205 192 206 183 206 178 207 174 206
123 169 124 183 127 198 132 212 141 223 152 232 165 238 179 241 193 239 205 232 215 222 222 209 226 195 228 180 230 166 231 152 135 149 141 143 151 140 161 141 170 144 184 145 194 141 204 139 214 141 221 147 177 156 177 164 177 172 177 180 168 189 173 190 178 191 183 190 189 188 147 161 153 160 159 160 166 160 160 163 153 163 189 159 196 158 202 158 208 158 202 161 196 161 161 205 168 203 174 202 178 203 183 202 189 203 196 205 189 209 183 210 179 211 174 210 168 209 164 205 174 205 178 206 183 205 193 205 183 206 179 206 174 206
122 168 124 183 127 198 132 211 141 223 152 232 165 238 179 241 193 238 206 231 216 221 223 209 226 195 228 180 230 166 231 152 135 149 141 143 151 140 161 141 170 145 184 145 194 141 204 139 214 141 221 147 177 156 177 164 178 172 178 180 168 189 173 190 178 191 183 190 188 188 147 161 153 160 159 159 166 160 160 163 153 163 189 159 196 158 202 158 208 158 202 161 196 161 161 205 168 203 174 202 178 203 182 202 188 203 196 205 189 209 183 210 179 211 174 210 169 209 164 205 174 205 179 206 183 205 193 205 183 205 179 206 174 205
122 170 124 185 127 200 132 213 141 224 153 233 165 239 179 241 193 239 205 232 216 222 223 210 226 196 228 181 230 167 231 152 135 149 141 143 150 140 160 141 170 144 185 145 195 141 204 140 214 141 220 147 178 156 178 164 178 172 178 180 168 189 173 190 178 191 183 190 188 188 148 161 153 161 159 160 166 160 160 162 154 163 190 159 196 159 201 159 207 159 202 161 195 161 161 206 168 203 174 202 179 203 183 202 189 203 196 205 189 209 183 210 179 211 174 210 168 209 164 205 174 205 179 206 183 205 193 205 183 206 179 206 174 205
123 170 125 185 128 200 133 213 141 224 153 233 165 239 179 241 193 239 205 232 215 222 222 210 226 196 228 182 230 167 231 153 134 149 141 143 150 141 160 141 170 145 186 145 195 141 204 140 214 141 221 147 178 156 178 164 178 172 178 181 168 189 173 190 178 192 183 190 188 189 147 161 153 160 159 160 165 160 159 162 153 163 190 159 196 158 202 159 208 159 202 161 196 161 161 206 168 203 174 202 179 203 183 202 189 203 196 205 189 209 183 210 179 211 174 210 168 209 164 206 174 205 179 206 183 205 193 206 183 206 179 206 174 206
123 170 125 185 127 200 133 213 141 224 153 233 165 239 179 241 193 239 205 232 215 222 222 210 226 196 228 182 230 167 231 153 135 149 141 143 151 141 161 141 170 144 186 145 195 141 205 140 214 141 221 147 178 156 178 164 178 172 178 181 168 189 173 190 178 191 183 190 188 189 147 160 153 160 159 159 165 160 159 162 153 162 190 159 196 158 202 158 208 158 202 161 196 161 161 206 168 203 174 202 179 203 183 202 189 203 196 206 189 209 183 210 179 211 174 210 168 209 164 206 174 205 179 206 183 205 193 206 183 206 179 206 174 206
123 170 125 185 128 200 133 213 142 224 153 233 166 238 180 241 194 238 206 231 216 222 223 210 226 196 228 181 231 167 232 153 134 149 141 143 151 140 161 141 171 145 185 145 194 141 204 140 214 141 221 147 178 156 178 164 178 172 178 181 168 189 173 191 178 192 184 190 189 188 148 160 153 159 159 158 165 160 160 162 153 162 190 159 196 157 202 157 208 158 202 161 196 161 162 206 169 203 174 202 179 203 184 202 189 203 196 205 189 209 184 210 180 210 175 210 169 209 164 206 174 205 179 206 184 205 193 205 184 205 179 206 175 205
123 170 125 185 128 199 133 213 141 224 153 232 165 238 179 240 193 238 205 231 215 222 222 210 226 196 228 182 230 167 231 153 134 149 141 142 151 140 161 141 171 144 186 145 195 141 205 139 214 140 221 146 178 155 178 163 178 172 178 180 169 188 173 190 179 191 184 190 189 188 148 159 153 158 159 158 165 159 159 161 153 161 191 158 196 157 202 157 208 158 202 160 196 160 162 205 169 203 174 202 179 203 183 201 189 203 196 205 189 208 184 209 179 210 174 209 169 208 164 205 174 205 179 205 183 205 193 205 183 205 179 205 174 205
123 170 125 185 128 200 133 213 141 224 153 232 166 238 180 240 194 237 206 231 216 222 223 209 227 195 229 181 231 167 232 153 135 148 141 142 151 139 161 140 171 144 186 144 195 140 205 139 214 140 221 146 178 155 178 163 178 171 179 180 169 188 174 190 179 191 184 189 189 188 148 159 154 157 160 157 166 159 160 160 154 161 191 158 196 156 202 156 208 157 203 160 196 160 162 205 169 202 175 201 179 202 184 201 189 202 196 204 190 208 184 209 180 209 175 209 169 208 164 204 175 204 179 205 184 204 194 204 184 204 180 205 175 204
123 169 125 184 128 199 133 213 142 223 154 231 166 237 180 239 194 237 206 230 216 221 223 209 226 195 228 181 231 167 232 152 135 148 141 141 151 139 161 140 171 143 187 143 196 140 206 138 215 140 222 146 179 154 179 162 179 170 179 179 169 187 174 189 179 190 184 189 189 187 148 158 154 157 160 156 166 158 160 160 154 160 191 157 197 156 203 156 209 156 203 159 197 159 162 204 169 202 175 200 179 201 184 200 190 201 197 204 190 207 184 208 180 208 175 208 169 207 165 204 175 203 179 204 184 203 194 203 184 204 180 204 175 204
123 169 125 184 128 199 133 212 142 223 154 231 167 237 180 239 194 236 206 229 216 221 223 208 227 195 229 181 231 166 232 152 135 148 142 141 152 138 162 139 172 142 187 143 196 139 206 138 216 139 223 145 179 154 179 162 179 170 179 179 169 187 174 188 180 189 185 188 190 187 149 157 155 156 160 155 167 157 161 159 155 159 192 157 197 155 203 155 209 156 203 158 197 158 162 203 169 201 175 200 180 201 185 200 190 201 197 203 190 206 185 207 180 208 175 207 170 206 165 203 175 203 180 204 185 203 194 203 184 203 180 204 175 203
123 168 126 183 128 198 133 211 142 222 154 230 167 236 181 238 194 236 206 229 217 221 223 209 227 195 229 181 231 166 232 152 135 147 142 141 152 138 162 139 172 142 188 143 197 139 207 138 216 139 223 145 180 153 180 162 180 170 180 178 170 187 175 188 180 189 185 188 190 186 149 157 155 156 161 155 167 157 161 159 155 159 192 157 198 155 204 155 209 156 204 158 198 158 163 203 170 201 176 199 180 201 185 199 190 201 197 203 191 206 185 207 181 208 176 207 170 206 166 203 176 203 180 203 185 203 194 203 185 203 181 203 176 203
124 169 126 184 129 199 134 212 143 223 155 230 167 236 181 238 194 236 206 229 216 220 223 209 227 195 229 181 231 167 232 152 135 146 142 140 152 138 163 139 172 142 187 142 197 139 206 138 216 139 222 145 180 154 180 162 180 170 180 178 170 187 175 188 180 189 185 188 190 186 149 157 155 155 161 155 167 157 161 159 155 159 192 157 197 155 203 155 209 156 204 158 197 159 163 203 170 201 176 200 181 201 185 199 191 201 198 203 191 206 186 207 181 208 176 207 170 206 166 203 176 203 181 203 185 203 195 203 185 203 181 203 176 203
124 169 126 184 129 198 134 212 143 222 155 230 167 236 181 238 194 236 206 229 216 221 223 209 227 195 229 181 231 167 232 152 135 147 142 140 152 138 163 139 173 142 187 143 196 139 206 138 216 139 223 146 180 154 180 162 180 170 180 178 170 187 175 188 180 189 185 188 190 186 149 157 155 155 161 155 167 157 161 159 155 159 192 157 198 155 203 155 209 156 204 158 198 159 163 203 170 201 176 200 181 201 185 199 191 201 197 203 191 206 185 207 181 208 176 207 170 206 166 203 176 203 181 203 185 203 195 203 185 203 181 203 176 203
124 169 126 184 129 199 134 212 143 223 154 231 167 236 181 238 194 236 206 229 216 221 223 209 227 195 229 182 231 167 232 153 136 147 142 141 152 138 163 139 172 142 188 143 197 139 207 138 216 139 222 145 180 154 180 162 180 170 180 179 170 187 175 188 180 189 185 188 190 187 149 157 155 156 161 155 167 157 161 159 155 159 192 157 198 155 203 155 209 156 204 159 197 159 163 204 170 201 176 200 180 201 185 200 190 201 197 203 190 206 185 207 181 208 176 207 170 206 165 203 176 203 180 204 185 203 194 203 185 203 181 204 176 203
124 169 126 184 129 199 134 212 143 223 155 231 167 236 181 238 195 236 206 229 216 220 223 209 227 195 229 181 231 167 232 152 136 147 142 141 152 138 162 139 172 143 187 143 196 140 206 138 216 140 223 146 180 154 180 162 180 170 180 179 170 187 175 189 180 190 185 188 190 187 149 157 155 156 161 155 167 158 161 159 155 159 192 157 197 155 203 155 209 156 204 159 197 159 163 204 170 201 176 200 180 201 185 200 190 201 197 203 191 206 185 207 181 208 176 208 170 207 165 204 176 203 180 204 185 203 195 203 185 203 181 204 176 203
124 170 126 185 129 199 134 213 143 223 154 231 167 237 181 239 194 236 206 229 216 221 223 209 227 196 229 182 231 167 232 153 135 148 142 141 152 139 162 139 172 143 187 143 196 140 206 138 215 140 222 145 179 154 179 162 179 170 179 179 170 187 175 189 180 190 185 188 190 187 149 158 155 156 161 155 167 158 161 159 155 159 192 157 197 155 203 155 209 156 204 159 197 159 163 204 170 201 176 200 181 201 185 200 191 201 198 203 191 207 185 208 181 208 176 208 170 207 165 204 176 203 181 204 185 203 195 203 185 203 181 204 176 203
124 170 126 185 129 199 134 212 142 223 154 231 167 236 181 239 194 236 206 230 216 221 223 209 227 196 229 182 231 167 232 153 135 148 142 141 152 139 162 140 172 143 187 143 196 140 206 138 215 140 222 146 179 154 179 162 179 170 179 179 170 187 175 189 180 190 185 188 190 187 149 158 155 156 160 155 167 158 161 159 155 159 192 157 197 155 203 155 209 156 203 159 197 159 162 204 169 202 175 200 180 201 185 200 190 201 197 203 190 206 185 207 180 208 175 208 170 207 165 204 175 203 180 204 185 203 194 203 185 203 180 204 175 203
123 169 126 184 128 199 134 212 142 223 154 231 167 237 181 238 194 236 206 229 216 221 223 209 227 195 229 181 231 167 232 152 135 148 142 141 152 139 162 140 172 143 187 143 196 140 206 138 216 140 223 146 179 154 179 162 179 171 179 179 169 188 174 189 179 190 184 189 190 187 148 158 154 156 160 155 167 158 161 160 154 160 191 157 197 155 203 155 209 156 204 159 197 159 163 204 170 202 175 200 180 201 184 200 190 201 197 203 190 207 185 208 180 208 176 208 170 207 165 204 175 203 180 204 184 203 194 203 185 203 180 204 176 203
123 170 126 185 129 200 134 213 143 223 155 231 167 237 181 239 194 237 205 230 215 221 222 210 226 196 228 182 231 168 232 153 135 148 142 141 151 139 162 140 171 143 187 144 196 140 206 139 215 140 222 146 179 154 179 163 179 171 179 179 169 188 174 189 179 190 184 189 189 187 148 158 154 156 160 156 166 158 160 160 154 160 191 158 197 155 203 155 208 156 203 159 197 159 162 205 169 202 175 200 180 202 184 200 190 202 197 204 190 207 185 208 180 209 175 208 170 207 165 204 175 204 180 204 184 203 194 204 184 204 180 204 175 204
123 170 125 185 128 199 133 213 142 223 154 231 167 237 180 239 194 237 206 230 216 221 223 209 227 195 229 181 231 167 232 152 134 148 141 142 151 139 161 140 171 143 186 144 196 140 205 139 215 140 222 146 179 154 179 163 179 171 179 179 169 188 174 189 179 190 184 189 189 188 148 158 154 156 160 156 166 158 160 160 154 160 191 158 197 155 203 155 209 156 203 159 197 159 162 204 169 202 175 201 180 202 184 200 190 202 197 204 190 207 185 208 180 209 175 208 169 207 165 204 175 204 180 204 184 204 194 204 184 204 180 205 175 204
123 170 125 185 128 200 134 213 142 224 154 232 167 237 180 239 194 237 205 230 216 221 223 209 226 196 229 182 231 167 232 153 134 148 141 142 151 139 161 140 171 144 186 144 195 140 205 139 215 140 222 146 179 155 179 163 179 171 179 180 169 188 174 190 179 191 184 189 189 188 148 158 154 156 160 156 166 158 160 160 154 160 191 158 197 155 203 155 209 157 203 159 197 159 162 205 169 202 175 201 179 202 184 201 189 202 196 204 190 207 184 209 180 209 175 209 169 208 165 205 175 204 179 205 184 204 194 204 184 204 180 205 175 204
123 169 125 184 128 199 133 213 142 224 153 231 166 237 180 239 193 237 206 230 216 221 223 209 226 195 229 181 231 167 232 152 134 149 141 142 151 139 161 140 171 144 186 144 195 141 205 139 215 140 222 146 178 155 178 163 178 171 178 180 169 188 174 190 179 191 184 190 189 188 148 158 154 157 160 156 166 158 160 160 154 160 191 158 196 155 203 155 209 156 203 159 197 159 162 205 169 203 175 201 179 202 183 201 189 202 196 204 189 208 184 209 180 209 175 209 169 208 165 205 175 204 179 205 184 204 193 204 184 204 179 205 175 204
123 169 125 184 128 199 133 213 142 223 153 231 166 237 180 239 193 237 205 230 215 221 222 209 226 195 228 181 230 166 231 152 134 148 141 142 151 140 161 141 171 144 186 144 195 141 205 139 214 140 222 146 178 155 178 163 178 171 178 180 169 188 173 190 178 191 184 190 189 188 147 158 153 157 159 156 166 158 160 160 153 160 191 158 196 156 202 156 208 157 203 159 196 160 162 205 169 203 175 201 179 202 183 201 189 202 196 204 189 208 184 209 180 209 175 209 169 208 165 205 175 204 179 205 184 204 193 204 184 204 179 205 175 204
123 170 125 185 128 200 133 213 142 224 153 232 166 238 180 240 193 237 205 230 215 222 222 210 226 196 228 182 230 167 231 153 134 148 141 142 151 140 161 141 171 144 186 145 195 141 205 139 214 141 221 147 178 155 178 164 178 172 178 180 169 189 173 190 178 191 183 190 189 188 147 159 153 157 160 156 166 159 160 161 153 161 190 159 196 156 202 155 208 157 202 160 196 160 162 205 169 203 174 201 179 203 184 201 189 202 196 205 190 208 184 209 180 210 175 209 169 208 164 205 174 205 179 205 184 205 194 205 184 205 179 205 175 205
122 170 125 185 128 200 133 213 142 224 154 231 166 237 180 239 193 237 205 230 215 221 222 209 226 195 228 181 230 167 231 152 134 148 141 142 150 140 161 141 171 144 186 145 195 141 205 139 214 141 221 147 178 155 178 163 178 172 178 180 169 188 173 190 178 191 183 190 189 188 147 158 153 157 159 156 166 159 160 160 153 161 190 158 196 156 202 155 208 157 203 160 196 160 162 205 169 203 174 201 179 203 183 201 189 202 196 205 189 208 184 209 180 209 175 209 169 208 164 205 174 204 179 205 183 204 193 204 184 204 179 205 175 204
122 170 125 185 127 199 133 213 142 223 153 231 166 237 180 239 193 237 205 230 215 221 222 209 226 195 228 181 230 167 231 152 133 148 140 142 150 140 160 141 170 144 185 144 194 141 204 139 214 140 221 146 178 155 178 164 178 172 178 180 168 188 173 190 178 191 183 190 188 188 147 158 153 156 159 156 165 159 159 160 153 161 190 158 196 155 202 155 208 157 202 159 196 160 161 205 168 203 174 201 179 202 183 201 189 202 196 204 190 208 184 209 179 209 174 209 169 208 164 205 174 204 179 205 184 204 194 204 184 204 179 205 174 204
