118 167 120 182 122 196 127 209 136 219 148 227 160 233 173 236 187 233 198 227 209 219 216 207 220 194 223 180 225 166 226 152 130 144 137 138 147 135 157 136 166 140 181 141 191 137 201 136 210 138 216 144 174 151 174 159 174 166 174 174 163 183 168 185 173 186 178 185 183 183 143 154 149 152 155 152 161 155 156 156 149 156 186 155 192 152 198 152 203 154 198 156 192 156 156 200 163 197 169 196 174 197 178 196 184 198 191 201 184 204 178 205 174 205 169 205 163 203 159 200 169 200 174 200 178 200 188 201 178 200 174 200 169 200
118 168 120 183 122 197 127 210 136 220 148 228 160 234 174 236 187 234 199 227 210 219 217 207 221 194 223 181 225 167 226 153 130 144 137 137 147 135 157 136 167 139 182 140 191 137 201 136 210 138 216 144 174 151 174 159 174 166 173 174 163 183 168 185 173 186 179 185 184 183 144 154 150 152 156 152 161 154 156 156 150 156 186 155 192 152 197 152 203 154 198 156 192 156 157 201 163 198 169 196 174 198 178 197 184 198 190 201 184 204 178 205 174 205 169 205 163 204 159 200 169 200 174 200 178 200 188 201 178 200 174 201 169 200
118 167 120 182 122 196 127 210 136 220 147 229 160 235 173 237 187 235 199 228 210 219 217 207 221 194 223 180 225 166 226 152 130 144 137 138 147 135 157 136 167 139 182 140 191 137 201 136 210 138 217 144 174 150 174 159 174 166 174 174 163 183 168 185 173 186 179 185 184 183 144 154 150 152 156 152 161 154 156 156 150 156 186 154 192 152 198 152 203 154 198 156 192 156 157 202 163 198 169 197 174 198 179 197 184 199 190 202 184 205 178 207 174 207 169 207 163 205 159 201 169 200 174 201 178 200 187 202 178 202 174 202 169 201
119 168 120 182 122 197 127 210 135 221 147 229 159 236 173 238 187 236 199 229 209 220 216 208 220 195 223 181 225 167 226 153 130 144 137 138 147 135 157 136 167 139 182 140 191 137 201 136 210 138 217 144 174 151 174 159 174 166 174 174 163 183 168 185 173 186 179 185 184 183 144 154 149 152 155 152 161 154 155 156 149 156 186 155 192 153 197 153 203 154 198 156 192 156 157 203 163 199 169 197 174 199 178 197 184 199 189 203 184 206 179 208 174 208 169 208 163 206 159 202 169 201 174 202 178 201 187 203 178 203 174 203 169 203
119 167 120 182 122 197 127 210 136 221 148 230 160 236 173 239 187 237 198 229 209 220 216 208 221 194 223 180 225 166 227 152 130 144 137 138 147 135 157 136 167 139 182 140 191 137 201 136 210 138 217 144 174 151 174 159 173 166 173 174 163 183 168 185 173 186 179 185 184 183 144 154 150 152 155 152 161 154 156 156 149 156 186 154 191 152 197 153 203 154 198 156 191 156 157 203 163 198 169 196 174 198 179 196 184 198 189 203 184 208 179 210 174 211 169 210 163 208 161 202 169 200 174 200 179 200 186 203 179 205 174 205 169 205
118 167 120 182 122 196 127 210 135 221 147 230 159 237 173 239 186 237 198 229 209 220 216 208 220 194 223 180 225 166 227 152 130 144 137 138 147 135 157 136 167 139 182 140 191 137 201 136 210 138 217 144 174 151 174 159 173 166 173 174 163 183 168 185 173 186 179 185 184 183 144 154 150 152 155 152 161 154 156 156 149 156 186 154 192 152 198 153 203 154 198 156 192 156 157 203 163 198 169 196 174 197 179 196 184 198 189 203 184 208 179 211 174 211 168 211 162 208 160 202 169 200 174 200 178 200 186 203 178 205 174 205 169 205
118 167 120 181 122 196 127 210 135 221 147 230 159 237 173 240 187 237 198 230 209 220 216 208 220 194 222 181 225 167 227 152 131 144 137 138 147 135 157 136 167 139 182 141 191 138 201 136 211 138 217 144 174 151 174 159 174 167 173 175 163 183 168 185 173 186 179 185 184 183 144 154 150 152 155 152 161 154 156 156 149 156 186 155 192 153 197 153 203 154 198 156 191 156 157 203 162 198 168 196 173 197 178 196 184 198 189 203 184 209 178 211 173 211 168 211 162 208 160 202 168 200 173 200 178 200 186 203 178 205 173 206 169 205
118 168 120 182 122 197 127 210 136 221 147 230 160 237 174 239 187 237 199 229 209 220 216 208 220 194 223 180 225 166 226 152 130 144 137 138 147 135 157 136 167 139 182 140 191 137 201 136 210 138 217 144 174 151 174 159 174 167 173 175 163 183 168 185 173 186 178 185 183 183 144 154 149 152 155 152 161 154 155 156 149 156 186 155 192 153 198 153 203 154 198 156 192 156 157 202 163 198 169 196 174 197 178 196 184 198 189 203 184 208 178 210 173 211 168 210 162 207 160 202 169 200 174 200 178 200 186 203 178 205 173 205 168 204
118 167 120 181 122 196 127 209 135 220 147 229 159 236 172 239 186 237 197 230 208 220 216 208 220 194 223 180 225 166 227 152 130 144 137 138 147 135 157 136 167 139 182 140 191 137 201 136 210 138 217 144 174 151 174 159 173 167 173 175 163 183 168 185 173 186 178 185 184 183 144 154 150 153 156 152 161 154 156 156 150 156 186 155 192 153 198 153 203 154 198 156 191 156 157 201 163 198 169 196 173 198 178 197 183 198 189 203 183 207 178 209 173 210 168 209 163 207 160 201 169 200 173 201 178 200 186 202 178 204 173 204 169 203
118 167 120 181 122 196 127 210 136 221 147 229 159 236 173 239 187 236 199 229 209 220 216 207 220 194 223 180 225 165 226 151 130 144 137 138 147 135 157 136 167 139 182 140 191 137 201 136 210 138 217 144 174 151 174 159 173 166 173 174 163 183 168 185 173 186 178 185 183 183 144 154 150 152 156 152 161 154 156 156 149 156 186 155 192 153 198 153 203 154 198 157 192 156 157 201 163 198 169 197 174 198 178 197 184 199 189 202 183 207 178 208 173 209 169 208 163 206 160 201 169 200 174 201 178 201 186 202 178 203 174 203 169 202
118 168 120 182 123 197 127 210 136 221 148 229 160 235 174 238 187 236 199 229 210 220 217 208 221 194 223 180 225 166 227 152 130 144 137 138 147 135 157 136 167 139 182 141 191 137 201 136 211 138 217 145 174 150 174 159 174 166 173 174 164 183 168 185 173 186 179 185 184 183 144 154 150 152 156 152 162 154 156 156 150 156 186 154 192 152 198 153 203 154 198 156 192 156 158 201 164 198 169 197 174 198 178 197 184 199 190 202 184 205 178 207 174 207 169 206 164 205 160 201 169 200 174 201 178 200 187 202 178 202 174 202 169 201
119 167 121 181 123 196 127 210 136 221 148 229 160 235 174 238 188 236 200 229 211 220 218 207 221 193 223 179 225 165 227 151 130 144 137 138 147 135 157 136 167 139 182 140 191 137 201 136 211 138 217 144 174 150 174 159 174 166 174 175 164 183 169 185 174 186 179 185 184 183 144 154 150 152 156 152 162 154 156 156 150 156 186 154 192 152 198 153 203 154 198 156 192 156 158 201 164 198 170 197 174 198 179 197 184 198 190 202 184 205 179 206 174 206 170 206 164 205 160 201 170 200 174 201 179 200 188 201 179 201 174 202 170 201
119 167 121 182 123 196 128 210 137 221 149 229 161 236 175 239 189 236 201 229 211 219 218 207 221 193 223 179 226 165 227 151 131 144 138 138 147 135 157 136 167 140 182 141 191 137 201 136 210 138 217 144 174 151 174 159 174 166 174 174 164 183 169 185 174 186 179 185 184 183 144 154 150 152 156 152 162 154 156 156 150 156 186 155 192 152 198 153 203 154 198 156 192 156 158 202 164 199 169 197 174 198 179 197 184 199 190 202 184 205 179 207 174 208 169 207 164 206 161 202 169 201 174 202 179 201 187 201 179 202 174 203 170 202
119 167 121 181 123 196 128 210 137 221 149 230 161 237 175 239 189 237 201 229 211 219 218 207 222 193 224 179 226 165 227 150 131 144 138 138 147 136 157 136 167 140 182 141 191 138 201 137 211 138 217 144 174 151 174 159 174 167 174 175 164 184 169 185 174 186 179 185 184 184 144 154 150 152 156 152 162 154 156 156 150 156 186 155 192 152 198 153 204 154 198 156 192 156 158 203 164 199 169 197 174 199 179 197 185 199 190 203 185 207 179 210 174 210 169 210 164 208 161 202 169 201 174 201 179 201 187 203 179 204 174 204 170 204
119 167 121 182 123 197 128 211 137 222 149 231 161 238 175 241 189 238 201 230 211 220 218 208 221 194 224 180 226 165 227 151 131 144 138 138 147 136 157 137 167 140 182 141 191 138 201 136 211 138 217 144 174 151 174 159 174 167 174 175 163 183 168 185 174 186 179 185 184 184 144 154 150 153 156 152 161 154 156 156 150 156 186 154 192 153 198 153 203 154 198 156 192 156 158 204 164 199 169 197 174 198 179 197 184 199 190 203 185 209 179 211 174 212 169 211 164 209 161 203 169 200 174 201 179 200 186 203 179 206 174 206 170 205
119 167 121 182 123 196 128 211 137 222 149 231 161 238 175 241 189 238 201 231 211 220 218 208 222 194 224 180 226 166 227 152 131 144 138 138 148 136 158 137 168 140 182 141 191 138 201 136 210 138 217 144 174 151 174 159 174 167 174 175 163 183 168 185 174 187 179 185 184 184 144 154 150 153 156 152 161 154 156 156 150 156 186 155 192 153 198 153 204 154 198 157 192 156 158 203 163 199 169 197 174 198 179 197 185 199 190 203 185 209 179 212 174 212 169 212 163 209 161 203 169 200 174 201 179 200 187 203 179 206 174 207 170 206
119 168 121 182 124 197 129 210 138 222 150 230 162 238 176 240 190 237 202 229 212 219 219 206 222 193 224 179 226 165 227 151 131 144 138 138 147 136 158 137 167 140 182 141 192 138 202 137 211 139 217 145 174 151 174 159 174 167 174 175 163 183 168 185 174 186 179 185 184 184 144 154 150 152 156 152 161 154 156 156 150 156 186 155 192 153 198 153 203 154 198 156 192 156 158 202 164 198 170 196 174 198 179 197 185 199 191 203 186 209 180 211 175 212 170 211 164 208 161 202 170 199 174 200 179 200 188 202 179 206 175 206 170 205
119 168 122 182 124 197 129 210 138 221 150 229 162 236 176 238 190 236 202 229 212 219 219 207 222 193 224 179 226 165 227 151 131 144 138 138 148 135 158 136 168 140 183 141 191 137 201 136 211 138 217 144 175 151 174 159 174 167 174 175 164 183 169 185 174 186 179 185 185 183 144 154 150 152 156 152 162 154 156 156 150 156 187 155 193 153 198 153 204 154 199 156 192 156 158 201 164 197 170 196 175 197 179 196 186 198 192 202 186 207 180 209 175 210 170 209 164 206 161 201 170 199 175 199 179 199 188 201 180 204 175 204 170 204
119 167 121 181 124 195 129 208 137 219 149 228 162 234 176 237 190 235 202 228 212 219 219 206 222 192 224 179 226 165 227 151 131 144 138 137 148 135 158 136 168 139 183 140 192 137 202 136 211 138 218 144 175 150 175 159 174 167 174 175 164 182 169 184 174 186 180 184 185 183 145 154 151 152 156 152 162 154 156 155 150 155 187 154 193 152 198 153 204 154 199 156 193 156 159 200 164 197 170 195 175 197 180 195 186 197 192 201 186 206 180 208 175 208 170 207 164 205 162 200 170 198 175 199 180 199 189 201 180 202 175 203 170 201
119 167 121 181 124 195 128 209 137 220 149 228 162 235 176 237 190 235 202 228 212 219 219 206 222 192 224 178 226 164 227 150 132 144 138 137 148 135 158 136 168 139 183 140 192 137 202 136 212 138 218 144 175 150 175 158 175 166 175 175 164 182 169 184 175 186 180 184 185 183 145 153 150 152 156 152 162 154 156 155 150 155 187 154 193 152 199 153 204 154 199 156 193 156 159 200 164 197 170 195 175 197 180 195 186 197 193 200 186 205 181 206 175 207 170 206 165 204 162 200 170 198 175 199 180 199 190 200 180 201 175 201 170 200
119 166 121 180 123 195 128 208 136 220 149 228 161 235 175 237 189 235 202 228 212 219 219 206 222 192 224 178 226 164 227 150 131 144 138 137 148 135 158 136 168 139 183 140 192 137 202 136 211 138 218 144 175 150 175 158 175 166 175 175 164 182 169 184 175 186 180 184 185 183 145 153 150 152 156 152 162 154 156 155 150 155 187 154 193 152 199 153 204 154 199 156 193 156 158 200 164 197 170 195 175 197 180 196 186 198 192 201 186 205 180 207 175 208 170 207 164 204 161 200 170 198 175 199 180 199 189 200 180 202 175 202 170 201
119 166 121 181 124 195 128 209 136 220 148 229 161 236 175 238 189 236 201 229 211 220 218 207 222 193 224 179 226 165 228 151 131 144 138 137 148 134 159 135 168 139 183 140 192 137 202 136 212 138 218 144 175 150 175 158 175 166 174 174 164 182 169 184 174 186 180 185 185 183 145 153 151 152 157 152 162 154 157 155 151 155 187 154 193 152 198 153 204 154 199 156 193 156 158 201 164 197 170 196 175 197 180 196 185 198 191 202 185 207 180 209 175 209 169 208 164 206 162 200 170 199 174 199 179 199 188 201 179 203 175 204 170 203
119 167 121 181 124 196 128 209 137 220 149 229 161 236 174 239 188 236 200 229 211 220 218 207 222 193 224 180 226 166 228 152 132 144 138 137 148 134 159 135 169 139 183 140 192 137 202 136 212 138 218 144 175 150 175 158 175 166 174 175 164 182 169 184 174 186 179 185 185 183 145 154 151 152 156 152 162 154 157 155 151 155 187 154 193 153 199 153 204 154 199 156 193 156 158 201 164 197 170 196 174 197 179 196 185 198 191 202 185 208 179 210 174 211 169 210 164 207 161 201 170 199 174 199 179 199 187 202 179 205 174 205 169 204
119 167 121 181 123 196 128 209 136 220 148 229 160 237 174 239 188 237 200 230 210 220 218 207 222 194 224 180 226 166 228 152 132 144 138 137 148 135 159 136 169 139 183 140 192 137 202 136 211 138 217 144 175 151 175 159 175 166 174 174 164 183 169 184 174 186 179 185 185 183 145 154 151 153 156 152 162 154 157 155 151 155 187 154 193 153 198 153 204 154 198 156 192 156 157 201 164 198 170 196 175 198 179 197 185 199 191 202 185 207 179 210 174 210 169 209 163 207 160 201 170 200 174 200 179 200 187 202 179 204 174 205 170 204
119 166 121 181 123 195 128 209 137 221 148 230 160 238 174 240 188 238 201 230 211 221 219 208 222 194 225 180 226 166 228 152 132 144 139 137 148 135 159 136 169 139 183 140 192 137 202 136 211 138 217 145 175 151 175 159 174 166 174 175 164 183 169 185 174 186 180 185 185 183 146 155 151 155 157 154 163 155 157 156 151 157 187 155 193 155 198 155 204 155 198 157 192 157 156 201 163 198 169 196 174 198 179 197 185 199 191 202 185 208 179 211 174 211 169 210 163 207 160 201 169 200 174 200 179 200 187 202 179 206 174 206 169 206
119 167 120 181 123 195 127 209 136 221 147 230 160 238 174 241 188 238 201 230 211 220 218 207 222 192 224 179 226 165 228 151 132 145 139 138 148 135 158 136 168 140 182 141 192 137 202 136 211 138 217 145 175 151 174 159 174 167 174 175 164 183 169 185 174 186 179 185 184 183 145 156 151 155 157 155 163 155 157 157 151 158 186 156 192 155 198 156 204 156 198 158 192 158 156 201 163 198 169 197 174 198 178 197 185 199 191 202 185 208 179 211 174 211 169 210 163 208 159 201 169 200 174 201 178 200 188 202 179 205 174 206 169 205
119 166 120 180 123 195 127 209 136 221 148 230 160 238 174 240 188 238 200 230 211 220 218 207 221 193 224 179 226 165 227 150 131 144 138 138 148 135 158 136 168 140 182 141 192 138 202 137 211 139 217 145 174 151 174 159 174 167 174 175 164 183 169 185 174 186 179 185 184 184 144 155 150 155 156 155 162 155 156 157 150 157 186 155 192 155 198 156 204 156 198 158 192 158 156 201 163 198 169 197 174 198 179 197 185 199 191 202 185 208 179 211 174 211 169 210 162 208 159 201 169 200 174 200 178 200 187 202 179 206 174 206 169 206
119 167 121 181 123 196 128 210 136 221 148 230 160 237 174 240 188 237 201 230 211 221 218 208 222 194 224 180 226 166 227 152 131 145 138 138 147 136 158 137 167 140 182 141 191 138 201 137 211 139 217 145 174 151 174 160 173 167 173 176 163 183 168 185 173 187 179 185 184 184 144 155 150 155 156 154 162 155 156 156 150 157 186 155 192 155 198 155 204 155 198 157 192 157 156 201 162 198 169 196 174 198 178 197 185 199 191 202 184 208 178 210 173 211 168 210 162 207 159 201 169 199 173 200 178 199 187 202 178 205 173 206 168 205
119 167 120 181 123 196 127 210 136 221 148 230 161 237 175 239 189 237 201 230 211 220 218 208 222 194 224 180 226 166 227 152 131 144 138 138 148 136 158 137 168 140 182 141 191 138 201 137 211 138 217 145 174 151 174 159 173 167 173 176 163 183 168 185 173 186 179 185 184 184 145 155 150 154 156 153 161 154 156 156 150 156 186 155 192 154 197 154 203 155 197 157 192 157 156 201 163 197 169 196 173 197 178 196 184 198 190 202 184 207 178 209 174 209 168 208 163 206 160 201 169 199 173 200 178 199 187 202 178 204 174 204 169 203
119 167 121 182 123 196 128 210 137 221 149 230 162 236 175 239 189 236 201 229 211 220 218 207 222 193 224 179 226 165 227 151 131 144 138 138 147 135 158 136 167 140 182 141 191 138 201 136 211 138 217 144 174 151 174 159 174 167 173 175 163 183 168 185 173 186 179 185 184 183 144 154 150 153 156 152 161 154 156 155 150 156 186 155 192 153 198 153 203 154 198 156 192 156 156 201 163 197 169 196 174 197 179 196 185 198 191 201 185 206 179 209 174 209 168 208 163 206 159 200 169 199 174 199 179 199 188 201 179 203 174 204 169 203
119 168 121 182 123 197 128 210 137 221 149 230 161 237 175 239 188 236 201 229 211 220 218 207 222 193 224 179 225 165 227 151 130 143 137 137 147 135 157 136 167 139 182 140 191 137 201 136 210 138 217 144 174 151 174 159 174 167 173 175 163 183 168 184 173 186 179 185 184 183 144 154 150 152 155 152 161 154 156 155 150 155 186 155 191 153 197 153 203 154 197 156 191 156 156 201 163 197 169 195 174 197 178 196 185 198 191 201 185 207 179 209 174 210 168 209 163 206 160 200 169 199 174 199 179 199 187 201 179 204 174 204 168 204
118 167 120 181 123 196 127 210 136 221 148 230 161 237 174 239 188 237 200 229 211 220 218 207 221 194 224 180 225 166 227 151 131 144 137 138 147 135 158 136 167 140 182 141 191 137 201 136 210 138 217 144 174 151 174 159 174 167 173 175 163 183 168 185 173 186 178 185 184 183 144 154 150 152 155 152 161 154 156 155 150 156 186 155 192 152 197 153 203 154 198 156 192 156 156 201 162 197 168 195 173 197 178 196 184 198 190 202 184 207 179 209 173 210 168 209 162 206 160 201 168 199 173 200 178 199 187 202 178 204 173 204 168 204
119 167 120 181 123 196 127 210 136 221 148 230 160 237 174 239 188 237 200 230 210 221 217 208 221 195 223 181 225 167 227 152 130 144 137 138 147 135 157 136 167 140 182 141 191 138 201 136 210 138 217 144 174 151 174 159 173 167 173 175 163 183 168 185 173 186 178 185 184 183 144 154 150 152 155 152 161 154 155 155 149 156 186 155 191 153 197 153 203 154 197 156 191 156 156 201 162 197 168 195 173 197 178 196 185 198 191 202 185 208 179 210 174 211 168 210 162 207 160 201 168 199 173 200 178 199 187 202 178 205 173 205 168 204
119 167 120 182 123 196 128 210 137 221 149 230 161 237 174 239 188 237 200 229 211 220 218 208 221 194 224 180 225 166 227 151 130 144 137 138 147 136 157 137 167 140 182 141 191 138 201 136 210 138 217 144 174 151 174 159 174 167 173 175 163 183 168 185 173 186 178 185 184 183 144 154 150 152 155 152 161 154 156 155 150 156 186 155 191 153 197 153 203 154 198 156 191 156 156 201 162 197 168 195 173 197 178 196 185 198 191 202 185 208 179 210 174 210 168 210 163 207 160 201 169 199 173 199 178 199 187 202 178 204 173 205 168 204
119 167 120 182 123 196 128 210 136 221 148 230 160 237 174 239 187 237 200 230 210 221 217 209 221 195 223 181 225 167 226 153 131 144 137 138 147 135 157 136 167 140 182 141 191 137 201 136 210 138 217 144 174 151 174 159 173 167 173 175 163 183 168 185 173 186 178 185 184 183 144 154 149 153 155 152 161 154 155 156 149 156 186 155 191 153 197 153 203 154 197 156 191 156 156 201 162 197 168 195 174 197 178 196 184 198 191 202 184 208 179 210 174 210 168 209 162 206 159 201 168 199 173 199 178 199 187 202 178 204 174 205 168 204
119 167 120 181 123 196 127 209 136 221 147 230 160 237 174 239 187 237 200 230 210 221 217 209 221 195 223 181 225 167 227 152 130 144 137 138 147 135 158 136 167 139 182 140 191 137 201 136 210 138 217 144 174 151 174 159 173 167 173 175 163 183 168 185 173 186 178 185 183 183 144 154 150 152 155 152 161 154 155 156 149 156 186 155 191 153 197 153 203 154 197 156 191 156 156 200 162 197 168 195 173 197 178 196 184 198 191 202 184 207 178 209 173 210 168 209 162 206 159 200 168 199 173 200 178 199 188 202 178 204 173 204 169 203
119 167 120 182 123 196 127 210 135 221 147 231 159 238 173 240 187 238 200 231 210 222 217 209 221 195 223 182 225 167 226 153 130 144 137 138 147 135 157 136 167 140 182 141 191 137 201 136 210 138 216 145 174 151 174 159 174 166 173 175 163 183 168 184 173 186 178 185 183 183 144 154 149 152 155 152 161 154 155 156 149 156 186 155 191 152 197 153 203 154 197 157 191 156 156 201 162 197 168 195 173 197 178 196 184 198 190 202 184 208 178 211 173 211 168 210 162 207 159 200 168 199 173 199 178 199 187 202 178 205 173 206 168 205
119 167 120 181 122 195 126 209 135 221 146 230 158 237 172 240 186 238 199 231 209 221 216 209 221 195 223 181 225 167 227 152 130 144 137 138 147 135 158 136 167 140 182 140 191 137 201 136 210 138 217 145 174 151 174 159 173 167 173 175 163 183 168 184 173 186 178 185 184 183 144 154 149 152 155 152 161 154 155 156 149 156 186 155 191 152 197 153 203 154 197 157 191 156 155 200 161 197 168 195 173 197 178 196 184 198 190 202 184 208 178 210 173 211 167 210 161 206 158 200 168 199 173 199 178 199 186 202 178 205 173 205 168 204
118 166 120 181 121 195 125 208 133 220 145 229 157 235 172 238 186 236 200 230 210 221 217 208 221 195 223 180 225 166 227 152 131 143 138 137 148 135 158 136 167 140 182 141 191 137 201 136 210 138 217 145 174 151 174 159 173 167 173 175 162 183 168 185 173 186 178 185 184 184 144 154 150 152 155 152 161 154 155 155 149 155 186 155 192 153 197 153 203 154 198 156 191 156 155 199 161 196 168 195 173 197 178 196 184 198 191 202 184 206 177 207 172 207 167 205 161 203 158 199 168 199 173 200 178 200 188 202 177 201 172 202 167 200
118 167 120 181 122 195 126 209 134 220 145 228 158 235 172 238 186 236 199 230 210 221 217 209 221 195 223 181 225 166 227 152 131 143 138 137 148 135 158 135 167 139 182 140 192 137 201 136 210 138 217 144 174 150 174 159 174 167 173 175 163 182 168 184 173 186 178 185 184 183 144 154 150 153 155 153 161 154 156 155 150 156 186 155 192 153 197 154 203 154 197 156 192 156 155 199 162 196 168 195 173 197 178 196 184 198 190 201 183 205 178 206 172 206 167 205 162 203 158 199 168 199 172 200 178 199 187 201 177 201 172 201 167 200
118 167 120 181 122 195 126 208 134 220 145 228 158 234 172 237 187 235 200 229 211 220 218 207 221 193 223 179 225 165 226 151 132 144 138 137 148 135 157 136 167 139 182 140 191 137 200 136 209 138 214 145 174 151 174 159 173 167 173 175 163 182 168 185 173 186 178 185 184 183 145 156 151 155 156 154 162 155 156 157 151 157 186 155 191 155 197 155 202 156 197 158 191 157 156 199 162 196 168 195 173 197 178 196 184 198 191 202 184 205 178 206 173 206 168 205 162 203 158 199 168 199 173 200 178 200 188 201 178 201 173 201 168 200
118 165 120 179 122 194 126 207 134 218 146 227 158 234 172 237 186 235 199 228 209 219 217 207 221 193 223 179 225 165 227 151 131 144 138 137 147 135 157 136 167 140 182 141 191 137 201 136 210 138 216 144 174 151 174 159 174 167 174 175 163 183 168 185 173 186 179 185 184 184 144 155 150 155 156 154 162 155 156 157 150 157 186 155 192 155 198 155 204 156 198 158 192 158 156 199 163 197 169 196 173 197 178 196 184 198 191 201 184 205 178 206 173 206 168 205 162 203 159 199 169 199 173 200 178 200 188 201 178 201 173 201 168 200
118 166 120 180 122 195 126 208 134 219 146 228 158 234 172 237 187 235 200 229 210 220 217 207 221 193 223 179 225 165 226 151 131 145 138 138 147 136 157 136 167 140 181 141 190 137 200 136 210 138 216 145 174 151 174 159 174 167 173 175 163 183 168 185 173 186 179 185 184 184 144 156 150 155 156 154 162 155 156 157 150 157 185 155 192 155 198 155 203 156 198 158 191 158 156 199 163 197 168 196 173 198 178 197 184 198 190 201 183 205 178 206 173 206 168 205 162 203 159 199 168 200 173 200 178 200 187 201 178 201 173 201 168 200
118 166 120 180 122 194 126 208 135 219 146 228 158 235 172 238 186 236 198 229 209 220 217 208 221 194 223 180 226 165 227 151 131 144 138 138 147 135 157 136 167 140 182 141 191 137 201 136 210 138 216 145 174 151 174 159 173 167 173 175 163 183 168 185 173 186 178 185 183 184 144 155 150 155 156 154 162 154 156 156 150 156 186 155 192 154 197 155 203 155 197 157 191 157 155 200 162 197 168 197 172 198 177 197 183 199 189 202 183 206 177 207 172 208 167 206 162 204 158 200 167 200 172 201 177 201 186 202 177 202 172 202 167 201
118 166 120 180 122 194 126 208 135 219 146 228 158 236 172 239 186 237 198 229 209 220 216 207 220 193 223 179 225 165 227 151 131 144 137 138 147 135 157 136 167 140 182 141 191 138 201 136 210 139 216 145 174 151 173 159 173 167 173 175 163 183 167 185 172 186 177 185 183 184 144 154 150 153 156 153 161 154 156 156 150 156 186 155 191 153 197 154 203 155 197 157 191 157 155 200 161 197 167 196 172 198 176 197 182 199 189 203 182 208 176 210 171 211 166 209 161 206 158 200 167 200 171 201 176 201 185 203 176 205 171 205 166 204
118 166 119 180 122 195 126 208 135 219 147 229 158 236 172 239 186 237 198 230 209 221 217 208 221 194 223 180 225 166 227 152 130 144 137 138 147 135 157 136 167 140 182 141 191 138 201 137 211 138 217 145 174 151 173 159 173 167 172 176 162 183 167 185 172 187 177 186 183 184 144 154 150 153 155 152 161 154 156 156 150 156 186 155 191 153 197 153 203 155 197 157 191 156 155 200 160 197 166 196 171 198 176 197 182 200 189 203 182 209 176 211 171 212 166 210 160 206 158 200 166 200 171 201 176 201 185 203 176 206 171 206 166 204
118 166 120 181 122 195 126 209 135 220 147 229 159 237 172 240 186 238 198 230 209 221 216 209 221 194 223 180 225 166 227 151 130 144 137 138 147 136 157 136 167 140 181 141 191 138 201 137 210 139 217 145 173 151 173 160 173 167 172 176 162 183 167 185 172 187 177 186 183 184 143 154 149 153 155 152 161 155 155 156 149 156 186 155 191 153 197 153 203 155 197 157 191 157 154 200 160 197 166 197 172 198 176 197 182 199 189 203 182 209 176 212 171 212 166 211 160 207 157 200 166 200 171 201 176 201 185 203 176 206 171 207 166 205
118 166 120 180 122 195 127 209 136 220 147 229 159 237 173 240 186 237 199 230 209 220 217 207 221 193 223 179 225 165 227 151 130 144 137 138 147 136 157 137 167 140 181 141 191 138 201 137 210 139 217 145 173 151 173 160 173 167 172 176 162 183 167 185 172 187 177 186 182 184 143 154 149 153 155 153 161 155 155 156 149 156 186 155 191 153 197 153 203 154 197 157 191 157 154 201 160 197 167 196 172 198 176 197 183 199 189 203 183 210 176 213 171 213 166 212 160 208 158 201 167 199 172 200 176 200 185 203 176 207 171 207 166 206
118 166 120 181 122 195 127 209 136 220 147 229 159 236 173 239 187 237 199 229 209 220 216 207 221 193 223 179 225 165 226 151 130 144 137 138 147 136 157 137 167 140 181 141 190 138 200 137 210 139 216 145 173 152 173 160 173 168 172 176 162 183 167 185 172 187 178 186 183 184 143 154 149 153 155 153 161 155 155 156 149 156 185 155 191 153 197 153 203 155 197 157 191 157 155 201 161 197 167 196 172 197 177 196 183 199 189 203 183 209 177 212 172 212 166 211 161 207 158 201 167 199 172 200 177 200 186 203 177 206 172 206 167 205
118 167 120 181 122 196 127 209 136 220 148 229 160 236 173 239 187 236 199 229 209 220 217 208 221 194 223 180 225 166 227 152 130 144 137 138 147 136 157 137 167 140 181 141 190 138 201 137 210 139 217 145 173 151 173 159 173 167 172 176 163 183 167 185 172 186 178 186 183 184 143 154 149 153 155 152 161 154 155 156 149 156 186 155 191 153 197 153 203 154 197 157 191 156 156 201 161 197 167 195 172 197 177 196 183 198 189 202 183 208 177 210 172 211 167 210 161 207 159 200 167 199 172 200 177 199 186 202 177 205 172 205 167 204
118 166 120 181 122 195 127 209 135 220 147 228 159 235 173 238 186 236 199 229 210 219 217 207 221 193 223 179 225 165 227 151 130 144 137 138 147 136 157 137 167 140 182 141 191 138 201 137 210 138 216 145 173 151 173 159 173 167 172 175 163 183 168 185 173 186 178 185 183 184 144 154 150 153 155 152 161 154 155 156 149 156 186 155 192 153 197 153 203 154 198 157 191 156 156 200 162 197 168 196 173 197 177 196 183 198 190 201 183 206 178 208 173 208 168 207 162 205 159 200 168 199 173 200 177 200 186 201 178 203 173 203 168 202
118 166 120 181 122 196 127 209 135 220 147 228 159 235 173 238 186 236 198 229 209 220 216 208 220 194 223 180 225 166 226 151 130 144 137 138 147 135 157 136 166 140 182 141 191 138 201 137 211 139 217 145 174 151 173 159 173 167 173 176 163 183 168 185 173 186 178 185 183 184 144 154 150 153 155 152 161 154 155 156 149 156 186 155 192 153 197 153 203 154 197 156 191 156 155 199 162 197 168 196 173 198 178 196 183 198 189 201 183 205 178 206 173 206 168 206 162 204 158 199 168 199 173 200 178 200 186 201 178 201 173 201 168 201
118 166 120 181 122 196 126 209 135 220 147 228 159 234 172 237 186 235 198 229 209 220 216 208 221 194 223 180 225 166 226 151 130 144 137 138 147 135 157 136 167 140 182 141 191 138 201 136 210 138 217 145 174 151 174 159 173 167 173 175 163 183 168 185 173 186 178 185 183 184 144 154 150 153 156 152 161 155 156 156 150 156 186 155 192 153 198 153 203 154 198 157 192 157 155 199 162 197 168 196 173 198 178 197 183 198 190 200 183 204 177 205 173 205 168 205 162 203 158 199 168 200 173 200 178 200 187 200 177 201 173 201 168 200
118 167 120 181 122 196 126 209 134 220 146 228 158 234 172 237 186 235 198 228 209 219 216 207 221 194 223 180 225 166 227 151 130 144 137 138 147 135 157 136 167 140 182 141 191 138 201 136 210 138 217 145 174 151 174 159 174 167 173 175 163 183 168 185 173 186 178 185 184 184 144 154 150 152 155 152 161 154 155 156 149 156 186 155 192 153 198 153 203 154 198 157 192 157 155 199 162 197 168 196 173 198 177 197 183 198 190 200 183 203 177 204 172 205 168 204 162 202 157 199 168 199 173 200 177 200 187 200 177 200 173 200 168 200
118 167 120 182 122 196 126 209 135 220 146 228 158 234 171 237 186 235 198 229 209 220 216 208 220 195 223 181 225 167 227 152 130 144 137 138 147 135 157 136 167 140 182 141 191 138 201 136 210 138 217 145 174 151 174 159 173 167 173 175 163 183 168 185 173 186 178 185 183 184 144 154 150 152 156 152 161 155 156 156 150 156 186 155 192 153 198 153 203 154 198 157 192 157 155 199 162 197 168 196 173 198 178 197 184 198 191 200 183 203 177 204 173 204 168 203 162 202 157 199 168 199 173 200 178 200 188 200 177 200 173 200 168 199
118 168 120 182 122 196 127 209 136 219 147 227 159 233 173 236 186 234 199 228 209 219 217 207 221 194 223 180 225 166 227 151 130 144 137 138 147 135 157 136 167 140 182 141 191 138 201 136 211 138 217 145 174 151 174 159 173 167 173 175 163 183 168 185 173 186 178 185 184 184 144 154 150 153 156 152 161 154 156 156 150 156 186 155 192 153 198 153 203 154 198 157 192 157 155 199 162 197 169 196 173 197 178 196 184 198 191 200 184 203 178 204 173 204 168 203 162 202 158 198 168 199 173 200 178 200 188 200 178 200 173 200 168 199
118 167 120 182 122 196 127 209 136 220 147 227 160 233 173 236 187 234 199 227 210 219 217 207 221 194 223 180 225 166 227 152 130 144 137 138 147 135 157 136 167 140 182 141 191 138 201 136 211 138 217 145 174 151 174 159 173 167 173 175 163 183 168 185 173 186 178 185 183 184 144 154 150 152 156 152 162 155 156 156 150 156 186 155 192 153 198 153 203 154 198 157 192 157 155 199 162 197 168 196 173 197 178 196 184 198 191 200 184 203 178 203 173 204 168 203 162 202 158 199 168 199 173 200 178 199 188 200 178 199 173 200 168 199
118 167 120 182 122 196 127 209 136 220 148 227 160 233 173 236 186 234 199 227 209 218 217 207 221 194 223 180 225 166 227 152 130 144 137 138 147 135 157 136 167 140 182 141 191 138 201 136 210 138 217 144 174 151 174 159 174 167 173 175 163 183 168 185 173 186 178 185 184 184 144 154 150 152 156 152 161 154 156 156 150 156 186 155 192 153 198 153 204 154 198 157 192 157 155 198 162 197 168 196 173 197 178 196 184 198 191 199 183 203 177 204 173 204 168 203 162 202 157 198 168 199 173 200 178 199 188 199 177 199 173 200 168 199
119 167 120 182 122 196 127 209 136 219 148 227 160 233 173 236 186 233 199 227 209 219 217 207 221 194 223 180 225 166 227 152 130 144 137 138 147 135 157 136 167 140 183 141 192 137 201 136 210 138 216 145 174 151 174 159 174 167 173 175 163 183 168 185 173 186 178 185 184 184 144 154 150 152 156 152 161 154 156 156 150 156 186 155 192 153 198 153 203 154 198 157 192 156 155 198 163 197 168 196 173 197 178 196 184 198 191 199 183 203 178 203 173 204 168 203 163 202 158 198 168 199 173 200 178 199 188 199 178 199 173 200 168 199
118 167 120 182 123 196 127 209 136 220 148 227 160 233 173 236 187 234 199 227 210 219 217 207 221 194 223 180 225 166 227 151 130 144 137 137 147 135 157 136 167 140 182 141 192 137 201 136 211 138 217 144 174 151 174 159 174 167 174 175 163 183 168 185 173 186 179 185 184 184 144 154 150 152 156 152 162 155 156 156 150 156 186 155 192 153 198 153 203 154 198 157 192 157 156 198 163 197 169 196 174 197 178 196 184 198 191 199 184 202 178 203 174 203 169 203 163 202 158 198 169 199 174 200 178 199 189 199 178 199 174 200 169 199
118 167 120 182 123 197 128 210 137 220 149 227 161 233 174 235 187 233 199 227 210 218 217 207 221 194 223 180 225 166 226 152 130 144 137 138 147 135 157 136 167 140 182 141 191 137 201 136 210 138 217 144 174 151 174 159 174 167 174 175 164 183 168 185 174 186 179 185 184 183 144 154 150 152 156 152 162 155 156 156 150 156 186 155 192 153 198 153 203 154 198 157 192 157 156 199 163 197 169 196 174 197 179 196 184 197 191 199 184 203 178 203 174 204 169 203 163 202 158 198 169 199 174 200 179 199 188 199 178 199 174 200 169 199
118 167 120 182 122 196 127 209 136 220 148 227 160 233 174 235 187 233 199 227 210 218 217 207 221 193 223 180 225 166 227 151 130 144 137 138 147 135 157 136 167 140 182 140 192 137 202 136 211 138 217 145 174 151 174 159 174 167 174 175 163 183 168 185 174 186 179 185 184 184 144 154 150 152 156 152 162 154 156 156 150 156 186 155 192 152 198 153 204 154 198 156 192 157 155 198 163 197 169 196 174 197 179 196 185 197 191 199 184 202 178 203 174 203 169 203 163 202 158 198 169 199 174 200 179 199 189 199 178 199 174 200 169 199
118 168 120 183 123 197 127 210 136 220 148 227 160 233 174 235 187 233 200 227 210 219 217 207 221 194 223 180 225 166 227 152 130 144 137 138 147 135 157 136 167 140 182 141 191 137 201 136 211 138 217 145 174 151 174 159 174 167 174 175 163 183 168 185 173 186 179 185 184 184 144 154 150 152 155 152 161 154 156 156 149 156 186 155 192 153 198 153 203 154 198 156 192 156 155 198 163 197 169 196 174 197 179 196 185 197 192 199 185 202 179 203 174 203 169 203 163 202 158 198 169 199 174 200 179 199 189 199 179 199 174 200 169 199
118 167 120 182 123 196 127 210 136 220 148 227 160 233 173 236 187 233 199 227 209 219 217 207 221 193 223 180 225 165 227 151 130 144 137 137 147 135 157 136 167 140 182 141 191 137 201 136 211 138 217 145 174 151 174 159 174 167 173 175 163 183 168 185 173 186 178 185 184 184 144 154 150 152 156 152 162 155 156 156 150 156 186 155 192 153 198 153 203 154 198 157 192 157 156 199 163 197 169 196 174 197 178 196 184 198 191 199 184 202 178 203 173 204 168 203 163 202 158 198 169 199 174 200 178 199 189 199 178 199 173 200 169 199
119 167 121 182 123 197 128 210 137 220 148 227 161 233 174 235 187 233 199 227 210 218 217 207 221 193 223 179 225 165 227 151 130 144 137 138 147 135 157 136 167 140 182 141 191 138 201 137 210 138 217 145 174 151 174 159 174 167 173 175 163 183 168 185 173 186 179 185 184 184 144 154 150 153 155 152 161 155 155 156 149 156 186 155 192 153 197 153 203 154 198 157 191 157 155 199 163 197 169 196 174 197 178 196 184 198 191 199 184 202 178 203 174 204 169 203 163 202 158 199 169 199 174 200 178 199 189 199 178 199 174 199 169 199
118 167 120 182 123 196 128 210 137 220 148 227 160 233 173 235 187 233 199 227 210 219 217 207 221 194 223 180 225 166 227 151 130 144 137 138 147 135 157 136 167 140 182 141 191 138 201 136 211 138 217 145 174 151 174 159 174 167 173 175 163 183 168 185 173 186 178 185 184 184 143 154 150 153 155 152 161 155 155 156 149 156 186 155 192 153 198 153 203 154 198 157 191 157 155 198 163 197 169 196 174 197 178 196 184 198 191 199 184 202 178 203 173 204 169 203 163 201 158 198 169 199 174 200 178 199 189 199 178 199 174 199 169 199
118 168 120 183 122 197 127 210 136 220 148 228 160 233 174 235 187 233 200 227 210 219 218 207 221 194 223 180 225 166 226 152 130 144 137 138 147 135 157 136 167 140 182 141 191 137 201 136 210 138 216 145 174 151 174 159 174 167 173 175 163 183 168 185 173 186 178 185 184 184 143 154 149 153 155 152 161 155 155 156 149 156 186 155 192 153 197 153 203 154 198 157 191 157 155 198 163 197 169 196 174 197 179 196 185 197 192 199 185 203 179 203 174 204 169 203 163 202 158 198 169 199 174 200 179 199 189 199 179 199 174 200 169 199
118 168 120 183 123 197 128 210 137 220 148 227 161 233 174 235 187 233 199 227 210 218 217 207 221 194 223 180 225 166 226 152 130 144 137 138 147 135 157 136 166 140 182 141 191 138 201 136 210 138 216 144 174 151 174 159 174 167 174 175 163 183 168 185 173 186 179 185 184 184 143 154 149 153 155 152 161 155 155 156 149 156 186 155 192 153 197 153 203 154 198 157 191 157 156 199 163 197 169 196 174 197 179 196 185 197 192 199 185 202 179 203 174 204 169 203 163 202 158 199 169 199 174 200 179 199 189 199 179 199 174 200 169 199
118 167 120 182 122 197 127 209 136 219 148 227 160 233 173 235 187 233 199 227 210 218 217 207 221 194 223 180 225 166 226 152 130 144 137 138 147 135 157 136 166 140 182 141 191 138 201 136 210 138 217 145 174 151 174 159 173 167 173 175 163 183 168 185 173 186 178 185 183 184 143 154 149 153 155 153 161 155 155 156 149 156 186 155 191 153 197 153 203 154 197 157 191 157 155 198 163 197 169 196 173 197 178 196 184 197 191 199 184 202 178 203 173 204 169 203 163 202 158 198 169 199 173 200 178 199 189 199 178 199 174 200 169 199
118 167 120 182 122 197 127 210 136 220 148 227 160 233 174 235 187 233 200 227 210 218 217 207 221 194 223 180 225 166 226 152 130 144 137 138 146 136 156 137 166 140 182 141 191 138 201 136 210 138 216 144 174 152 173 160 173 167 173 175 163 184 168 185 173 186 178 185 183 184 143 154 149 153 155 152 161 155 155 157 149 157 185 156 191 153 197 153 203 154 197 157 191 157 155 199 163 197 169 196 174 197 178 196 184 197 192 199 184 202 178 203 174 204 169 203 163 202 158 198 169 199 173 200 178 199 189 199 178 199 174 200 169 199
118 167 120 182 122 197 127 210 136 220 148 227 160 232 173 235 186 233 198 227 209 219 216 208 220 195 222 181 225 166 226 152 129 145 136 138 146 136 156 137 166 140 181 141 191 138 201 136 210 138 217 145 174 151 173 159 173 167 173 175 163 183 168 185 173 186 178 185 183 184 143 154 149 153 155 153 161 155 155 156 149 156 185 155 191 153 197 153 203 154 197 157 191 157 155 198 162 197 168 196 173 197 178 196 184 197 191 199 184 202 178 203 173 203 168 203 162 201 158 198 168 199 173 200 178 199 189 199 178 199 173 199 168 199
118 168 120 183 122 197 127 210 136 220 148 227 160 233 174 235 187 233 199 227 210 219 217 207 221 194 223 180 225 166 226 152 130 145 137 138 146 136 157 136 166 140 182 141 191 138 201 137 210 138 216 145 174 151 173 159 173 167 173 175 163 183 168 185 173 186 178 185 183 184 143 154 149 153 155 153 161 155 155 156 149 156 185 155 191 153 197 153 203 154 197 157 191 157 155 199 163 197 169 196 173 197 178 196 184 197 191 199 184 202 178 203 173 203 168 203 163 202 158 198 169 199 173 200 178 199 189 199 178 199 173 199 169 199
118 168 120 183 123 197 128 210 137 220 149 227 161 233 174 235 187 233 199 227 210 218 217 207 221 194 223 180 225 166 226 152 130 144 136 138 146 135 157 137 166 140 182 141 191 138 201 137 210 138 216 144 174 151 174 159 173 167 173 175 163 183 168 185 173 186 178 185 183 184 143 154 149 153 155 153 161 155 155 156 149 156 186 155 191 153 197 153 203 155 197 157 191 157 155 199 163 197 169 196 173 197 178 196 184 197 191 199 184 202 178 203 174 203 169 203 163 202 157 198 169 199 173 200 178 199 188 199 178 199 174 199 169 199
118 167 120 182 122 196 127 209 136 219 148 227 160 232 173 235 186 232 199 226 209 218 217 207 221 193 223 180 225 166 226 152 130 144 136 138 146 136 156 137 166 140 182 141 191 138 201 137 210 138 217 144 174 151 174 159 173 167 173 175 163 184 168 185 173 186 178 185 183 184 143 154 149 153 155 153 161 155 155 156 149 156 185 155 191 153 197 153 203 155 197 157 191 157 155 198 162 197 168 196 173 197 178 196 184 197 192 199 184 202 178 203 173 203 168 203 162 201 157 198 168 199 173 200 178 199 189 199 178 199 173 199 168 199
