123 177 125 192 129 207 135 221 144 232 156 240 168 246 181 248 194 246 207 239 217 231 226 219 232 205 235 190 237 175 238 159 134 152 141 145 151 143 161 144 172 147 188 148 198 144 209 143 219 144 227 150 180 160 180 169 180 177 180 187 169 195 174 197 180 198 186 197 191 195 148 162 154 160 161 160 167 163 161 165 154 165 193 163 200 160 206 160 213 161 207 164 200 164 162 213 169 210 175 208 180 210 185 208 191 210 199 213 192 217 185 218 180 219 175 218 169 217 165 213 175 212 180 213 185 212 196 213 185 213 180 213 175 213
123 176 125 191 128 207 134 220 143 231 154 240 167 246 180 249 194 247 206 240 217 231 226 220 232 206 235 190 237 175 238 159 133 152 140 145 150 143 161 144 171 147 188 148 198 144 209 143 219 144 227 150 179 159 180 168 180 177 180 187 169 195 174 197 180 198 185 197 191 195 147 162 154 160 160 160 167 163 160 165 153 165 193 162 200 160 206 160 213 161 207 164 200 164 161 213 169 211 175 209 180 210 185 209 191 210 199 213 192 217 185 219 180 219 175 219 169 217 165 213 175 212 180 213 185 212 196 213 185 213 180 213 175 213
123 176 125 191 128 207 134 220 143 231 155 240 167 246 180 248 194 246 206 239 217 231 226 219 231 205 234 190 237 174 238 159 134 152 140 145 151 143 161 144 172 148 188 148 198 145 209 143 219 144 227 150 179 159 180 169 180 178 180 187 169 195 174 197 180 198 185 197 191 195 147 162 154 160 160 160 167 163 160 165 153 165 193 163 200 160 206 160 213 161 207 164 200 164 162 213 169 210 175 209 180 210 185 209 191 210 199 213 191 217 185 218 180 219 175 218 169 217 165 213 175 212 180 213 185 212 196 213 185 213 180 213 175 213
123 176 125 192 128 207 134 220 144 232 155 240 167 246 181 248 194 247 207 240 218 231 227 219 232 205 235 190 237 175 238 159 133 152 140 145 151 143 161 144 172 148 188 148 198 144 209 143 219 144 227 151 180 159 180 169 180 177 180 187 169 195 174 197 180 198 185 197 191 195 148 162 154 160 160 160 167 163 160 165 154 165 193 163 200 160 206 160 213 161 207 164 200 164 162 213 169 210 175 209 180 210 185 208 192 210 199 213 192 217 186 218 180 219 175 218 169 217 165 213 175 212 180 213 185 212 196 213 185 213 180 213 175 213
123 176 125 191 128 207 134 220 143 231 155 240 167 246 181 248 194 246 207 239 218 231 227 219 232 205 235 190 237 174 238 159 134 152 140 145 151 143 161 144 172 148 188 148 198 144 209 143 219 144 227 151 180 159 180 169 180 177 180 187 169 195 174 197 180 198 185 197 191 195 148 162 154 160 160 160 167 163 160 164 154 164 193 163 200 160 206 160 213 161 207 164 200 164 162 213 169 210 175 209 180 210 185 209 191 210 199 213 192 217 185 218 180 219 175 218 169 217 165 213 175 212 180 213 185 212 196 213 185 213 180 213 175 213
123 176 125 192 128 207 134 220 144 231 155 240 168 246 181 248 194 246 207 239 218 230 226 219 232 205 234 190 236 174 238 159 134 152 140 145 151 143 161 144 171 148 188 148 198 144 209 143 219 144 227 150 179 159 180 169 180 178 180 187 169 195 174 197 180 198 185 197 191 195 148 163 154 160 160 160 167 163 160 165 154 165 193 163 199 160 206 160 213 161 207 164 200 164 162 213 169 210 175 209 180 210 185 209 191 210 199 213 191 217 185 218 180 219 175 218 169 217 165 213 175 212 180 213 185 212 196 213 185 213 180 213 175 213
123 176 125 192 128 207 134 220 143 231 155 240 167 246 180 249 194 246 206 240 217 231 226 219 232 206 234 190 236 175 238 159 133 152 140 145 150 143 161 144 171 147 188 148 198 144 209 143 219 144 227 151 179 159 180 169 180 178 180 187 169 195 174 197 180 198 185 197 191 195 147 162 154 160 160 160 166 163 160 165 153 165 193 163 200 160 206 160 213 161 207 164 200 164 161 213 169 211 175 209 180 210 185 209 191 210 199 213 192 217 185 218 180 219 175 218 169 217 165 213 175 212 180 213 185 212 196 213 185 213 180 213 175 213
123 176 125 192 128 207 134 221 144 232 155 240 168 246 181 248 195 246 207 239 218 230 226 219 232 205 234 190 236 175 238 159 133 152 140 145 150 143 161 144 172 148 188 148 198 144 209 143 219 144 227 151 180 159 180 169 180 177 180 187 169 195 174 197 180 198 185 197 191 195 147 162 154 160 160 160 166 163 160 165 153 165 193 163 200 160 206 160 213 161 207 164 200 164 162 213 169 211 175 209 180 210 185 209 191 210 199 213 192 217 186 219 180 219 175 219 169 217 165 213 175 212 180 213 185 212 196 213 185 213 180 213 175 213
123 177 125 193 128 208 134 221 144 232 155 241 167 247 181 249 194 247 206 240 217 232 226 220 231 206 234 191 236 175 237 160 133 152 140 145 150 143 161 144 172 147 188 148 198 144 209 143 219 145 227 151 179 159 180 168 180 177 180 187 169 195 174 197 180 198 186 197 191 195 147 162 154 160 160 160 166 163 160 164 153 164 193 163 200 160 206 160 213 161 207 164 200 164 161 213 169 211 175 209 180 210 185 208 192 210 199 213 192 217 186 219 180 220 175 219 169 217 165 213 175 212 180 213 185 212 196 213 185 213 180 214 175 213
123 176 125 192 128 207 134 221 144 232 155 241 168 247 181 249 194 247 207 240 218 232 227 220 232 206 235 190 237 175 238 159 134 152 141 145 151 143 161 144 172 148 188 148 198 144 209 143 219 144 227 150 180 159 180 169 180 178 180 187 169 195 174 197 180 198 186 197 191 195 148 163 154 161 160 160 167 163 160 165 154 165 194 163 200 160 207 160 213 161 207 164 200 164 162 214 169 211 175 209 181 210 186 208 192 210 199 213 192 217 186 219 181 220 175 219 169 218 165 214 175 213 181 213 186 212 196 213 186 213 181 214 175 213
123 176 125 192 129 207 135 221 144 233 155 241 168 248 181 250 195 248 207 241 218 232 227 220 232 206 235 190 237 175 238 159 134 152 141 145 151 143 162 144 172 148 189 148 199 145 209 143 219 144 227 150 180 159 180 168 180 177 180 187 170 195 175 197 180 198 186 197 192 195 148 162 154 160 161 160 167 163 161 164 154 165 194 162 200 160 207 160 213 161 207 164 200 164 162 214 169 211 176 209 181 210 186 209 192 210 199 214 192 218 186 220 181 220 176 220 169 218 165 214 176 213 181 214 186 213 196 213 186 214 181 214 176 214
124 177 126 192 129 208 135 222 145 233 156 243 168 250 181 252 195 249 207 242 218 232 226 220 232 206 235 191 237 175 238 159 134 152 141 145 151 143 162 144 172 147 188 148 198 144 209 143 219 144 227 150 180 159 180 168 180 177 180 187 170 195 175 197 180 198 186 196 192 195 148 162 154 160 161 160 167 163 161 165 154 165 194 162 200 160 207 160 213 161 207 164 200 164 163 215 170 212 176 209 181 211 186 209 192 211 198 214 193 219 187 221 181 222 176 222 170 220 166 215 176 213 181 214 186 213 195 214 186 215 181 216 176 215
123 177 125 193 129 208 135 222 145 234 156 243 168 251 181 253 195 251 207 243 218 233 226 220 232 206 235 190 237 174 238 158 134 151 141 145 151 143 162 144 172 148 189 148 198 145 209 143 219 145 227 151 180 159 180 169 180 178 180 187 170 195 175 197 180 198 186 197 192 195 148 162 155 161 161 160 167 163 161 165 154 165 194 163 200 160 207 160 213 162 207 164 200 164 163 216 170 212 176 210 181 211 187 209 193 211 198 216 193 222 187 225 182 225 176 225 170 222 167 216 176 213 181 214 187 213 195 216 187 218 181 219 176 218
123 177 125 193 129 208 135 222 145 234 156 244 168 251 182 253 195 251 207 243 217 233 226 221 232 206 235 191 237 175 238 159 134 152 141 145 151 143 162 145 172 148 189 148 199 145 209 143 219 145 227 151 180 160 181 169 181 178 181 187 170 196 175 198 181 199 187 197 192 195 148 163 155 161 161 160 167 163 161 165 154 165 194 163 200 160 207 160 213 162 207 165 200 165 163 216 170 212 176 210 182 211 187 209 193 211 199 216 193 222 187 225 182 226 176 225 170 222 167 216 176 214 182 214 187 213 195 216 187 218 182 219 176 218
123 177 126 193 128 208 133 223 143 235 155 244 167 251 181 254 195 251 207 243 218 234 226 221 231 206 234 190 237 174 239 158 134 152 141 145 152 144 163 145 173 149 189 149 199 145 209 144 220 145 227 151 181 160 181 169 181 178 182 187 170 196 175 198 181 199 187 198 192 196 148 163 155 161 161 161 167 163 161 165 155 165 194 163 200 161 207 161 213 162 207 165 200 165 163 216 170 212 176 210 182 211 187 210 193 212 199 216 193 222 188 224 182 225 176 224 170 222 167 216 177 213 182 214 187 213 195 216 187 218 182 219 176 218
123 178 125 194 129 209 135 223 145 235 156 244 168 252 182 254 195 251 207 244 218 234 226 221 232 207 235 191 237 176 238 160 134 153 141 146 151 144 162 145 173 149 188 149 198 146 209 144 219 146 227 152 180 160 180 170 181 179 181 188 170 196 175 198 181 199 187 198 192 196 148 163 154 161 161 161 167 164 161 166 154 166 194 164 201 161 207 161 213 163 207 165 201 165 163 216 170 212 176 210 182 212 187 210 193 212 199 216 193 222 187 225 182 225 176 225 169 222 166 216 176 214 181 215 187 214 196 216 187 218 182 219 176 218
124 177 126 193 129 208 136 222 145 234 156 244 168 251 182 253 195 251 207 243 218 233 227 220 232 206 235 191 237 175 238 159 134 153 141 146 151 144 162 145 172 149 189 149 199 146 209 144 220 146 228 152 180 161 181 170 181 179 181 189 170 197 175 198 181 199 187 198 192 196 148 163 155 161 161 161 167 164 161 166 154 166 194 164 200 161 207 161 213 163 207 165 200 165 163 216 170 212 176 210 182 211 187 210 193 211 199 216 193 221 187 224 182 225 176 224 169 221 166 216 176 214 182 214 187 213 196 215 187 218 182 218 176 218
124 177 126 193 129 209 135 223 145 234 156 244 169 251 183 253 196 250 208 242 219 233 227 220 233 206 235 191 237 175 238 159 134 154 140 146 151 144 162 145 173 149 189 149 199 146 210 144 220 146 228 152 180 160 181 170 181 179 181 189 170 197 175 198 181 199 187 198 193 196 148 163 155 161 161 161 167 164 161 166 154 166 194 164 200 161 207 161 213 163 207 165 201 165 163 215 170 212 176 210 182 211 187 210 193 211 200 215 194 221 188 223 182 224 176 223 170 221 166 215 176 213 182 214 187 213 196 215 187 217 182 218 176 217
124 177 126 193 129 209 135 223 145 235 157 244 169 251 183 253 196 250 208 242 219 233 227 220 233 206 235 190 237 175 238 159 134 153 141 146 151 144 162 145 172 148 189 149 199 146 210 144 220 146 228 153 181 161 181 170 181 179 181 189 170 197 175 198 181 199 187 198 193 196 148 163 155 162 161 161 167 164 161 166 154 166 195 164 201 161 207 161 214 163 208 165 201 165 162 215 170 211 176 209 182 211 187 209 194 211 200 215 194 220 188 223 182 224 176 223 170 220 166 215 176 213 182 214 187 213 197 214 187 216 182 217 176 216
124 178 126 194 129 210 135 223 145 235 156 244 169 250 183 253 196 250 209 242 219 233 228 220 233 206 236 191 237 175 239 159 134 154 141 146 151 144 162 145 173 149 189 149 199 146 210 144 220 146 228 152 180 161 180 170 181 179 181 189 170 196 175 198 181 200 187 198 193 196 148 164 155 162 161 161 167 164 161 166 155 166 194 164 201 161 207 161 213 163 207 165 201 165 163 215 170 211 176 209 182 210 187 209 194 210 200 214 194 220 188 223 182 223 176 223 170 220 166 214 176 213 182 214 188 213 197 214 188 216 182 217 176 216
124 177 126 193 129 208 136 222 145 234 157 243 169 250 183 252 197 250 209 242 219 232 228 219 233 205 236 190 238 174 239 158 134 153 141 146 151 144 162 145 173 149 189 149 199 146 210 144 221 146 228 153 181 161 181 170 181 179 181 189 170 196 175 198 181 199 187 198 193 196 148 163 155 161 161 161 168 164 161 165 155 165 195 164 201 161 207 161 214 163 208 165 201 165 163 214 170 211 176 209 182 210 187 208 194 210 200 214 194 220 188 223 182 224 176 223 170 220 166 214 176 212 182 213 188 212 197 214 188 216 182 217 176 216
124 177 126 193 130 209 136 223 146 234 157 243 170 250 183 253 197 250 209 242 219 232 228 220 233 206 236 190 238 174 239 159 134 154 141 146 151 144 162 145 173 149 189 149 199 146 210 144 221 146 228 153 181 161 181 170 181 180 181 189 170 196 175 198 181 199 187 198 193 196 149 163 155 162 162 161 168 164 161 166 155 166 195 164 201 161 207 161 214 163 208 165 201 165 163 214 170 210 176 208 182 210 188 208 194 210 201 214 195 220 188 223 182 224 176 223 170 220 166 214 176 213 182 213 188 213 197 214 188 216 182 217 176 216
124 177 126 193 130 209 136 223 146 234 157 244 169 251 183 253 197 251 209 242 219 233 228 220 233 206 236 190 238 174 239 158 135 153 141 146 152 144 163 145 173 149 189 149 199 146 210 144 221 146 228 152 181 161 181 170 181 180 181 189 170 196 175 198 181 199 187 198 193 196 149 164 155 162 162 161 168 164 162 166 155 166 195 164 201 161 208 161 214 163 208 165 201 165 163 214 169 210 176 209 182 210 187 208 194 211 200 215 194 221 188 225 182 225 176 224 169 221 166 214 176 213 182 214 187 213 197 215 187 217 182 218 176 217
124 178 126 194 130 210 137 224 147 235 158 245 170 253 183 255 196 253 208 244 218 234 227 221 233 207 236 191 238 175 239 159 136 153 142 146 152 144 163 146 173 149 190 149 200 146 210 144 221 146 228 152 181 161 181 170 181 179 182 189 170 196 176 198 181 200 187 198 193 196 149 163 155 162 162 161 168 164 162 165 155 166 195 164 201 161 208 161 214 163 208 165 201 165 163 215 170 211 176 209 182 211 187 209 194 211 200 216 195 224 188 228 182 228 176 227 169 223 167 215 176 213 182 214 187 214 196 216 188 220 182 221 176 220
124 177 127 194 131 210 138 224 148 236 159 246 170 254 183 257 196 255 207 246 218 235 227 222 233 208 236 192 238 175 239 159 135 153 141 146 152 144 163 145 174 149 189 149 199 145 210 144 221 146 229 153 181 161 181 170 181 179 181 189 170 196 175 198 181 200 187 198 193 197 149 163 156 161 162 161 168 164 162 165 155 165 195 164 201 161 208 161 214 163 208 165 201 165 163 216 170 212 176 210 181 212 187 210 194 213 200 217 194 225 187 229 181 229 175 228 169 224 167 216 176 214 181 215 187 214 196 217 187 221 181 222 176 221
124 178 127 195 130 210 138 224 147 236 159 246 170 254 183 256 196 254 207 245 218 235 227 222 233 208 236 192 238 176 239 160 135 153 141 146 152 144 163 145 174 149 189 149 199 145 210 144 221 146 228 153 181 161 181 170 181 179 181 189 171 197 176 199 181 200 187 198 193 197 149 163 156 161 162 161 168 164 162 166 155 166 195 164 201 161 208 161 214 163 208 166 201 166 163 216 170 212 176 210 182 212 187 210 194 213 199 217 194 226 187 230 182 230 176 229 169 225 167 216 176 214 182 215 187 214 196 217 187 222 182 223 176 222
124 176 126 192 130 208 137 222 146 234 157 244 169 252 182 255 195 252 207 244 218 233 227 221 233 206 236 190 238 175 239 159 135 153 142 146 152 144 163 145 174 148 189 149 200 145 211 144 221 146 229 152 181 161 181 170 181 179 181 189 170 196 176 198 181 200 187 198 193 196 149 163 156 161 162 161 168 164 162 165 155 165 195 164 201 161 208 161 214 163 208 165 201 165 164 215 170 212 177 210 182 212 187 211 193 213 200 216 193 223 187 226 182 227 176 226 170 222 167 215 177 214 182 215 187 214 196 216 187 220 182 220 176 219
124 176 126 192 130 207 136 221 146 233 157 242 170 249 183 252 196 250 207 242 218 232 227 220 232 206 235 190 238 175 239 159 135 153 142 146 152 144 163 145 173 148 189 149 200 145 211 144 221 146 228 153 181 161 182 170 182 179 182 189 171 196 176 198 181 199 187 198 193 196 149 163 155 161 162 161 168 164 162 165 155 165 195 164 201 161 208 161 214 163 208 165 201 165 163 214 170 212 177 211 181 212 186 211 193 213 199 215 193 220 186 223 181 223 176 222 170 219 166 214 176 214 181 215 186 214 196 215 186 217 181 217 176 216
124 176 126 192 129 207 136 221 146 232 157 242 169 249 182 251 195 249 207 242 218 232 227 220 232 206 235 191 237 175 239 160 135 152 142 145 152 144 163 145 173 148 190 149 200 145 211 144 221 146 228 152 181 160 181 170 181 179 182 189 170 196 176 198 181 199 187 198 192 196 149 163 155 161 162 161 168 164 162 166 155 165 195 164 201 161 208 161 214 163 208 165 201 166 163 214 170 212 176 211 181 212 186 211 192 213 199 215 192 220 186 222 181 222 176 221 170 219 166 214 176 214 181 215 186 215 196 215 186 216 181 217 176 216
124 175 126 192 129 207 136 221 145 233 157 242 169 249 182 252 195 249 207 242 218 232 227 220 233 206 236 191 238 175 239 159 135 153 141 146 152 144 162 145 173 149 189 149 200 146 211 144 221 146 228 152 181 161 181 170 181 180 181 189 170 197 175 199 181 200 187 199 192 197 149 163 155 161 161 161 168 164 161 165 155 165 195 164 201 161 208 161 214 163 208 165 201 165 162 214 170 212 176 211 181 213 186 212 192 213 199 215 192 221 186 223 181 223 176 222 170 219 166 215 176 215 181 216 186 215 196 215 186 217 181 217 176 216
123 176 125 193 128 209 133 223 142 235 154 245 167 253 181 256 195 254 207 245 218 234 226 221 231 206 234 190 237 175 239 159 135 152 142 146 152 144 163 146 173 149 190 150 200 146 210 145 220 147 228 153 182 161 182 170 182 179 182 189 170 197 175 199 181 200 186 199 191 197 149 163 155 162 162 162 167 164 162 166 155 166 194 164 200 162 207 162 213 163 207 166 201 166 163 216 170 213 176 212 181 213 186 212 192 214 198 217 192 223 186 226 181 227 176 226 170 222 167 216 176 215 181 216 186 216 195 217 186 220 181 221 176 219
123 179 125 195 127 211 133 225 142 237 154 247 166 255 180 258 194 255 206 247 217 236 226 223 232 208 235 192 237 176 239 160 134 153 141 146 152 145 162 146 173 150 189 150 199 147 210 145 220 147 228 153 181 161 181 171 181 180 181 190 170 197 175 199 180 201 186 200 191 198 148 164 155 162 161 162 167 165 161 166 155 166 194 165 200 162 207 162 213 164 207 166 200 167 162 217 169 213 175 212 180 213 186 212 192 214 198 218 192 226 186 229 180 230 174 229 168 225 166 217 175 215 180 216 186 216 194 218 185 223 180 224 175 222
122 178 124 194 127 210 132 225 142 237 153 247 166 256 179 259 193 256 206 247 217 236 225 223 231 208 234 192 237 176 239 160 134 154 140 147 151 145 161 146 172 150 189 150 199 147 209 145 220 147 227 153 180 162 180 171 180 180 180 190 169 197 174 199 180 201 185 199 190 198 148 164 154 162 161 162 166 165 161 166 154 166 193 165 200 162 206 162 212 164 206 166 200 167 161 217 168 213 174 212 179 213 184 212 191 214 197 218 191 226 185 230 179 230 173 229 167 225 165 217 174 215 179 216 184 215 193 218 184 223 179 224 174 223
122 178 124 195 127 210 133 225 142 237 154 247 166 254 180 257 194 254 206 245 217 235 226 222 231 207 234 191 236 175 238 159 133 154 140 147 150 145 161 146 172 150 188 150 198 146 209 145 219 147 227 154 180 161 180 171 180 180 180 189 168 197 174 199 179 200 185 199 190 197 148 164 154 162 160 162 166 164 160 166 154 166 193 165 199 162 206 162 212 164 206 166 199 166 161 216 167 213 174 211 179 213 185 212 191 213 197 217 191 224 185 227 179 228 173 227 167 223 164 216 174 215 179 216 185 215 194 217 185 221 179 222 173 221
122 176 125 193 127 209 132 223 142 235 153 245 166 253 180 256 194 253 206 244 217 234 226 221 231 206 234 191 236 174 238 158 133 154 140 146 150 144 161 146 172 149 187 150 198 146 209 145 219 146 227 153 179 161 180 170 180 179 180 189 168 196 174 198 179 199 185 198 191 197 147 164 154 162 160 162 166 164 160 166 153 166 193 164 199 162 205 162 212 163 206 166 199 166 160 215 167 212 174 211 179 212 185 211 191 213 197 216 191 223 185 226 179 226 173 225 167 222 164 215 174 214 179 215 185 214 194 216 185 219 179 220 174 219
122 176 124 193 127 208 133 222 142 234 153 244 166 252 180 255 194 252 207 243 218 233 226 220 231 205 234 189 236 174 238 158 133 153 140 146 151 144 161 146 172 150 187 150 198 146 208 144 219 146 226 152 180 161 180 170 180 179 180 189 169 196 174 198 179 200 185 199 191 197 147 164 153 162 160 161 166 164 160 166 153 166 193 164 199 161 206 161 212 163 206 166 199 166 161 214 168 212 174 210 179 212 185 210 191 212 198 215 191 222 185 225 179 226 174 224 167 221 164 214 174 214 179 215 185 214 194 215 185 219 179 220 174 219
122 176 124 192 127 208 132 222 142 234 153 244 166 252 180 254 194 252 206 244 217 233 225 220 230 206 233 190 236 174 238 158 133 152 140 145 151 144 162 145 172 149 187 149 198 146 208 144 219 146 226 152 180 161 180 170 180 179 180 189 169 196 174 198 179 199 185 198 191 196 147 163 154 161 160 161 166 164 160 165 154 165 192 164 199 161 205 161 211 163 206 165 199 166 161 214 168 211 174 210 179 212 185 210 191 212 198 215 191 222 185 225 179 226 173 225 167 221 164 214 174 213 179 214 185 213 194 215 185 219 179 220 174 219
122 177 124 193 127 209 132 223 142 235 154 244 167 252 181 254 194 252 207 243 218 233 226 220 231 205 234 190 236 174 238 158 133 153 140 146 150 144 161 145 172 149 187 149 198 145 208 144 219 145 226 152 180 160 180 170 180 179 180 188 168 196 174 198 179 199 185 198 190 196 147 163 153 161 160 161 166 164 160 165 153 166 193 164 199 161 205 161 212 163 206 165 199 165 160 214 168 211 174 209 179 211 185 210 191 212 198 215 191 222 185 225 179 226 173 224 167 221 164 214 174 213 179 214 185 213 194 215 185 219 179 220 174 218
122 176 125 192 127 208 133 222 142 233 154 243 166 251 180 254 194 251 207 243 218 232 226 219 231 205 234 189 236 174 238 158 133 152 140 145 150 144 161 145 172 148 188 148 198 145 209 144 219 145 226 152 180 160 180 170 180 179 180 188 168 195 174 197 179 199 185 198 190 196 147 163 154 161 160 161 166 163 160 165 153 165 193 163 199 161 206 161 212 162 206 165 199 165 160 214 168 211 174 209 179 211 185 209 191 211 198 214 192 221 185 224 179 225 174 224 167 221 164 214 174 213 179 214 185 213 195 214 185 218 179 219 174 218
122 176 125 192 128 208 133 222 142 234 154 243 166 251 180 253 195 251 207 242 218 232 226 219 231 205 234 189 236 173 238 157 133 153 140 146 151 144 162 145 172 149 188 149 198 146 208 144 219 146 226 152 180 160 180 170 180 179 180 188 168 196 174 198 179 199 185 198 191 196 148 163 154 161 160 161 166 163 160 165 154 165 193 163 199 161 205 161 212 162 206 165 199 165 161 214 168 211 174 209 179 211 185 209 192 211 198 214 192 221 186 224 179 224 174 223 167 220 164 214 174 213 179 213 185 213 195 214 185 218 179 219 174 217
123 175 125 191 128 207 133 221 142 233 154 243 167 250 181 253 195 250 208 242 218 232 226 219 231 204 234 189 236 173 239 157 133 152 140 145 151 144 161 145 172 149 188 149 198 145 209 144 219 145 227 152 180 160 180 170 180 179 181 188 169 195 174 197 180 198 186 197 191 196 148 163 154 161 160 161 166 164 160 165 154 165 193 163 200 161 206 161 212 162 206 165 200 165 161 213 168 210 174 209 180 211 186 209 192 211 199 214 193 220 186 223 180 224 174 223 168 220 164 214 174 213 180 214 186 213 196 214 186 217 180 218 174 217
123 175 125 192 128 207 133 221 143 233 154 243 167 250 181 253 195 250 208 242 218 232 227 219 231 204 234 189 237 173 239 157 134 152 141 145 151 144 162 145 172 149 188 149 198 146 209 144 219 145 226 152 180 160 180 170 180 179 181 188 169 195 174 197 180 198 186 197 191 196 148 163 154 161 161 161 166 164 161 165 154 165 193 164 199 161 206 161 212 162 206 165 199 165 161 213 168 210 175 209 180 210 186 209 192 211 199 214 192 220 186 223 180 224 174 223 168 220 165 213 175 212 180 213 186 213 195 214 186 217 180 218 175 217
123 176 125 192 128 208 133 222 143 234 154 244 167 251 181 254 195 251 208 243 218 232 226 219 231 204 234 189 237 173 239 157 134 153 141 145 151 144 162 145 173 149 188 149 198 145 209 144 220 145 227 152 180 160 181 169 181 178 181 187 169 195 175 197 180 198 186 197 191 196 148 163 154 161 161 161 166 163 161 165 154 165 193 163 200 161 206 161 212 162 206 165 200 165 161 214 169 211 175 209 180 211 186 209 192 211 198 214 192 221 186 224 180 224 175 223 168 221 165 214 175 213 180 214 186 213 195 214 186 218 180 218 175 217
123 176 125 192 128 208 133 222 142 234 154 244 166 252 180 255 194 252 207 244 218 233 226 220 232 206 234 190 237 174 239 158 134 152 141 145 151 144 162 145 173 149 188 149 198 145 209 144 219 145 227 152 180 160 181 170 181 179 181 188 169 196 175 197 180 199 186 198 191 196 148 163 154 161 161 161 167 163 161 165 154 165 193 164 199 161 206 161 212 162 206 165 200 165 162 214 169 211 175 209 180 210 186 209 192 211 198 214 192 222 186 225 180 226 175 225 168 221 165 214 175 213 180 213 186 213 195 214 186 219 180 219 175 218
123 177 125 193 128 209 133 223 143 235 154 245 167 252 181 255 195 252 208 243 218 232 227 219 232 204 234 189 237 173 239 157 134 153 141 145 151 144 162 145 173 149 188 149 198 145 209 144 220 145 227 152 181 160 181 169 181 178 181 188 169 195 175 197 180 198 186 197 191 196 148 163 154 162 161 161 167 163 161 165 155 165 193 163 199 161 206 161 212 163 206 165 200 165 161 214 168 211 175 209 180 210 186 209 192 211 198 214 193 222 186 225 180 226 175 225 168 221 165 214 175 213 180 214 186 213 195 214 186 219 180 220 175 219
123 177 125 194 128 209 133 223 143 235 155 245 168 253 181 255 196 252 208 243 219 233 227 220 232 205 235 189 237 174 239 158 134 152 141 145 151 144 162 145 173 149 188 149 198 145 209 144 220 146 227 152 181 160 181 170 181 179 181 188 169 196 175 197 180 199 186 198 192 196 148 164 154 162 161 162 167 164 161 165 155 166 193 164 200 162 206 162 212 163 206 165 200 165 162 214 169 211 176 209 181 211 186 209 193 211 199 214 193 222 187 226 181 226 175 225 169 222 165 214 176 213 181 214 186 213 195 215 186 219 181 220 175 219
123 177 125 193 128 209 134 223 143 235 155 245 168 253 182 255 196 251 208 243 219 232 227 219 232 205 235 189 237 173 239 158 134 152 141 146 151 144 162 146 172 149 188 150 199 146 209 144 219 146 227 152 181 161 181 170 181 179 181 188 169 196 175 198 181 199 186 198 192 196 148 164 155 163 161 162 167 164 161 165 155 166 194 164 200 162 206 162 212 163 206 165 200 165 162 214 169 211 175 209 181 210 186 209 193 211 199 215 193 222 187 225 181 226 175 225 168 222 165 214 175 213 181 214 186 213 195 215 186 219 181 220 175 218
123 176 125 193 128 209 134 223 143 235 155 244 168 252 182 254 196 251 208 242 219 232 227 219 232 204 235 189 237 173 239 157 135 152 142 146 152 144 162 145 172 149 189 149 199 146 209 144 219 146 227 152 181 161 181 170 181 179 181 188 169 195 175 197 181 199 187 197 192 196 149 164 155 163 161 162 167 164 161 165 155 166 193 164 200 162 206 163 212 163 206 166 200 166 162 214 169 210 175 209 181 210 187 209 193 210 199 215 193 221 187 224 181 225 175 224 169 221 165 214 175 212 181 213 187 212 196 214 187 218 181 219 175 218
123 176 126 192 128 208 134 223 143 235 155 245 168 251 182 253 196 250 208 242 219 232 227 219 233 204 235 189 238 173 239 158 134 153 141 146 152 144 162 146 173 150 188 150 198 146 209 144 219 146 227 152 181 161 181 170 181 179 181 188 169 196 175 198 180 199 186 198 192 196 148 165 155 164 161 164 167 165 161 166 155 167 193 164 200 164 206 164 212 164 206 166 200 166 162 214 169 211 175 209 180 210 186 208 193 210 199 214 193 221 187 224 181 225 175 224 169 221 165 214 175 212 180 213 186 212 195 214 187 218 180 219 175 218
123 176 126 193 128 208 134 223 144 235 156 244 169 252 183 253 197 250 209 242 219 232 228 219 232 205 235 189 237 174 239 158 135 153 141 146 152 144 162 146 173 150 188 150 198 146 209 144 220 146 228 152 180 161 180 170 181 179 181 188 169 196 175 198 180 199 186 198 192 196 148 166 155 165 161 165 168 166 162 168 155 168 193 165 200 164 207 165 213 164 207 167 200 167 162 214 169 211 175 209 181 210 186 208 193 210 199 214 193 221 187 224 181 225 175 224 169 221 165 214 175 212 181 213 187 212 196 214 186 218 181 218 175 218
124 175 126 191 128 207 133 221 143 234 155 243 167 251 182 253 196 250 209 242 219 232 228 219 232 204 235 189 238 173 240 158 135 153 141 146 152 144 163 146 173 149 188 150 199 146 210 145 220 146 228 153 181 161 181 170 181 179 181 188 169 196 175 198 180 199 187 198 192 196 148 165 155 165 161 164 168 165 162 167 155 168 193 165 200 164 207 164 214 164 207 167 200 167 162 214 169 210 175 209 180 210 186 209 193 211 199 214 193 220 186 222 180 223 174 222 169 220 165 214 175 213 180 214 186 213 196 214 186 216 180 217 175 216
124 177 126 193 129 208 135 222 144 233 155 243 168 250 182 252 196 250 208 242 219 232 228 220 233 206 236 191 237 175 238 159 135 153 141 146 151 144 162 145 173 149 188 149 198 145 209 144 220 146 227 152 180 161 180 170 180 179 180 189 169 196 175 198 180 199 186 198 192 196 149 165 155 164 161 163 167 164 161 166 155 166 194 164 200 163 207 163 213 163 207 166 200 166 162 214 169 211 175 209 181 211 186 209 193 211 199 214 193 219 186 221 181 222 175 221 168 218 165 214 175 213 181 214 186 213 196 214 186 215 181 216 175 215
124 176 126 192 129 207 135 221 144 233 156 243 168 250 182 252 195 249 208 242 218 232 227 220 233 206 236 190 237 175 239 159 135 153 141 146 151 144 162 145 173 149 189 149 199 146 210 144 220 146 228 152 180 161 180 170 180 180 180 189 169 196 174 198 180 199 186 198 192 196 148 164 155 162 161 162 167 164 161 165 155 166 194 164 200 162 207 162 213 163 207 165 200 165 162 214 168 211 175 209 180 211 186 209 192 211 199 214 192 219 186 221 180 222 175 221 168 218 165 214 175 213 180 214 186 214 196 214 186 215 180 215 175 215
124 177 126 193 129 209 135 222 145 234 156 243 169 251 182 253 196 250 208 242 219 232 227 220 232 206 235 190 237 175 238 159 134 153 141 146 151 144 162 145 173 148 189 149 199 146 210 144 220 146 228 152 180 160 181 170 181 179 181 188 169 196 175 198 181 199 187 197 193 196 148 163 155 161 161 161 167 163 161 165 154 165 194 163 200 161 207 161 213 163 207 165 200 165 162 215 169 211 176 209 181 210 186 209 193 211 199 215 193 220 186 223 181 223 175 222 169 220 165 214 176 213 181 214 186 213 196 215 186 216 181 217 175 216
124 176 125 192 129 208 135 222 144 234 156 244 168 251 181 254 195 251 207 243 218 233 227 220 232 206 235 190 237 175 238 159 134 153 141 146 151 144 162 145 173 148 189 148 199 145 210 144 220 146 228 152 181 160 181 170 180 179 181 188 169 196 175 198 180 199 186 198 192 196 148 163 155 161 161 161 167 163 161 165 154 165 194 163 200 161 207 161 213 162 207 165 200 165 162 215 169 211 175 209 181 210 186 209 193 211 199 215 193 221 186 224 180 225 175 224 168 221 166 215 175 213 181 214 186 213 195 215 186 218 180 218 175 217
123 177 126 193 129 209 134 224 144 236 155 245 168 253 182 255 196 252 208 243 219 233 227 220 232 205 235 190 237 174 239 159 134 153 141 145 152 144 163 145 173 149 189 149 199 146 210 144 220 146 227 152 181 160 182 170 182 178 182 188 170 195 175 197 181 199 187 197 192 196 149 163 155 161 161 161 167 163 162 165 155 165 194 163 200 161 207 161 213 163 207 165 200 165 163 215 169 211 175 209 181 210 187 209 193 211 198 215 193 222 187 225 180 226 175 225 169 221 166 215 175 213 181 214 187 213 195 215 186 218 181 219 175 218
123 177 125 193 129 209 135 223 144 234 156 244 168 252 182 254 195 251 207 243 218 233 227 220 232 206 235 191 237 176 238 160 134 152 141 145 152 144 162 145 173 148 189 149 199 145 210 144 220 146 228 152 180 160 181 170 180 179 180 188 169 196 175 198 180 199 186 198 192 196 148 163 154 161 161 161 167 163 161 165 154 165 194 163 200 161 207 161 213 162 207 165 200 165 162 215 169 211 175 209 181 211 186 209 193 211 199 215 193 222 187 225 181 226 174 225 168 221 165 215 175 213 181 214 186 213 196 215 186 218 181 219 175 218
124 177 126 193 129 209 135 223 145 234 156 244 169 251 182 253 196 250 208 242 219 233 227 220 233 206 236 190 237 175 238 159 134 153 141 146 151 143 162 145 173 148 189 149 199 146 209 144 220 146 228 152 180 160 180 170 180 179 180 188 169 196 175 198 180 199 186 198 192 196 148 163 154 161 161 160 167 163 161 165 154 165 194 163 200 160 207 161 213 162 207 165 200 165 162 214 169 211 175 209 181 211 186 209 193 211 200 215 193 220 187 223 181 224 175 223 168 220 165 214 175 213 181 214 186 213 196 215 186 217 181 217 175 216
124 178 126 193 129 209 135 222 144 233 156 243 168 249 182 252 196 249 208 242 219 232 227 220 233 206 235 191 237 175 238 160 134 153 140 146 151 144 162 145 172 148 188 148 199 145 209 144 220 146 228 152 180 160 180 170 180 179 181 188 170 196 175 198 180 199 186 197 192 196 148 163 154 161 161 161 167 164 161 165 154 165 194 164 200 161 207 161 213 162 207 165 200 165 162 214 169 211 175 209 181 210 186 209 193 211 200 214 193 219 186 221 181 222 175 221 169 218 165 214 175 213 181 214 186 213 197 214 186 215 181 216 175 215
123 177 125 192 128 207 134 221 144 232 155 241 168 248 181 250 194 248 207 242 218 232 227 221 232 207 235 192 237 176 238 160 134 153 141 145 151 143 162 145 173 148 189 149 199 145 210 144 220 145 227 152 180 160 181 170 181 179 181 188 170 196 175 198 180 199 186 198 192 196 148 163 154 161 161 160 167 164 161 165 154 165 194 164 200 161 207 161 213 162 207 165 200 165 161 213 168 210 175 209 180 210 186 209 193 211 200 214 192 218 186 220 180 221 174 220 168 217 164 213 175 213 180 214 186 213 197 214 186 214 180 215 175 214
123 176 125 192 128 207 134 221 143 233 155 242 167 249 181 251 195 249 207 242 218 232 227 221 232 207 235 192 237 176 238 160 134 152 141 145 151 143 162 145 173 148 189 148 199 145 210 144 220 145 227 152 180 160 180 169 180 179 180 188 169 196 174 197 180 199 186 197 191 196 148 163 154 161 161 160 167 163 161 165 154 165 194 163 200 161 206 161 213 162 207 165 200 165 161 213 168 210 175 209 180 211 186 209 192 211 200 214 192 218 186 221 180 221 174 220 168 217 164 213 175 213 180 214 186 213 196 214 185 215 180 215 175 214
123 176 125 192 128 207 134 221 144 233 155 243 168 250 181 252 195 250 207 242 218 232 227 220 232 206 235 190 237 175 238 159 134 152 141 145 151 143 162 145 172 148 189 148 199 145 209 144 220 145 227 152 180 160 180 169 180 179 180 188 169 196 174 197 180 199 186 197 191 196 148 163 154 161 161 160 167 163 160 165 154 165 194 163 200 160 206 161 213 162 207 165 200 165 161 213 168 211 175 209 180 211 185 210 192 211 199 214 192 220 186 223 180 223 174 222 168 219 164 213 175 213 180 214 186 213 196 214 185 217 180 217 174 216
123 177 125 193 128 208 134 222 143 234 155 244 167 251 181 254 195 251 207 243 218 233 226 220 232 206 235 191 237 175 238 160 134 152 141 145 152 143 162 145 173 148 189 148 199 145 210 144 220 145 227 152 180 160 180 169 180 178 180 188 169 196 174 198 180 199 186 198 191 196 148 163 154 161 161 161 167 163 161 165 154 165 194 163 200 161 207 161 213 162 207 165 200 165 161 214 168 211 175 210 180 212 185 210 192 212 199 215 192 222 186 224 180 225 174 224 168 221 165 214 175 213 180 214 185 214 195 215 185 218 180 219 175 218
123 176 125 192 128 208 133 222 142 234 154 244 166 252 180 254 194 252 207 243 218 233 226 220 231 205 234 190 237 174 239 158 134 152 141 145 152 144 162 145 173 149 189 149 199 145 209 144 220 145 227 152 181 160 181 170 181 178 181 187 169 196 175 198 180 199 186 198 191 196 148 163 154 161 161 161 167 164 161 165 154 165 193 164 200 161 206 161 212 162 207 165 200 165 161 214 169 212 175 210 180 212 185 210 192 212 198 215 192 223 185 225 180 226 174 225 168 221 165 214 175 213 180 214 185 214 195 215 185 219 180 220 175 219
123 176 125 192 128 208 133 222 143 234 154 244 167 251 181 254 195 251 208 243 218 232 226 219 231 205 234 189 237 173 239 157 134 152 141 145 152 144 162 145 173 149 188 149 198 145 209 144 219 145 227 152 180 160 181 169 181 178 181 188 169 196 175 198 180 199 186 198 191 196 148 163 154 161 161 161 167 163 161 165 154 165 193 163 199 161 206 161 212 162 206 165 200 165 162 214 169 212 175 210 180 212 185 211 192 212 198 215 192 222 186 225 180 226 174 225 168 222 165 215 175 213 180 215 185 214 195 215 185 219 180 220 175 219
123 176 125 192 128 207 134 221 143 233 155 243 167 250 181 252 194 250 207 242 218 232 226 220 232 205 235 190 237 174 239 159 134 152 141 146 151 144 162 145 172 149 189 149 199 146 209 144 219 146 227 152 180 160 180 170 180 179 180 188 169 196 174 198 180 199 185 198 191 196 148 163 154 161 161 161 167 163 160 165 154 165 194 163 200 161 206 161 213 162 207 165 200 165 161 214 168 212 175 211 180 212 185 211 191 212 198 215 191 221 185 224 180 224 174 223 168 220 165 214 175 214 180 215 185 214 195 215 185 218 180 218 174 217
123 177 125 192 128 208 134 222 144 233 156 242 168 249 181 251 195 249 207 241 218 232 227 220 232 206 235 191 237 175 238 160 134 152 141 145 151 144 162 145 172 148 188 149 198 145 209 144 219 145 227 152 180 160 180 170 180 179 180 188 170 196 175 198 180 199 186 198 191 196 148 163 154 161 160 160 167 164 160 165 154 165 194 163 200 161 206 161 213 162 207 165 200 165 162 214 169 212 175 211 180 212 185 211 191 212 198 215 191 220 185 222 180 222 175 222 169 219 165 214 175 214 180 215 185 214 195 215 185 216 180 217 175 216
123 176 125 192 128 207 134 221 143 233 155 242 167 249 181 251 194 248 207 241 218 232 226 220 232 206 235 191 237 175 238 160 134 152 141 145 151 144 162 145 172 148 189 149 199 145 209 144 220 146 227 152 180 160 180 170 180 179 180 188 169 196 174 198 180 199 186 198 191 196 148 163 154 161 161 161 167 164 160 165 154 165 194 163 200 161 206 161 213 162 207 165 200 165 162 214 169 212 175 210 180 212 185 210 191 212 199 214 191 219 185 221 180 222 175 221 169 219 165 214 175 214 180 215 185 214 195 215 185 215 180 216 175 215
123 177 125 193 128 208 134 222 144 233 156 242 168 249 182 251 195 248 207 241 218 232 227 220 232 206 235 191 237 175 238 159 134 152 140 146 151 144 162 145 172 149 189 149 198 145 209 144 219 145 227 151 180 160 180 170 180 179 180 188 170 196 175 198 180 199 186 198 191 196 148 163 154 161 160 160 167 164 160 165 154 165 194 164 200 161 206 161 213 162 207 165 200 165 162 214 169 212 175 210 181 212 185 210 192 212 199 214 192 219 186 221 181 221 175 221 169 218 165 214 175 214 181 215 186 214 196 214 186 215 181 215 175 215
123 177 125 193 128 208 134 222 144 234 155 242 168 248 181 250 195 248 207 241 218 232 227 220 232 206 235 191 237 175 238 160 133 153 140 146 151 144 162 145 172 148 188 149 198 145 209 144 219 145 227 152 180 160 180 170 180 179 180 188 169 196 174 198 180 199 186 198 191 196 148 163 154 161 161 161 167 164 160 166 154 166 194 164 200 160 206 160 213 162 207 165 200 165 162 214 169 212 175 210 180 212 185 210 192 212 199 214 192 219 186 220 180 221 175 220 169 218 165 214 175 214 180 215 185 214 196 214 185 215 180 215 175 214
123 177 125 193 128 208 134 222 143 233 155 242 167 248 181 250 194 248 207 241 218 232 226 220 232 206 235 191 237 176 238 160 133 152 140 146 151 144 161 145 172 149 189 149 199 145 209 144 220 145 227 151 180 160 180 170 180 179 180 188 170 196 175 198 180 199 186 198 191 196 148 163 154 161 160 161 167 164 160 165 154 165 194 164 200 161 206 161 213 162 207 165 200 165 161 214 169 212 175 210 181 212 185 210 192 212 199 214 192 218 186 220 180 221 175 220 169 218 165 214 175 214 180 215 186 214 196 214 185 214 180 215 175 214
123 177 125 193 128 208 134 222 143 233 155 241 168 248 181 250 195 247 207 240 218 231 227 219 232 205 235 190 237 175 238 160 133 153 140 146 151 144 161 145 172 149 189 149 199 145 210 144 220 145 227 152 180 160 180 170 180 179 180 188 170 196 175 198 180 199 186 198 191 196 147 163 154 161 160 161 167 164 160 166 153 166 193 164 200 161 206 161 213 162 207 165 200 165 161 214 169 212 175 210 180 211 185 210 192 211 199 214 192 218 185 220 180 221 175 220 169 218 165 214 175 214 180 214 185 214 196 214 185 214 180 215 175 214
123 177 125 193 128 208 134 222 144 233 155 241 168 248 181 250 195 248 207 241 218 232 227 220 232 206 235 190 237 175 238 159 133 153 140 146 150 144 161 145 172 148 188 149 198 145 209 144 219 146 227 152 180 160 180 169 180 178 180 188 169 196 174 198 180 199 185 198 191 196 147 163 154 161 160 161 167 164 160 165 153 165 193 164 199 161 206 161 213 162 207 165 200 165 161 214 169 212 175 210 180 211 185 210 192 211 199 214 192 218 185 220 180 220 175 220 168 218 164 214 175 214 180 214 185 214 196 214 185 214 180 215 175 214
123 177 125 192 128 208 134 221 144 232 155 241 167 248 181 250 194 248 206 241 217 232 226 220 231 206 234 191 236 175 238 160 133 153 140 146 150 144 161 145 171 149 188 149 198 145 209 144 219 145 227 152 179 161 179 170 179 179 179 188 169 197 174 198 179 199 185 198 191 196 147 163 153 161 160 161 166 164 160 166 153 166 193 164 199 161 206 161 213 162 206 165 199 165 161 214 168 212 175 210 180 211 185 210 191 212 199 214 191 218 185 220 180 220 174 220 168 218 164 214 175 214 180 215 185 214 196 214 185 214 180 215 175 214
