131 154 133 169 136 185 141 199 149 211 160 220 173 227 188 229 203 227 216 219 227 209 235 196 240 182 243 166 244 150 244 134 141 122 148 117 158 115 168 117 178 121 192 121 202 116 212 113 222 113 230 119 185 132 185 142 185 151 185 161 176 172 181 173 186 174 191 173 197 171 152 135 158 133 165 133 171 136 165 138 158 138 200 135 206 132 213 131 219 133 213 136 207 136 168 192 174 188 181 185 186 187 191 185 198 188 206 192 198 197 191 199 186 199 181 198 174 197 171 192 181 191 186 191 191 191 203 192 191 191 186 192 181 191
132 154 134 169 137 185 141 199 149 211 160 220 172 227 188 229 203 226 216 219 227 209 235 197 240 182 242 167 243 151 244 136 141 122 149 116 159 115 169 116 178 120 193 120 203 116 212 112 223 113 231 119 186 131 186 141 186 150 186 160 177 171 182 172 187 173 192 172 197 171 152 135 159 132 166 132 172 135 165 137 158 137 201 134 207 131 214 130 220 133 214 136 208 136 169 192 175 188 182 185 186 186 191 185 198 187 206 192 198 196 192 198 187 198 182 198 175 196 172 192 182 190 187 191 191 190 203 191 192 191 187 191 182 191
132 152 134 167 137 183 142 197 150 210 160 219 173 226 188 228 204 225 217 217 228 207 237 195 242 180 244 165 245 149 246 134 142 121 149 115 159 114 169 116 179 120 193 120 203 115 213 112 223 112 230 118 186 131 186 140 186 150 186 159 177 171 182 172 187 173 192 172 197 170 153 134 159 132 166 132 172 135 166 136 159 137 201 134 207 130 214 130 220 132 214 135 208 135 169 191 175 187 182 184 187 185 192 184 199 187 206 191 199 195 192 197 187 198 182 197 175 196 172 191 182 190 187 190 192 190 203 191 192 190 187 191 182 190
133 152 134 167 137 183 142 197 149 209 160 219 172 226 188 228 203 226 215 218 226 208 234 195 238 181 241 165 242 149 243 133 142 121 149 115 159 114 170 116 179 120 194 119 204 115 214 111 224 112 232 118 187 130 187 140 187 149 187 159 177 170 182 172 187 172 192 171 198 170 153 134 159 131 166 131 172 134 166 136 159 136 202 133 208 130 214 130 220 132 215 135 208 135 169 191 176 187 183 184 187 185 192 184 199 186 206 191 199 196 192 197 187 198 182 197 176 196 172 191 183 189 187 190 192 189 203 191 192 190 187 191 183 190
134 151 135 166 138 182 142 196 150 208 161 218 173 225 189 228 204 225 218 217 229 207 237 194 241 180 243 164 244 148 245 133 143 121 150 115 160 113 170 115 180 119 194 119 204 114 214 111 224 112 232 118 187 130 187 140 187 149 187 159 178 170 183 171 188 172 193 171 198 169 154 133 160 131 167 131 173 134 166 135 160 136 202 133 208 130 215 129 221 131 216 134 209 134 170 190 176 186 183 183 187 184 192 183 200 186 207 190 200 195 193 197 188 197 183 197 176 195 173 190 183 189 188 189 192 189 204 190 192 190 188 190 183 190
134 151 136 167 138 182 143 196 152 208 162 218 175 225 190 227 205 225 218 217 229 207 237 195 243 180 245 165 247 149 248 133 143 120 151 114 161 113 171 114 180 118 195 118 205 114 215 111 225 111 233 117 188 129 188 139 188 148 188 158 179 169 184 171 189 171 194 170 199 169 154 133 161 130 168 130 174 134 167 135 160 135 203 133 209 129 216 129 222 131 216 134 210 134 171 190 177 186 184 182 188 184 193 182 200 186 208 190 200 195 194 197 189 197 184 197 177 195 174 190 184 189 188 189 193 189 204 190 193 190 188 190 184 190
134 151 136 167 139 182 144 197 152 209 163 219 175 227 190 229 206 226 219 217 230 207 238 194 243 179 245 163 246 147 247 132 144 120 152 113 162 112 172 114 182 118 196 117 206 113 216 110 226 111 233 117 189 129 189 138 189 148 189 157 180 168 184 170 189 171 194 170 199 168 156 132 162 130 169 130 175 133 168 134 162 135 204 132 210 128 216 128 222 130 217 133 210 133 172 191 177 185 184 182 189 183 194 182 201 185 208 190 201 197 194 200 189 200 184 200 177 197 175 191 184 188 189 188 194 188 204 190 194 191 189 192 184 192
135 151 137 167 139 183 145 198 153 210 163 221 176 229 190 231 205 228 218 220 229 210 237 197 243 182 246 166 249 150 250 134 145 119 153 113 163 111 173 113 182 117 197 117 207 112 217 110 227 110 234 117 190 129 190 138 190 147 190 157 180 168 185 169 190 170 195 169 200 168 156 132 162 129 169 129 175 132 169 134 162 134 204 131 211 128 217 128 223 130 218 133 211 133 172 191 177 184 184 181 189 182 194 181 202 185 208 191 202 199 195 203 189 203 184 203 177 200 176 191 185 187 189 187 194 187 205 191 194 194 189 195 184 195
135 150 137 166 140 182 145 197 153 210 164 222 176 230 191 232 206 229 219 220 230 209 239 196 244 181 247 165 249 149 250 133 146 118 153 112 163 111 174 113 183 117 198 117 207 112 217 109 228 110 235 116 191 128 190 138 190 147 190 157 180 167 185 169 190 170 195 169 200 167 157 131 163 129 170 129 176 132 170 133 163 133 205 131 211 128 218 128 224 130 218 132 211 133 173 191 178 184 185 180 189 181 195 180 202 184 208 191 202 200 195 204 189 205 184 204 177 200 176 191 185 186 190 187 195 186 205 191 195 196 189 196 185 196
136 150 138 166 140 182 146 197 154 211 164 222 176 230 191 233 206 229 219 221 230 209 239 195 244 180 247 164 249 148 251 132 146 118 154 112 164 111 174 113 184 117 198 117 208 112 218 109 228 110 236 116 191 128 191 137 191 147 190 156 181 167 186 168 191 169 196 169 201 167 157 131 163 129 170 129 176 132 170 133 163 133 206 131 212 128 218 128 224 130 219 132 212 132 172 190 177 183 185 180 190 181 195 180 203 184 209 191 203 201 195 204 189 205 184 204 177 200 176 190 185 186 190 186 195 186 206 191 195 196 190 196 185 196
136 151 138 168 141 184 146 199 154 212 165 223 177 231 192 234 207 230 220 221 230 210 239 196 244 181 247 165 249 149 250 133 146 118 154 112 164 111 174 113 184 117 198 117 208 112 218 109 228 110 236 116 191 128 191 137 191 147 191 156 181 167 186 169 191 170 196 169 201 167 158 131 164 129 171 128 177 132 170 133 164 133 205 131 212 128 218 127 224 130 219 132 212 133 172 190 178 183 185 180 190 181 196 180 204 184 210 191 203 201 196 205 190 206 184 205 177 201 175 190 185 186 190 186 196 186 206 191 196 197 190 198 185 197
136 150 138 167 141 183 147 198 155 212 165 223 177 232 192 235 206 231 219 223 230 211 239 197 246 182 249 166 251 149 253 133 146 118 154 112 164 111 175 113 184 117 198 117 208 113 218 109 228 110 235 116 191 129 191 138 191 147 191 156 181 167 186 169 191 170 196 169 201 167 157 131 164 129 171 129 176 132 170 134 163 134 206 131 212 127 218 127 225 130 219 133 212 133 172 191 177 183 185 180 190 181 196 180 204 184 210 191 204 202 196 206 190 207 184 206 177 201 175 191 185 186 190 186 196 186 207 191 196 198 190 198 185 197
137 152 138 168 142 185 147 200 155 213 165 224 177 232 192 235 207 231 220 222 230 210 238 197 244 182 246 166 248 150 249 134 147 118 154 113 164 111 174 113 183 117 198 116 208 112 217 109 227 110 235 116 191 128 191 138 191 147 191 156 181 167 186 169 191 170 196 169 201 167 157 131 164 129 170 129 176 132 170 133 163 134 205 131 211 127 218 127 224 130 219 132 212 133 171 191 177 183 185 180 190 181 196 180 204 184 210 191 204 203 196 207 190 207 184 207 176 202 174 190 185 186 190 186 196 186 207 191 195 198 190 199 184 198
136 151 138 168 141 184 146 199 154 212 164 224 176 232 191 234 206 231 219 222 229 210 237 196 243 181 246 165 248 149 249 133 146 119 154 113 164 112 174 114 183 118 197 117 207 113 217 110 227 110 235 116 191 128 191 138 190 147 190 157 180 167 185 169 190 170 196 169 201 167 157 132 163 129 170 129 176 132 170 134 163 134 205 131 211 128 217 127 223 130 218 132 211 133 171 190 176 183 184 180 189 181 195 180 203 184 209 191 203 201 195 205 189 206 183 205 176 201 174 190 185 186 190 187 195 186 206 191 195 197 189 197 184 197
136 150 138 166 140 181 145 196 153 210 163 222 175 230 190 233 206 230 219 221 229 209 238 196 244 181 247 165 249 148 250 132 146 119 153 113 163 112 173 114 183 118 197 117 206 113 216 110 227 110 234 116 190 129 190 138 190 147 189 157 180 168 185 169 190 170 195 169 200 168 157 132 163 130 169 129 176 132 169 134 163 134 205 131 211 128 217 128 223 130 218 133 211 133 171 190 176 184 184 181 189 183 194 181 202 185 209 190 202 199 195 203 189 204 183 203 176 199 173 190 184 187 189 188 194 187 206 190 194 196 189 197 184 196
137 150 138 166 140 181 145 197 152 210 162 220 174 228 190 230 205 228 218 220 230 210 238 197 244 182 246 166 248 150 249 134 146 120 153 114 163 113 173 115 182 119 197 118 206 114 216 111 226 111 234 117 190 129 190 139 190 148 189 158 180 169 185 171 190 172 195 171 200 169 157 133 163 131 169 131 175 134 169 135 163 135 205 133 210 129 217 129 223 131 218 134 211 134 171 191 177 187 185 184 189 186 194 184 202 187 209 192 201 197 194 198 189 199 184 198 177 196 174 191 185 191 189 191 194 191 206 192 194 192 189 192 184 192
137 152 138 168 141 184 145 199 152 211 162 221 174 228 190 230 206 228 219 221 230 211 239 197 244 182 246 166 247 150 247 135 146 122 153 115 162 114 172 116 182 120 197 119 206 115 216 112 226 112 233 118 190 130 190 140 190 149 190 158 180 170 185 172 190 172 195 172 200 170 159 136 164 135 171 134 176 135 171 138 165 138 204 134 210 133 216 133 222 134 216 136 210 136 171 193 178 188 185 185 189 186 194 185 202 188 209 193 201 196 194 197 189 197 184 197 177 196 174 192 185 191 189 191 194 191 206 192 194 191 189 191 184 191
136 154 138 169 141 185 145 199 153 212 162 222 175 229 190 231 206 228 219 221 229 210 236 197 241 182 243 166 244 150 244 134 146 123 153 116 163 115 172 117 182 120 197 120 206 115 216 112 226 113 233 119 190 131 190 141 190 150 190 159 180 171 185 173 190 173 196 172 200 171 159 138 164 137 171 136 177 137 171 139 165 140 204 135 210 135 216 135 222 135 216 138 210 138 172 194 178 188 185 185 190 186 195 185 202 188 209 193 202 197 195 199 189 200 184 199 177 198 175 193 185 191 190 192 195 191 206 193 195 192 190 193 185 192
136 152 138 168 141 183 146 198 153 212 164 222 176 230 191 232 206 229 220 221 231 210 239 196 244 181 247 165 249 149 249 133 146 122 153 117 163 116 173 117 182 121 197 120 207 116 217 113 227 114 234 119 190 132 190 142 190 151 190 161 181 172 185 173 190 174 196 173 201 171 158 138 164 137 170 136 177 137 171 139 164 140 204 135 210 135 216 135 223 135 217 137 210 137 173 194 179 188 185 185 190 186 195 185 202 188 209 194 202 200 195 202 190 203 185 202 178 200 176 194 185 191 190 191 195 191 206 194 195 195 190 195 185 195
136 152 138 168 141 184 146 199 154 211 164 222 176 230 191 232 206 229 218 220 229 209 237 196 243 181 245 165 246 149 247 133 146 123 153 117 163 116 173 118 182 122 197 120 207 116 217 113 226 113 234 119 190 133 190 142 190 152 190 162 181 172 186 173 191 174 196 173 201 172 157 137 164 136 170 136 176 137 170 139 164 139 205 136 211 134 217 134 223 135 218 137 211 137 173 194 179 188 185 184 190 186 195 185 202 188 209 194 202 200 195 204 190 204 185 204 178 200 177 194 185 191 190 191 195 190 205 194 195 195 190 196 185 195
136 152 138 167 141 183 145 198 153 211 164 221 175 229 191 231 206 228 219 219 229 208 237 195 242 180 245 164 246 148 247 132 146 123 153 117 163 116 173 118 182 122 197 121 207 117 217 114 227 114 234 119 190 132 190 142 190 152 190 162 181 172 186 174 190 174 196 173 201 172 157 137 163 135 169 135 176 136 169 138 163 139 204 135 210 133 217 133 223 134 217 137 211 137 173 194 178 188 185 185 190 186 195 185 202 188 208 194 202 200 195 203 190 203 184 203 178 200 177 193 185 191 190 191 195 191 204 194 195 194 190 195 185 194
136 153 137 169 141 185 146 199 154 211 164 221 176 229 190 231 205 228 217 220 228 209 236 195 241 180 244 165 245 149 246 133 145 123 153 118 162 116 173 118 182 122 197 120 207 117 216 113 226 114 234 119 190 132 190 142 190 151 190 161 181 172 186 174 190 174 196 173 200 172 156 136 163 135 169 134 176 136 169 138 163 138 204 135 210 132 217 132 223 134 217 136 211 136 173 194 179 188 185 184 190 186 195 185 202 188 208 194 202 199 195 202 190 202 185 202 178 199 177 193 185 191 190 191 195 191 205 193 195 193 190 194 185 193
136 151 137 167 140 183 145 197 153 210 163 220 176 228 191 230 206 227 218 218 228 207 235 194 240 179 242 163 243 147 243 132 145 123 152 117 162 116 172 118 182 121 197 120 206 116 216 113 226 113 233 119 190 132 190 142 190 151 190 161 181 172 185 173 190 174 195 173 200 172 156 135 162 133 169 133 175 136 169 137 162 138 204 135 210 131 217 131 223 133 217 136 210 136 173 193 179 188 186 185 190 186 195 185 201 188 207 193 201 198 195 200 190 201 185 200 179 198 176 193 186 191 190 191 195 191 204 193 195 192 190 193 186 192
136 151 137 167 140 182 145 197 153 210 164 220 176 228 191 230 206 227 218 219 228 208 236 194 240 179 242 163 243 147 244 132 145 122 152 116 162 115 172 117 182 121 196 120 205 116 215 113 225 113 233 118 189 131 189 141 190 150 190 160 181 171 185 172 190 173 195 172 200 171 156 135 162 133 169 132 175 135 169 137 162 137 204 134 210 130 216 130 222 132 217 135 210 135 174 193 179 187 186 184 190 185 194 184 201 187 207 193 201 198 195 200 190 201 185 200 179 198 177 192 186 190 190 191 194 190 204 192 194 192 190 192 186 192
136 149 137 165 140 181 145 196 153 208 163 219 176 227 192 229 207 225 219 217 228 205 235 192 239 177 241 162 241 146 242 131 145 121 153 115 162 114 172 116 181 119 197 118 206 114 216 111 226 111 233 117 190 130 190 140 190 149 190 159 181 170 186 171 191 172 195 171 200 169 156 133 162 131 169 131 175 134 169 136 162 136 204 133 210 129 217 129 222 131 217 134 210 134 174 192 179 186 186 183 190 184 195 183 202 186 207 192 202 197 195 199 191 200 186 199 179 197 177 191 186 189 190 190 195 189 204 191 195 191 191 191 186 191
136 150 137 165 140 181 145 196 153 208 164 218 176 226 192 228 207 225 219 216 229 205 236 192 240 178 243 162 243 146 244 131 145 120 153 114 162 113 173 114 182 118 197 117 206 113 216 110 226 110 233 116 190 129 190 138 190 147 190 157 181 168 186 170 191 170 195 169 200 168 156 132 162 130 169 130 175 133 169 134 162 135 204 131 210 128 217 128 222 130 217 133 211 133 174 191 180 185 186 181 190 183 195 181 202 185 207 191 202 196 196 198 191 199 186 198 180 196 178 191 186 188 190 188 195 188 204 190 195 190 191 191 186 190
136 149 138 165 141 180 146 195 153 208 164 218 176 226 192 228 207 225 220 216 231 205 238 192 243 178 245 162 246 147 247 132 145 118 153 113 163 112 173 113 182 117 197 116 206 112 216 109 226 109 233 115 190 128 190 137 190 146 190 156 181 167 186 169 190 169 195 168 200 167 157 131 162 129 169 129 175 132 169 133 162 134 204 131 210 127 217 127 223 129 217 132 211 132 174 190 179 184 186 180 190 181 195 180 202 184 208 190 202 196 196 199 191 199 186 199 179 196 178 190 186 187 190 187 195 186 205 190 195 191 190 191 186 191
136 149 138 165 141 180 146 195 154 207 164 218 177 226 192 228 207 225 220 216 230 205 237 192 242 177 245 161 246 145 246 130 146 118 153 112 163 111 173 113 183 116 197 115 206 111 216 108 226 109 234 115 190 127 190 137 190 146 190 155 181 166 186 168 191 169 196 168 200 166 157 131 163 128 170 128 176 131 170 133 163 133 205 130 210 126 217 126 223 128 218 131 211 131 173 189 178 182 185 179 190 180 195 179 202 183 209 189 202 197 195 200 190 201 185 200 178 197 177 189 186 185 190 186 195 185 205 189 195 192 190 193 185 192
136 149 138 165 141 181 147 196 154 208 165 219 178 227 192 229 207 225 219 217 229 206 237 192 242 177 244 161 245 145 246 130 146 117 153 112 163 110 173 112 183 116 197 115 206 111 216 108 227 108 234 114 190 127 190 136 190 145 190 155 181 166 186 167 191 168 196 167 201 165 157 130 163 128 170 127 176 131 170 132 163 132 205 129 211 126 217 126 223 128 218 131 211 131 173 189 178 182 185 178 190 179 195 178 202 182 209 188 203 197 196 201 190 202 185 201 178 198 176 188 185 184 190 184 195 184 205 188 195 193 190 193 185 193
136 149 138 166 141 181 146 196 154 208 164 219 177 226 192 229 207 226 220 217 231 206 239 193 244 178 247 162 248 146 250 129 146 117 153 111 163 110 174 112 183 116 197 115 207 111 217 107 227 108 234 114 191 127 190 136 190 145 190 154 181 165 186 167 191 167 196 167 201 165 157 130 163 127 170 127 176 131 170 132 163 132 205 129 211 126 217 125 224 128 218 131 211 131 173 188 178 181 185 177 190 179 195 178 203 182 209 189 203 197 195 201 190 202 184 201 177 197 176 188 185 184 190 184 195 184 205 189 195 193 190 193 185 193
136 150 138 166 141 181 146 196 154 208 165 219 177 227 192 230 207 226 220 217 231 206 239 193 245 178 247 163 249 147 250 131 146 117 154 111 164 110 174 112 183 116 197 115 207 111 217 107 227 108 235 114 191 127 190 136 190 145 190 155 181 165 186 166 191 167 196 166 201 165 157 130 163 127 170 127 176 130 170 132 163 132 205 129 211 125 218 125 224 128 218 130 211 131 173 188 178 181 185 177 190 179 195 178 203 182 210 189 203 197 196 201 190 202 184 201 178 197 176 188 185 183 190 184 195 183 206 188 195 193 190 193 185 193
137 149 139 165 142 181 147 196 154 208 165 219 177 226 192 229 206 226 219 217 229 206 236 193 241 178 244 162 246 146 247 130 146 117 154 111 163 110 174 112 183 115 197 114 207 110 217 107 227 108 235 114 191 126 191 135 190 144 190 154 181 165 186 166 191 167 196 166 201 165 157 130 163 127 170 127 176 130 170 132 163 132 205 129 211 125 218 125 224 128 218 131 212 131 173 189 178 180 185 177 190 178 195 177 203 181 209 189 203 198 195 201 190 202 184 201 178 197 177 188 185 182 190 183 195 183 205 189 195 193 190 194 185 193
137 148 139 165 142 180 147 195 155 208 165 218 178 226 192 228 207 225 219 216 229 205 237 191 242 176 244 161 245 145 246 129 146 117 154 111 164 110 174 111 183 115 197 114 207 110 217 107 227 108 234 114 191 126 191 135 191 144 191 154 181 165 186 166 191 167 196 166 201 165 157 130 163 127 170 127 176 130 170 132 163 132 205 129 211 125 218 125 224 128 218 131 212 131 174 189 179 181 186 177 191 178 196 177 203 181 209 189 203 197 196 200 191 201 186 200 179 197 178 188 186 182 191 183 196 182 205 189 196 193 191 193 186 193
137 148 139 164 142 179 146 194 154 207 164 218 176 225 191 228 206 225 219 216 229 205 237 191 242 177 245 161 246 145 247 129 146 117 154 111 163 109 174 111 183 115 198 114 207 110 217 107 227 108 234 114 191 126 191 135 191 145 190 154 182 166 186 167 191 168 196 167 201 165 157 130 163 127 170 127 176 130 170 132 163 132 205 129 211 125 218 125 223 128 218 130 211 131 175 189 180 182 186 177 191 179 196 177 203 182 209 189 203 197 196 200 191 201 186 200 179 197 178 189 187 183 191 184 196 183 206 189 196 192 191 193 186 192
137 149 138 165 141 180 146 195 154 208 165 218 177 225 192 227 206 224 219 216 229 205 237 192 242 178 245 162 246 146 247 131 146 117 154 111 163 110 174 111 183 115 197 114 207 110 217 107 227 108 234 114 190 126 190 135 190 144 190 154 181 166 186 167 191 168 196 167 201 165 157 130 163 127 170 127 176 130 170 132 163 132 205 129 210 125 217 125 223 128 218 130 211 131 175 190 180 182 187 177 191 179 196 178 203 182 209 189 203 196 196 199 191 200 186 199 180 197 178 189 187 183 191 184 196 183 205 189 196 191 191 192 186 192
136 149 138 165 141 181 146 195 154 208 164 218 176 225 191 227 206 224 219 216 229 205 237 191 241 177 244 161 244 145 245 130 146 117 153 111 163 110 173 111 182 115 197 114 207 110 216 107 226 107 234 113 190 126 190 136 190 145 190 154 181 166 186 167 191 168 196 167 200 165 157 130 163 127 170 127 176 130 170 132 163 133 204 129 210 125 217 125 223 128 218 131 211 131 175 189 179 182 186 178 191 179 195 178 202 182 208 189 202 196 196 198 191 199 185 198 179 195 178 188 186 184 191 185 195 184 205 188 195 190 191 191 186 190
137 147 138 162 141 178 145 193 153 206 163 216 176 224 191 226 206 222 219 214 229 203 236 190 240 175 242 159 243 144 244 128 146 117 153 111 163 110 173 111 182 115 197 114 207 110 217 107 227 107 233 114 190 126 191 136 191 145 191 154 182 166 186 167 191 168 196 167 200 165 157 130 163 127 170 127 176 130 170 132 163 132 204 129 210 126 217 125 223 127 218 130 211 131 174 189 180 182 186 178 190 179 195 178 202 182 208 188 202 194 196 196 190 197 186 196 179 194 178 188 186 184 191 185 195 184 204 188 195 188 190 189 186 188
136 149 138 164 141 179 145 194 153 206 163 215 176 222 191 224 206 221 218 213 229 203 236 190 240 175 242 160 244 144 245 129 146 117 153 111 163 110 173 111 182 115 197 114 206 110 216 107 226 107 233 114 190 126 190 135 190 144 190 154 181 166 186 167 191 167 195 166 200 165 157 130 163 127 169 127 176 130 169 132 163 132 204 129 210 125 217 125 223 127 217 130 211 131 173 188 179 181 185 177 190 179 195 177 201 181 207 188 201 193 195 194 190 195 185 194 179 192 177 187 186 184 190 185 195 184 204 187 195 186 190 187 185 186
136 147 137 163 140 179 145 193 153 206 163 216 176 223 191 225 207 222 220 213 231 203 238 190 243 176 245 160 247 145 248 130 146 117 153 111 163 110 173 111 182 115 197 114 206 110 216 107 225 107 233 113 190 126 190 135 190 144 190 154 181 166 186 167 190 167 195 167 200 165 156 130 162 127 169 127 175 130 169 132 162 132 204 129 210 125 217 125 223 127 217 130 211 130 173 188 179 182 185 178 190 179 194 178 201 181 207 188 201 192 195 194 190 195 185 194 179 193 177 187 185 184 190 185 194 184 204 187 194 186 190 187 185 187
136 148 138 164 140 179 145 194 152 207 163 217 175 224 191 226 206 222 219 214 229 204 237 191 242 177 245 161 246 146 247 131 145 116 153 111 163 109 173 111 182 115 196 114 206 110 216 107 226 107 233 113 190 126 189 135 189 145 189 154 181 166 185 167 190 168 195 167 199 165 156 130 162 127 169 127 175 130 169 132 162 132 204 129 210 125 217 125 222 127 217 130 210 130 172 189 178 182 185 178 189 179 194 177 201 181 207 188 201 194 194 197 189 197 184 197 178 195 176 188 185 184 189 185 194 184 204 188 194 189 189 189 185 189
136 148 138 164 140 179 145 194 152 207 163 218 175 226 190 228 205 225 217 216 228 204 235 191 240 176 242 161 243 145 244 129 145 116 153 110 162 109 172 111 182 114 196 114 206 110 216 107 226 107 233 112 189 126 189 135 189 144 189 154 180 165 185 167 190 167 195 166 199 165 156 130 162 127 169 127 175 130 169 132 162 132 204 129 210 125 217 125 222 127 217 130 210 130 173 190 177 182 184 177 189 179 194 177 201 181 206 189 201 196 194 200 189 201 183 200 177 197 176 189 184 184 189 184 194 184 203 188 194 192 189 193 184 192
136 148 137 164 140 180 145 194 152 207 162 218 174 226 189 229 204 225 217 217 228 205 235 191 241 177 243 161 244 145 245 129 145 116 153 110 162 109 172 110 182 114 196 113 206 109 215 106 225 106 233 112 189 125 189 134 189 143 189 153 180 165 185 166 189 167 194 166 199 164 156 129 162 126 169 126 175 130 169 131 162 132 204 128 209 124 216 124 222 127 217 130 210 130 172 189 177 181 184 177 189 178 194 177 201 181 206 189 201 197 194 200 189 201 183 201 177 197 176 189 184 183 189 184 194 183 203 188 194 192 189 193 184 193
136 148 137 163 140 179 145 194 152 207 162 218 174 226 189 229 204 225 218 217 229 206 238 193 243 178 246 163 248 147 250 131 145 115 153 109 162 108 172 110 182 113 196 113 206 109 215 106 226 106 233 112 189 125 189 134 188 143 188 153 180 164 184 165 189 166 194 165 199 163 156 129 162 126 169 126 175 129 169 131 162 131 204 128 209 124 216 123 223 126 217 129 210 129 172 188 177 180 184 176 189 177 194 176 201 180 207 188 201 196 194 199 188 200 183 200 176 196 176 188 184 183 189 183 194 182 203 188 194 192 188 193 184 192
135 147 137 163 140 178 144 193 152 207 162 218 174 226 189 229 204 226 217 217 228 206 236 193 242 178 245 162 248 146 249 129 145 115 152 109 162 108 172 109 182 113 196 113 205 108 215 105 226 106 233 112 189 124 189 133 189 142 188 152 180 163 184 164 189 165 194 164 199 163 156 128 162 125 168 125 175 129 168 130 161 130 203 127 209 123 216 123 222 126 217 129 210 129 172 188 176 180 183 176 188 177 193 176 201 180 207 188 201 196 194 200 188 201 183 200 176 196 176 187 184 182 188 182 193 182 203 187 193 192 188 193 183 192
135 148 137 164 140 179 145 194 153 207 163 218 175 226 190 228 205 225 218 216 229 205 238 192 243 177 246 162 248 146 249 130 145 115 152 109 162 108 172 109 181 113 196 112 206 108 216 105 226 106 233 112 189 124 189 133 189 142 189 152 180 163 184 164 189 165 194 164 199 163 156 128 162 125 169 125 175 129 169 130 161 131 203 127 209 123 216 123 223 126 217 129 210 129 171 187 176 179 183 175 188 177 193 176 201 180 208 187 201 196 194 199 188 200 183 199 176 196 175 186 184 181 188 182 193 181 204 187 193 192 188 192 183 191
136 148 137 163 140 179 145 194 153 206 164 217 175 225 190 227 205 224 218 216 228 205 237 192 242 177 245 161 247 145 248 129 145 115 152 109 162 108 172 109 181 113 196 112 206 108 216 105 226 106 233 112 189 124 189 133 189 142 188 152 180 163 184 164 189 165 194 164 199 163 156 128 162 125 168 125 175 128 168 130 161 130 203 127 209 123 216 123 222 126 217 128 210 128 171 186 176 179 183 175 188 177 194 176 201 180 208 187 201 196 194 199 188 200 183 199 176 195 175 186 184 181 188 181 194 181 204 187 193 191 188 192 183 191
135 147 137 163 140 178 145 193 153 206 163 217 175 224 190 227 204 224 217 215 228 204 236 191 242 176 245 160 247 144 249 128 144 115 151 109 161 108 172 109 181 113 196 112 205 108 215 105 226 106 233 112 189 124 189 133 188 142 188 152 180 163 184 164 189 165 194 164 199 163 155 128 161 125 168 125 174 128 168 130 161 130 203 127 209 123 216 123 222 125 217 128 210 129 172 187 177 179 184 175 189 177 194 176 201 180 208 186 201 195 194 198 188 199 183 198 176 195 175 186 184 181 189 182 194 182 204 186 193 190 188 191 183 190
135 147 137 163 140 178 146 193 154 206 164 216 176 224 191 226 205 223 218 214 229 204 238 191 243 176 246 160 248 144 250 128 145 115 152 109 162 108 172 109 181 113 195 113 205 108 215 105 226 106 233 112 189 124 189 133 189 143 188 152 180 163 184 165 189 165 194 164 199 163 156 128 162 125 168 125 175 128 168 130 161 130 203 127 209 123 216 123 222 125 216 128 210 128 172 187 177 179 184 175 189 177 194 175 201 179 208 186 201 194 194 197 189 198 184 197 177 194 175 186 184 181 189 182 194 181 205 186 194 189 189 190 184 189
136 146 138 162 141 178 146 192 154 205 164 215 176 222 191 225 205 222 217 213 227 202 234 189 239 174 241 158 243 142 244 126 145 115 152 109 161 107 172 109 181 113 196 112 206 108 216 104 226 105 233 111 189 124 189 133 189 143 189 152 180 163 185 164 189 165 194 164 199 163 156 128 161 125 169 125 175 128 168 130 161 130 203 127 209 123 216 122 222 125 217 128 210 128 172 186 178 179 184 176 189 177 194 176 202 179 208 186 202 193 195 196 189 197 184 197 177 194 176 186 185 182 189 182 194 181 204 186 194 189 189 189 184 189
135 146 137 162 140 177 146 192 154 205 165 215 177 222 191 225 206 221 219 212 229 201 237 189 242 174 244 158 246 141 247 125 145 114 152 109 162 108 172 109 181 113 196 112 205 108 215 104 225 105 233 111 189 124 189 133 189 142 189 152 180 163 184 164 189 165 194 164 199 163 156 127 161 125 168 125 174 128 168 129 161 130 203 126 209 123 216 122 222 125 217 127 210 128 173 186 178 179 184 176 189 177 194 176 202 179 208 185 202 193 195 196 189 197 184 196 178 193 176 186 185 182 189 182 194 181 205 185 194 188 189 189 184 189
136 146 138 162 140 177 145 192 153 205 164 215 176 222 191 225 205 222 218 213 228 202 235 189 240 174 243 158 244 141 245 125 145 114 152 108 162 107 172 109 181 113 195 112 205 108 215 104 225 105 233 111 189 124 189 133 189 143 189 152 180 163 185 165 189 165 194 164 199 163 156 127 161 125 168 124 174 128 168 129 161 130 203 126 209 123 216 122 222 125 217 128 210 128 173 186 178 179 184 176 189 177 194 176 201 179 208 185 202 193 195 196 189 197 184 196 178 193 176 186 185 182 189 182 194 181 204 185 194 188 189 189 184 189
136 145 137 160 140 176 145 191 153 204 163 214 175 222 190 224 205 221 218 212 229 202 237 188 242 174 244 158 246 142 247 125 145 114 152 109 162 108 172 110 181 114 195 112 205 108 215 105 225 105 232 111 189 124 189 134 189 143 188 153 180 164 184 165 189 166 194 165 199 163 156 127 161 125 168 125 174 128 168 130 161 130 203 127 209 123 216 122 222 125 217 128 210 128 172 186 177 180 184 176 189 177 194 176 201 180 208 186 201 193 195 196 189 197 184 196 177 193 176 186 184 182 189 182 194 182 204 186 194 189 189 189 184 189
135 145 137 162 140 178 145 193 153 205 164 215 176 223 191 225 205 222 218 213 228 202 235 189 240 173 243 157 244 141 245 124 144 114 152 109 161 108 172 110 181 114 195 112 205 108 215 105 225 105 233 111 188 124 188 134 188 143 188 153 179 164 184 165 189 166 194 165 199 163 155 128 161 125 168 125 174 128 168 130 161 130 203 127 209 123 216 123 222 125 216 128 209 128 172 186 177 179 184 176 189 177 194 176 201 180 208 186 201 194 194 198 189 198 184 198 177 194 175 186 184 182 189 182 194 182 204 186 194 190 189 190 184 190
135 145 137 162 140 178 145 193 153 206 163 217 175 224 190 227 205 223 217 214 228 203 236 190 241 174 244 158 246 142 247 125 144 114 151 109 161 108 171 110 181 114 195 113 204 108 214 105 225 105 232 111 188 124 188 134 188 143 188 153 179 164 184 165 188 166 193 165 198 163 155 128 161 125 168 125 174 128 168 130 161 130 203 126 209 123 215 122 221 125 216 128 209 128 171 186 176 179 183 176 188 177 193 176 201 179 208 186 201 195 194 198 188 199 183 198 176 195 175 186 184 182 188 182 193 182 204 186 193 190 188 191 183 190
135 146 137 162 140 179 146 194 153 207 164 218 176 226 190 229 205 225 218 216 229 205 238 191 243 176 247 159 249 143 250 126 144 115 151 109 161 108 171 110 180 114 195 113 204 108 214 105 225 105 232 111 188 124 188 134 188 143 188 153 179 164 184 165 188 166 193 165 198 163 154 127 160 125 167 125 173 128 167 130 160 130 203 126 208 122 215 122 222 124 216 127 209 128 171 187 176 180 183 176 188 177 193 176 201 180 208 186 201 196 194 200 188 201 183 200 176 196 174 187 183 182 188 183 193 182 204 186 193 192 188 192 183 192
135 147 137 164 140 180 146 196 153 209 163 221 175 229 190 232 205 228 218 218 228 206 236 191 241 176 244 159 246 142 247 125 143 115 151 109 160 108 171 110 180 113 195 112 204 108 214 105 224 105 232 111 188 124 188 134 188 143 187 153 179 164 183 165 188 166 193 165 198 163 155 128 161 125 167 125 174 128 167 130 161 130 202 127 208 123 215 122 221 125 216 128 209 128 171 187 175 180 183 176 188 178 193 176 202 180 208 187 202 198 194 203 188 204 182 203 175 198 173 187 183 182 188 183 194 182 205 187 194 195 188 196 183 195
136 146 138 163 141 180 146 195 154 209 164 221 176 230 191 233 206 230 219 219 230 207 239 192 245 177 248 160 250 144 251 127 144 115 151 109 161 108 171 110 181 114 195 113 205 108 215 105 226 105 233 112 188 124 188 134 188 144 187 153 179 164 184 165 188 166 193 165 198 163 155 127 161 125 168 125 174 128 168 129 161 130 203 126 209 123 216 122 222 124 216 127 210 128 170 187 175 180 183 176 188 178 193 177 202 180 209 187 202 199 194 204 188 204 182 204 175 199 173 187 183 183 188 183 193 183 206 187 193 195 188 196 182 195
136 146 138 163 141 180 147 195 155 209 165 221 176 231 191 234 206 230 219 220 230 207 238 193 244 177 247 161 249 144 251 127 144 115 151 109 161 108 172 110 181 114 196 112 206 108 216 105 226 105 234 111 189 124 189 134 189 143 188 153 180 164 184 165 189 166 194 165 199 163 156 127 162 125 168 125 174 128 168 129 161 130 204 127 209 123 216 122 223 125 217 127 210 128 171 187 176 180 184 177 189 178 194 177 203 180 209 188 203 200 195 205 189 206 183 205 176 200 174 187 184 183 189 183 194 183 206 188 194 197 189 198 183 197
136 147 138 164 141 180 147 195 154 209 164 221 176 229 191 232 206 229 219 219 229 206 237 192 242 176 245 159 247 143 248 127 145 115 152 109 162 108 172 110 182 114 197 113 206 108 216 105 227 105 234 112 190 124 190 134 190 144 189 154 180 164 185 165 190 166 195 165 200 164 156 128 162 125 169 125 176 128 169 130 162 130 204 127 210 123 217 123 223 125 218 128 211 129 171 186 176 180 184 177 189 178 195 177 203 180 209 187 203 198 195 203 189 203 183 203 176 198 174 186 184 182 189 183 195 182 206 187 194 196 189 197 184 196
136 144 138 160 141 176 145 192 153 205 163 217 175 225 190 227 205 224 219 215 230 204 238 190 244 175 246 159 249 142 250 126 146 114 153 108 163 107 173 109 182 113 197 113 206 108 216 105 227 105 234 112 190 124 190 134 190 143 190 153 180 164 185 165 190 166 195 165 200 163 157 127 162 125 169 125 176 128 169 130 162 130 204 127 210 123 217 123 223 125 218 128 211 128 172 186 178 180 185 177 190 178 195 177 202 180 209 186 202 194 195 197 189 198 184 197 177 194 175 186 185 183 190 183 195 182 205 186 195 190 189 191 184 190
135 144 137 161 140 177 145 192 153 205 164 215 176 222 191 224 206 221 219 213 229 202 236 189 241 173 243 157 245 140 246 124 145 114 153 108 163 107 173 109 183 113 197 112 206 108 217 105 227 105 234 112 190 124 190 133 190 143 190 153 180 164 185 165 190 166 195 165 200 163 156 127 162 124 169 124 175 128 169 130 162 130 204 127 210 123 217 123 223 125 218 128 211 128 173 186 178 180 185 177 190 178 195 176 202 180 208 185 202 191 195 194 190 195 185 194 178 192 177 185 185 183 190 183 195 182 205 185 195 187 190 187 185 187
135 144 137 160 140 176 145 191 153 204 164 214 177 221 191 222 206 219 219 212 229 201 237 188 242 173 245 157 246 141 246 126 145 114 153 108 162 107 173 109 182 112 196 112 206 108 216 104 226 105 234 111 189 123 189 133 189 142 189 152 180 164 185 165 190 166 195 165 200 163 156 127 162 124 169 124 175 127 169 129 162 130 204 126 210 123 217 122 223 125 218 128 211 128 173 186 179 180 185 176 190 178 195 176 202 180 208 185 202 190 195 192 190 193 185 193 179 190 177 185 185 183 190 183 195 182 205 185 195 185 190 186 185 185
135 145 136 161 140 176 145 191 154 204 165 214 178 221 192 222 207 219 220 211 230 200 238 187 243 172 245 156 246 140 247 125 144 114 152 108 161 107 172 109 181 113 196 112 205 108 216 105 226 105 233 111 189 124 189 133 189 143 189 152 180 164 185 165 190 165 195 164 200 163 155 127 161 124 168 124 174 128 168 129 161 130 203 126 210 123 216 122 223 125 217 128 210 128 173 185 178 180 185 176 190 178 195 176 202 179 208 185 202 189 195 192 190 192 185 192 179 190 176 185 185 182 190 183 195 182 205 184 195 184 190 184 185 184
134 145 136 161 139 177 145 192 154 204 165 214 177 221 192 223 207 220 219 211 230 201 239 189 244 175 248 159 249 143 250 127 144 114 152 108 162 107 172 109 181 113 195 112 205 108 215 105 225 105 233 111 189 124 189 134 189 143 189 153 180 164 184 165 189 166 195 165 200 163 155 127 161 124 168 124 175 128 168 129 161 130 203 127 209 122 216 122 222 125 217 128 210 128 172 185 178 180 185 176 189 178 194 176 201 179 208 185 202 189 195 192 190 193 185 192 178 190 176 185 185 183 189 183 194 182 205 184 194 184 190 184 185 184
134 145 136 161 139 176 144 191 153 204 164 214 176 221 191 223 206 220 218 211 229 200 237 187 242 172 244 156 245 140 246 124 144 114 151 108 161 107 171 109 181 113 195 112 205 108 215 105 225 105 232 111 188 124 188 133 188 143 188 153 179 164 184 165 189 166 194 165 199 163 155 127 161 124 168 124 174 127 168 129 160 129 203 126 209 123 216 122 222 124 216 127 209 128 172 186 177 180 184 176 189 178 194 176 201 179 208 185 201 190 194 193 189 193 184 193 177 191 175 185 184 183 189 183 194 183 204 184 194 184 189 185 184 185
134 144 135 160 138 176 144 191 153 203 164 214 177 221 191 222 205 219 218 211 228 200 237 187 242 173 244 156 245 140 246 124 143 114 151 108 161 107 171 109 181 113 195 112 205 108 215 105 225 105 232 111 188 124 188 133 188 143 188 153 179 164 184 165 189 166 194 165 199 163 155 127 161 124 168 124 174 127 167 129 161 129 202 126 208 122 215 122 221 124 216 127 209 128 172 185 178 180 184 176 189 178 194 176 201 179 208 184 201 190 194 193 189 193 184 193 177 191 175 185 184 183 189 183 194 183 204 184 194 185 189 185 184 185
134 144 135 159 138 175 144 190 152 202 163 213 176 220 190 222 205 219 217 210 228 200 237 187 242 173 245 157 246 141 247 125 143 114 151 108 161 107 171 109 181 113 195 112 205 108 214 104 224 104 232 110 188 124 188 133 188 143 188 152 179 163 184 165 189 165 194 164 199 163 154 127 160 124 167 124 174 127 167 129 160 129 203 126 209 122 215 122 222 124 216 127 209 127 171 184 177 179 184 176 189 178 194 176 201 179 208 184 201 190 194 192 189 193 184 192 177 190 175 184 184 182 189 183 194 182 204 184 194 184 189 185 184 184
133 144 135 159 138 175 143 190 151 202 163 212 176 220 191 222 205 218 218 210 228 199 236 186 241 171 243 155 244 139 244 123 143 113 150 107 161 106 171 108 181 112 194 111 204 107 214 104 224 104 232 110 188 123 188 133 188 142 189 152 179 163 184 164 189 165 194 164 199 162 154 126 160 124 167 123 174 127 167 129 160 129 202 126 208 122 215 121 221 124 216 127 209 127 171 184 177 179 184 176 189 177 194 176 201 179 208 183 201 189 194 191 189 192 184 191 177 189 174 184 184 182 189 182 194 182 204 183 194 183 189 184 184 184
132 144 134 160 137 175 143 190 151 202 163 212 176 219 191 221 206 217 218 209 229 199 238 186 243 172 245 156 246 140 246 124 142 112 150 107 160 106 170 108 180 112 194 111 203 107 213 103 223 103 231 108 187 122 187 132 188 141 188 151 179 162 183 164 188 164 194 163 198 162 153 126 159 123 166 123 173 126 166 128 159 128 202 125 208 121 215 121 221 123 215 126 208 126 170 183 177 178 184 175 188 176 193 175 200 178 208 182 201 187 194 190 189 190 184 190 177 188 173 183 184 181 188 182 193 181 205 182 194 182 189 183 184 182
132 143 134 159 137 174 143 189 151 201 162 211 175 218 190 220 206 216 219 208 230 198 239 185 244 171 246 155 246 139 247 123 142 112 149 106 159 105 169 107 179 111 193 110 203 106 213 102 223 102 231 108 187 122 187 131 187 141 187 151 178 162 183 163 188 164 193 162 198 161 153 125 159 122 166 122 172 125 166 127 159 127 201 124 207 120 214 120 221 122 215 125 208 125 169 182 176 177 183 174 188 176 193 174 200 177 208 181 200 186 194 188 188 188 183 188 176 187 172 182 183 180 188 181 193 180 204 181 193 181 188 181 183 181
132 144 134 159 137 174 143 189 151 201 162 210 175 217 190 219 205 216 218 208 229 198 237 186 242 171 245 155 246 138 246 122 141 112 149 106 158 104 169 106 178 110 193 110 202 105 212 101 223 101 231 107 186 121 186 130 186 140 186 150 177 161 182 162 187 163 192 162 197 160 152 124 158 121 165 121 172 125 165 127 158 127 201 123 207 119 214 119 220 121 214 124 207 125 169 181 176 177 182 174 187 175 192 174 200 176 208 180 200 185 193 187 188 188 183 187 176 186 173 181 183 179 187 180 192 179 205 180 193 180 188 180 183 180
132 143 134 159 137 174 143 189 152 201 163 210 176 216 191 218 206 215 220 207 231 198 240 186 245 171 248 155 249 139 249 123 141 111 149 105 159 104 169 106 178 110 193 109 202 104 213 100 223 100 231 106 186 120 186 130 186 140 186 150 177 161 182 162 187 163 192 161 197 160 152 124 158 121 165 121 172 124 165 126 158 126 201 123 207 119 214 118 220 120 215 124 208 124 169 181 176 176 182 173 187 174 192 173 200 176 208 180 200 184 193 186 188 187 183 187 176 185 172 181 183 179 187 179 192 179 205 179 193 179 188 180 183 180
132 142 134 157 137 173 143 187 151 199 163 209 175 215 190 217 205 214 218 206 230 196 238 184 243 170 246 154 247 138 248 122 141 111 148 105 158 103 169 105 178 109 192 108 202 104 212 100 223 100 231 106 186 120 186 129 186 139 186 149 177 160 182 161 187 162 192 161 197 159 152 123 158 121 165 120 172 124 165 126 158 126 201 122 207 118 214 118 220 120 214 123 207 124 169 180 176 176 182 173 187 174 192 172 200 175 208 179 200 184 193 186 188 186 183 186 176 184 172 180 182 178 187 179 192 178 204 179 192 178 188 179 183 179
133 141 134 156 138 172 143 186 152 198 163 208 175 215 190 217 205 214 219 206 230 196 239 185 244 171 247 155 248 139 249 123 142 110 149 104 159 103 169 105 179 109 193 108 203 103 213 100 224 100 231 106 186 119 186 129 186 139 186 149 178 160 182 161 187 162 193 160 198 159 153 123 159 120 166 120 172 123 166 125 159 125 201 122 207 118 214 118 221 120 215 123 208 123 169 179 176 175 183 172 187 173 192 172 200 175 208 178 200 183 193 185 188 186 183 186 176 184 172 179 183 178 188 178 193 177 204 178 193 178 188 179 183 178
