124 145 126 159 129 174 134 188 142 200 153 209 165 215 180 217 196 214 209 207 220 198 229 186 234 172 237 157 238 142 239 126 134 111 141 105 150 104 160 106 169 109 184 109 194 105 204 102 214 103 221 109 177 120 177 129 177 138 177 147 168 159 173 160 178 160 183 160 188 158 145 124 150 122 157 122 163 125 157 126 150 127 192 124 198 120 205 120 211 122 205 125 199 125 160 180 167 175 173 172 178 174 183 172 190 175 198 180 190 184 183 185 178 185 173 185 167 184 163 180 173 178 178 178 183 178 195 180 183 178 178 179 173 178
124 145 126 160 129 175 134 189 141 200 152 210 164 216 179 218 194 215 207 208 218 199 225 187 230 172 232 157 233 141 234 126 133 113 140 106 150 104 160 106 169 110 184 109 194 105 204 102 214 103 221 109 177 120 177 130 177 138 177 148 168 160 173 161 178 161 183 160 188 159 144 125 150 122 157 122 163 125 157 127 150 128 192 124 198 121 205 120 211 123 205 126 198 126 161 181 167 176 173 173 178 174 182 173 190 176 197 181 190 185 183 186 178 187 173 186 167 185 163 181 173 179 178 179 183 178 194 180 182 179 178 180 173 179
125 145 126 160 129 175 134 189 142 201 152 210 164 217 179 219 194 216 207 209 217 199 225 186 230 171 232 156 233 140 234 124 134 112 141 106 150 104 160 106 169 110 184 109 194 105 204 102 214 103 221 110 177 120 177 130 177 139 177 148 168 160 173 161 178 162 183 161 188 159 144 125 150 122 157 122 163 125 157 127 150 127 192 124 198 121 205 120 211 123 205 126 198 126 161 181 167 176 173 173 178 175 182 173 190 176 197 181 190 185 183 187 178 187 173 187 167 186 164 181 173 179 178 179 183 179 194 180 183 180 178 180 173 180
125 143 126 159 129 174 134 189 142 201 152 211 164 218 179 221 194 218 207 210 218 199 227 186 232 172 234 156 235 140 236 124 134 112 141 106 150 104 160 106 170 110 184 109 194 105 204 102 214 103 221 109 177 121 177 130 177 139 177 148 168 160 173 161 178 162 183 161 188 159 145 125 150 122 157 122 163 125 157 127 150 127 192 124 198 121 205 120 211 123 205 126 198 126 161 182 167 177 173 173 178 175 182 173 190 176 197 181 190 187 183 189 178 190 173 189 167 187 164 182 174 180 178 180 182 180 193 181 182 181 178 182 174 182
125 145 127 161 130 176 135 191 143 203 153 213 165 220 180 223 195 220 207 211 218 201 226 188 231 173 234 157 234 141 235 125 134 112 141 106 150 104 160 106 170 109 184 109 194 105 205 102 215 103 222 109 177 121 177 130 177 138 177 148 168 160 173 161 178 161 183 160 188 159 144 125 150 122 157 122 164 125 157 127 150 127 192 124 198 120 205 120 211 123 206 126 199 126 162 183 166 176 173 172 178 174 183 172 190 176 196 183 190 190 183 194 178 194 173 194 166 191 165 183 173 179 178 179 183 179 193 182 183 185 178 186 173 185
125 146 127 161 130 177 135 192 143 204 153 215 165 222 180 225 194 221 207 213 217 201 225 188 230 173 232 157 233 141 234 125 134 112 141 106 150 104 161 106 170 109 184 109 194 105 204 102 215 103 222 110 178 120 178 129 178 138 178 148 168 160 173 161 178 162 183 161 189 159 144 125 150 122 157 122 163 125 157 126 150 127 192 124 199 120 205 120 211 123 206 125 199 125 161 184 166 176 173 172 178 174 183 172 191 176 196 183 191 192 183 196 178 197 173 196 166 192 164 183 173 179 178 179 183 179 193 183 183 187 178 188 173 187
125 145 127 161 130 177 136 192 144 204 154 215 166 223 180 225 195 222 207 213 218 202 226 188 231 173 234 157 234 140 235 125 134 112 141 106 151 104 161 105 170 109 184 109 194 105 205 102 215 103 223 109 178 120 178 129 178 138 178 148 168 159 173 161 178 161 184 160 189 159 145 124 151 122 158 121 164 125 158 126 151 127 193 124 199 120 206 120 212 122 206 125 199 125 161 184 166 176 173 172 178 174 183 172 190 177 196 184 191 193 183 197 178 198 173 197 166 193 164 183 173 179 178 179 183 179 193 183 183 189 178 189 173 189
125 145 127 160 129 175 134 190 142 203 152 214 164 222 179 224 194 221 207 213 218 202 226 189 232 174 235 158 236 142 237 126 134 112 141 106 151 104 161 105 171 109 185 109 194 105 205 102 215 103 222 109 178 120 178 129 178 138 178 148 168 159 173 161 178 162 183 161 188 159 145 124 151 122 158 121 164 124 158 126 151 126 192 123 199 120 205 120 211 122 206 125 199 125 160 184 166 178 173 175 178 176 182 175 190 178 197 183 190 190 183 193 178 194 173 193 166 190 164 183 174 181 178 181 183 181 194 183 183 186 178 186 173 186
126 145 127 160 130 176 134 190 142 203 152 213 164 219 179 221 194 219 206 212 217 201 225 188 230 173 232 157 233 141 234 126 134 112 141 105 151 104 161 105 171 109 185 109 195 105 205 102 215 103 222 109 178 119 178 129 178 138 178 148 169 160 174 161 179 162 184 161 188 160 145 124 151 122 158 121 164 125 158 126 151 127 193 124 199 120 205 120 211 122 206 125 199 125 161 184 167 180 174 177 178 178 183 177 190 180 198 184 190 188 183 189 178 190 174 189 167 188 163 184 174 183 178 183 183 183 195 183 183 183 178 184 174 184
126 145 127 161 130 176 135 191 142 203 152 213 164 220 179 222 195 219 208 212 219 202 228 190 234 175 237 160 239 144 240 129 134 111 142 105 151 104 161 105 171 109 185 108 195 104 205 102 215 103 222 109 178 120 178 129 178 138 178 147 169 160 173 161 178 162 183 161 188 160 145 124 151 122 158 122 164 125 158 126 151 127 193 124 199 120 206 120 212 122 206 125 200 125 160 184 167 179 174 176 178 178 183 176 190 179 198 183 190 187 183 188 178 189 174 189 167 188 163 184 174 182 178 183 183 182 195 183 183 183 178 183 174 183
126 143 127 158 130 174 135 189 142 202 152 213 165 220 181 222 196 219 210 211 221 201 230 189 236 174 239 159 240 143 241 127 135 111 142 105 152 103 162 105 171 109 185 108 195 104 205 101 216 103 223 109 179 120 178 129 178 138 178 148 169 159 173 161 178 162 184 161 189 159 146 124 151 121 158 121 164 124 158 126 151 126 193 123 199 120 206 120 212 122 207 125 200 125 160 184 166 178 173 174 178 176 183 174 191 178 199 183 191 189 184 191 178 192 173 192 166 189 163 183 173 181 178 181 183 181 195 183 183 184 178 185 173 185
125 144 127 160 130 175 135 190 143 203 153 214 165 222 180 225 195 222 208 214 220 203 229 191 235 176 238 160 240 144 241 128 135 111 142 105 152 103 162 105 171 109 185 108 195 104 206 101 216 103 223 109 179 120 178 129 178 138 178 148 169 159 174 160 178 161 184 160 189 159 146 124 152 121 158 121 164 124 158 126 152 126 193 123 199 120 206 120 212 122 207 124 200 125 160 182 166 176 173 172 178 174 183 173 192 176 199 182 192 191 184 195 178 196 173 195 165 192 163 182 174 179 178 179 183 178 195 182 183 188 178 188 173 188
125 145 127 161 130 176 136 191 144 204 154 215 166 222 180 225 195 221 209 213 220 202 230 190 236 175 238 159 240 143 241 127 134 111 142 105 151 103 162 105 171 109 185 109 195 104 205 101 215 103 223 109 178 120 178 129 178 138 178 147 168 158 173 160 178 161 183 160 188 159 146 124 152 121 158 121 164 124 158 125 152 126 193 123 199 120 206 120 212 122 207 124 200 124 160 182 165 175 173 171 178 173 183 172 191 176 199 182 191 191 184 195 178 196 172 195 165 192 163 182 173 177 178 178 183 177 195 182 183 187 178 187 173 187
125 145 127 161 130 177 135 191 143 203 154 214 166 221 180 223 195 220 208 212 219 201 227 188 232 174 235 158 235 142 236 126 134 112 141 105 151 104 161 105 170 109 185 108 195 104 205 101 216 102 223 109 178 120 178 129 178 138 178 148 168 158 173 160 178 161 183 160 189 159 145 124 151 121 158 121 164 125 158 126 151 126 193 123 199 120 206 120 212 122 206 125 200 125 160 182 165 174 172 170 177 172 183 171 191 175 198 182 191 191 183 194 177 195 172 194 165 190 163 181 172 176 177 177 183 177 195 182 183 186 177 186 172 186
125 145 127 161 130 176 135 190 144 202 154 212 166 218 180 221 195 218 208 210 219 200 227 188 233 174 235 158 237 142 238 126 133 112 140 106 150 104 161 105 170 109 184 109 194 104 205 102 215 103 222 109 178 120 177 130 177 139 177 148 167 159 173 160 178 161 183 160 188 159 145 124 151 122 157 121 163 124 157 126 151 126 192 124 198 120 205 120 211 122 206 125 199 125 161 181 165 173 172 170 177 171 183 170 191 174 198 181 190 189 183 192 177 192 171 191 165 188 164 180 172 175 177 175 183 175 194 181 182 183 177 183 171 183
124 145 126 160 129 175 134 189 143 200 153 210 165 216 180 219 195 216 208 208 219 199 228 187 233 173 236 157 237 141 238 125 133 112 140 105 150 104 160 106 170 109 184 109 194 104 204 102 214 103 221 109 177 120 177 129 177 139 177 148 167 159 172 160 177 161 183 160 188 159 144 124 150 122 157 121 163 125 157 126 150 126 192 124 198 120 205 120 211 122 205 125 199 125 161 180 166 172 172 169 177 171 182 170 190 174 197 180 190 186 182 188 177 189 171 188 165 185 164 179 172 174 177 175 182 175 193 180 182 181 177 181 172 181
124 144 126 159 129 174 133 188 141 200 152 210 164 216 179 218 195 215 208 207 220 198 229 186 233 172 235 156 237 141 238 125 133 112 140 106 150 104 160 106 169 109 184 109 194 105 204 102 214 102 221 109 177 120 177 129 176 138 176 148 167 158 172 160 177 161 182 160 187 158 144 124 150 122 156 122 163 125 157 126 150 126 192 124 198 120 204 120 211 122 205 125 198 125 160 179 165 172 171 168 176 170 182 169 189 173 196 179 189 183 182 184 176 184 171 184 165 182 164 177 171 174 176 175 182 174 193 178 182 177 176 177 171 176
124 144 126 160 129 175 134 189 142 200 152 210 164 216 180 217 195 215 208 207 219 198 227 186 231 171 233 155 234 139 235 124 133 112 140 106 149 104 159 106 169 109 184 109 194 104 204 101 214 103 221 109 177 120 176 129 176 139 176 148 166 159 172 160 177 161 182 160 187 159 143 124 149 122 156 122 162 125 156 126 149 126 191 124 198 120 204 120 211 122 205 125 198 125 160 179 165 172 171 168 176 170 182 169 189 173 195 179 189 183 182 185 176 185 171 184 165 182 163 178 171 175 176 175 182 175 192 178 182 176 176 177 171 176
124 144 125 160 128 175 133 189 141 201 151 211 164 218 179 220 194 217 207 209 218 199 226 187 231 172 233 156 233 140 234 124 133 112 140 105 149 104 160 106 169 109 184 109 193 105 203 102 213 103 221 109 177 120 176 129 176 138 176 148 166 159 172 160 177 161 182 160 187 159 144 124 150 122 156 122 162 125 156 126 149 126 191 124 197 120 204 120 210 122 205 125 198 125 160 181 165 173 171 169 176 171 181 170 189 174 195 181 188 186 182 188 176 189 170 188 164 185 163 180 171 175 176 176 181 175 191 180 181 180 176 181 171 180
124 146 125 161 129 177 134 191 142 203 152 214 164 221 178 224 192 220 205 212 216 202 224 188 230 174 232 158 233 141 234 125 133 112 140 106 149 104 160 105 169 109 183 108 194 104 204 101 214 103 221 109 177 121 176 130 176 139 176 148 166 159 172 160 177 161 182 160 187 159 143 125 149 122 156 122 162 125 156 126 149 127 191 124 197 120 204 120 210 122 205 125 198 125 159 182 164 173 171 170 176 171 181 170 189 174 195 182 189 191 182 195 176 196 170 195 163 190 162 181 171 176 176 176 181 176 191 182 181 187 176 188 170 187
123 145 125 161 129 177 134 191 142 204 152 214 164 222 178 224 192 221 205 212 216 202 224 189 230 174 232 157 233 141 234 125 133 112 139 106 149 104 159 106 169 109 183 108 193 104 204 102 214 103 221 109 177 121 177 130 176 139 176 148 166 159 172 160 177 161 182 160 188 159 143 124 150 122 156 121 162 125 156 126 150 126 191 124 197 120 204 120 210 122 205 125 198 125 158 181 163 173 171 170 176 171 181 170 189 174 195 182 189 191 181 195 175 196 170 195 163 190 161 181 171 175 176 176 181 176 191 182 181 187 175 187 170 186
123 145 125 160 129 176 134 190 142 202 152 213 164 220 178 222 193 219 206 211 218 201 227 189 232 174 235 158 236 142 238 125 133 112 140 105 150 104 160 106 169 109 183 109 193 105 203 102 214 103 221 109 177 121 177 130 176 139 176 148 166 159 172 160 177 161 182 160 187 159 143 124 150 122 156 122 162 124 156 126 149 126 191 124 197 120 204 120 210 122 205 125 198 125 159 181 163 173 171 169 176 171 181 170 189 174 195 182 188 190 181 194 175 194 169 193 163 189 162 180 171 175 176 175 181 176 192 182 181 185 175 185 170 185
124 145 126 160 129 175 134 190 142 201 152 211 164 218 178 221 193 218 206 210 217 200 225 187 231 173 233 157 233 141 234 125 133 112 139 106 149 104 160 106 169 109 183 109 193 104 204 101 214 103 221 110 177 120 176 130 176 139 176 148 166 158 172 160 177 161 182 160 187 159 143 124 149 122 156 122 162 124 156 126 149 126 191 123 197 120 204 120 210 122 205 125 198 125 159 180 164 173 171 169 175 171 181 170 188 174 195 181 188 189 181 192 175 192 170 191 163 187 162 180 171 175 176 175 181 176 191 181 181 183 175 183 170 182
124 143 125 158 128 173 133 187 141 199 151 209 164 216 178 218 193 215 206 207 218 198 227 186 232 171 234 156 235 140 236 124 133 112 140 106 150 104 160 106 169 109 184 108 193 104 204 102 214 103 221 109 177 120 177 130 176 139 176 148 167 159 172 160 177 161 182 160 187 159 144 124 150 122 157 122 163 124 157 126 150 126 191 124 197 120 204 120 210 122 204 125 198 125 160 180 165 174 171 171 176 172 181 171 189 175 196 180 188 185 182 187 176 187 171 187 165 184 163 179 172 177 176 177 181 177 192 180 181 179 176 179 171 179
124 143 125 158 128 173 133 188 141 200 152 209 164 216 179 218 194 215 207 207 218 198 226 186 231 171 233 155 234 139 234 124 133 112 140 105 150 104 160 105 169 109 184 108 194 104 204 101 214 103 221 109 177 120 177 129 177 138 177 148 167 159 172 160 177 161 182 160 187 159 143 124 150 122 156 122 163 125 156 126 149 127 191 123 197 120 204 120 210 122 205 125 198 125 161 181 166 175 172 172 177 173 181 172 188 176 195 181 188 185 182 187 177 188 172 187 166 185 164 180 172 178 177 178 181 178 192 180 181 179 177 179 172 179
124 142 126 158 128 174 133 188 141 200 152 210 164 217 179 219 194 216 207 208 218 199 226 187 231 172 233 156 234 140 235 124 133 112 140 105 150 104 160 106 170 109 184 109 194 105 204 102 215 103 222 109 177 120 177 129 177 138 177 148 167 159 172 160 177 161 182 160 187 159 144 124 150 122 157 122 163 125 157 126 150 126 191 124 197 120 204 120 210 122 205 125 198 125 161 181 167 176 173 172 177 174 181 172 188 176 194 182 188 187 181 189 177 189 172 189 166 186 164 180 173 178 177 179 181 178 191 181 181 180 177 181 173 180
124 144 126 159 129 175 134 189 143 201 153 211 165 218 180 220 195 217 207 210 218 199 227 187 231 172 234 156 235 140 235 124 133 112 140 106 150 104 160 106 170 110 184 109 194 105 204 102 215 103 222 109 177 120 177 130 177 138 177 148 167 159 172 161 177 161 183 160 188 159 144 125 150 122 157 122 163 125 157 126 150 127 192 124 198 120 205 120 211 122 205 125 198 125 161 182 166 175 172 171 177 173 182 172 189 176 195 182 189 189 182 191 177 192 172 191 166 188 164 181 172 177 177 178 182 177 192 182 182 183 177 183 172 183
124 144 126 160 129 175 135 189 142 201 153 211 165 218 179 220 195 217 208 210 219 200 228 188 233 173 236 157 236 141 236 125 134 111 141 105 151 104 161 106 170 109 184 109 194 104 204 102 214 102 222 108 178 120 177 129 177 138 177 148 167 158 172 160 177 161 183 160 188 159 145 124 151 122 157 122 164 125 157 126 151 127 192 124 198 120 205 120 211 123 205 125 199 125 161 180 166 173 172 170 177 172 182 171 189 175 196 181 189 187 182 189 177 190 171 189 165 186 164 179 172 176 177 176 182 176 192 181 182 181 176 182 172 181
125 145 126 160 129 175 134 189 142 201 153 210 165 216 180 218 195 216 209 209 220 200 228 188 233 173 234 157 235 141 235 126 134 112 141 105 151 104 161 105 170 109 185 108 194 104 205 101 215 103 222 109 178 120 178 129 178 138 178 147 167 158 173 160 178 160 184 160 189 158 145 124 151 122 157 122 164 125 157 126 151 126 192 124 199 120 205 120 211 123 206 125 199 125 161 179 166 172 172 169 177 171 183 170 190 173 198 179 190 184 183 185 177 185 172 185 166 183 164 178 173 175 178 176 183 176 194 179 183 178 177 178 172 178
125 142 126 157 130 171 136 185 143 197 154 207 166 214 181 216 195 213 209 207 220 198 229 186 234 172 236 157 238 141 238 126 134 112 141 105 150 104 160 105 170 109 185 108 195 104 205 102 215 103 222 109 177 120 177 130 177 139 176 149 167 158 172 159 178 160 184 159 189 158 145 124 151 122 157 121 163 125 157 126 151 126 193 124 199 120 205 120 211 122 206 124 199 125 161 178 166 171 172 168 177 170 183 169 190 172 198 178 190 181 184 183 178 183 172 183 166 181 164 177 172 174 178 175 183 174 194 177 183 176 178 176 172 176
125 142 127 157 131 172 136 186 144 197 155 207 167 214 181 216 196 214 209 207 220 198 229 186 234 173 236 158 237 142 237 127 134 112 141 105 151 104 161 105 170 109 185 108 195 104 205 101 215 103 222 109 178 120 178 130 177 139 177 148 167 158 172 159 178 160 184 159 190 158 145 124 151 121 157 121 164 124 157 126 151 126 193 124 199 120 205 120 212 122 206 125 199 125 161 178 166 171 172 168 177 169 183 168 190 172 198 178 191 182 184 184 178 184 172 184 166 181 164 177 172 174 178 174 183 174 194 178 183 176 178 177 172 176
125 141 126 157 130 172 136 186 144 199 154 210 166 217 181 219 196 216 208 209 219 199 228 187 233 173 236 157 237 141 238 125 134 112 141 105 150 104 161 105 170 109 185 109 195 104 205 101 215 103 222 109 177 121 177 130 177 139 176 149 167 158 172 159 178 160 183 159 189 158 145 124 151 121 157 121 164 124 157 126 151 126 192 124 198 120 205 120 212 122 206 124 199 125 160 179 165 171 172 168 177 169 183 168 191 172 198 179 191 186 184 189 178 189 171 188 165 185 164 178 172 173 177 174 183 174 194 179 183 181 177 181 171 181
124 145 126 161 129 176 135 190 143 203 153 213 165 221 180 223 195 220 208 212 219 201 228 189 233 174 236 158 238 142 239 126 133 111 141 105 151 104 161 106 171 110 184 109 194 105 205 102 215 103 222 110 178 120 178 130 178 139 178 149 167 158 173 160 178 161 184 160 189 159 145 124 151 122 157 122 163 125 157 126 151 126 192 124 199 120 205 120 212 122 206 125 199 125 160 180 165 172 172 169 177 170 183 169 191 173 198 181 191 190 183 194 177 194 171 193 164 189 163 180 172 174 177 174 183 174 194 181 183 186 177 186 171 186
124 146 126 162 129 177 134 191 142 204 152 214 164 221 179 224 194 221 207 213 218 203 227 190 232 175 235 159 236 142 237 126 133 112 140 106 150 104 161 106 170 110 184 109 194 105 204 102 215 103 222 110 178 120 178 130 178 139 178 148 167 158 173 160 178 161 184 160 189 159 144 125 151 122 157 122 163 125 157 126 151 127 192 124 199 120 205 120 212 123 206 125 199 125 159 180 164 173 172 169 177 171 183 170 191 174 198 181 191 191 183 195 177 195 171 194 164 190 162 180 172 174 177 175 183 175 195 181 183 187 177 187 172 186
125 146 126 162 129 177 134 191 142 203 152 213 164 220 179 223 194 220 208 212 219 202 228 190 233 175 236 159 237 143 239 127 133 112 140 106 150 104 160 106 170 110 184 109 194 105 204 102 215 103 222 110 178 120 178 130 177 139 177 149 167 159 173 160 178 161 183 160 189 159 145 125 151 122 157 122 163 125 157 126 151 126 192 124 199 120 205 120 211 123 206 125 199 125 159 179 165 173 172 170 177 172 183 171 191 174 199 180 191 187 183 190 177 191 171 190 164 187 162 179 172 175 177 175 183 175 195 180 183 183 177 184 171 183
124 145 126 160 129 175 133 190 141 201 152 211 164 217 179 219 194 216 208 210 220 201 229 189 235 175 238 159 239 143 240 127 133 112 141 106 150 104 161 106 170 110 184 109 194 105 204 102 215 103 222 109 177 120 177 129 177 138 177 148 167 158 172 160 178 161 183 160 189 158 144 124 151 122 157 122 163 125 157 126 150 126 192 124 199 120 205 120 212 122 206 125 199 125 159 178 165 172 172 170 177 171 183 170 191 174 199 179 191 183 183 185 177 185 172 184 165 182 162 177 172 175 177 176 183 176 196 178 183 178 177 178 172 178
124 145 126 160 129 175 133 189 141 201 151 210 164 216 179 218 195 216 208 210 219 200 228 189 233 174 235 158 235 142 236 127 133 112 140 105 150 104 160 106 170 109 184 108 194 104 204 101 214 102 221 109 177 119 177 129 177 138 177 148 167 158 172 159 178 160 184 159 189 158 144 124 150 122 157 121 163 125 157 126 150 126 192 123 198 120 205 120 211 122 205 125 199 125 159 177 165 172 172 169 177 171 183 170 191 173 198 178 190 182 183 184 177 184 172 183 165 181 162 177 172 175 177 175 183 175 195 178 183 177 177 177 172 177
124 146 126 161 129 176 134 190 142 201 152 211 164 217 179 219 195 217 209 210 220 201 229 190 234 175 237 160 238 144 239 128 133 112 140 105 150 104 161 105 170 109 184 108 194 104 205 101 215 103 222 109 177 120 177 129 177 138 177 148 167 158 172 159 178 160 183 159 189 158 144 124 150 121 157 121 163 124 157 126 150 126 192 123 198 120 205 120 211 122 206 124 199 125 160 178 165 172 172 169 177 170 183 169 191 173 198 179 190 184 183 185 177 185 171 184 165 183 163 177 172 174 177 175 183 175 194 179 183 178 177 179 172 178
124 145 126 160 129 175 134 190 142 202 153 212 165 219 179 221 194 219 207 211 219 201 228 188 233 173 236 157 236 141 237 125 133 112 141 105 150 104 161 105 170 109 184 108 194 104 204 101 215 102 222 109 177 120 177 129 177 138 177 148 167 158 173 160 178 161 183 160 189 158 144 124 150 121 157 121 163 124 157 126 150 126 192 123 198 120 205 120 211 122 205 124 199 125 161 180 166 172 172 168 177 170 183 169 190 173 197 181 190 188 183 190 177 190 171 189 165 186 164 179 172 174 177 174 183 174 193 181 183 183 177 183 172 182
124 146 126 162 130 177 135 191 143 204 153 214 165 221 179 224 194 221 206 213 217 202 225 189 231 174 233 158 234 142 235 126 133 112 140 105 150 104 160 105 170 109 184 108 194 104 204 101 215 102 222 109 177 120 177 129 177 138 177 148 167 158 172 160 178 161 183 160 188 159 144 124 150 121 157 121 163 125 157 126 150 126 192 124 198 120 205 120 211 122 205 125 198 125 161 182 165 173 172 169 177 171 182 170 190 174 196 183 190 191 183 195 177 195 171 194 165 190 164 181 172 174 177 175 182 175 192 183 182 187 177 187 172 186
124 147 126 162 130 178 135 192 143 205 153 215 165 222 180 225 195 221 207 213 218 202 226 189 232 174 234 158 235 142 236 126 133 112 140 106 150 104 160 106 169 109 184 108 194 104 204 102 214 103 221 109 177 120 177 130 177 139 177 148 168 159 172 161 178 162 183 161 188 159 144 125 150 122 157 121 163 125 157 126 150 126 192 124 198 120 205 120 211 122 205 125 198 125 161 182 165 174 172 170 177 172 183 171 190 175 196 183 190 192 183 195 177 195 172 194 165 190 164 182 172 176 177 176 182 176 192 183 182 187 177 188 172 186
124 146 126 161 129 177 134 191 143 203 153 214 165 221 179 223 194 221 207 212 218 202 227 189 232 174 234 158 235 142 236 126 133 112 140 106 150 104 161 106 170 110 184 109 194 105 204 102 214 103 222 109 177 121 177 130 177 139 177 148 168 159 173 161 178 161 183 161 188 160 144 125 150 122 157 122 163 125 157 126 150 127 192 124 198 120 205 120 211 123 205 125 199 126 160 182 165 175 172 171 177 173 182 172 190 176 197 182 190 190 182 194 177 194 172 193 165 190 163 181 173 176 177 177 182 177 193 182 182 186 177 187 172 186
124 146 126 162 129 177 135 191 143 204 153 214 166 221 180 223 195 220 208 211 219 201 228 188 233 173 235 157 236 142 237 126 133 112 140 106 150 104 161 106 170 110 184 109 194 105 204 102 214 103 222 110 177 121 177 130 177 139 177 148 168 159 173 161 178 162 183 161 188 159 144 125 150 122 157 122 163 125 157 127 150 127 192 124 198 120 205 120 211 123 205 126 199 126 160 182 165 175 172 171 177 173 183 172 191 176 198 181 191 189 183 192 177 192 172 192 165 189 163 181 173 177 177 177 183 177 194 181 183 185 177 185 172 185
124 146 126 161 129 176 134 190 142 203 152 213 164 220 179 222 195 219 209 211 219 200 228 188 233 173 235 157 235 141 236 126 134 112 141 106 150 105 160 106 170 110 184 109 194 105 204 102 214 103 220 109 177 121 177 130 177 139 177 148 168 159 173 161 178 162 183 161 188 159 146 126 151 124 158 124 164 126 158 128 152 128 192 125 198 123 204 123 209 125 204 127 198 127 160 181 166 174 172 171 177 173 183 172 191 175 198 180 190 187 183 189 177 189 172 189 165 187 163 180 173 177 177 177 183 177 195 180 183 182 177 183 172 182
125 146 126 162 129 177 134 191 142 203 152 212 165 218 179 220 194 217 207 210 217 201 225 189 229 174 231 158 231 143 232 127 134 112 141 106 151 104 160 106 169 110 184 109 194 105 204 102 213 103 220 110 178 121 178 130 178 139 178 147 167 159 173 161 178 161 183 160 188 159 146 128 152 127 158 126 164 127 158 129 152 130 191 126 197 125 203 126 209 126 203 128 197 128 159 180 166 174 173 171 177 173 183 171 190 175 198 179 190 184 183 186 178 186 172 186 166 184 163 180 173 177 177 177 183 177 194 179 183 179 177 180 172 179
124 145 126 160 129 176 134 190 141 202 152 212 164 218 179 220 195 217 208 210 220 200 229 188 234 174 236 157 236 141 237 126 133 112 140 106 150 104 160 106 169 110 184 109 194 105 204 102 213 103 221 109 177 121 177 130 177 139 177 148 167 159 172 160 177 161 183 160 188 159 146 127 152 126 158 125 163 126 158 128 152 129 191 125 197 124 203 124 209 125 204 127 197 127 160 180 166 173 172 170 177 172 183 171 190 174 198 179 190 183 183 185 177 185 172 185 165 184 163 179 172 176 177 177 183 176 194 179 183 178 177 179 172 179
124 144 126 160 129 175 133 190 141 202 151 212 164 218 179 220 194 217 208 210 219 200 227 187 232 172 234 156 234 139 235 123 133 112 140 106 150 104 160 106 169 110 184 109 194 105 204 102 214 103 221 109 177 120 177 129 177 138 177 148 167 158 172 160 177 161 183 160 188 158 144 126 151 125 157 124 163 126 157 127 151 128 192 124 198 123 205 123 211 124 205 126 198 126 160 180 166 173 172 170 177 171 183 170 190 173 198 180 190 184 183 186 177 186 172 186 165 184 163 179 172 175 177 176 183 176 194 179 183 179 177 179 172 179
124 146 126 162 129 177 134 191 142 203 152 212 164 219 179 220 194 218 207 211 219 201 228 189 234 175 236 160 238 144 239 128 133 113 140 106 149 104 160 106 169 110 184 109 194 105 204 102 214 103 222 110 177 120 177 130 177 139 176 148 167 159 172 160 177 161 183 160 188 159 144 126 150 124 157 123 163 125 157 127 150 128 192 124 198 122 205 122 211 123 205 126 198 126 160 180 165 172 172 169 177 171 183 170 191 173 197 181 190 186 183 188 177 189 171 188 165 186 164 179 172 175 177 175 183 175 194 180 183 180 177 181 172 180
124 146 126 162 130 177 135 192 143 204 154 214 166 221 180 222 195 219 208 211 219 200 228 188 233 173 236 157 236 141 237 125 133 112 140 106 150 104 160 106 169 109 184 109 194 105 204 102 214 103 221 109 177 120 177 130 177 139 177 148 167 159 172 160 177 161 183 160 188 159 144 125 150 123 157 123 163 125 157 126 151 127 192 124 198 121 204 121 211 123 205 125 198 125 160 182 165 173 172 169 177 171 183 170 191 174 197 182 191 189 184 193 177 194 172 193 165 189 164 181 172 175 178 175 183 175 193 181 183 185 177 186 172 185
124 146 126 162 129 177 135 192 143 204 153 215 165 222 179 224 194 221 206 212 217 201 226 188 231 174 234 158 235 141 236 125 133 113 140 106 150 104 160 106 169 110 184 109 194 105 204 102 214 103 221 109 177 120 177 130 177 139 177 148 167 159 172 160 177 161 183 160 188 159 144 125 150 123 157 122 163 125 157 126 150 127 191 124 197 121 204 121 210 123 204 125 198 125 160 182 165 173 172 170 177 171 183 170 191 174 196 182 191 191 183 195 177 196 171 195 164 191 163 182 172 175 177 175 183 175 192 182 183 187 177 187 171 186
124 147 126 163 129 178 135 192 143 205 153 215 164 222 179 225 194 221 206 213 217 203 225 190 231 175 233 159 235 143 236 127 133 112 140 106 150 104 160 106 169 109 184 109 194 105 204 102 214 103 222 109 177 120 177 130 177 139 176 148 167 159 172 160 177 161 182 160 188 159 144 125 150 122 157 122 163 125 157 126 150 127 191 124 198 120 204 120 210 123 205 125 198 125 160 183 164 174 172 170 177 171 182 170 190 175 196 183 190 192 183 196 177 197 171 196 164 192 163 182 172 176 177 176 182 176 192 183 182 188 177 188 171 187
124 146 126 162 129 177 134 192 142 204 152 215 164 222 179 224 194 221 207 213 217 202 226 189 232 175 234 159 235 143 236 127 133 112 140 106 150 104 160 106 169 109 184 109 194 104 204 102 214 103 221 109 177 120 177 129 177 139 177 148 167 159 172 160 177 161 182 160 188 159 144 125 150 122 156 122 163 125 157 126 150 126 192 124 198 120 205 120 211 123 205 125 198 125 159 183 164 174 171 170 176 172 182 170 190 175 196 182 190 191 182 195 176 196 171 195 164 191 162 182 172 176 176 176 182 176 192 182 182 186 176 187 171 186
124 147 126 162 130 178 135 192 143 205 153 215 165 222 180 224 194 221 207 213 218 202 227 190 233 175 235 159 237 143 238 127 133 112 140 106 150 104 160 106 170 110 184 109 194 104 204 102 214 103 222 109 177 120 177 129 177 139 176 148 167 159 172 160 177 161 182 160 187 159 144 125 150 122 157 122 163 125 157 126 150 127 192 124 198 120 204 120 211 123 205 125 198 125 159 182 164 174 171 170 176 172 182 171 190 175 196 182 190 191 182 195 176 196 170 195 164 191 162 182 171 176 176 176 182 176 193 182 182 186 176 186 171 186
124 146 126 162 129 177 134 192 142 204 152 215 164 223 179 225 194 222 207 213 218 203 226 190 232 175 234 159 235 143 236 127 134 112 141 106 150 104 160 106 170 109 184 108 194 104 204 102 215 103 222 109 177 120 177 129 177 138 177 148 167 159 172 160 177 161 183 160 188 159 144 125 150 122 157 122 163 125 157 126 150 126 192 124 198 120 205 120 211 122 205 125 199 125 159 182 164 174 171 170 176 172 182 171 190 175 197 183 190 192 182 195 176 196 170 195 164 191 163 182 172 176 176 177 182 177 193 183 182 187 176 187 171 186
124 146 126 162 129 178 135 193 143 205 152 216 164 224 178 227 193 224 206 215 217 204 226 191 232 176 235 159 236 143 237 127 133 112 141 105 150 104 160 106 170 110 184 109 194 104 204 101 214 103 222 109 177 120 177 129 177 138 177 147 167 158 172 160 177 161 183 160 188 159 144 125 150 122 157 121 163 125 157 126 150 127 192 124 198 120 205 120 211 122 205 125 198 125 159 183 164 174 171 170 176 172 182 171 190 175 197 183 190 194 182 198 176 199 170 198 163 193 162 182 172 176 176 177 182 177 193 183 182 189 176 189 171 188
124 147 126 163 130 179 135 194 143 207 153 219 164 226 179 229 193 226 206 217 217 205 226 192 232 177 236 161 237 144 239 128 133 112 141 105 150 104 161 105 170 109 184 109 194 104 204 102 215 103 222 109 178 121 177 129 177 139 177 148 167 159 172 160 177 161 183 160 188 159 144 125 150 122 157 122 163 125 157 126 150 127 192 124 198 120 205 120 211 123 205 125 199 125 159 183 164 175 171 171 176 172 182 171 190 176 197 184 190 195 182 200 176 201 171 200 163 195 162 183 172 177 177 177 182 177 193 184 182 191 176 192 171 191
124 147 126 164 130 180 135 195 143 208 153 220 165 228 179 230 194 227 207 218 218 206 227 192 233 177 236 161 237 144 238 128 134 112 141 106 151 104 161 106 170 110 184 109 194 105 204 102 215 103 222 110 178 121 178 130 177 139 177 148 168 159 173 161 178 162 183 161 188 159 145 125 151 122 157 122 163 125 157 127 151 127 192 124 198 121 205 121 211 123 206 126 199 126 159 184 164 175 172 171 177 173 182 172 191 176 197 185 190 197 182 202 176 202 170 201 163 196 162 184 172 177 177 177 182 178 193 185 182 193 176 193 171 192
124 148 126 164 130 180 135 195 143 208 153 219 164 227 179 230 194 226 206 217 217 205 226 192 232 177 235 161 237 145 238 129 133 113 141 106 150 105 161 106 170 110 184 109 194 105 205 102 215 103 223 110 178 121 177 130 177 139 177 149 167 160 172 161 177 162 183 161 188 160 144 126 150 123 157 123 163 126 157 128 150 128 192 125 198 121 206 121 212 124 206 126 199 126 160 185 164 176 172 172 177 173 182 172 191 177 197 185 191 197 183 202 177 203 171 202 163 197 162 185 172 178 177 178 183 178 193 185 182 193 176 194 171 193
124 147 126 163 130 179 135 194 144 207 153 218 165 225 180 227 195 224 207 215 217 203 226 190 231 175 234 159 236 143 237 127 133 113 141 107 151 105 161 107 171 111 184 109 194 105 204 103 214 104 222 110 178 122 178 131 178 139 177 149 168 160 173 162 178 163 183 161 188 160 145 126 150 123 157 123 163 126 157 128 150 128 192 125 198 121 205 121 211 124 205 126 198 126 161 185 165 176 172 172 177 174 182 173 190 177 196 184 190 194 183 198 177 199 172 199 165 194 164 184 173 178 177 179 182 178 193 184 182 190 177 191 172 190
124 146 126 162 129 178 135 192 143 205 153 215 165 222 180 223 194 220 207 213 217 203 225 190 231 175 233 159 234 142 235 127 133 113 140 107 150 105 160 106 170 110 184 109 194 105 204 102 214 103 221 110 178 121 178 131 178 140 178 149 168 161 173 162 178 163 183 162 188 160 144 126 150 123 157 123 163 126 157 128 150 128 192 125 198 121 205 121 211 124 205 126 198 126 162 184 166 176 173 173 177 174 182 173 190 177 196 184 190 190 183 193 178 194 173 193 166 190 165 183 173 179 177 180 182 179 192 183 182 185 178 186 173 185
124 145 126 161 129 176 134 191 142 203 152 213 165 220 180 222 194 219 207 211 217 201 225 188 230 173 232 157 232 141 233 126 133 112 140 106 150 105 161 106 170 110 184 109 194 105 204 102 214 103 221 110 177 121 177 130 177 139 177 149 168 161 173 162 178 162 183 162 188 160 144 126 150 123 157 123 163 126 157 127 150 128 192 125 198 121 205 121 211 123 205 126 198 126 161 183 167 176 173 173 178 174 182 173 189 177 196 183 189 188 183 191 178 191 173 191 167 188 165 183 173 180 178 180 182 180 192 183 182 183 178 183 173 183
124 145 126 161 129 176 134 191 142 203 152 213 165 219 180 221 194 218 207 211 217 201 225 189 231 174 233 159 234 143 235 127 133 112 140 106 150 105 160 106 170 110 184 109 194 105 204 102 214 103 221 110 177 121 177 130 177 139 177 149 168 161 173 162 178 162 183 161 188 160 144 126 150 123 157 123 163 126 157 127 150 128 192 125 198 121 204 121 211 123 205 126 198 126 161 183 167 176 173 173 178 174 183 173 190 176 196 183 190 187 183 189 178 190 173 190 167 187 164 182 173 180 178 180 183 179 193 182 183 181 178 182 173 182
124 146 126 161 129 176 134 191 142 203 153 213 165 220 180 221 195 218 208 211 218 200 226 187 231 173 233 157 233 142 234 126 134 112 141 106 150 104 160 106 169 110 184 109 194 105 205 102 215 103 222 110 177 121 177 130 177 139 178 148 168 160 173 161 178 162 183 161 188 160 144 126 150 123 157 123 163 125 157 127 150 128 192 124 198 121 204 121 211 123 205 126 198 126 161 183 167 176 173 173 178 174 183 173 190 176 196 182 190 187 183 190 178 190 173 190 167 187 164 182 174 180 178 180 183 179 193 181 183 181 178 182 173 182
124 145 126 160 129 175 133 190 141 202 151 212 164 220 179 221 194 218 207 210 218 200 226 187 231 173 233 157 234 141 235 125 133 112 140 106 150 104 160 106 169 110 184 109 194 105 204 102 214 103 221 109 177 121 177 130 177 139 177 149 168 160 173 161 178 162 183 161 188 159 143 126 150 123 156 123 163 126 157 127 150 128 191 124 198 121 204 121 211 123 205 126 198 126 161 183 166 176 173 173 177 174 182 173 190 176 197 182 190 188 183 190 178 191 173 191 166 188 164 182 173 179 178 180 182 179 193 182 183 182 178 183 173 183
124 144 126 159 129 175 134 189 141 202 152 212 164 219 179 221 194 218 207 210 218 199 226 187 231 172 233 156 234 140 235 125 133 112 140 106 150 104 160 106 169 110 184 109 194 105 204 102 214 103 221 109 177 121 177 130 177 138 177 147 168 160 173 161 178 162 183 161 188 159 143 125 149 123 156 123 163 126 156 127 149 128 191 124 198 122 204 122 211 123 205 126 198 126 161 182 166 176 173 172 178 174 183 172 190 176 197 182 190 187 183 190 178 191 173 190 166 188 164 182 173 179 178 179 183 179 193 181 183 182 178 183 173 182
124 144 126 160 129 175 134 190 142 202 152 212 164 219 179 220 195 217 208 209 218 199 226 186 231 172 233 156 234 141 235 125 133 112 140 106 149 104 160 106 169 109 184 108 194 104 204 102 214 103 221 109 177 120 177 130 177 138 177 148 167 160 172 161 177 162 183 160 188 159 143 125 150 123 156 123 163 125 156 127 150 128 191 124 198 121 204 121 210 123 205 126 198 126 160 182 166 176 173 172 177 174 182 172 190 176 197 181 190 187 183 189 178 190 173 189 166 187 164 181 173 179 178 179 182 179 193 181 182 181 177 182 173 181
124 145 126 160 129 175 134 190 142 202 152 211 165 218 180 219 195 216 208 209 218 199 227 186 232 172 234 157 235 142 236 127 133 112 140 106 150 104 160 106 169 110 184 109 193 105 203 102 214 103 221 109 177 121 177 130 177 139 177 148 167 160 173 161 178 162 183 161 188 159 144 125 150 123 156 123 162 125 156 127 150 128 191 124 197 121 204 121 210 123 204 126 198 126 160 181 166 176 173 172 177 174 182 172 190 175 197 181 190 185 183 188 178 188 173 188 166 186 164 181 173 179 177 179 182 179 194 180 182 180 178 181 173 180
124 144 126 159 129 175 133 189 141 201 151 211 164 217 179 219 194 216 208 209 219 199 227 186 231 171 233 156 234 140 235 124 133 112 140 106 149 104 160 106 169 110 184 109 194 104 204 101 214 103 221 110 177 120 177 130 177 138 176 148 168 160 172 161 177 161 182 160 187 159 143 125 150 123 156 123 163 125 156 127 150 127 191 124 197 121 204 122 210 123 204 126 198 126 160 181 166 175 173 172 177 173 182 172 190 175 197 180 190 185 183 187 178 188 172 187 166 185 163 180 173 178 177 179 182 178 194 180 182 180 177 180 173 180
124 145 126 160 129 175 133 189 141 201 151 211 164 217 179 219 194 216 207 209 218 199 226 187 231 172 232 157 233 141 234 126 133 112 140 106 149 104 159 105 168 109 184 108 194 104 204 101 214 103 221 110 177 120 177 129 177 138 177 148 167 159 172 160 177 161 182 160 187 159 143 126 149 123 156 123 162 125 156 127 149 128 191 124 197 121 204 121 210 123 205 126 198 126 160 181 166 175 172 172 177 174 182 172 190 175 197 180 190 185 183 187 177 187 172 187 166 185 163 180 172 178 177 179 182 178 194 180 182 179 177 180 172 179
124 145 126 160 129 175 133 189 141 201 152 210 164 217 179 219 194 216 207 209 218 199 227 187 231 172 233 156 233 140 234 125 133 112 139 106 149 104 159 105 169 109 184 108 194 104 204 101 214 103 221 109 177 120 176 129 176 138 176 148 167 160 172 161 177 161 182 160 187 159 143 125 149 123 156 123 163 125 156 127 149 128 191 124 197 121 204 121 210 123 204 126 198 126 159 181 166 175 172 172 177 173 182 172 190 175 197 180 190 184 183 186 177 187 172 187 166 185 162 180 172 178 177 179 182 178 194 179 182 179 177 179 173 179
124 145 126 160 129 175 133 189 141 201 152 210 164 217 179 218 195 215 208 208 219 198 227 186 231 171 233 156 233 140 234 125 133 112 139 106 149 104 159 105 168 109 184 108 194 104 204 101 214 102 221 109 177 120 176 129 176 138 176 147 167 159 172 160 177 161 182 160 187 159 143 125 149 123 156 123 162 125 156 127 149 128 191 124 197 121 204 121 210 123 204 126 198 126 159 181 166 175 173 172 177 173 182 172 190 175 198 179 190 184 183 186 178 187 172 186 166 185 162 180 173 178 177 178 183 178 194 179 183 179 177 179 173 179
124 146 126 161 129 176 134 190 142 201 152 210 164 216 179 217 194 215 207 208 218 199 226 187 231 173 233 158 234 142 235 127 133 112 139 106 149 104 159 105 168 109 184 108 193 104 203 101 213 103 220 109 176 120 176 129 176 138 176 147 167 159 172 160 177 161 182 160 187 159 143 125 149 124 156 123 162 125 156 127 149 128 191 124 197 121 204 122 210 123 204 126 198 126 160 180 166 175 172 172 177 173 182 172 190 175 197 179 190 184 183 185 178 186 173 186 166 184 163 180 173 178 177 178 182 178 194 179 182 178 177 179 173 178
124 145 126 160 129 175 133 189 141 200 151 209 164 216 179 217 194 214 207 207 218 198 227 186 231 172 233 156 234 141 235 126 133 112 140 106 149 104 159 106 168 109 183 108 193 104 203 101 214 103 221 109 176 120 176 129 176 138 176 147 167 159 172 160 177 161 182 160 187 159 143 125 149 123 156 123 162 125 156 127 149 127 191 124 197 121 204 121 210 123 204 126 198 126 159 180 166 175 172 172 177 173 182 172 189 175 197 179 190 184 183 185 178 186 173 186 166 184 162 180 173 178 177 178 182 178 194 179 182 178 177 179 173 178
124 145 126 160 128 175 133 190 142 201 152 210 164 216 179 217 194 214 207 208 218 198 227 187 231 172 233 157 233 141 234 126 132 112 139 105 149 104 159 105 168 109 183 108 193 104 203 101 213 102 221 109 177 120 176 129 176 138 176 147 167 159 172 160 177 161 182 160 187 159 143 125 150 123 156 123 162 125 156 127 149 127 191 124 197 121 204 121 210 123 204 126 198 126 160 180 166 175 172 172 177 173 182 172 189 175 197 179 190 183 183 185 178 185 173 185 166 184 163 180 173 178 177 178 182 178 194 179 182 178 177 179 173 178
