128 155 130 170 133 185 138 199 146 210 157 219 170 226 185 228 200 225 213 218 223 208 231 195 236 181 238 166 239 150 240 135 137 123 144 117 154 115 164 116 173 120 188 120 198 116 208 113 219 114 226 120 181 131 181 141 181 150 181 160 172 171 177 172 182 173 187 172 192 170 148 136 154 133 161 133 167 136 161 138 154 138 196 135 203 131 210 131 216 133 210 136 203 136 164 192 171 187 177 184 182 185 187 184 194 187 202 191 195 196 188 197 183 198 177 197 171 196 167 192 178 190 182 190 187 189 199 191 187 190 182 190 177 190
129 153 131 169 134 184 139 199 147 211 157 221 169 227 184 229 199 227 211 219 222 210 230 197 235 182 238 166 239 150 240 134 137 122 145 116 154 115 164 116 174 120 189 120 199 116 209 113 219 114 227 120 182 132 182 141 182 150 181 160 173 171 177 173 182 173 187 172 192 171 149 135 155 133 162 132 168 136 162 137 155 138 197 135 203 131 210 131 216 133 210 136 203 136 165 193 171 188 178 184 182 186 187 184 194 188 202 193 195 197 188 199 183 200 178 200 171 198 168 193 178 191 182 191 187 190 198 192 187 192 182 192 178 192
129 154 131 169 134 185 139 199 147 211 158 221 170 228 185 230 199 227 212 219 223 209 231 196 236 181 238 165 239 149 240 133 138 122 145 116 154 115 164 116 174 120 189 119 199 115 209 113 219 113 227 120 182 132 181 141 181 150 181 160 173 171 177 172 182 173 187 172 192 170 149 136 155 133 162 133 168 136 162 138 155 138 197 135 203 131 210 131 216 133 210 136 203 136 166 193 172 187 178 184 183 185 187 184 195 187 201 193 195 198 188 201 183 201 178 201 171 199 169 193 178 190 183 191 188 190 198 193 188 193 183 193 178 193
129 154 131 169 134 185 139 200 147 212 158 222 170 230 185 232 199 229 212 220 223 210 231 197 236 181 238 165 239 149 240 133 138 122 145 116 155 114 165 116 174 120 189 119 199 115 209 112 220 113 227 120 182 132 182 141 181 150 181 160 173 171 177 172 182 173 187 172 192 170 149 135 155 132 162 132 168 136 162 137 155 137 197 135 203 131 210 130 216 133 211 136 204 136 167 195 172 187 178 183 183 185 187 183 195 187 201 194 195 201 188 204 183 204 178 204 172 201 170 194 178 190 183 190 187 190 197 194 188 195 183 196 178 195
129 154 131 170 134 186 140 200 148 213 158 223 170 231 184 233 199 230 211 222 221 210 229 197 234 182 237 166 238 150 239 134 138 122 145 116 155 114 165 116 174 120 189 119 199 115 209 112 220 113 227 120 182 132 182 141 182 150 182 160 173 171 178 172 182 173 187 171 192 170 149 135 155 132 162 132 168 136 162 138 155 138 197 135 203 130 210 130 216 133 211 136 204 136 166 195 171 188 178 184 182 185 187 183 195 187 201 194 195 202 188 206 183 206 178 206 171 203 170 195 178 190 183 191 188 190 197 194 188 197 183 198 178 197
129 153 131 169 134 185 139 199 147 212 157 223 169 231 184 233 199 230 211 222 222 211 230 198 234 183 237 167 238 150 239 134 138 122 145 116 155 114 165 116 175 120 189 119 199 115 209 112 219 113 227 119 182 131 182 141 182 150 181 159 173 171 178 172 182 173 187 172 192 170 149 135 155 132 162 132 168 136 162 138 155 138 197 135 203 131 210 130 216 133 210 136 203 136 166 195 171 189 178 185 182 187 187 185 195 189 201 194 195 201 188 204 183 205 177 204 171 201 169 194 178 192 183 193 187 192 198 194 187 196 183 197 178 196
130 154 131 169 134 185 139 199 146 212 156 222 168 229 183 231 198 229 211 221 222 211 230 197 235 182 237 166 238 149 239 134 138 122 145 116 155 114 165 116 174 120 189 119 199 115 209 112 220 113 227 120 182 131 182 140 182 149 182 159 173 171 178 172 183 173 187 172 192 171 149 135 155 132 162 132 168 135 162 137 155 137 197 134 203 131 210 130 216 133 211 136 204 136 165 194 171 189 178 186 182 188 187 186 195 190 202 194 195 199 188 201 183 201 178 201 171 199 168 194 178 193 183 193 188 193 199 194 187 194 183 194 178 194
130 154 131 170 134 185 139 200 147 212 157 222 169 228 184 230 199 228 212 221 222 210 230 197 235 182 237 166 239 150 240 134 138 122 145 116 155 114 165 116 174 120 189 119 199 115 209 112 220 113 227 120 182 130 182 140 182 149 182 159 173 171 178 172 182 173 187 172 192 171 149 135 155 132 162 132 168 135 162 137 155 137 197 134 203 130 210 130 216 133 211 135 204 136 165 194 171 189 178 186 182 187 188 186 195 189 202 194 195 198 188 200 183 200 177 199 171 198 167 193 178 192 183 193 188 192 199 194 188 193 183 193 178 193
130 154 131 169 134 185 139 199 147 211 157 221 170 228 185 230 199 227 212 220 223 209 230 196 235 181 237 165 238 149 239 133 138 122 145 116 155 114 165 116 175 120 189 119 199 115 209 112 220 113 227 120 182 131 182 140 182 149 182 159 173 171 178 172 183 173 188 172 193 170 149 135 155 132 162 132 168 135 162 137 155 137 197 134 203 131 210 130 216 133 211 136 204 136 164 193 171 188 178 184 183 186 188 184 195 188 203 192 195 197 188 199 183 199 177 199 170 197 167 192 178 191 183 192 188 191 199 192 188 192 183 192 178 192
130 152 132 168 134 184 139 198 147 210 158 221 170 228 185 230 200 227 213 219 224 208 232 195 236 180 238 164 240 148 241 132 138 122 146 116 155 114 165 116 175 120 189 119 199 115 209 112 220 113 227 120 182 131 182 140 182 150 182 159 173 170 178 172 182 172 188 171 193 170 149 135 155 132 162 132 168 135 162 137 155 137 197 134 203 130 210 130 216 133 211 135 204 135 165 192 170 186 177 183 182 185 188 184 195 187 203 191 195 198 188 200 183 200 177 200 170 197 168 191 177 190 183 191 188 190 199 191 188 193 182 193 177 193
130 152 132 167 135 183 139 197 147 209 158 220 170 227 185 229 200 226 213 218 225 208 233 195 237 180 239 165 241 149 242 133 138 122 145 116 155 114 165 116 175 120 189 119 200 115 210 112 220 113 227 120 182 131 182 140 182 150 182 159 173 170 178 171 182 172 188 171 193 170 150 135 156 132 163 132 169 135 162 137 156 137 197 134 204 130 210 130 217 133 211 135 204 136 165 191 171 185 177 183 182 184 187 183 195 186 203 191 196 197 188 199 182 199 177 199 170 196 168 190 178 189 182 189 188 189 199 191 188 191 182 192 177 191
130 154 132 170 135 185 140 199 148 211 158 220 170 227 185 229 199 226 212 219 224 209 232 197 237 182 239 166 240 150 241 134 138 122 145 116 155 114 165 116 175 120 190 119 200 115 210 112 220 113 228 120 183 131 182 140 182 150 182 159 173 170 178 171 182 172 188 171 193 170 150 135 156 132 162 132 169 135 162 137 156 137 197 134 203 131 210 130 217 133 211 135 204 135 164 190 170 185 177 182 182 183 188 182 195 185 203 190 196 197 188 199 183 200 177 199 170 197 168 190 177 188 182 188 188 188 200 190 188 191 182 191 177 191
130 154 132 170 135 185 140 199 148 211 159 220 171 227 185 230 200 227 212 219 223 209 232 197 237 183 239 167 240 150 240 134 138 123 145 116 155 114 165 116 175 120 189 119 200 115 210 112 220 114 228 120 182 131 182 140 182 150 182 159 172 170 177 171 182 172 188 171 193 170 150 135 156 132 162 132 169 135 162 137 156 137 197 134 203 131 210 130 216 133 211 135 204 136 164 191 170 185 177 182 182 183 188 182 196 185 203 190 196 197 188 200 183 201 177 200 170 197 168 190 177 188 182 188 188 188 200 190 188 192 182 192 177 192
130 153 132 169 134 185 140 199 148 211 159 220 171 227 185 229 200 227 212 219 223 209 231 196 236 182 238 166 239 150 240 134 138 123 145 116 155 115 165 116 175 120 189 119 199 115 210 113 220 114 227 120 183 131 182 141 182 150 182 159 172 170 178 171 183 172 188 171 193 170 149 135 156 132 162 132 169 135 162 137 155 137 197 134 203 131 210 131 216 133 211 135 204 136 164 191 170 185 177 181 182 183 188 182 196 185 203 190 196 198 188 201 182 201 177 200 170 197 167 190 177 188 182 188 188 188 200 190 188 192 182 192 177 192
130 155 131 171 135 187 140 201 148 213 158 224 171 231 185 233 200 230 213 222 223 211 231 197 235 182 237 166 239 150 240 134 138 122 145 116 155 115 165 116 175 120 189 119 199 115 209 112 220 113 227 120 182 131 182 141 182 150 182 160 173 170 178 171 183 172 188 171 193 170 149 135 155 132 162 132 168 135 162 137 155 137 197 134 203 131 210 130 216 133 211 135 204 136 164 192 170 185 177 182 182 184 188 182 196 186 203 192 196 201 188 205 182 205 177 204 169 201 167 192 177 188 183 189 188 188 199 192 188 196 182 196 177 196
130 155 132 171 135 187 140 202 148 214 158 225 170 233 185 235 199 233 211 224 221 213 229 200 234 185 236 168 237 152 238 136 138 123 145 117 155 115 165 117 175 121 189 120 199 116 210 113 220 114 227 120 182 132 182 141 182 151 182 160 172 170 177 172 182 173 188 172 193 171 149 136 155 133 162 132 168 136 162 137 155 138 197 135 203 131 210 131 216 133 211 136 204 136 164 193 169 186 177 182 182 184 188 183 196 187 203 194 196 204 188 208 182 209 176 208 169 203 167 193 177 189 182 189 188 189 199 194 188 200 182 200 177 199
130 155 132 171 135 187 140 201 148 214 158 224 170 232 184 234 198 231 211 223 221 212 229 199 234 184 237 168 239 151 240 135 138 124 145 117 155 116 165 117 175 121 189 120 199 116 210 113 220 114 227 121 182 132 182 141 182 151 182 161 172 171 177 172 182 173 188 172 193 171 149 136 155 133 162 133 168 136 162 137 155 137 197 135 203 131 210 131 216 134 211 136 204 136 164 193 170 186 177 182 182 184 188 183 196 187 203 193 196 203 188 207 182 207 176 206 169 202 167 193 177 188 182 189 188 188 199 193 188 198 182 198 177 197
130 154 132 170 135 186 140 200 148 212 159 222 170 229 185 232 199 229 211 221 222 211 230 198 235 183 238 167 239 151 240 135 138 123 145 117 155 115 165 117 174 121 189 120 199 116 210 113 220 114 227 121 182 132 182 141 182 151 182 160 172 171 177 172 182 173 188 172 193 171 149 136 155 133 162 133 168 136 162 138 155 138 197 135 203 131 210 131 216 134 211 136 204 137 164 193 170 185 177 182 182 183 187 182 195 186 202 192 195 201 188 204 182 205 176 204 169 200 168 192 177 187 182 188 188 187 198 192 188 196 182 196 176 195
129 155 131 170 134 186 139 200 147 211 158 221 170 228 185 230 199 227 212 219 223 209 231 197 235 182 238 166 239 150 239 135 138 124 144 117 154 115 165 117 174 121 189 120 199 116 210 113 220 114 228 121 182 132 182 142 182 151 181 161 172 171 177 172 182 173 188 172 193 170 149 136 155 133 162 133 168 136 162 137 155 138 197 135 203 131 210 131 216 134 211 136 204 136 164 192 170 184 176 181 182 183 187 182 195 186 202 192 195 198 188 201 182 201 176 200 169 197 168 191 176 186 182 187 187 187 198 192 187 193 182 193 176 193
129 153 131 169 134 184 139 199 147 211 157 220 169 227 184 229 199 226 212 219 223 210 232 197 237 183 239 167 239 150 240 134 137 123 144 117 154 115 165 117 174 121 189 120 199 116 209 113 220 114 227 121 182 132 182 141 181 151 181 161 172 170 177 172 182 173 188 171 193 170 149 136 155 133 162 133 168 136 162 137 155 138 197 135 203 131 210 131 216 133 210 136 204 136 164 191 169 184 176 181 181 183 187 181 194 185 202 191 194 196 187 199 181 199 175 198 169 195 168 190 176 186 181 187 187 187 198 191 187 191 181 191 176 190
129 154 131 170 134 185 138 199 147 211 157 221 170 227 185 229 200 226 213 219 223 210 231 197 236 183 238 167 239 150 240 135 138 123 145 117 155 115 165 117 174 121 189 120 199 116 209 113 220 114 227 121 182 132 182 141 182 151 182 160 172 171 177 172 182 173 188 172 193 170 149 135 155 133 162 133 168 136 162 137 155 138 197 135 203 131 210 131 216 133 210 136 204 136 164 191 170 184 176 181 181 183 187 182 194 185 201 192 194 196 187 197 182 197 176 196 170 194 168 190 176 187 182 188 187 187 198 191 187 189 181 189 176 189
129 153 131 169 134 185 138 199 146 212 156 222 169 229 184 230 199 228 212 221 223 210 231 198 236 183 238 166 239 150 240 134 138 123 145 117 155 115 165 117 175 121 189 120 199 116 209 113 220 114 227 121 182 131 182 141 182 150 182 160 172 170 177 172 182 173 188 172 193 170 149 135 155 133 162 133 168 136 162 137 155 137 197 135 203 131 210 131 216 133 210 136 204 136 165 192 170 185 176 181 181 183 187 182 194 186 201 192 194 197 187 199 181 200 176 199 170 196 168 191 176 187 181 188 187 188 197 192 187 191 181 192 176 191
130 154 131 170 134 185 139 200 147 213 157 224 169 232 184 234 199 231 212 223 222 212 230 198 235 183 238 167 239 150 240 134 138 123 145 116 155 115 165 117 175 120 189 120 199 116 210 113 220 114 227 121 182 132 182 141 182 151 181 160 172 170 177 172 182 173 188 172 193 170 150 136 155 133 162 133 168 136 162 137 155 138 197 135 203 131 210 131 216 134 210 136 203 136 165 193 170 185 176 182 182 184 187 182 195 186 201 193 195 201 188 205 182 206 176 205 169 201 168 192 177 188 182 188 187 188 198 193 187 197 182 198 176 197
129 155 131 171 134 187 139 201 148 214 158 225 169 233 184 236 198 233 210 224 221 213 229 199 235 184 238 167 239 150 240 134 139 123 145 116 155 115 165 116 175 120 189 120 200 115 210 113 220 114 227 121 182 132 182 141 182 150 182 159 172 170 177 171 182 172 188 171 193 170 150 137 156 135 163 135 169 136 163 138 156 139 197 136 203 133 209 134 216 135 210 137 203 137 164 193 169 185 176 182 181 183 187 182 195 187 202 194 195 203 187 208 181 208 175 207 169 202 167 193 176 188 182 188 187 188 198 194 187 199 181 200 176 199
129 154 131 171 134 187 140 201 148 214 158 225 170 233 184 235 198 232 211 224 221 212 229 199 234 184 237 167 238 151 239 134 139 123 145 116 155 115 165 116 175 120 189 120 200 116 210 113 220 114 227 121 183 132 182 141 182 150 182 159 172 170 177 171 182 172 188 171 193 170 150 137 156 136 163 135 169 137 163 139 157 139 197 136 203 134 210 134 216 135 210 138 203 138 164 193 169 185 176 182 182 183 187 182 195 186 202 193 195 203 188 207 182 208 176 207 169 202 167 193 176 188 182 188 187 188 198 193 187 198 181 199 176 198
129 154 131 170 134 186 140 201 148 213 158 224 169 232 183 235 198 232 210 224 221 213 229 199 235 184 238 168 240 151 241 134 138 123 145 116 155 115 165 116 175 120 189 120 200 116 210 113 221 114 228 121 182 132 182 141 182 150 181 160 172 170 177 171 182 172 187 171 193 170 150 137 156 135 163 135 169 136 163 138 156 138 197 135 204 133 210 134 217 135 211 137 204 137 164 192 169 185 176 182 181 183 187 182 195 186 202 193 195 203 187 207 181 208 175 207 169 202 167 192 176 188 182 188 187 188 198 193 187 198 181 199 176 198
130 154 131 170 134 186 140 201 148 213 158 224 170 231 184 234 198 231 210 223 221 212 229 199 235 184 237 167 239 151 240 135 138 123 146 116 155 115 166 117 175 120 190 120 200 116 210 113 220 114 228 121 183 132 183 141 182 150 182 160 172 170 177 171 182 172 188 171 193 170 150 136 156 134 162 134 169 136 163 138 156 138 197 135 204 132 210 132 217 134 211 137 204 137 165 193 170 185 177 182 182 184 187 182 195 186 202 193 195 202 188 206 182 207 176 206 169 202 168 192 177 188 182 188 187 188 198 193 187 197 182 198 176 197
129 154 131 170 134 186 139 201 148 213 158 223 170 231 184 233 199 231 211 222 222 211 230 198 235 183 238 167 239 150 240 134 138 123 145 116 155 115 165 116 175 120 189 120 200 116 210 113 221 114 228 121 183 132 182 141 182 150 182 160 172 170 177 171 182 172 188 171 193 170 150 136 156 133 162 133 169 136 162 137 156 137 197 135 204 132 210 132 217 134 211 136 204 136 164 192 170 185 177 182 182 183 187 182 195 186 202 192 195 202 188 205 182 206 176 205 169 201 167 192 177 188 182 188 187 188 198 192 187 196 182 197 176 196
129 153 131 170 134 185 139 200 148 212 158 223 170 230 184 233 199 230 212 222 222 211 230 198 235 183 238 167 239 150 240 134 138 123 145 116 155 114 166 116 175 120 189 120 200 115 210 113 220 114 227 121 183 132 182 141 182 150 182 160 172 170 177 171 183 172 188 171 193 170 150 135 156 133 163 132 169 136 163 137 156 137 197 135 203 131 210 131 216 133 211 136 204 136 165 192 170 185 177 182 182 183 187 182 195 186 202 192 195 200 188 204 182 204 177 203 170 200 168 192 177 187 182 188 188 188 199 192 188 195 182 196 177 195
130 154 131 170 134 186 140 201 148 213 158 223 170 231 184 233 199 230 211 222 222 211 230 198 236 184 238 168 240 151 241 135 138 122 145 116 155 114 165 116 175 120 190 119 200 115 210 112 221 113 228 120 183 131 182 140 182 149 182 159 172 170 177 171 182 172 188 171 193 170 149 135 156 133 162 132 169 135 162 137 156 137 197 134 204 131 210 131 217 133 211 136 204 136 165 192 170 185 177 181 182 183 187 182 195 186 202 192 195 201 188 205 182 205 176 204 170 200 168 192 177 187 182 188 188 188 198 192 188 196 182 196 177 196
130 155 132 171 135 187 140 201 148 214 159 225 170 232 185 235 199 232 211 223 222 212 230 199 235 184 238 168 239 151 240 135 138 122 145 116 155 114 165 116 175 120 190 119 200 115 210 112 220 114 227 120 183 131 183 140 182 150 182 159 172 169 177 171 182 172 188 171 193 170 150 135 156 132 162 132 169 135 162 137 155 137 197 134 203 131 210 130 217 133 211 136 204 136 165 193 170 185 177 181 182 183 188 182 196 186 202 193 196 203 188 207 182 208 176 207 169 202 168 193 177 187 182 188 188 188 199 193 188 198 182 199 177 198
130 154 131 171 134 187 140 201 148 214 158 225 170 234 184 236 199 233 211 224 221 212 230 199 235 184 237 168 239 151 240 135 138 122 146 116 155 114 166 116 175 120 190 119 200 115 210 112 220 113 227 120 183 131 183 141 182 149 182 159 172 170 178 171 183 172 188 171 193 170 150 135 156 132 163 132 169 135 163 137 156 137 197 134 203 130 210 130 216 133 211 136 204 136 165 193 170 185 177 181 182 183 187 182 196 186 202 194 196 205 188 209 182 209 176 208 169 204 168 193 177 187 182 188 188 188 198 194 188 200 182 200 177 199
130 154 131 171 135 187 140 202 148 214 158 225 170 234 185 236 199 233 212 224 222 213 230 199 235 184 238 167 239 151 240 134 138 122 146 116 155 114 166 116 175 120 189 119 200 115 210 112 220 113 227 120 183 131 183 141 182 150 182 159 173 170 177 171 183 172 188 171 193 170 150 135 156 132 163 132 169 135 163 137 156 137 197 135 203 131 210 130 216 133 211 136 204 136 165 194 170 185 177 181 182 183 188 182 196 186 202 194 196 204 188 209 182 209 176 208 169 203 168 193 177 188 182 188 188 188 199 194 188 200 182 200 177 199
130 154 131 171 135 187 140 201 148 214 158 225 170 233 184 236 198 233 211 225 221 213 229 199 235 184 238 168 239 151 241 134 139 122 145 116 155 114 165 116 175 120 190 119 200 115 210 112 220 113 227 120 183 131 182 140 182 150 182 159 172 169 177 171 182 172 188 171 193 170 150 135 156 132 163 132 169 135 163 137 156 137 197 134 204 130 210 130 217 133 211 135 204 136 165 193 169 185 177 181 182 183 187 182 195 186 202 193 195 204 188 208 182 209 176 208 169 203 167 193 177 188 182 188 187 188 198 194 187 199 182 200 176 199
130 155 131 172 135 188 140 202 149 215 159 226 170 234 185 236 199 233 212 225 222 213 230 200 236 184 238 168 239 151 240 135 138 122 145 116 155 114 165 116 175 120 190 119 200 115 210 112 220 114 228 120 183 131 182 140 182 149 182 159 172 170 177 171 182 172 188 171 193 170 150 135 156 132 162 132 168 135 162 136 155 137 197 134 203 130 210 130 217 133 211 135 204 136 164 193 169 185 177 181 182 183 188 182 196 186 203 193 196 204 188 208 182 209 176 208 169 203 167 193 177 188 182 188 188 188 199 193 188 199 182 200 176 199
130 154 132 171 135 187 141 202 149 215 159 227 171 235 185 238 199 235 211 226 222 214 230 200 235 184 238 168 239 151 240 134 138 122 145 116 155 114 165 116 175 120 190 119 200 115 210 112 220 113 228 120 183 131 182 140 182 149 181 159 172 169 177 171 182 172 188 171 193 170 150 135 156 132 163 132 169 135 163 136 156 137 197 134 203 130 210 130 217 133 211 135 204 136 165 194 169 185 177 181 182 183 188 182 196 186 203 194 197 206 188 211 182 212 176 211 169 205 167 194 177 188 182 188 188 188 199 195 188 202 182 203 176 202
130 154 131 171 135 187 141 203 149 216 159 228 170 237 185 239 199 236 212 228 222 215 230 200 236 184 239 168 240 150 241 134 138 122 146 115 156 114 166 116 175 119 190 119 200 115 210 112 221 113 228 120 183 131 183 140 182 149 182 158 172 169 177 170 183 171 188 170 193 169 150 134 156 131 163 131 169 135 163 136 156 136 197 134 203 130 210 130 217 133 211 135 204 135 165 195 169 186 177 181 182 183 188 182 197 187 203 196 197 208 189 214 182 214 176 213 169 207 168 195 177 188 182 188 188 188 200 196 188 205 182 205 177 204
130 156 131 172 135 189 141 204 149 217 159 229 171 237 186 240 200 237 213 228 223 216 231 201 236 185 239 168 241 152 242 135 138 122 146 115 156 114 166 115 175 119 190 119 200 114 210 112 220 113 228 120 183 131 183 140 182 149 182 158 172 169 177 170 183 171 188 170 193 169 150 134 156 131 162 131 169 135 162 136 155 136 197 134 203 130 210 130 217 132 211 135 204 135 165 195 169 185 177 181 182 183 188 182 197 186 203 195 197 208 189 213 183 214 176 213 169 207 168 195 177 188 182 188 188 188 200 195 188 204 182 205 177 204
130 155 132 172 135 188 141 203 149 216 159 227 171 236 185 238 200 235 213 227 223 215 231 200 237 185 239 168 240 151 241 135 138 122 145 115 155 114 166 115 175 119 190 118 200 114 210 112 221 113 228 120 183 131 182 140 182 149 182 158 172 169 177 170 183 171 188 170 193 169 150 134 156 131 162 131 169 134 162 136 156 136 197 134 204 130 211 130 217 132 211 135 204 135 165 194 169 185 177 181 182 183 188 182 196 186 203 194 197 206 188 210 182 211 176 210 169 205 167 193 177 187 182 187 188 187 200 194 188 202 182 202 176 201
130 155 131 172 134 188 140 202 148 215 158 226 170 234 184 237 199 234 211 225 222 214 230 200 235 185 238 168 239 151 240 135 138 122 145 115 155 113 166 115 175 119 189 118 200 114 210 112 220 113 227 120 183 130 182 139 182 148 182 158 172 169 177 170 182 171 188 170 193 169 150 134 156 131 162 131 168 134 162 136 156 136 197 134 203 130 210 130 216 132 211 135 204 135 164 193 169 184 177 180 182 182 187 181 196 185 202 193 196 204 188 209 182 209 176 208 169 203 167 192 177 187 182 187 187 187 199 193 187 199 182 200 176 199
130 154 131 171 135 187 140 202 148 215 158 226 170 234 184 237 199 234 212 225 223 214 231 200 237 185 240 168 241 151 242 135 138 122 145 115 155 113 165 115 175 119 189 118 199 114 210 111 220 113 228 119 182 131 182 139 182 148 181 158 172 168 177 170 182 171 188 170 193 169 150 134 155 131 162 131 168 134 162 136 155 136 197 134 203 130 210 130 217 132 211 135 204 135 164 193 169 184 176 180 181 182 187 181 196 185 202 193 196 205 188 209 182 210 176 209 168 204 167 192 176 187 182 187 187 187 199 193 187 200 182 201 176 200
130 155 132 172 135 188 141 203 149 217 159 228 170 236 185 239 199 236 211 226 222 214 230 200 235 184 238 168 239 151 240 135 138 122 145 115 155 113 165 115 175 119 189 118 199 114 210 111 220 113 227 120 183 130 182 139 182 148 181 158 172 169 177 170 182 171 187 170 193 169 149 134 155 131 162 131 168 134 162 136 155 136 197 134 204 130 210 130 216 132 211 135 204 135 164 193 169 185 177 181 182 182 187 182 196 186 202 195 196 207 188 212 182 212 176 211 168 205 167 193 177 187 182 187 187 188 199 195 187 203 182 203 176 202
130 155 132 172 135 188 141 203 149 216 159 228 170 236 184 238 199 235 211 227 221 214 229 200 235 185 238 168 239 151 240 135 138 123 145 116 155 114 166 115 175 119 189 119 200 114 210 112 221 113 228 120 183 131 182 140 182 149 182 158 172 169 177 170 182 171 188 170 193 169 149 135 155 132 162 131 168 135 162 137 155 137 197 134 203 130 210 130 216 133 211 135 204 135 164 194 169 185 177 181 182 183 187 182 196 186 203 194 196 207 188 212 182 212 176 211 169 206 167 193 177 187 182 188 188 188 199 194 187 203 182 203 176 202
130 155 132 172 135 188 141 203 149 216 159 227 171 235 185 237 199 234 212 225 222 214 230 200 235 184 238 168 239 151 240 135 138 122 145 116 155 114 166 116 175 120 190 119 200 115 210 112 220 113 228 120 183 131 182 140 182 149 182 159 172 169 177 171 182 172 188 171 193 170 150 135 156 132 163 131 169 135 163 137 156 137 197 134 203 130 210 130 216 133 211 136 204 136 164 193 169 185 177 181 182 183 188 182 196 186 203 194 197 206 188 210 182 211 176 210 169 205 167 193 177 188 182 188 188 188 200 194 188 202 182 202 177 201
130 155 131 171 135 187 140 201 148 214 158 225 170 233 184 235 198 233 211 224 221 213 230 200 235 185 238 169 239 152 240 135 138 123 145 116 155 114 166 116 175 120 190 119 200 115 210 112 221 114 228 121 183 131 182 141 182 150 182 159 172 170 177 171 182 172 188 171 193 170 150 135 156 132 163 132 169 135 162 137 156 137 197 134 204 130 210 130 217 133 211 136 204 136 164 192 169 185 177 181 182 183 188 182 196 186 203 193 196 204 188 208 182 208 176 207 169 203 167 192 177 187 182 188 188 188 200 193 188 199 182 200 176 199
130 154 131 170 134 186 140 200 148 213 159 223 170 231 184 233 199 231 211 223 222 212 230 199 235 183 238 167 239 151 241 134 138 122 145 116 155 115 165 116 175 120 190 120 200 116 210 113 220 114 228 120 183 132 182 141 182 150 182 160 172 170 177 171 182 172 188 171 193 170 149 135 155 132 162 132 168 136 162 137 155 137 197 135 204 131 210 131 217 133 211 136 204 136 165 192 170 185 177 182 182 184 188 182 196 186 203 193 196 202 188 206 182 206 176 205 169 201 167 192 177 187 182 188 188 188 199 193 188 197 182 197 176 196
130 153 131 170 134 185 140 199 148 212 158 222 170 229 185 232 199 229 212 221 223 210 231 197 235 182 238 166 239 150 241 133 138 123 145 116 155 115 165 117 175 121 189 120 200 116 210 113 220 114 227 120 183 132 182 141 182 150 182 160 172 170 177 171 182 172 188 171 193 170 149 135 155 133 162 132 168 136 162 137 155 137 197 135 203 131 210 131 216 133 211 136 204 136 164 192 170 185 177 182 182 184 187 182 195 186 203 192 195 201 188 204 182 204 176 203 170 200 167 192 177 188 182 189 187 189 199 192 187 195 182 195 177 195
130 154 132 170 135 186 140 200 148 211 159 221 171 228 185 230 200 227 212 219 223 209 231 197 235 182 237 166 238 150 240 134 138 122 146 116 155 115 165 117 175 120 189 120 199 116 209 113 220 114 227 120 182 132 182 141 182 150 182 160 172 170 177 171 182 172 188 171 193 170 149 135 155 132 162 132 168 136 162 137 155 137 197 135 203 131 210 131 216 133 211 136 204 136 165 192 170 185 177 182 182 183 188 182 195 186 203 192 196 199 188 202 182 202 177 201 170 198 168 191 177 188 182 188 188 188 199 192 188 193 182 193 177 193
130 155 132 171 135 186 140 200 148 211 158 221 170 227 185 230 199 227 212 219 223 209 231 197 235 183 238 167 239 151 240 135 138 123 145 116 155 115 165 117 174 120 189 120 199 116 209 113 219 114 227 120 182 131 182 141 182 150 181 160 172 170 177 171 182 172 188 171 193 170 149 135 155 132 162 132 168 136 162 137 155 137 197 135 203 131 210 131 216 133 211 136 204 136 165 191 170 185 177 182 182 183 187 182 195 186 203 191 195 198 188 200 182 201 177 200 170 197 168 191 177 188 182 188 188 188 199 191 188 192 182 192 177 192
130 154 131 170 134 185 139 199 147 211 158 221 170 228 185 230 200 228 212 220 223 210 231 197 236 182 238 166 240 150 241 134 138 123 145 116 154 115 165 116 174 120 189 120 199 115 209 113 220 113 227 120 182 131 182 141 182 150 181 159 172 170 177 171 182 172 188 171 193 170 149 135 155 132 161 132 168 136 161 137 155 137 197 134 203 131 210 130 216 133 210 135 203 136 165 192 170 185 177 182 182 183 187 182 195 186 202 192 195 199 188 201 182 202 177 201 170 198 168 192 177 188 182 188 187 188 198 192 187 193 182 193 177 193
129 154 131 170 134 186 140 200 148 212 158 223 171 230 185 232 200 229 212 221 223 210 231 197 236 182 239 166 239 149 240 133 138 122 145 116 155 115 165 116 174 120 188 119 199 115 209 112 219 113 227 119 182 132 182 141 181 150 181 159 172 170 177 171 182 172 187 171 193 170 149 135 155 132 162 132 168 135 162 137 155 137 197 134 203 131 210 130 216 133 210 135 203 136 165 193 170 185 177 182 182 183 187 182 195 186 202 193 195 201 188 204 182 204 176 203 170 200 168 192 177 188 182 188 187 188 198 193 187 195 182 195 177 195
129 155 131 171 135 187 140 201 148 213 159 224 171 231 185 234 199 231 212 222 222 211 230 198 235 183 238 167 239 150 240 134 137 123 144 116 154 114 165 116 174 120 189 119 199 115 209 112 220 113 227 120 182 131 182 141 181 150 181 159 172 170 177 171 182 172 187 171 193 170 149 135 155 132 162 132 168 135 162 137 155 137 197 134 203 130 210 130 216 133 210 135 203 136 165 193 170 185 177 182 182 183 187 182 195 186 202 193 195 202 188 205 182 206 176 205 170 201 168 193 177 188 182 189 187 188 198 193 187 197 182 197 177 196
129 154 131 170 134 186 140 201 148 213 159 224 171 231 185 234 199 231 212 222 222 211 230 198 235 183 238 167 239 150 240 134 138 123 144 116 154 114 164 116 174 120 189 119 199 115 209 112 220 113 227 120 182 131 182 141 181 150 181 159 172 170 177 171 182 172 187 171 192 170 149 135 155 132 162 132 168 135 162 137 155 137 197 134 203 130 210 130 216 133 210 135 204 136 165 193 170 185 176 182 182 183 187 182 195 186 202 193 195 202 188 206 182 206 176 206 169 202 168 193 177 188 182 188 187 188 198 193 187 197 182 198 176 197
129 155 131 171 134 187 140 201 148 213 158 224 170 231 184 234 199 231 211 222 222 211 230 198 235 183 238 167 239 151 240 135 138 123 145 116 154 114 165 116 174 120 189 119 199 115 209 113 219 114 227 120 182 132 182 141 181 150 181 160 172 170 177 171 182 172 187 171 192 170 149 135 155 132 162 132 168 136 162 137 155 137 197 135 203 130 210 130 216 133 210 136 203 136 164 193 169 185 176 182 181 183 187 182 195 186 202 192 195 201 187 205 182 206 176 205 169 201 167 192 177 188 182 188 187 188 198 192 187 197 182 197 176 197
129 155 131 171 134 186 140 201 148 214 158 224 170 232 184 234 199 231 211 223 222 212 229 199 234 184 237 168 238 151 239 135 138 123 145 116 154 115 165 116 174 120 189 119 199 115 209 112 220 114 227 120 182 131 182 141 182 150 181 159 172 170 177 171 182 172 187 171 192 170 149 135 155 132 162 132 168 136 162 137 155 138 197 135 203 131 210 131 216 133 211 136 204 136 164 192 169 185 176 182 182 184 187 182 195 186 203 192 196 202 188 206 182 207 176 206 169 202 167 192 177 188 182 189 187 189 199 193 187 197 182 198 176 197
129 155 131 172 134 188 140 202 148 215 158 226 170 234 184 237 199 233 211 224 222 213 231 199 236 184 238 167 239 151 240 134 138 123 145 116 155 115 165 116 174 120 189 120 199 116 209 113 220 114 227 120 182 132 182 141 182 150 181 160 172 170 177 172 182 172 188 171 193 170 149 135 155 132 162 132 168 136 162 137 155 137 197 135 203 131 210 131 216 133 211 136 204 136 164 193 169 186 176 182 182 184 187 183 195 187 202 193 196 204 188 208 182 209 176 208 169 203 167 193 177 188 182 189 187 189 199 193 187 199 181 200 176 199
129 156 131 172 134 188 140 203 148 217 158 228 170 236 184 239 199 236 212 227 222 215 231 201 236 185 239 169 241 152 241 135 138 123 145 117 155 115 165 117 175 121 189 120 199 116 209 113 220 114 227 121 182 132 182 141 182 150 181 160 172 170 177 172 182 173 188 172 193 170 149 135 155 132 162 132 168 136 162 137 155 137 197 135 203 131 210 131 216 133 210 136 204 136 164 195 169 187 176 183 182 184 187 183 196 187 202 195 196 206 188 211 182 212 176 211 169 206 167 194 177 189 182 189 187 189 199 195 187 202 182 203 176 202
130 155 131 172 135 188 140 203 149 217 159 228 170 237 185 239 199 236 212 227 222 215 230 201 236 185 238 168 240 151 240 135 138 123 145 116 155 115 165 117 175 121 189 120 199 116 209 113 220 114 227 121 182 132 182 141 182 150 182 160 172 170 177 172 182 173 188 172 193 170 149 136 155 133 162 132 168 136 162 137 155 138 197 135 203 131 210 131 216 133 211 136 204 136 164 195 169 187 177 183 182 184 187 183 196 188 203 195 196 207 188 211 182 212 176 211 169 206 167 194 177 189 182 189 188 189 199 195 187 203 182 203 176 203
129 156 131 172 134 188 140 202 148 215 158 227 170 235 184 238 199 235 211 226 222 214 231 201 237 186 240 169 241 153 241 136 138 123 145 116 155 115 165 117 175 121 189 120 199 116 209 113 220 114 227 120 182 132 182 141 182 150 181 160 172 170 177 172 182 173 188 172 193 170 149 136 155 133 162 132 168 136 162 137 155 138 197 135 203 131 210 131 216 133 211 136 204 136 164 194 169 186 177 183 182 184 187 183 196 187 203 194 196 205 188 210 182 210 176 209 169 204 167 194 177 189 182 189 187 189 199 194 187 201 182 202 176 201
129 157 131 173 134 188 140 203 148 215 158 226 171 233 185 236 199 233 212 224 222 213 230 199 235 184 237 168 239 152 240 136 138 123 145 117 155 115 165 117 175 120 189 120 199 116 210 113 220 114 227 120 183 132 182 141 182 150 182 160 173 171 178 172 183 173 188 172 193 171 149 136 155 133 162 133 168 136 162 138 155 138 197 135 204 131 211 131 217 134 211 136 204 136 165 194 170 186 177 183 182 184 188 183 196 187 203 194 196 203 188 207 182 208 177 207 169 203 167 194 177 189 182 189 188 189 199 194 188 199 182 200 177 199
129 155 131 171 134 187 140 201 148 214 158 224 170 232 185 234 199 231 212 222 222 211 230 198 235 183 238 167 239 150 240 134 138 123 145 117 155 115 165 117 175 120 189 119 199 115 210 113 220 114 227 121 183 132 182 141 182 150 182 159 173 171 178 172 183 173 188 172 193 170 149 136 155 133 162 132 168 136 162 138 155 138 197 135 203 131 210 131 216 134 211 136 204 137 165 194 171 187 178 183 183 185 188 183 195 187 202 193 196 202 188 205 183 206 177 205 170 202 168 193 178 189 183 189 188 189 199 193 188 198 183 198 178 197
129 155 131 171 134 186 139 201 148 213 158 224 170 231 185 233 199 230 212 222 222 211 230 198 234 183 237 167 238 151 239 135 138 123 145 116 155 115 165 117 175 120 189 120 199 115 209 113 220 114 227 120 182 132 182 141 182 150 182 160 173 171 178 172 183 173 188 172 193 171 149 136 155 133 162 132 168 136 162 137 155 138 197 135 203 131 210 131 216 133 211 136 204 136 165 193 171 187 178 183 183 185 188 183 195 187 202 193 196 200 189 203 183 204 178 203 171 200 168 193 178 189 183 190 188 189 199 193 188 196 183 196 178 196
129 154 131 170 134 185 139 199 148 212 158 222 171 229 185 231 199 228 212 220 222 210 230 197 235 182 237 166 238 150 239 135 138 123 145 116 155 115 165 117 174 120 189 119 199 115 209 112 219 114 227 120 182 132 182 141 182 150 182 160 173 171 177 172 182 173 188 172 193 170 149 136 155 133 162 132 168 136 162 138 155 138 197 135 203 131 210 131 216 133 210 136 204 136 165 193 171 187 178 183 182 185 187 183 195 187 202 192 195 199 188 202 183 202 177 202 171 199 169 192 178 189 183 190 188 189 199 192 188 194 183 195 178 194
129 155 131 170 134 186 139 200 147 212 158 221 170 229 184 231 199 228 212 220 222 210 230 197 235 182 237 167 238 151 239 135 138 123 145 116 154 115 165 116 174 120 189 119 199 115 209 112 219 113 227 120 182 132 182 141 182 150 181 159 172 171 177 172 182 173 188 172 193 170 149 135 155 133 161 132 168 136 161 137 155 138 197 135 203 131 210 131 216 133 211 136 204 136 165 192 171 186 178 183 182 185 187 183 195 187 202 192 195 198 188 201 183 201 177 201 171 198 168 192 178 189 183 190 188 189 199 192 188 193 183 194 178 193
129 154 131 169 134 185 139 199 147 211 157 221 170 228 184 230 199 227 212 219 223 208 230 196 235 181 236 166 238 150 239 134 137 123 144 116 154 115 165 116 174 120 189 119 199 115 209 112 219 113 227 120 182 132 182 141 182 150 181 160 172 171 177 172 182 173 187 172 193 170 149 136 155 133 162 132 168 136 162 138 155 138 197 135 203 131 210 131 216 133 210 136 203 136 165 192 171 187 177 183 182 185 187 183 195 187 202 191 195 197 188 199 183 200 177 199 171 197 168 191 177 190 182 190 188 190 199 191 188 192 183 192 178 192
129 154 131 170 134 185 139 199 147 211 157 220 169 227 184 229 199 227 212 219 223 209 231 196 235 182 238 166 239 150 239 135 137 123 144 116 154 115 164 116 174 120 188 119 199 115 209 112 219 113 227 120 182 131 182 141 181 150 181 159 172 171 177 172 182 173 187 171 193 170 149 135 155 133 161 133 168 136 161 137 155 138 197 135 203 131 210 131 216 133 210 136 203 136 165 191 171 186 177 183 182 185 187 183 195 186 203 191 195 196 188 198 183 199 178 198 171 196 168 191 178 190 183 190 188 189 199 191 188 191 183 191 178 191
129 155 131 170 134 185 139 199 147 211 157 221 170 227 184 229 199 226 212 219 223 209 231 196 236 182 238 166 239 151 240 135 138 123 145 116 154 115 164 116 174 120 189 119 199 115 209 113 219 113 226 120 182 131 182 141 182 149 181 159 172 171 177 172 182 172 187 171 192 170 149 136 155 133 161 132 168 136 161 138 154 138 197 135 203 131 210 131 216 133 210 136 203 136 164 192 171 187 177 183 182 185 187 183 194 186 202 191 195 196 188 197 183 198 178 198 171 196 167 191 178 189 182 190 187 189 199 191 188 190 183 191 178 191
129 154 131 169 134 184 139 198 146 210 157 220 169 227 184 229 199 226 212 219 223 208 231 196 235 182 237 166 238 150 239 135 138 123 145 116 154 115 165 116 174 120 189 119 199 115 209 113 219 114 227 120 182 131 182 141 182 150 182 159 173 171 177 172 182 172 188 172 193 170 149 135 155 133 162 132 168 136 162 137 155 138 197 135 203 131 210 131 216 133 210 136 203 136 165 191 171 186 178 183 182 185 187 183 194 186 202 191 195 195 188 197 183 198 178 197 171 196 168 191 178 189 183 190 187 189 199 191 187 190 183 191 178 190
129 155 131 170 134 185 139 199 147 211 157 220 170 227 185 229 199 226 212 219 223 209 230 196 235 182 237 166 238 150 239 135 137 124 144 117 154 115 164 117 174 120 189 119 199 115 209 113 219 114 226 120 182 131 182 141 182 150 182 159 173 171 177 172 182 172 187 171 192 170 149 136 155 133 161 133 168 136 161 137 154 138 197 135 203 131 210 131 216 133 210 136 203 136 164 191 171 187 177 184 182 185 187 184 195 186 202 191 195 195 188 197 183 198 177 197 171 196 167 191 178 189 182 190 188 189 199 191 188 190 183 191 178 190
129 154 131 170 134 185 139 199 146 211 157 220 170 227 185 229 200 226 212 218 223 208 231 196 235 181 237 166 238 150 239 135 137 124 144 117 154 115 164 117 174 120 189 119 199 115 209 113 219 114 227 120 182 131 182 141 181 150 181 159 172 171 177 172 182 172 187 171 192 170 148 135 154 133 161 132 168 136 161 137 154 138 197 135 203 131 210 131 216 133 210 136 203 136 164 191 170 187 177 184 182 185 187 184 195 186 202 190 195 195 188 196 183 197 177 197 170 195 167 191 177 189 182 190 188 189 199 190 188 190 182 190 177 190
129 155 131 171 134 186 139 200 147 211 157 220 170 227 184 229 199 226 212 219 223 209 231 197 235 183 237 167 238 151 240 135 138 124 144 117 154 115 164 117 174 120 189 120 199 116 209 113 219 114 226 121 182 132 181 141 181 150 181 160 172 171 177 172 182 173 187 172 192 170 149 136 155 133 162 133 168 136 162 138 155 138 197 135 203 131 210 131 216 133 210 136 203 136 164 191 171 187 177 184 182 185 187 184 195 186 203 191 195 195 188 197 183 197 178 197 171 195 167 191 178 189 182 190 188 189 199 190 187 190 182 190 178 190
129 154 131 170 134 185 139 199 147 211 157 220 170 227 184 228 199 226 212 218 223 209 231 197 236 182 238 167 239 151 239 135 138 123 144 117 154 115 164 117 174 121 189 120 198 116 209 113 219 114 226 120 182 132 181 141 181 150 181 160 172 171 177 172 182 173 187 172 192 171 149 135 155 133 162 133 168 136 162 138 155 138 197 135 203 131 210 131 216 133 210 136 203 136 164 191 171 186 177 184 182 185 187 184 195 186 202 190 195 195 188 197 183 197 177 197 171 195 167 191 177 189 182 190 188 189 199 190 188 190 182 190 177 190
129 155 131 170 134 185 138 199 146 211 157 220 169 227 184 229 199 226 213 219 224 209 232 197 236 183 238 167 239 151 240 136 138 123 144 117 154 115 164 117 174 121 189 120 199 116 209 113 219 114 226 120 182 132 182 141 181 150 181 160 173 171 177 172 182 173 187 172 192 170 149 136 155 133 162 133 168 136 162 138 155 138 197 135 203 131 210 131 216 133 210 136 203 136 165 191 171 186 178 183 182 185 187 183 195 186 203 190 195 195 188 196 183 197 178 197 171 195 168 191 178 189 182 190 188 189 199 190 188 190 183 190 178 190
129 155 131 170 134 185 139 199 146 211 157 220 169 227 184 229 200 226 213 219 224 209 232 197 236 182 238 167 239 151 240 136 138 123 145 117 154 115 164 117 174 121 189 120 199 116 209 113 219 114 227 120 182 132 181 141 181 150 181 160 172 171 177 172 182 173 187 172 192 171 149 136 155 133 161 133 168 136 161 138 155 138 197 135 203 131 210 131 216 133 210 136 203 137 164 191 171 186 177 183 182 185 187 184 194 186 203 190 195 195 188 196 183 197 177 197 171 195 167 191 178 189 182 190 187 189 199 190 187 189 182 190 178 190
