110 159 112 176 114 194 118 211 126 226 137 239 151 249 168 253 185 251 201 241 213 229 222 214 227 197 231 181 234 164 237 147 122 128 129 120 141 118 153 120 165 124 180 125 192 121 205 120 216 123 222 133 172 136 172 145 171 155 170 165 159 177 164 178 170 180 176 179 182 178 136 139 142 136 149 136 156 140 149 142 141 142 188 141 195 137 203 138 209 142 203 144 195 143 148 204 156 198 165 194 170 196 175 195 184 199 191 207 183 214 175 217 169 218 163 217 155 212 152 204 164 200 170 201 175 201 188 206 174 210 169 211 164 210
110 159 112 176 114 194 118 211 125 226 136 240 150 251 168 254 185 252 200 242 212 230 221 214 226 198 230 181 234 163 236 146 122 127 130 119 141 118 153 120 164 124 180 125 191 121 204 119 215 122 222 132 172 135 172 145 171 154 170 165 159 176 164 178 170 179 176 178 182 177 135 139 141 135 149 135 156 140 149 141 141 141 188 141 195 137 203 137 209 141 203 144 195 143 148 204 155 196 164 192 170 194 175 193 184 198 191 207 183 214 175 218 169 218 162 217 154 213 152 204 164 199 169 200 175 200 187 206 175 209 169 210 163 209
110 160 112 177 114 194 119 211 127 226 138 239 151 249 169 253 186 251 201 241 213 228 222 213 227 197 231 180 233 163 235 146 122 127 129 119 141 117 153 119 164 124 180 124 192 120 204 119 216 122 222 132 172 135 171 145 171 154 170 164 159 176 164 178 170 179 176 178 182 176 135 139 141 135 149 135 156 139 149 141 141 141 188 140 195 136 203 137 209 141 203 143 195 143 149 204 156 196 165 191 170 193 176 192 184 197 191 206 184 213 175 216 169 216 163 215 155 212 153 204 164 199 170 199 175 199 187 206 175 207 169 207 164 207
110 160 112 176 114 193 119 210 126 225 138 238 151 248 168 252 186 250 201 240 213 228 222 213 227 197 231 180 234 163 236 147 122 127 129 119 140 117 152 119 164 123 181 123 192 120 205 118 216 122 222 131 172 135 171 144 171 154 170 164 159 175 164 177 170 179 176 178 182 176 136 138 142 135 149 135 156 139 149 140 142 141 188 140 195 136 203 137 209 141 203 143 195 142 150 203 156 195 165 190 170 192 175 191 184 196 191 206 183 212 175 214 169 215 163 214 156 210 154 202 164 198 170 198 175 198 187 205 175 205 170 206 164 205
110 159 112 176 114 193 119 210 127 224 138 237 152 247 169 251 187 248 202 239 214 227 222 212 228 196 231 180 234 163 236 147 123 126 130 118 141 116 153 119 164 123 181 123 192 119 204 118 215 122 222 131 172 135 171 144 171 154 170 164 158 175 164 177 170 178 176 177 182 175 136 138 142 134 149 134 156 138 149 140 142 140 188 140 195 136 203 136 209 141 203 143 195 142 150 202 157 194 165 190 170 191 176 190 184 195 191 204 184 210 175 213 169 213 164 212 156 209 154 201 165 197 170 198 175 198 187 204 175 204 170 204 164 203
111 159 112 175 114 192 118 208 125 223 136 236 151 246 168 250 187 247 202 238 214 226 223 211 227 195 231 179 234 162 236 146 123 125 130 118 141 116 153 118 164 122 181 123 192 119 204 118 215 121 222 130 172 134 171 143 171 153 170 163 158 174 164 176 170 177 176 176 182 175 136 137 141 133 149 134 156 138 149 140 141 140 188 139 195 135 203 136 209 140 203 142 195 142 150 201 156 193 165 189 170 190 176 189 184 194 191 204 183 209 175 211 169 212 163 211 156 208 154 201 165 196 170 197 175 197 186 203 175 203 170 203 164 202
110 159 112 176 115 193 119 209 126 224 138 237 151 246 169 249 187 247 202 238 214 226 222 211 227 195 231 179 234 162 236 146 122 125 129 118 140 115 152 117 164 121 181 122 192 118 205 117 216 121 222 131 172 133 171 143 171 152 170 162 159 173 164 175 170 177 176 176 182 174 135 136 141 133 149 133 156 137 148 139 141 139 188 139 195 135 203 135 209 140 203 142 195 141 150 201 156 192 165 188 170 189 176 188 184 193 191 203 183 209 175 211 169 211 163 210 156 207 154 200 164 195 170 196 175 196 186 202 175 202 170 202 164 202
110 158 112 174 114 191 118 208 126 223 137 235 151 245 169 248 187 246 202 237 214 225 223 211 228 195 231 178 234 161 236 145 123 124 131 116 142 115 153 117 164 121 181 121 192 117 204 117 215 120 222 129 171 133 171 142 171 151 170 160 159 172 164 174 170 175 176 174 182 173 136 136 141 133 149 133 156 137 149 138 141 139 188 138 195 134 203 135 209 139 203 141 195 140 150 200 156 191 165 187 170 188 176 187 184 193 191 202 184 207 176 210 170 210 164 209 156 206 154 199 165 195 170 195 176 195 187 201 176 201 170 201 164 201
110 159 112 175 114 191 118 208 126 222 137 235 151 244 169 247 187 245 202 236 214 225 222 210 227 194 231 178 234 161 236 145 124 123 131 115 142 114 153 116 165 120 181 120 192 116 204 115 215 119 222 127 172 132 172 141 171 150 171 159 159 171 165 173 171 174 177 173 183 172 136 136 142 132 149 132 156 136 149 138 141 138 188 137 195 133 203 134 209 138 203 140 195 139 150 199 157 190 165 185 171 187 176 186 185 191 191 201 184 207 176 209 170 210 164 209 156 206 154 199 165 193 171 193 176 194 187 201 176 201 170 201 165 200
111 158 112 174 115 191 119 208 126 222 138 235 152 244 169 247 187 245 202 236 214 225 223 210 228 194 231 178 234 162 236 146 125 121 132 114 143 112 154 114 165 118 182 119 193 115 204 115 215 118 221 126 172 131 172 140 171 148 171 158 159 170 165 172 171 173 177 172 183 171 136 135 142 131 150 131 156 135 149 137 142 137 188 137 195 132 203 133 209 138 203 139 195 139 151 198 156 189 165 184 171 186 176 185 185 190 191 201 184 206 176 209 170 209 164 208 156 205 154 198 165 192 170 192 176 192 187 200 176 200 170 201 165 200
111 158 113 174 115 191 119 207 126 222 137 234 151 243 169 246 187 244 203 235 215 223 223 209 228 193 231 177 234 161 236 145 123 121 131 114 142 111 154 113 165 117 181 117 193 114 205 113 215 117 222 126 172 129 172 138 172 147 171 156 160 168 165 170 171 171 177 171 183 169 136 134 142 130 150 130 157 134 149 136 142 136 188 135 196 131 203 132 209 137 203 138 195 137 151 197 157 187 165 182 171 184 176 183 185 188 191 199 184 205 176 208 170 208 164 207 156 204 154 196 165 190 171 190 176 190 187 198 176 199 170 199 165 198
111 157 113 174 115 191 119 207 127 221 138 234 152 242 169 245 188 243 202 235 214 223 223 209 227 193 231 177 234 161 236 145 126 120 133 113 144 111 155 112 166 116 182 116 193 113 205 113 215 116 222 125 173 128 173 137 172 145 172 154 160 168 165 169 172 170 178 169 183 168 138 134 144 131 151 131 158 134 151 136 144 136 189 135 196 132 204 132 210 136 203 138 196 137 151 196 157 186 166 181 171 183 176 182 185 187 191 198 184 204 176 207 170 207 164 206 157 203 155 195 166 189 171 189 176 189 187 197 176 198 171 198 165 198
111 156 113 172 115 189 118 206 126 220 137 232 151 241 169 244 188 242 203 233 215 222 223 208 228 192 231 176 234 160 236 145 125 120 132 112 143 110 155 111 166 115 181 116 193 113 205 112 215 116 222 125 173 128 173 136 172 144 172 153 160 167 166 168 172 169 178 169 183 167 138 132 144 128 151 128 158 133 151 134 143 134 188 134 196 130 203 131 209 135 203 137 195 136 151 195 157 185 166 180 171 182 177 181 185 186 191 197 184 202 176 205 170 205 164 204 157 201 155 194 166 188 171 188 176 188 187 196 176 196 171 197 165 196
112 156 113 172 115 189 119 205 127 219 138 231 152 240 169 243 187 241 203 234 215 223 223 209 228 193 231 177 234 161 236 145 127 118 134 111 144 109 155 111 166 115 182 116 193 112 205 112 216 115 222 124 173 127 173 136 172 144 172 153 160 166 166 167 172 169 178 168 183 167 138 132 145 128 152 128 159 132 152 134 144 134 189 134 197 130 204 131 210 135 204 137 196 136 151 194 158 184 166 179 171 181 177 180 185 186 191 196 184 202 176 204 170 204 165 203 157 200 155 193 166 187 171 187 176 187 187 196 176 196 171 196 165 195
112 155 113 172 115 188 119 204 127 218 138 230 152 239 170 242 188 240 203 233 216 222 224 208 229 192 232 176 235 160 236 145 127 118 134 111 144 109 155 110 166 114 183 114 195 111 206 111 216 115 223 124 174 127 173 135 173 143 173 152 161 166 166 167 172 168 178 168 184 167 139 132 145 128 152 127 158 132 151 133 144 133 190 133 197 129 204 130 210 135 204 136 197 135 151 193 158 183 166 179 172 180 177 179 185 185 192 196 185 200 177 202 171 202 165 201 158 199 155 192 166 186 172 187 177 187 188 195 177 194 171 194 166 194
112 155 114 171 116 188 119 204 127 218 138 230 151 238 169 241 187 240 203 233 215 222 224 208 229 193 232 177 235 161 237 145 127 118 134 111 145 108 156 110 167 114 183 115 194 111 206 111 216 114 223 123 174 127 173 135 173 143 172 152 161 166 166 167 172 168 178 167 183 167 139 131 145 127 152 127 158 132 151 133 144 133 190 133 197 129 205 130 210 135 204 136 197 135 152 193 158 183 166 178 172 180 177 179 185 184 192 195 184 200 177 202 171 202 165 201 158 198 155 192 166 186 172 186 177 187 188 195 177 194 171 194 166 193
112 156 114 172 116 189 120 204 127 219 139 231 152 239 170 242 188 240 203 233 215 222 224 208 228 193 232 177 235 161 237 145 127 118 134 111 144 108 156 110 167 113 183 114 195 111 207 111 217 115 223 124 174 126 174 134 173 143 173 151 161 165 167 166 173 167 179 167 184 166 139 131 144 128 152 127 158 132 151 133 144 133 190 133 197 129 205 130 211 134 204 136 197 135 152 192 158 183 167 178 172 179 178 178 186 184 192 195 185 200 177 202 171 203 165 202 158 199 156 192 166 185 172 186 177 186 188 194 177 194 172 194 166 194
112 157 114 173 116 190 120 206 128 220 139 232 153 240 170 243 188 241 203 233 215 222 223 208 228 192 231 177 234 161 236 145 126 119 133 111 143 108 155 109 167 113 182 114 194 111 206 110 217 115 223 124 174 126 174 134 174 142 173 151 161 164 167 165 173 166 179 166 184 165 138 131 144 127 151 127 157 131 151 133 144 133 190 133 197 129 205 129 211 134 205 135 197 135 151 193 158 182 167 177 172 179 178 178 186 184 192 196 185 203 177 205 171 206 165 205 157 201 155 192 166 184 172 185 178 185 188 195 177 197 172 197 166 196
112 157 114 173 115 189 119 205 126 220 137 233 151 242 168 246 186 244 201 235 213 224 222 210 227 194 231 178 235 162 238 146 127 120 133 111 144 108 155 109 167 113 183 114 194 111 206 110 217 114 223 124 174 125 174 134 173 142 173 151 161 164 166 166 172 167 179 166 184 165 138 132 144 127 151 127 158 131 151 133 144 133 190 132 197 128 205 129 211 134 204 135 197 134 151 194 157 183 166 178 172 179 178 178 186 184 192 196 185 204 177 207 170 208 164 207 156 203 154 193 166 184 172 185 177 185 188 196 177 200 171 200 165 199
112 155 114 171 115 188 119 205 126 220 137 233 150 242 168 246 186 244 201 235 213 223 222 209 228 194 232 178 235 162 238 145 128 119 135 111 145 108 156 109 167 113 183 114 194 111 207 110 217 114 223 124 175 126 174 134 174 142 173 151 161 164 166 165 172 167 179 166 185 165 139 131 145 127 152 127 159 131 152 133 145 133 190 132 197 128 205 129 211 134 205 135 197 135 150 194 156 183 166 177 172 179 178 178 186 184 192 196 185 204 176 207 170 208 164 207 155 203 153 193 166 184 172 184 177 185 188 196 177 199 171 200 165 199
112 155 114 172 115 188 118 205 125 219 136 231 150 240 167 243 185 241 201 234 213 223 222 209 227 193 231 177 235 161 237 145 126 119 133 111 143 108 155 109 166 112 183 113 194 110 206 110 217 114 223 124 174 125 173 133 173 142 172 151 161 164 166 165 172 167 178 166 184 164 138 131 144 127 151 127 157 131 151 132 143 132 190 132 197 128 205 129 210 134 204 135 197 134 150 192 157 183 166 178 171 179 177 178 184 184 190 195 183 200 175 202 169 202 164 202 156 199 154 191 166 186 171 186 176 186 186 194 175 194 170 195 165 194
112 155 113 171 115 188 118 204 125 218 137 229 151 237 169 240 187 238 203 231 215 220 223 206 227 191 230 175 232 160 234 144 126 118 133 110 144 107 156 109 167 113 183 113 194 110 206 109 216 113 223 123 174 125 174 133 173 141 173 151 161 164 166 165 172 167 178 166 184 164 138 130 143 126 151 126 157 130 150 132 143 132 190 132 197 128 205 128 211 133 204 135 197 134 151 191 159 183 167 178 172 180 177 179 184 184 191 193 183 197 176 198 171 198 165 197 158 195 155 190 167 187 172 187 176 187 187 192 176 190 171 190 166 189
111 154 113 170 115 186 119 202 126 217 137 229 152 238 170 241 189 239 204 231 215 220 223 206 227 191 230 175 233 159 235 144 126 116 134 108 145 106 156 108 167 112 182 112 194 109 206 109 216 112 223 122 174 124 174 132 173 141 173 150 161 163 166 165 173 166 178 165 184 164 138 129 144 125 151 125 158 129 151 131 143 131 190 130 197 127 205 128 211 132 204 134 197 133 153 190 160 182 168 178 172 179 177 178 185 184 191 193 184 197 177 198 171 199 166 198 159 195 157 190 167 186 172 187 177 187 187 192 177 190 172 190 167 189
112 155 113 171 116 188 120 205 128 219 139 232 153 240 172 243 190 241 205 232 216 220 223 205 228 190 231 174 233 159 235 144 126 116 134 109 145 106 156 108 167 112 182 112 194 109 206 108 216 112 222 122 174 124 174 132 174 140 173 149 161 163 167 164 173 165 179 165 184 163 138 128 144 125 151 125 158 129 151 130 144 130 190 130 197 127 205 128 210 132 204 134 197 133 153 192 159 182 167 177 172 178 177 177 185 183 191 195 185 200 177 203 172 203 166 202 159 199 157 191 167 185 172 186 177 186 187 193 177 194 172 194 167 193
112 155 114 171 116 189 120 205 127 220 138 233 152 242 170 245 188 243 203 234 214 222 222 208 227 193 231 177 233 161 235 145 127 117 133 109 144 106 156 107 167 111 183 112 194 109 206 108 217 113 223 122 174 124 174 132 173 140 173 149 161 162 166 164 172 165 178 165 184 164 138 129 144 125 151 125 158 129 151 130 144 131 190 130 197 127 205 128 211 132 204 134 197 133 153 192 158 181 167 176 172 177 177 176 185 183 190 195 184 202 177 205 171 205 165 204 157 200 157 192 166 184 172 184 177 184 186 194 177 196 171 196 166 195
112 154 114 171 116 188 119 204 127 218 138 231 152 239 169 243 188 241 203 233 215 221 223 207 227 192 230 176 233 160 235 144 126 117 133 109 144 107 156 108 167 112 183 112 194 109 206 109 217 113 223 123 175 124 174 132 174 140 173 148 161 162 167 163 173 165 179 164 185 163 138 129 144 125 151 125 157 129 151 130 143 130 190 130 198 127 205 128 211 132 205 134 197 133 152 191 158 180 167 175 172 177 178 176 186 182 191 194 185 200 177 203 171 203 165 202 157 198 156 190 166 182 172 183 177 183 187 193 177 195 172 195 166 194
112 153 113 169 115 185 119 201 126 215 137 227 152 235 170 238 188 237 203 230 216 220 224 206 228 191 231 175 234 160 235 144 126 117 133 109 144 107 156 108 168 112 183 112 194 109 206 109 217 113 223 123 175 123 175 131 174 139 174 148 161 161 167 163 173 164 179 164 185 163 138 129 144 125 151 125 158 129 151 130 144 130 190 130 198 127 205 128 211 132 205 133 197 133 151 188 158 179 167 175 172 176 178 175 186 181 193 192 185 196 177 197 171 197 165 196 157 193 155 187 166 181 172 182 178 182 189 190 178 190 172 190 166 189
112 154 114 169 115 185 119 201 126 214 137 225 152 233 171 235 190 234 205 227 218 217 225 204 229 189 232 174 234 158 235 143 126 118 134 109 144 106 156 107 167 111 182 112 194 109 206 109 217 113 223 122 174 123 174 131 173 140 173 149 161 161 166 163 173 164 179 163 185 162 139 129 144 125 152 125 158 129 151 131 144 131 190 131 197 127 205 128 211 132 204 133 197 133 150 187 158 179 166 174 172 176 178 175 186 180 194 190 186 193 177 194 171 194 165 193 157 191 154 187 166 181 172 181 178 181 190 189 178 188 172 187 166 187
112 154 114 169 116 186 119 201 126 215 138 225 153 233 171 235 190 234 205 227 218 217 225 203 229 188 231 173 233 158 235 143 127 117 134 110 144 107 156 108 167 111 183 112 194 109 206 109 216 113 223 122 174 123 174 132 173 140 173 149 161 161 166 163 173 164 179 163 185 162 139 129 144 125 151 125 158 129 151 131 144 131 190 131 197 127 205 128 211 132 204 133 197 133 151 187 158 178 166 174 172 176 178 175 186 180 194 190 185 194 177 195 171 194 165 194 157 191 155 187 166 180 172 181 178 181 189 189 177 188 172 188 166 187
112 154 114 169 116 185 119 201 126 215 137 226 152 234 170 237 189 235 204 228 217 218 225 205 229 189 231 174 234 159 236 143 126 118 133 110 144 107 155 108 167 111 183 112 194 109 206 109 217 113 223 123 174 124 174 132 173 140 173 149 161 162 166 163 172 165 179 164 185 163 138 129 144 125 151 125 158 130 151 131 144 131 190 131 197 127 205 128 211 133 204 134 197 133 151 188 158 179 166 175 172 176 178 175 186 181 193 191 185 195 177 196 171 196 165 195 157 192 155 187 166 181 172 181 178 182 189 190 177 189 171 189 165 188
111 155 113 170 114 186 118 202 125 215 137 226 151 234 170 237 188 235 204 228 217 218 224 205 228 189 231 174 233 159 235 143 126 118 133 110 144 107 155 108 167 112 182 113 193 110 205 109 216 113 223 123 173 124 173 132 173 141 172 150 160 162 166 164 172 165 178 164 184 163 137 129 143 125 151 125 157 130 150 131 143 131 190 131 197 127 204 128 210 133 204 134 196 133 150 188 157 179 166 175 172 176 177 176 186 181 193 191 185 195 177 196 171 196 164 195 157 193 154 188 165 181 171 182 177 182 189 190 177 189 171 189 165 188
112 156 114 171 115 187 119 203 126 217 138 228 152 236 169 238 187 237 203 230 215 220 223 206 228 191 230 176 233 160 235 144 126 118 133 110 143 107 155 108 166 112 182 112 194 109 206 109 216 113 222 122 173 124 173 132 173 141 172 149 160 162 166 164 172 165 178 164 184 163 137 130 143 126 150 126 157 130 150 131 143 131 190 131 196 127 204 128 210 133 204 134 196 133 150 189 157 179 165 175 171 177 177 176 185 181 192 192 184 196 176 198 170 198 164 197 156 194 154 188 165 182 171 182 177 183 188 191 176 190 171 190 165 189
112 155 114 171 115 188 119 203 126 218 137 229 151 238 168 241 187 239 202 232 214 221 222 207 228 192 231 176 234 161 237 145 126 117 133 109 143 107 154 108 165 112 182 113 193 109 205 109 215 112 222 122 173 124 172 133 172 141 171 150 160 162 165 164 171 165 177 164 183 163 137 130 143 126 150 126 157 130 150 131 143 131 189 131 196 127 204 128 210 133 203 134 196 133 151 191 157 180 165 175 171 177 176 176 184 182 191 194 184 199 176 201 170 202 164 201 156 197 155 190 165 182 170 182 176 183 187 192 176 193 170 194 164 193
112 155 113 171 115 188 119 204 126 218 137 230 151 239 169 242 187 240 202 232 214 221 222 206 227 191 230 175 233 159 235 143 126 118 133 110 143 107 154 108 165 112 181 113 193 110 205 109 215 113 222 122 172 124 172 132 172 141 171 149 160 163 165 164 171 165 177 165 183 164 137 130 143 126 150 126 156 130 150 132 143 132 189 131 196 127 203 128 209 133 203 134 195 133 151 191 157 181 165 176 171 177 176 176 185 182 191 194 184 200 176 202 170 202 163 201 156 198 155 191 165 182 170 183 176 183 187 193 176 194 170 194 164 193
111 155 113 171 115 188 119 204 126 218 136 231 150 239 168 242 186 241 201 233 214 221 222 208 227 192 230 176 233 160 236 144 125 118 132 110 142 107 153 108 164 112 181 113 192 109 204 109 215 113 221 122 172 124 172 133 171 141 170 150 159 163 164 164 170 166 176 165 182 164 137 130 142 126 150 126 156 130 149 132 142 132 188 131 195 127 203 128 209 132 202 134 195 133 150 192 156 181 164 176 170 177 176 176 184 182 190 194 183 200 175 202 169 202 163 201 155 198 154 191 164 183 170 183 175 184 186 193 175 194 169 194 164 193
111 156 113 172 115 189 118 204 126 218 136 230 150 238 168 241 186 239 201 232 214 221 222 208 227 193 230 177 233 160 235 145 124 117 131 110 142 108 153 109 164 112 181 113 192 110 204 109 214 113 221 122 172 125 171 133 171 141 171 150 159 164 165 165 170 166 176 165 182 164 136 131 141 126 149 126 155 130 148 132 141 132 188 131 195 128 203 128 209 133 202 134 195 134 150 191 156 181 165 176 170 178 175 177 184 182 190 194 183 199 175 201 169 202 163 201 155 198 154 191 164 184 170 184 175 184 186 193 175 193 169 193 164 193
111 156 113 171 115 188 118 203 125 217 136 229 150 237 168 240 186 239 202 231 214 221 222 207 227 191 230 175 232 159 234 144 124 117 132 110 142 108 153 109 164 113 180 113 191 110 203 109 214 112 220 121 171 125 171 133 171 141 170 150 159 164 164 165 170 166 176 166 182 165 136 131 141 127 149 126 155 130 148 132 141 132 188 131 195 128 202 128 208 133 202 134 195 133 149 190 156 181 165 177 170 178 176 177 184 183 191 193 183 198 175 200 169 200 163 199 155 196 153 190 164 184 170 185 176 185 187 192 175 192 170 192 164 191
111 156 113 172 115 188 118 204 126 218 137 229 151 237 169 239 187 237 202 230 215 220 223 206 227 191 230 175 233 159 234 143 124 118 131 110 142 108 153 109 164 112 181 113 191 110 203 109 214 112 221 121 172 125 171 133 171 141 171 150 159 164 165 165 171 166 177 165 182 165 136 130 142 126 149 126 156 130 149 132 142 132 188 131 195 127 202 128 209 133 202 134 195 133 149 189 156 181 165 177 171 178 176 177 184 182 192 192 184 197 175 198 170 199 163 198 156 195 152 189 165 184 170 185 176 185 188 191 175 190 170 190 164 189
111 156 113 171 114 187 118 203 125 216 136 227 151 234 169 236 188 235 204 228 216 218 223 205 227 190 230 174 232 159 233 144 124 119 131 110 142 108 154 109 165 113 180 113 192 110 204 109 214 113 221 122 172 124 172 133 171 141 171 150 159 164 165 165 171 166 177 165 183 164 136 130 142 126 149 126 155 130 149 132 141 132 188 131 196 128 203 128 209 132 203 134 195 133 148 189 157 181 165 177 171 178 176 177 184 182 192 191 184 194 176 195 170 195 164 194 156 193 153 188 165 184 171 185 176 185 188 190 176 187 170 187 164 186
111 157 113 172 114 188 118 203 125 216 136 227 151 233 169 236 187 235 203 229 215 219 223 206 227 191 229 176 232 160 234 145 124 118 132 110 142 108 154 109 164 113 180 113 191 110 203 109 214 113 221 122 171 124 171 133 171 141 171 150 159 164 165 165 171 166 177 165 182 164 135 130 141 126 149 126 155 130 148 132 141 132 188 131 195 128 203 128 209 133 203 134 195 133 148 189 156 181 165 176 171 178 176 177 184 182 192 191 183 193 176 193 170 193 164 193 156 192 152 188 164 184 170 185 176 185 188 190 176 185 170 185 164 185
110 156 112 172 114 188 117 203 124 216 136 227 150 234 168 236 187 235 203 229 216 219 223 205 227 190 230 175 232 159 234 144 123 119 130 111 141 108 153 109 164 113 180 113 191 110 204 109 214 113 221 122 171 124 171 133 171 141 171 150 159 164 164 165 170 166 176 165 182 164 135 130 141 126 148 126 155 130 148 131 141 131 188 131 195 127 203 128 209 133 202 134 195 133 149 189 156 181 165 176 170 178 176 177 184 182 191 191 183 195 175 195 169 196 163 195 156 193 153 188 164 184 170 184 175 184 186 190 175 188 170 188 164 187
111 156 113 172 115 188 119 204 126 217 137 228 152 236 169 239 187 237 202 230 215 219 223 206 227 190 229 175 232 159 233 143 123 119 130 110 141 108 153 109 164 113 180 113 192 110 204 109 215 113 221 123 172 124 172 133 171 141 171 150 160 163 165 165 171 166 176 165 182 164 136 130 142 127 149 127 155 130 148 132 141 132 188 131 195 128 203 129 209 133 202 134 195 133 150 190 156 181 164 176 170 178 176 177 184 182 190 193 183 198 175 200 169 200 163 199 156 196 153 189 164 183 170 183 176 184 186 192 175 192 170 192 164 191
111 155 113 171 115 187 118 203 126 217 137 229 151 237 169 240 187 238 202 230 214 220 222 206 227 190 229 175 232 159 234 143 123 119 131 111 141 108 153 109 165 113 180 113 191 110 204 109 214 113 221 122 171 125 171 133 171 141 170 150 159 163 165 165 170 166 176 165 182 164 136 130 141 127 149 127 155 130 148 132 141 132 188 131 195 128 202 129 208 133 202 134 195 133 150 190 156 181 164 176 170 178 176 177 184 182 191 193 184 198 176 201 169 201 163 200 156 196 154 190 164 183 170 183 176 184 187 192 176 193 170 193 164 192
111 155 113 170 114 186 118 202 125 216 137 227 151 235 169 238 187 236 202 229 215 219 223 205 227 190 230 174 232 158 234 142 123 120 130 111 141 108 153 110 164 113 180 114 192 110 204 110 214 113 221 123 171 125 171 134 171 142 171 151 159 164 165 165 171 166 177 166 183 164 136 130 142 127 149 126 156 131 149 132 141 132 188 132 195 128 202 128 208 133 202 134 194 134 149 189 156 180 164 176 170 178 176 177 183 182 191 192 183 196 175 198 169 198 163 197 155 194 153 189 164 183 170 183 175 184 186 191 175 190 169 190 164 190
110 156 112 171 114 186 117 202 124 215 136 226 150 234 168 237 187 235 202 229 215 219 223 205 227 190 230 174 231 159 233 144 123 119 130 111 141 108 153 110 164 114 181 114 191 110 203 110 214 113 220 122 171 125 171 134 171 142 171 151 158 164 164 165 170 167 176 166 183 165 135 130 141 126 148 126 155 130 148 131 141 131 188 132 195 128 202 129 208 133 202 134 195 133 148 189 156 180 164 177 170 178 176 177 184 182 191 191 183 195 175 196 169 196 163 195 155 193 152 188 164 183 170 184 175 184 187 190 175 189 169 188 163 188
111 155 113 170 114 186 117 202 124 215 135 226 150 233 168 236 187 235 203 228 216 218 223 205 227 189 230 174 232 158 233 143 122 121 129 112 140 109 152 110 164 114 180 114 191 111 203 110 214 114 221 123 171 125 171 134 171 142 170 151 158 164 164 165 170 167 176 166 182 165 135 130 141 127 148 126 155 130 148 132 141 132 187 132 195 128 202 129 209 133 202 134 194 134 148 188 156 181 164 177 170 178 175 177 183 182 191 191 182 194 174 195 169 195 162 194 155 192 152 188 164 183 169 184 175 184 187 190 175 188 169 188 163 187
110 155 112 170 114 186 117 201 124 215 135 225 149 233 168 236 186 234 202 228 215 218 223 205 227 190 229 175 232 159 234 144 122 120 129 111 140 109 153 110 164 114 180 114 192 111 204 110 215 114 221 124 171 125 171 134 171 142 170 151 158 164 164 165 170 167 176 166 182 165 135 131 141 127 148 127 155 131 148 132 141 132 188 132 195 128 202 129 208 133 202 135 194 134 148 189 155 181 164 177 170 178 175 177 183 182 191 191 182 194 175 195 169 195 162 195 155 193 152 188 163 183 169 184 175 184 187 190 175 188 169 188 163 187
110 155 112 171 114 187 117 202 125 216 136 227 150 234 168 237 187 235 202 228 215 218 223 205 227 189 230 174 232 158 234 143 123 121 130 112 140 109 152 110 163 113 180 114 191 111 204 110 215 114 221 124 171 126 170 134 170 142 170 152 158 164 164 166 170 167 176 166 182 165 136 131 141 127 148 126 155 131 148 132 141 132 187 132 194 128 202 129 208 133 201 134 194 134 149 190 156 181 163 177 170 179 175 177 183 182 190 192 183 196 175 197 169 197 162 196 155 194 153 189 163 183 169 184 175 184 186 191 175 190 169 190 163 189
110 155 112 170 114 186 117 202 125 216 136 227 150 235 168 238 187 236 202 229 214 219 223 205 227 190 230 174 232 158 233 143 123 119 130 111 141 109 153 110 164 114 180 114 191 111 204 110 214 114 221 123 171 125 171 134 170 142 170 152 158 164 164 165 170 167 176 166 182 165 135 130 141 127 149 126 155 130 148 132 141 132 188 132 195 128 202 129 208 133 202 134 194 133 149 190 156 181 164 177 169 178 175 178 183 183 190 193 182 196 174 198 169 198 162 197 155 194 152 189 163 184 169 184 175 184 186 191 174 191 169 190 163 190
111 156 112 171 114 187 118 203 125 217 137 228 151 236 169 238 187 237 202 229 215 219 223 206 227 190 230 175 233 159 234 143 123 121 129 112 140 109 152 110 164 114 180 114 191 111 203 110 214 114 220 123 171 126 171 134 171 143 170 152 158 165 164 166 170 167 176 167 182 165 135 131 141 127 148 127 155 131 148 132 141 132 188 132 194 128 202 129 208 133 202 135 194 134 149 190 156 182 164 177 170 179 175 178 183 183 190 193 183 196 175 198 169 198 163 197 156 195 153 190 164 184 170 185 175 185 186 192 175 190 169 190 164 190
111 156 112 172 115 188 118 203 125 217 137 228 151 235 168 238 186 236 202 229 214 219 223 206 227 191 230 175 233 160 234 144 123 120 129 112 140 109 152 110 164 114 179 115 190 111 203 110 214 114 221 123 171 126 170 134 170 143 170 152 158 165 164 166 170 167 176 167 182 165 135 131 141 127 148 127 155 131 148 132 141 132 187 132 194 128 202 129 208 133 201 134 194 134 149 190 156 182 164 178 170 179 175 178 183 183 190 192 182 196 175 197 169 197 163 196 156 194 153 190 164 185 169 185 175 185 186 191 175 190 169 190 164 189
110 155 112 171 114 187 117 202 124 216 135 227 149 235 167 238 186 237 201 230 214 220 222 206 226 191 229 175 231 159 233 144 122 120 129 111 140 109 152 110 163 114 179 115 190 111 203 111 213 114 220 123 171 126 170 134 170 142 170 151 158 165 164 166 170 167 176 166 182 165 134 131 140 127 148 127 155 131 147 132 140 132 187 132 194 128 202 129 208 134 202 135 194 134 149 190 156 182 164 178 169 180 175 179 182 183 189 193 181 196 174 197 168 197 163 196 155 194 152 190 164 186 169 186 174 186 185 192 174 189 169 189 163 189
111 156 113 171 114 188 118 203 125 216 136 227 150 235 168 238 186 236 202 229 214 219 222 206 227 190 230 174 232 159 234 143 123 119 130 112 140 109 152 111 163 114 179 115 190 111 202 111 213 114 220 122 171 126 171 135 170 143 170 151 158 165 164 166 170 167 176 167 182 166 135 132 141 128 148 128 155 132 148 133 141 133 187 132 194 129 202 130 208 134 201 135 194 135 149 191 156 183 164 179 169 180 174 179 182 184 190 193 182 196 174 197 169 197 163 196 156 194 153 190 164 187 169 187 174 187 186 192 174 189 169 189 164 188
110 155 112 170 114 187 117 202 124 216 135 228 150 236 167 238 186 237 201 230 214 220 222 207 227 191 230 176 232 160 234 144 123 119 130 111 141 109 152 110 163 114 179 114 190 111 202 110 212 113 220 121 170 126 170 135 169 143 169 152 158 166 163 167 169 168 175 167 181 166 135 132 141 128 148 128 155 132 148 133 141 133 187 132 194 129 201 130 208 134 201 135 193 134 148 191 156 183 164 179 169 181 174 180 182 185 190 193 181 196 173 197 168 197 163 196 156 194 152 190 164 188 169 188 174 188 186 192 173 189 169 189 163 188
110 154 112 170 114 186 116 201 123 215 135 227 149 235 166 238 185 237 201 230 214 220 223 207 227 192 230 175 232 159 234 143 123 118 130 111 141 109 152 111 163 114 179 115 190 111 202 110 213 113 220 122 170 126 170 135 170 143 169 152 158 166 163 167 169 168 175 168 181 166 135 132 141 128 148 128 155 131 148 133 141 133 187 132 194 129 202 130 208 134 201 135 194 134 148 191 156 184 164 180 169 181 174 180 182 185 190 193 182 196 173 196 168 196 163 196 155 194 152 190 164 188 169 188 174 188 187 192 173 189 168 189 163 188
110 155 112 170 114 187 117 203 124 216 136 228 150 236 167 239 185 237 201 230 214 220 222 207 227 191 230 175 232 159 234 144 123 119 130 112 141 110 152 111 163 115 179 115 190 111 202 110 213 113 220 122 170 126 170 135 170 143 169 153 158 166 163 167 169 168 175 168 181 166 136 132 141 129 149 128 155 132 148 133 141 133 187 132 194 129 201 130 207 134 201 135 194 135 148 191 156 184 164 180 169 182 174 181 182 185 191 193 182 195 174 196 168 196 163 195 156 194 152 190 164 188 169 188 174 188 187 192 174 189 169 188 164 188
110 155 112 170 114 186 117 202 124 216 135 227 149 235 167 238 185 237 201 230 213 220 222 207 227 192 230 176 233 160 235 144 123 119 130 112 141 110 152 111 163 115 179 115 190 111 202 111 213 114 220 122 170 126 170 135 169 143 169 153 158 166 163 167 169 169 175 168 181 166 135 132 141 129 148 128 155 131 148 133 141 133 186 132 194 129 201 130 208 134 201 135 193 134 148 190 156 184 164 180 169 182 174 181 182 185 191 193 182 195 174 196 168 196 163 195 156 194 151 190 164 188 169 188 174 188 187 192 174 189 169 189 164 188
110 154 111 170 113 186 117 202 124 216 135 227 149 235 168 238 186 236 202 229 215 219 224 206 228 190 230 174 233 158 234 142 123 119 130 112 141 109 152 111 163 115 179 115 190 111 202 111 213 113 220 122 171 127 170 135 170 144 169 153 158 166 163 167 170 169 176 168 182 166 136 132 142 129 149 128 156 132 149 133 141 133 187 132 194 129 201 130 208 134 201 135 194 135 148 190 156 184 164 180 170 182 175 181 183 185 191 193 182 195 174 195 169 195 163 195 156 193 152 190 164 188 169 188 175 188 188 192 174 189 169 188 164 188
110 153 111 169 113 186 117 202 124 216 136 227 150 235 168 238 186 236 202 229 215 219 223 206 227 190 230 174 232 159 234 143 123 119 130 111 141 109 152 111 163 115 180 115 191 112 203 111 213 114 220 123 171 127 171 135 170 144 170 153 158 166 164 167 170 169 176 168 182 166 136 132 142 129 149 129 156 132 149 134 142 134 187 133 194 130 202 131 208 134 201 136 194 135 148 191 156 184 164 180 170 182 175 181 183 185 191 193 182 195 174 195 169 196 164 195 156 194 152 190 164 188 170 188 174 188 187 192 174 188 170 188 164 188
110 155 111 171 113 187 117 203 124 216 136 227 150 235 168 238 186 237 202 230 214 220 223 206 227 190 230 174 232 158 234 143 123 120 130 112 141 110 152 111 164 115 180 115 191 112 203 111 214 114 220 123 171 126 171 135 170 143 170 153 158 166 164 168 170 169 176 168 182 167 136 132 142 129 149 128 156 132 149 133 141 133 187 132 194 129 201 130 208 134 201 135 194 134 148 191 156 184 164 180 170 182 175 181 183 185 191 193 182 195 174 196 169 196 163 195 156 194 152 190 164 188 169 188 174 188 187 192 174 189 169 188 164 188
110 154 112 170 114 186 117 202 125 216 136 227 151 236 169 238 187 236 203 229 216 219 224 205 227 189 230 174 232 158 234 143 124 119 131 112 142 110 153 111 163 115 180 115 191 112 203 111 213 114 220 123 171 127 171 135 171 144 170 153 158 166 164 168 170 169 176 168 182 167 136 132 142 129 149 129 156 132 149 134 142 134 187 133 194 130 202 130 208 134 202 136 194 135 149 191 157 184 164 181 170 182 175 181 183 186 191 193 182 196 175 196 169 196 163 196 156 194 152 190 164 188 170 188 175 189 188 193 175 189 169 189 164 188
110 154 112 170 113 186 117 202 125 216 136 228 150 236 169 239 187 237 203 229 216 219 224 205 228 190 231 174 232 157 233 142 124 119 131 112 142 110 153 112 164 116 180 116 191 112 203 111 213 114 220 123 171 127 171 136 171 144 170 153 158 166 164 168 170 169 176 168 182 167 136 132 142 129 149 129 156 132 149 134 142 134 187 133 195 130 202 131 208 134 202 136 194 135 148 191 157 185 165 181 170 182 175 181 183 186 191 194 182 196 174 197 169 197 164 196 156 195 152 191 164 188 169 189 175 189 188 193 174 189 169 189 164 188
110 155 112 171 113 187 117 203 124 217 136 228 150 236 168 239 186 238 201 231 214 221 222 207 227 192 230 176 232 159 233 144 123 120 130 112 141 110 153 112 164 116 180 116 191 112 203 112 214 115 221 124 171 127 171 135 171 144 170 153 158 166 164 168 170 169 177 168 182 167 136 132 142 129 149 129 156 132 149 134 142 134 187 133 195 130 202 130 208 134 202 136 194 135 149 191 157 185 165 181 170 182 175 181 183 186 191 194 182 196 174 196 169 196 164 196 156 195 152 191 164 188 170 189 175 189 187 193 174 189 169 189 164 189
110 154 112 170 113 187 117 203 125 216 136 228 150 236 168 239 186 237 202 230 214 220 223 206 227 191 230 175 232 158 234 143 122 120 130 112 141 110 153 112 164 116 179 116 191 113 203 112 214 115 221 124 171 127 171 136 171 144 170 153 158 166 164 168 170 169 176 168 182 167 136 132 142 129 149 129 156 132 149 134 142 134 187 133 194 130 202 131 208 135 202 136 194 136 148 191 157 185 165 181 170 182 175 181 183 186 191 194 182 196 174 197 169 197 164 196 156 195 152 191 164 188 170 189 174 189 188 193 174 189 170 189 164 189
110 156 111 171 113 188 117 204 124 217 136 229 150 237 168 239 186 238 202 231 214 220 223 207 227 191 230 175 232 159 233 143 122 120 130 112 141 110 152 112 164 116 180 116 191 112 203 111 213 114 220 123 171 127 171 136 170 144 170 153 158 167 164 168 170 169 176 168 182 167 136 132 142 129 149 129 155 132 148 134 141 134 187 133 194 130 202 130 208 134 202 136 194 135 148 191 156 185 164 181 170 182 175 181 183 186 191 194 182 196 174 197 169 197 163 196 156 195 152 191 164 188 169 189 175 189 187 193 174 189 169 189 164 189
110 154 112 170 113 186 116 202 124 216 136 227 150 236 168 238 187 237 203 230 215 219 224 206 228 190 231 174 232 158 233 142 124 119 131 112 142 110 153 112 164 116 179 116 191 112 203 111 213 114 221 123 171 127 171 135 170 144 170 153 158 166 164 168 170 169 176 168 182 167 136 132 142 129 149 129 156 132 149 134 142 134 187 133 194 130 202 131 208 134 202 136 194 135 148 191 156 185 164 181 170 182 175 181 183 186 191 194 182 196 174 196 169 196 163 196 156 194 152 191 164 188 169 189 175 189 187 193 174 189 169 189 164 188
110 155 111 171 113 187 116 203 124 217 136 228 150 236 168 239 185 237 201 230 214 220 223 206 227 191 230 175 232 158 234 143 123 120 130 112 141 110 152 111 163 115 179 116 191 112 202 111 213 114 220 123 171 126 170 135 170 144 170 153 158 166 163 168 170 169 176 168 182 167 135 132 141 129 149 129 155 132 148 133 141 133 187 132 194 129 202 130 208 134 201 135 194 135 147 191 156 185 164 181 169 182 175 181 183 186 191 193 182 195 174 196 169 196 163 196 155 194 151 191 164 188 169 188 174 188 187 193 174 189 169 189 164 189
110 155 111 170 113 187 116 203 124 217 136 228 150 236 167 239 186 237 201 230 214 220 222 207 227 192 230 176 233 159 235 144 124 119 131 112 141 110 152 111 163 115 180 116 191 112 203 111 213 114 220 123 171 127 171 135 170 144 170 153 158 166 164 168 170 169 176 168 181 167 136 132 142 129 149 129 156 132 149 134 142 134 187 133 194 130 201 130 208 134 201 136 193 135 148 191 156 185 164 181 169 182 174 181 183 186 191 194 182 196 174 196 169 196 163 196 155 194 151 191 164 188 169 189 174 189 187 193 174 189 169 189 164 188
110 154 111 170 113 187 116 203 124 217 136 228 151 236 169 239 187 237 203 230 215 219 223 206 227 190 230 175 232 159 233 143 123 120 130 112 141 110 152 111 163 115 180 116 191 112 203 111 213 114 220 123 171 127 171 136 170 144 170 153 158 166 164 168 170 169 176 168 182 167 136 132 142 129 149 129 156 132 149 134 142 134 187 133 194 130 201 130 208 134 201 136 194 135 148 191 156 185 164 181 169 182 175 181 183 186 191 193 182 196 174 196 169 196 163 196 155 194 151 191 164 188 169 189 174 189 187 193 174 189 169 189 164 188
110 155 111 171 113 187 116 203 124 217 135 228 149 236 167 239 185 237 201 230 214 220 222 207 227 192 230 176 232 160 234 144 122 120 129 112 140 110 152 111 163 116 179 116 190 112 203 112 213 115 220 124 171 127 170 136 170 144 170 153 158 167 163 168 169 169 175 168 181 167 135 132 141 129 148 129 155 132 148 133 141 134 187 133 194 130 201 130 208 134 201 136 193 135 147 191 156 185 164 181 169 182 174 181 182 186 191 194 182 196 174 196 168 196 163 196 155 194 151 191 164 188 169 188 174 189 187 193 174 189 169 189 163 188
109 156 111 172 113 188 116 204 124 218 136 228 150 236 168 239 185 238 201 231 213 221 222 208 227 192 230 176 232 159 233 143 123 119 131 112 141 110 152 112 163 115 180 116 191 112 202 111 213 114 220 122 171 127 170 136 170 144 170 153 158 167 163 168 169 169 175 168 181 167 136 133 142 129 149 129 155 132 148 134 141 134 187 133 194 130 202 131 208 135 201 136 194 135 148 191 156 185 164 181 169 182 174 181 183 186 191 194 182 196 174 197 168 197 163 196 155 195 151 191 164 188 169 189 174 189 187 193 174 189 169 189 164 189
109 155 111 171 113 188 116 204 124 217 136 228 150 236 168 239 186 237 201 230 214 220 222 207 227 192 229 176 232 159 234 144 123 120 130 112 140 110 151 112 162 115 179 116 190 112 202 111 212 114 219 123 170 127 170 136 169 144 169 153 157 167 163 168 169 169 175 169 181 167 135 133 141 129 148 129 155 133 148 134 141 135 186 134 193 130 201 131 207 135 201 136 193 136 147 191 156 185 164 181 169 182 174 181 182 186 191 194 182 196 174 197 169 197 163 197 155 195 151 191 163 188 169 189 174 189 187 193 174 190 169 189 164 189
110 155 111 171 113 187 116 203 124 217 135 228 150 237 168 240 186 238 201 231 214 221 223 208 227 192 230 176 233 160 235 144 122 120 130 113 140 111 151 112 162 115 180 116 191 113 203 112 213 115 220 124 171 128 170 136 170 145 169 154 158 167 163 168 169 169 175 169 181 168 136 133 142 129 149 129 155 133 149 134 141 135 187 133 194 130 201 131 208 135 201 136 194 136 148 192 156 185 164 181 169 183 174 182 182 186 191 194 182 197 174 197 168 197 163 196 155 195 151 191 163 189 169 189 174 189 187 194 174 189 169 189 163 189
110 155 112 171 113 187 117 203 124 217 136 228 150 237 168 240 186 238 201 231 214 221 222 208 227 192 230 176 232 160 234 144 123 121 131 113 141 111 152 112 163 116 179 116 190 113 202 112 213 115 220 124 171 128 170 136 170 145 170 154 158 167 163 169 169 170 175 169 181 168 135 133 141 130 148 130 155 133 148 135 141 135 186 134 194 130 201 131 208 135 201 137 193 136 148 192 156 185 164 181 169 183 174 182 183 186 191 194 182 197 174 198 168 198 163 197 155 196 151 192 164 189 169 189 174 190 187 194 174 190 169 190 164 189
