112 147 114 162 116 178 119 194 127 208 138 219 152 227 170 230 188 228 204 220 216 210 224 196 229 180 231 164 234 149 235 134 126 108 133 101 143 98 154 100 164 103 181 104 191 100 203 100 214 103 221 111 171 115 171 124 171 132 171 141 160 155 165 156 171 157 177 156 182 155 137 122 143 117 150 117 156 121 150 122 143 123 188 122 195 118 203 119 209 123 202 125 195 124 151 182 158 173 166 168 171 169 176 168 184 173 191 184 184 188 176 189 170 190 165 189 157 187 155 181 166 176 171 176 176 176 187 183 176 181 171 181 165 181
111 148 113 163 115 180 119 195 126 209 138 220 151 228 169 231 188 229 203 222 215 211 224 197 228 182 231 166 234 150 236 134 125 110 131 102 141 100 152 100 163 104 180 105 191 101 203 100 213 104 220 112 171 116 170 125 170 133 170 142 159 156 164 157 170 158 176 158 182 156 136 122 141 118 148 118 155 122 148 123 141 124 187 123 194 119 202 119 208 124 202 125 194 125 150 184 157 175 165 170 170 171 175 170 184 175 190 185 183 189 175 191 170 191 164 190 156 188 154 183 165 178 170 178 175 178 186 184 175 183 170 183 165 182
110 148 112 164 114 180 118 196 125 210 137 222 151 230 168 233 187 231 202 223 215 212 223 197 228 182 231 166 233 150 235 134 124 110 131 102 141 100 152 101 163 104 180 105 190 101 202 100 213 103 220 112 170 117 170 125 170 134 169 143 159 157 164 158 170 159 176 158 182 157 135 123 141 119 148 118 155 122 148 124 141 124 187 122 194 119 201 119 207 124 201 125 193 125 149 184 156 175 164 170 170 172 175 171 183 176 190 186 183 190 175 192 169 192 163 192 156 189 153 184 164 179 170 179 175 179 186 185 175 184 170 184 164 183
110 149 112 165 114 181 118 197 125 210 137 222 151 230 169 233 187 231 202 223 215 212 223 198 227 183 230 166 233 151 235 135 123 111 130 103 140 100 151 101 162 105 179 105 190 102 202 101 213 104 220 113 170 117 170 126 170 134 169 143 158 157 164 158 170 159 176 158 181 157 135 123 140 119 148 118 154 123 147 124 140 124 187 123 193 119 201 120 207 124 201 126 193 125 149 185 156 176 164 171 170 172 175 171 183 176 190 186 183 191 175 192 169 193 163 192 156 190 153 184 164 179 169 179 175 179 186 185 175 184 170 184 164 184
109 149 111 165 113 181 117 197 126 211 137 223 151 231 169 234 187 231 202 223 215 212 223 198 228 182 231 166 233 150 235 134 123 110 130 103 140 100 151 101 162 105 179 105 190 101 201 100 212 104 219 112 169 117 169 126 169 134 169 143 158 157 163 158 169 159 175 158 181 157 135 123 140 119 147 119 154 123 147 125 140 125 186 123 193 119 201 120 207 124 200 126 193 125 149 185 155 176 164 171 169 172 174 171 183 176 190 186 183 191 175 194 169 194 163 193 155 191 153 184 164 179 169 179 174 179 186 186 174 185 169 185 163 184
109 150 111 165 114 182 118 198 126 211 138 223 152 231 170 234 188 231 203 223 215 211 223 197 227 181 230 165 232 149 233 134 121 111 128 103 139 100 150 101 162 105 178 105 189 102 201 101 212 104 219 113 170 118 170 126 169 134 169 143 158 157 163 158 169 159 175 158 181 157 134 123 140 119 147 119 154 123 147 125 140 125 186 123 193 119 201 120 207 125 200 126 193 125 149 185 156 176 164 170 169 172 175 171 183 176 190 187 183 192 175 194 169 194 163 194 155 191 153 184 164 179 169 179 175 179 186 186 175 185 169 185 164 185
109 150 111 166 113 182 118 198 125 212 137 223 151 231 168 234 186 232 202 224 214 212 222 198 226 183 230 167 232 150 234 135 122 110 129 103 139 100 150 101 161 105 178 105 189 101 200 100 211 103 218 112 168 117 169 126 168 134 168 143 157 157 162 158 169 159 175 158 180 157 134 123 139 119 146 119 153 123 146 125 139 125 185 123 192 119 200 120 206 124 200 126 192 125 149 185 155 175 163 170 169 171 174 170 182 176 189 187 182 192 174 195 168 195 162 194 155 191 153 185 163 178 169 178 174 179 185 186 174 186 169 186 163 186
109 151 111 166 114 183 118 198 126 212 137 223 151 232 168 234 186 232 201 224 213 213 222 199 226 183 230 167 232 151 234 135 122 111 128 103 138 100 150 101 161 105 177 105 188 101 200 100 211 104 218 112 168 117 168 125 168 134 168 143 157 157 162 158 168 159 174 158 180 157 133 124 139 119 146 118 153 123 146 124 139 125 185 123 192 119 199 119 206 124 199 125 191 125 149 186 154 175 163 170 168 171 173 170 182 175 188 186 182 192 174 195 168 195 162 194 154 191 153 185 163 178 168 178 173 178 184 185 173 186 168 186 162 186
109 150 111 166 114 182 118 197 125 211 136 223 150 231 168 234 187 231 202 223 214 212 222 197 226 182 229 166 231 150 232 134 121 112 127 103 138 100 149 101 161 104 177 105 188 101 200 100 211 103 218 112 168 117 168 125 168 133 168 142 157 156 162 158 168 159 174 158 180 156 133 124 139 119 146 118 153 123 146 125 139 125 185 123 192 119 200 119 205 124 199 126 191 125 149 185 154 175 163 169 168 171 173 170 182 175 188 186 181 192 173 194 168 195 162 194 154 191 153 184 162 178 168 178 173 178 184 185 173 186 168 186 162 185
109 149 111 165 113 181 116 197 124 210 136 221 150 229 169 231 187 229 202 221 214 210 222 196 226 180 228 164 230 149 231 133 121 111 128 103 138 99 150 100 161 104 177 105 188 101 200 100 210 103 218 112 168 117 168 125 168 133 168 142 157 156 162 158 168 159 174 157 180 156 133 123 139 119 146 118 153 123 146 124 139 125 185 123 192 119 199 119 205 124 199 125 191 125 148 184 155 175 163 170 168 172 173 170 182 176 189 185 181 190 173 191 168 192 162 191 155 189 152 184 163 179 168 179 173 179 185 184 173 183 168 183 163 183
109 149 111 164 113 181 116 196 124 209 136 220 150 227 168 230 187 228 202 221 215 210 223 196 226 181 229 165 231 149 232 133 122 110 128 102 139 99 150 100 161 104 177 105 188 101 200 99 210 103 218 111 168 116 168 125 168 133 168 142 157 157 162 158 168 159 174 158 180 157 134 122 139 118 146 118 153 122 146 124 139 124 185 122 192 118 199 119 205 123 199 125 191 124 148 183 156 176 164 171 169 172 174 171 182 176 189 184 181 187 174 188 168 189 163 188 155 186 152 182 164 179 169 180 173 180 185 183 173 180 169 180 163 180
109 149 111 165 113 181 117 197 125 210 136 221 151 228 169 230 187 228 203 221 215 211 223 197 227 182 230 166 232 150 233 135 121 110 128 102 139 99 150 100 161 104 177 104 188 100 201 100 211 103 218 112 169 116 169 124 169 133 168 142 158 156 163 157 169 159 175 158 180 157 134 122 140 118 147 118 154 121 147 123 140 123 185 122 192 118 200 119 206 123 200 125 192 124 147 183 155 175 163 170 169 171 174 170 182 175 190 184 182 187 174 188 169 188 163 188 155 186 151 182 163 179 169 179 174 179 187 184 174 180 169 180 163 179
109 148 111 163 113 180 116 195 124 209 135 221 150 229 168 231 186 229 202 222 214 211 222 197 226 181 229 165 231 149 232 134 122 109 129 102 139 99 151 100 162 103 178 104 189 100 201 99 212 102 219 111 169 115 169 124 169 132 169 141 158 156 163 157 169 158 175 157 180 156 134 122 139 118 146 117 153 121 146 123 139 123 186 122 193 118 200 119 206 123 200 124 192 124 148 183 155 174 163 169 169 171 174 169 183 175 190 185 182 189 174 190 169 191 162 190 155 188 151 183 163 178 169 178 174 178 186 184 174 182 169 182 163 181
110 149 112 165 114 181 118 197 126 211 137 223 151 231 168 234 186 232 201 224 213 212 222 198 226 182 229 167 232 150 234 134 124 109 130 101 140 98 151 99 162 103 179 104 189 100 201 99 212 103 219 111 169 115 169 124 168 133 168 142 157 155 162 157 169 158 175 157 180 155 135 122 140 118 147 117 154 121 147 123 140 123 186 122 193 118 200 119 206 123 200 124 192 124 149 184 155 174 163 168 169 169 175 168 183 174 189 186 183 192 175 195 168 195 162 195 154 191 153 184 163 176 169 177 174 177 185 185 174 186 169 186 163 186
110 149 112 164 114 181 117 197 125 210 136 222 150 231 168 233 186 231 202 223 214 211 222 197 227 182 229 166 231 150 233 134 123 109 130 102 140 99 151 99 162 103 179 104 190 100 202 99 212 103 219 112 170 116 169 124 169 132 169 140 158 155 163 156 169 157 175 156 181 155 135 122 140 118 147 117 154 121 147 123 140 123 186 122 193 118 201 119 207 123 200 124 193 124 149 183 155 173 163 167 169 169 175 168 183 174 190 185 183 191 175 194 169 194 162 193 155 190 153 183 163 175 169 175 174 175 186 184 174 186 169 186 163 185
110 149 112 165 114 181 118 196 125 210 137 220 151 228 169 230 187 228 202 221 215 211 223 197 227 182 230 166 232 150 233 135 123 110 130 102 140 99 152 100 163 103 179 104 190 101 202 100 213 104 219 113 170 115 170 124 169 132 169 141 158 155 164 156 170 157 176 156 182 155 135 122 140 118 147 118 154 121 147 123 141 123 187 122 194 119 201 120 207 124 201 125 193 124 148 182 156 173 164 168 170 169 176 168 184 173 191 183 183 187 175 189 169 189 163 188 155 186 152 181 164 175 170 175 175 175 187 182 175 182 170 182 164 181
110 149 112 164 114 180 117 195 125 208 136 219 151 225 169 228 187 226 202 220 215 211 224 198 228 183 231 167 233 151 235 136 124 109 131 102 141 99 152 100 162 104 180 104 190 101 202 100 212 103 219 111 170 115 170 124 170 132 170 141 158 155 164 156 170 157 176 156 182 155 136 122 141 118 148 118 155 121 148 123 141 123 187 122 194 119 201 120 207 124 201 125 193 124 147 181 156 173 164 169 170 170 175 169 183 173 191 182 183 184 175 184 169 184 163 184 155 183 151 180 164 175 170 175 175 175 187 181 175 178 170 177 164 177
111 149 112 164 114 179 117 195 124 208 136 218 150 225 168 228 187 226 203 220 216 210 224 197 228 182 231 166 233 150 234 135 124 110 131 102 141 100 152 100 162 104 180 105 191 101 202 101 213 104 219 112 170 116 170 124 170 132 170 141 159 155 164 156 170 157 176 157 182 155 136 122 141 119 148 118 155 122 148 123 141 123 187 123 194 119 201 120 207 124 201 125 194 125 147 181 156 173 164 169 170 170 176 169 184 174 191 183 183 184 175 185 169 185 163 184 155 183 151 180 164 175 170 175 175 175 187 182 175 178 169 178 163 178
111 147 113 163 115 179 117 194 125 207 136 218 150 225 168 227 186 226 203 219 216 209 224 196 229 181 231 165 233 149 234 134 125 110 131 103 141 100 152 101 163 104 180 105 190 101 202 101 212 104 220 112 170 116 170 124 170 133 170 142 158 155 164 157 170 158 176 157 182 155 136 122 141 119 148 118 155 122 148 123 141 124 187 123 194 119 201 120 207 124 201 125 194 124 147 181 156 173 164 169 170 171 176 169 183 174 191 182 183 184 175 185 169 185 163 185 155 184 151 180 164 175 170 176 175 176 187 181 175 178 169 178 163 178
111 149 113 164 115 180 117 195 124 208 136 218 150 225 168 227 187 226 203 220 216 210 224 197 228 182 230 166 232 150 233 135 125 110 131 103 141 100 152 101 163 104 180 105 190 101 202 100 212 103 219 112 170 116 170 124 170 133 169 141 158 155 164 156 170 157 176 156 182 155 136 123 141 119 148 119 155 122 148 124 141 124 187 123 194 119 201 120 207 124 201 125 193 124 147 181 156 173 164 168 170 170 175 169 183 174 191 183 183 185 175 185 169 186 163 185 155 184 151 180 164 175 170 175 175 176 187 181 175 178 169 178 163 178
111 148 113 163 114 179 117 195 125 209 136 219 150 227 168 229 187 228 202 221 215 211 224 198 228 182 230 166 232 150 234 135 124 110 131 102 141 99 152 100 163 103 180 104 190 101 202 100 213 104 219 112 170 116 170 124 169 132 169 141 158 154 163 156 169 157 175 156 182 155 136 122 141 118 148 117 155 121 148 123 141 123 187 122 194 118 201 119 207 124 201 125 194 124 148 181 155 172 163 168 169 169 175 168 183 173 190 183 182 186 174 187 168 188 162 187 155 185 152 180 163 174 169 174 174 175 187 182 174 181 169 180 163 180
111 147 113 162 114 178 117 194 124 208 135 219 149 227 167 230 185 228 202 221 215 211 223 197 228 182 230 165 232 149 234 134 125 109 131 102 141 99 152 100 163 103 180 104 190 101 202 100 212 103 220 111 170 115 169 124 169 132 169 141 158 154 163 156 169 157 176 156 182 154 136 122 141 118 148 117 155 121 148 122 141 123 187 122 194 118 201 119 207 123 201 124 193 124 149 181 156 172 164 167 170 169 175 168 183 173 190 183 182 187 174 189 169 189 162 188 155 186 153 180 164 174 169 174 175 175 186 182 174 182 169 182 163 181
111 147 113 162 114 178 117 193 124 207 135 218 150 226 168 229 186 227 202 221 215 211 223 198 228 182 231 166 233 150 234 135 124 109 131 101 141 99 153 100 164 103 180 104 191 101 203 100 213 103 220 112 171 115 171 124 170 132 170 140 159 155 164 156 170 157 176 156 182 155 136 121 142 117 149 117 156 121 149 122 142 123 187 122 194 118 202 119 208 123 201 124 194 124 149 180 157 173 165 169 170 170 175 169 183 174 191 182 182 185 174 186 169 186 163 185 156 183 152 179 164 177 170 177 175 177 187 182 175 178 169 178 164 177
111 147 113 163 115 179 118 195 125 208 136 219 150 226 168 229 187 228 203 222 215 211 224 198 228 183 231 167 234 151 235 136 125 109 132 101 142 98 153 99 164 103 181 104 191 100 203 100 213 103 220 112 171 115 171 124 170 132 170 141 159 155 164 156 170 158 176 157 182 156 137 121 142 117 149 117 156 121 149 122 142 123 187 122 195 118 202 119 208 124 202 125 194 124 149 181 157 173 165 169 170 170 175 169 183 174 191 183 183 185 175 186 169 186 164 185 156 184 152 180 165 177 170 177 175 178 188 182 175 178 170 178 165 178
111 148 113 163 115 179 118 195 125 209 136 221 150 229 168 232 187 230 203 223 216 212 224 198 228 182 231 166 233 150 235 135 125 109 132 101 142 98 154 99 165 103 181 104 192 100 204 100 214 104 221 113 171 115 171 123 171 132 170 141 159 155 165 156 171 158 177 157 183 155 137 121 143 117 149 117 156 121 150 122 143 122 188 122 195 118 202 119 208 123 202 124 194 124 150 182 157 174 165 169 171 171 176 169 184 175 191 184 184 188 176 189 170 190 164 189 156 186 153 182 165 177 171 178 176 178 188 183 176 181 170 181 165 181
112 148 114 163 116 180 119 195 126 209 137 221 151 229 169 232 188 230 204 222 216 212 224 198 229 182 231 166 234 151 235 135 126 110 133 102 143 99 154 99 165 103 181 104 192 101 204 100 214 104 221 113 172 115 171 124 171 132 170 141 160 155 165 156 171 157 177 156 183 155 137 121 142 117 149 117 156 121 149 122 142 123 188 122 195 119 203 119 209 124 202 125 195 124 150 183 157 173 165 168 171 170 176 169 185 174 191 185 184 190 176 191 170 192 164 191 156 188 154 182 165 176 171 176 176 176 187 184 176 183 170 183 164 183
113 148 115 163 116 180 120 195 127 209 138 221 152 228 170 231 188 230 204 222 216 212 225 198 229 182 232 166 234 151 235 136 127 110 133 102 144 99 155 100 166 104 181 104 192 101 204 100 214 104 220 113 172 115 172 123 172 131 171 140 160 154 165 156 171 157 177 156 183 155 138 121 143 117 150 117 157 121 150 122 143 123 189 122 196 118 203 119 209 124 203 125 195 124 150 182 157 172 165 168 171 169 177 168 185 173 192 184 184 187 176 189 170 189 164 188 157 186 154 181 165 174 171 175 176 175 188 183 176 181 171 181 165 181
112 147 114 162 116 178 119 194 126 208 137 218 151 226 170 228 188 227 205 221 217 210 225 197 229 182 232 166 234 151 235 136 126 109 133 101 143 98 155 99 165 103 182 104 193 100 205 100 215 104 221 113 173 114 172 122 172 130 172 139 160 154 166 155 172 156 178 155 183 154 138 121 143 117 150 117 157 120 150 122 143 122 189 122 196 118 203 119 209 124 203 125 196 124 149 180 157 172 166 167 172 169 177 168 186 173 194 182 185 184 177 184 171 184 165 184 157 183 153 179 166 174 171 174 177 175 190 181 177 178 171 177 165 177
112 145 114 160 116 176 118 192 125 206 136 217 151 225 169 227 188 226 204 220 217 210 225 197 229 181 232 166 234 151 236 135 126 109 133 101 144 98 155 98 166 103 181 103 193 100 205 100 216 104 222 113 173 114 173 122 172 130 172 138 160 153 165 154 172 155 178 155 184 154 138 120 143 116 150 116 157 120 150 121 143 122 189 121 196 118 204 119 210 123 203 124 196 123 149 179 157 171 166 166 171 168 177 167 185 172 194 181 185 183 176 184 170 184 165 183 157 182 153 178 165 173 171 173 176 174 190 180 176 177 171 177 165 176
112 145 114 160 116 176 118 191 125 205 136 217 151 224 169 228 188 226 204 220 217 210 225 197 229 181 232 166 234 150 235 135 126 108 133 100 144 97 155 98 167 102 182 103 193 99 205 99 215 103 222 112 173 114 173 121 173 129 172 137 160 152 166 153 172 154 178 154 184 153 138 119 143 115 150 115 157 119 150 120 143 120 189 120 196 117 204 118 210 122 203 123 196 122 149 178 157 170 166 165 171 167 177 166 185 171 193 181 184 184 176 185 170 185 164 184 157 182 153 178 165 172 171 172 177 172 189 180 176 178 171 178 165 178
113 147 115 163 117 179 120 194 128 207 139 218 153 225 171 227 189 225 205 218 218 209 225 196 229 181 232 165 234 151 235 136 126 107 133 99 143 96 155 96 166 100 182 101 193 98 205 98 215 102 222 110 173 113 173 120 173 128 173 136 161 151 166 152 172 153 178 152 184 151 138 119 143 115 150 115 157 119 150 120 143 120 189 120 196 116 204 117 209 122 203 123 196 122 150 178 157 168 166 163 172 165 177 164 185 169 192 180 184 183 176 185 171 185 165 184 157 182 154 177 166 170 171 170 177 170 188 179 176 178 171 178 165 177
113 147 115 163 117 179 120 194 128 206 139 216 154 222 172 224 190 222 205 217 218 207 226 195 229 180 231 164 233 150 234 135 126 108 133 99 143 96 155 96 166 100 181 101 193 97 205 97 216 101 222 111 173 112 173 119 173 127 172 135 161 150 166 151 173 152 179 151 185 150 138 120 144 115 151 115 158 118 151 120 144 120 189 119 196 116 204 117 209 121 203 122 196 121 150 176 158 166 166 162 172 163 178 163 186 168 193 178 185 180 177 181 171 182 165 181 157 179 154 175 166 169 172 169 178 169 189 177 177 174 172 175 166 174
113 148 115 163 117 178 120 193 127 205 139 214 153 220 172 222 190 221 206 216 218 207 226 194 229 180 232 166 234 151 235 137 127 107 133 98 144 95 156 95 167 99 182 100 193 97 205 96 216 101 222 110 174 111 174 118 174 126 174 134 162 149 167 150 173 151 179 150 185 149 138 119 143 114 150 114 157 118 151 119 144 119 190 118 196 115 204 116 209 121 203 121 196 120 151 174 159 165 167 161 173 162 178 161 186 166 194 176 185 178 178 177 172 177 166 177 158 176 154 173 167 168 172 168 178 168 190 175 178 171 172 170 167 170
113 148 115 162 117 178 120 192 127 205 138 214 153 221 171 223 190 221 206 216 218 207 225 194 229 180 231 165 233 151 235 136 127 107 133 98 144 94 156 95 167 99 182 99 193 96 205 96 216 100 222 110 174 111 173 118 173 125 173 134 161 148 167 149 173 150 179 150 185 149 138 119 143 114 150 114 157 117 150 119 143 119 190 118 196 115 204 115 209 120 203 121 196 120 151 175 158 165 166 160 173 162 178 161 186 166 194 176 186 179 178 179 172 180 165 179 158 178 154 173 166 167 172 167 178 167 190 175 178 173 172 173 166 173
113 148 115 163 117 178 120 192 127 205 139 214 153 221 172 223 190 221 206 215 218 206 226 193 229 178 231 164 233 149 234 135 127 108 133 99 143 95 155 95 167 99 182 100 193 96 205 96 215 100 222 110 174 110 174 118 174 125 173 133 161 148 167 149 173 150 179 149 185 148 138 119 143 114 150 114 157 117 150 119 143 119 190 118 196 114 204 115 209 120 203 121 196 120 151 175 159 165 167 160 173 162 179 161 187 166 193 177 186 179 178 180 172 180 166 179 158 178 155 174 167 167 173 167 178 167 190 175 178 173 172 173 167 172
113 148 115 163 117 179 120 194 127 206 139 216 153 222 172 224 190 222 206 217 218 207 225 194 229 180 231 165 233 150 234 136 128 107 134 98 144 95 156 95 166 99 182 100 192 96 204 96 214 100 220 109 173 111 173 118 173 125 173 133 161 149 167 150 173 151 179 150 185 149 138 119 143 114 150 114 157 117 151 119 144 119 189 118 196 115 203 115 209 120 203 121 196 120 151 176 159 166 167 161 172 162 178 161 185 166 193 177 185 179 177 180 172 180 166 180 158 179 155 175 167 168 172 168 178 168 189 176 177 173 172 173 167 173
113 149 115 164 117 180 120 195 128 208 139 219 153 225 171 227 190 226 205 219 218 209 225 195 229 180 231 165 234 150 235 135 127 108 133 99 144 95 155 96 167 99 182 100 193 97 205 97 215 101 222 110 173 112 173 119 173 126 173 135 161 150 167 151 173 152 178 151 184 150 139 120 144 115 151 115 158 118 151 120 144 121 189 119 196 116 204 116 209 121 203 122 196 121 152 178 158 167 167 162 172 163 178 162 186 168 192 180 185 183 177 184 172 184 166 183 158 182 155 177 167 169 172 169 177 169 188 178 177 177 172 177 166 176
112 147 114 162 116 178 119 194 126 207 137 218 152 225 170 228 189 226 205 220 217 209 225 195 229 180 231 164 233 149 234 134 128 107 134 99 144 96 156 97 167 100 182 101 192 98 204 97 214 100 220 109 173 113 173 120 173 127 173 136 162 151 167 152 173 153 178 153 184 152 139 120 144 115 151 115 158 119 151 121 144 121 189 120 196 116 204 117 209 122 203 123 196 122 152 179 159 169 167 164 172 165 178 164 186 170 192 180 185 184 177 185 172 185 166 184 158 183 156 178 167 172 172 172 177 172 188 179 177 177 172 177 166 177
112 146 114 162 116 178 119 193 126 207 137 218 152 225 170 228 188 226 204 220 217 210 225 196 229 181 231 165 232 150 233 135 127 107 134 99 145 96 156 97 167 101 182 101 193 98 204 98 214 101 220 110 174 113 174 121 174 128 173 137 162 152 167 153 173 154 179 154 184 153 138 119 144 115 151 115 158 119 151 120 144 121 189 120 197 116 204 117 209 122 203 123 196 122 151 179 159 171 168 167 173 168 178 167 185 172 193 181 185 183 177 183 172 183 166 183 159 182 154 178 167 175 172 175 177 175 189 180 177 176 172 176 167 175
112 147 114 162 115 178 119 194 126 207 137 218 152 225 170 227 189 226 204 220 217 210 225 196 229 181 231 165 233 150 233 135 126 109 133 100 144 97 155 98 167 102 181 102 192 99 204 98 215 102 221 112 173 113 173 121 173 129 173 138 161 153 166 155 172 155 178 155 184 154 138 120 143 116 150 116 157 120 150 121 143 121 189 121 196 117 203 118 209 122 203 123 195 122 150 180 158 172 167 168 172 169 177 168 185 173 193 181 184 184 177 185 171 185 166 184 158 183 154 179 167 176 172 176 177 176 189 181 177 177 172 177 167 176
112 147 114 162 116 179 119 194 126 208 138 219 152 227 170 229 189 227 204 220 217 210 225 196 229 181 232 165 233 150 234 135 126 108 133 100 143 97 155 98 165 102 182 103 192 99 204 99 214 102 221 111 172 115 172 122 172 130 172 139 161 154 166 155 172 156 178 155 183 154 137 121 143 117 150 117 157 121 150 122 143 123 188 121 195 117 203 118 209 123 202 124 195 123 150 181 158 173 166 168 172 169 177 168 185 173 192 182 184 186 176 188 171 188 165 187 157 185 154 180 166 176 171 176 176 177 188 181 176 180 171 180 166 179
112 148 114 164 116 180 119 196 127 209 138 220 152 228 170 230 188 228 204 221 217 210 225 196 229 181 232 165 233 149 234 135 125 109 132 101 142 98 154 99 165 103 182 103 192 100 204 99 214 103 220 111 172 115 171 123 171 131 171 140 160 154 165 155 171 157 177 156 183 154 137 122 143 118 149 117 156 121 150 122 143 123 188 122 195 118 203 119 208 123 202 124 195 123 150 182 157 172 166 167 172 169 177 168 185 173 192 184 185 188 177 189 171 190 164 189 157 186 154 181 166 176 171 176 177 176 188 183 177 182 171 182 165 181
112 148 114 164 116 180 119 196 127 209 138 220 153 228 170 230 188 228 204 221 217 211 225 197 229 182 232 166 234 151 235 136 126 109 133 102 143 99 154 100 165 104 181 104 192 101 203 100 213 103 220 111 172 116 172 124 172 132 171 141 160 155 166 156 172 157 178 156 183 155 137 122 143 118 150 118 156 121 150 123 143 123 188 122 195 119 203 119 209 124 202 125 195 124 150 182 157 172 166 167 172 169 177 168 185 173 192 184 185 188 177 189 171 190 164 189 157 186 154 181 166 175 171 175 177 176 188 183 177 182 171 182 165 182
112 148 113 163 115 179 119 195 126 209 138 220 152 227 170 230 188 228 204 221 216 210 225 197 229 182 232 166 234 151 235 136 125 110 132 102 143 99 154 100 165 104 181 105 192 101 204 100 214 104 220 112 173 116 173 124 172 132 172 141 160 155 166 156 172 157 178 157 184 155 138 122 143 119 150 119 157 121 150 123 144 123 188 123 195 120 202 121 208 125 202 125 195 125 150 181 157 172 166 168 172 169 178 168 186 173 192 183 185 186 177 188 171 189 164 188 157 185 153 180 166 175 172 175 177 175 188 182 177 181 171 181 165 181
112 149 114 165 116 181 119 196 126 209 138 220 152 227 170 229 188 227 203 221 216 211 225 198 229 183 232 168 233 152 235 138 127 111 133 103 143 100 154 101 165 105 182 105 192 102 203 102 213 105 220 113 173 117 173 125 172 133 172 141 160 156 166 157 172 158 178 157 184 156 139 124 145 122 151 121 158 123 151 124 145 125 188 124 195 123 202 124 207 127 201 127 194 127 149 181 157 172 165 168 171 170 177 169 186 173 192 183 184 185 176 187 170 187 164 186 156 184 153 180 165 175 171 175 177 176 188 182 177 179 171 180 165 179
112 149 114 164 115 180 118 195 125 208 137 218 151 225 169 228 187 227 203 221 216 211 225 198 229 183 231 167 233 152 234 137 126 112 132 104 142 101 154 102 165 106 181 107 191 103 203 103 213 106 220 114 172 118 172 126 172 134 171 143 159 156 165 158 171 159 178 158 184 157 138 125 144 123 150 122 157 124 151 125 144 126 187 125 195 124 201 125 208 128 201 128 194 127 149 181 157 173 165 169 171 170 177 169 185 174 192 183 184 186 176 187 170 187 164 186 156 184 153 180 165 176 171 176 177 176 188 183 176 179 170 179 164 178
112 149 114 164 116 179 118 194 125 208 137 219 151 227 169 229 187 228 203 221 217 212 225 199 230 184 232 168 234 153 236 138 126 113 132 105 142 101 154 102 164 106 181 107 192 103 204 103 214 107 221 115 172 119 171 127 171 135 170 145 159 157 164 158 170 160 177 159 183 157 138 125 144 122 150 122 157 124 150 126 144 126 188 125 195 124 202 125 208 128 201 129 194 128 149 182 156 174 165 170 171 171 176 170 185 175 193 185 184 187 175 188 169 188 163 187 156 185 153 181 164 176 170 177 176 177 189 184 175 181 170 181 164 180
112 149 113 165 115 181 118 196 126 209 137 220 151 228 169 231 187 229 203 223 216 213 224 199 229 184 232 168 235 153 236 137 125 112 133 104 143 102 154 103 165 107 182 108 193 104 204 104 215 107 221 115 172 119 172 128 171 136 171 145 159 157 165 159 171 160 177 160 184 158 137 125 143 122 150 122 157 125 150 126 143 126 188 126 195 124 202 125 209 128 202 129 195 128 149 182 157 175 165 171 171 172 177 171 185 176 193 186 184 189 176 189 170 189 163 189 156 186 153 182 165 177 171 178 176 178 189 185 176 182 170 182 164 181
112 148 113 164 115 180 118 196 125 210 136 221 151 229 168 232 187 231 203 224 216 214 225 201 229 185 232 169 234 153 235 138 125 112 132 105 143 102 154 104 165 107 182 108 193 105 204 104 214 107 221 115 172 120 172 128 171 137 171 146 159 158 165 160 171 161 177 160 183 159 137 125 143 122 149 122 156 125 149 126 143 126 189 126 195 123 202 124 209 128 202 129 195 128 149 183 157 176 165 172 171 174 176 173 185 178 193 186 184 189 176 190 170 190 163 189 156 187 153 183 165 180 170 180 176 181 189 186 176 183 170 182 164 182
112 148 114 164 116 180 118 195 125 209 136 220 150 229 169 232 187 231 203 224 216 214 225 200 230 184 232 168 234 153 235 137 124 113 132 105 142 103 154 104 165 108 182 109 193 105 205 105 215 108 222 116 172 120 172 129 172 137 171 147 159 159 165 160 171 162 177 161 184 160 137 125 143 122 149 122 157 125 150 126 143 127 188 127 196 124 203 125 209 128 202 129 195 128 149 183 157 177 165 174 171 176 176 174 184 179 193 187 184 189 175 190 170 190 164 189 156 187 153 183 165 181 170 182 176 182 189 186 175 183 170 183 165 182
112 149 113 164 115 180 117 196 125 210 136 221 151 230 168 233 186 232 202 225 216 215 225 201 230 186 233 170 235 154 236 138 125 113 133 105 143 103 154 104 165 108 182 109 193 106 205 105 215 108 222 117 172 120 172 129 172 138 171 147 159 159 165 161 171 162 177 162 183 160 137 125 143 122 150 122 157 125 150 126 143 127 189 127 196 124 203 125 209 128 203 129 195 129 149 184 157 178 165 175 171 176 176 175 184 180 193 187 184 190 175 190 170 190 164 190 156 188 152 184 165 182 171 183 176 183 189 186 175 183 170 183 165 182
112 149 113 164 115 181 118 196 125 210 136 222 150 231 169 234 187 232 203 225 216 215 225 201 230 185 233 169 235 153 237 138 124 113 132 106 143 103 154 105 166 109 182 110 194 106 205 105 216 109 223 117 173 120 172 129 172 138 171 148 159 160 165 162 171 163 177 162 184 161 137 125 143 122 150 122 157 125 150 127 143 127 189 127 196 124 204 125 210 129 203 130 196 129 149 184 157 179 166 175 171 177 176 176 185 180 193 187 184 190 175 191 170 191 164 190 156 188 152 184 165 182 170 183 176 183 190 187 176 183 170 183 165 183
113 148 114 164 115 180 118 196 125 210 136 222 150 230 168 234 186 232 202 226 215 215 225 202 230 186 233 169 235 153 237 137 125 113 133 106 144 104 155 105 166 110 182 110 194 107 205 106 216 109 223 118 173 121 173 130 172 138 172 148 160 161 165 162 171 164 178 163 184 162 138 126 144 123 151 123 158 126 151 127 144 127 189 127 196 125 204 126 210 129 203 130 196 129 149 184 158 179 166 176 171 178 177 177 185 181 194 188 184 190 175 191 170 191 164 190 157 188 152 184 166 183 171 183 176 184 190 187 176 184 170 184 165 183
113 147 114 163 116 179 118 195 125 210 136 222 150 232 168 235 187 234 203 226 216 215 225 201 230 186 233 169 235 153 237 137 127 112 135 105 145 104 156 106 167 110 183 111 194 107 206 106 216 109 223 117 174 121 174 130 173 139 172 148 159 161 165 163 172 164 178 163 184 162 138 126 145 124 152 123 158 126 151 127 145 127 190 127 197 125 204 126 210 129 204 130 197 129 149 185 158 179 166 176 171 178 177 177 185 181 194 188 184 190 176 190 170 190 164 189 157 188 153 184 166 183 171 184 176 184 190 187 176 184 171 184 165 183
113 148 114 164 116 180 119 197 126 211 137 222 151 232 169 235 187 233 203 226 216 216 225 202 229 186 232 170 235 154 237 138 127 113 134 106 145 104 156 106 166 111 183 111 194 108 206 107 217 110 224 119 174 122 173 131 173 140 172 149 160 162 166 163 172 165 178 164 184 163 139 126 145 124 152 124 159 127 152 128 145 128 190 128 197 125 205 126 211 130 204 131 197 130 149 185 158 180 166 177 171 179 177 178 185 182 194 189 184 191 176 191 170 191 165 190 157 188 153 185 166 184 171 184 176 184 190 188 176 185 171 184 165 183
113 148 114 164 115 181 118 197 126 211 137 223 151 232 168 236 186 234 202 227 215 217 224 204 230 188 233 172 236 155 238 139 128 113 135 106 146 105 156 107 167 111 183 112 194 108 206 107 217 110 224 119 174 122 174 131 173 140 172 150 160 162 166 164 172 165 178 165 184 163 139 127 145 124 152 124 159 127 152 129 145 129 190 128 197 126 205 127 211 130 204 131 197 131 149 186 158 181 166 178 171 179 176 178 185 182 194 189 184 191 176 191 170 191 165 191 157 189 152 185 166 184 171 185 176 185 190 188 176 185 171 185 166 184
113 149 114 165 115 182 119 198 126 212 137 224 151 233 169 236 187 235 203 228 216 217 224 204 230 188 234 172 237 155 239 139 127 113 135 107 145 105 156 107 167 112 183 113 195 109 206 108 217 111 224 120 174 123 174 132 173 141 172 151 160 163 166 165 172 166 178 165 184 164 139 127 145 124 152 124 158 128 151 129 144 129 190 129 197 126 205 127 211 131 204 132 197 131 149 186 158 181 166 178 171 180 177 179 185 183 194 190 184 192 176 192 170 192 165 191 157 190 152 186 166 185 171 185 176 185 190 189 176 185 171 185 166 185
114 148 115 164 116 181 119 198 126 212 137 224 151 233 169 236 188 235 204 227 216 217 225 204 230 188 233 172 236 155 238 139 127 114 135 107 146 105 157 108 167 112 183 113 194 110 206 109 217 112 224 121 175 123 174 133 174 142 173 151 160 163 166 165 172 166 179 165 185 164 139 127 145 125 152 125 159 128 152 129 145 129 191 130 198 127 205 128 211 131 205 133 197 132 149 187 158 182 167 178 172 180 178 179 186 183 195 190 185 192 177 193 171 193 165 192 158 190 153 186 167 185 172 186 177 186 191 189 177 186 171 186 166 185
113 148 114 165 115 182 119 198 126 213 138 225 152 234 170 237 188 235 204 228 217 217 225 204 230 188 233 172 235 155 237 139 128 114 135 107 146 106 157 108 168 113 184 114 195 110 206 109 217 112 224 121 175 124 174 133 174 142 173 152 161 164 166 166 173 167 179 166 185 165 139 127 145 125 152 125 159 129 152 130 145 130 190 130 198 127 205 128 211 132 205 133 197 132 149 187 159 182 167 179 172 181 178 180 186 184 194 190 185 193 177 193 171 193 166 193 158 191 153 187 167 186 172 187 177 187 191 190 177 186 172 186 166 186
114 148 115 165 116 182 119 198 126 213 137 225 151 234 169 237 187 236 203 228 216 218 225 204 230 188 233 172 236 155 238 139 126 115 134 108 146 106 157 109 168 114 183 115 195 111 207 110 218 113 225 121 175 124 174 134 174 143 173 153 161 165 166 166 173 167 179 167 185 166 139 128 145 125 152 125 159 129 152 130 144 130 191 130 198 127 206 128 212 132 205 134 198 133 149 187 158 183 167 180 172 181 178 180 186 185 195 191 185 193 177 194 171 194 165 193 157 191 153 187 167 186 172 187 177 187 191 190 177 187 172 187 166 186
114 148 116 165 117 182 120 199 127 213 138 225 152 234 170 238 188 236 203 229 216 218 225 204 230 188 234 172 237 155 239 138 127 115 135 108 146 107 157 109 168 114 184 115 195 111 207 110 218 113 225 122 175 125 174 134 174 143 173 153 160 165 166 167 173 168 179 167 185 166 139 128 145 125 152 125 159 129 152 130 145 130 191 131 198 128 206 129 212 133 205 134 198 133 149 188 159 183 167 180 172 182 178 180 186 185 195 191 185 194 177 195 171 195 166 194 158 192 153 188 167 187 172 188 177 188 191 190 177 188 172 188 166 187
114 148 115 164 116 181 119 198 126 213 138 225 152 234 170 238 188 236 204 229 217 218 226 204 230 188 234 172 237 155 239 139 128 115 135 108 146 107 158 109 168 114 184 115 195 111 207 110 218 113 225 122 175 125 175 134 174 144 173 154 161 165 167 167 173 168 179 168 185 166 140 129 146 126 153 126 160 130 153 131 146 131 191 131 198 128 206 129 212 133 205 134 198 133 150 188 159 183 167 180 173 182 178 181 187 185 195 192 185 194 177 195 171 195 166 194 158 192 153 188 167 187 172 188 178 188 191 191 177 188 172 188 167 187
114 149 115 165 117 182 120 198 127 213 138 225 152 235 170 238 188 236 203 229 216 218 225 204 230 189 233 172 236 156 238 139 126 117 134 109 145 107 157 110 168 114 184 115 195 112 208 111 219 114 226 123 175 125 175 135 174 144 173 154 161 166 166 167 173 169 179 168 186 167 139 128 145 125 152 126 159 130 152 131 145 130 191 131 199 128 206 129 212 133 205 134 198 134 150 188 158 184 167 180 172 182 178 181 187 185 195 192 186 195 177 196 171 196 165 195 157 193 153 188 167 187 172 188 178 188 192 191 177 189 172 189 166 188
114 148 115 164 117 181 119 197 127 212 138 224 152 234 170 237 188 236 204 228 217 218 226 204 231 188 235 172 237 155 240 139 127 116 135 108 146 107 158 110 169 115 184 115 196 111 208 111 219 114 226 123 176 125 175 135 175 144 174 154 161 166 167 167 173 169 180 168 186 167 140 129 146 126 153 126 160 130 153 131 145 131 191 131 199 128 206 129 212 133 206 135 198 134 150 188 159 184 168 181 173 183 178 182 187 186 195 192 186 194 177 195 172 196 166 195 158 193 153 188 167 188 172 189 178 188 191 191 177 188 172 189 167 188
114 149 116 165 117 182 120 199 127 213 138 225 152 234 169 238 187 236 203 229 216 219 226 205 231 189 235 172 238 156 240 139 127 116 135 109 146 107 157 110 168 114 184 115 196 112 208 111 219 114 226 122 175 125 175 135 174 144 173 154 161 166 167 168 173 169 179 168 185 167 139 129 145 126 153 126 159 130 152 131 145 131 191 132 198 128 206 129 212 133 206 135 198 134 150 189 158 184 167 181 172 183 178 181 186 186 195 192 185 195 177 196 171 196 165 195 157 193 153 188 167 188 172 189 177 189 191 191 177 189 171 189 166 188
115 149 116 165 117 182 120 198 127 213 138 225 152 234 170 238 188 236 204 229 216 218 225 205 231 189 234 173 237 156 239 140 126 117 134 109 145 108 157 110 168 115 185 115 196 112 208 111 219 114 226 122 175 126 175 135 174 145 173 155 161 166 167 168 173 169 179 168 185 167 139 129 145 126 153 126 159 130 152 131 145 131 191 132 199 128 206 129 212 133 206 135 198 134 149 189 158 184 167 181 172 183 178 182 187 186 195 192 186 195 177 196 171 196 165 195 157 193 153 189 167 188 172 189 178 189 191 191 177 189 172 189 166 188
114 149 116 165 117 182 120 198 127 213 138 225 152 235 170 238 188 237 204 229 216 219 226 205 230 189 234 173 237 156 240 140 126 118 134 110 145 108 157 110 168 115 184 115 196 112 208 111 219 114 226 123 176 126 175 136 175 145 174 155 161 167 167 168 173 170 179 169 186 168 139 129 145 126 153 126 160 130 152 131 145 131 191 132 199 129 206 129 212 133 206 135 198 134 149 189 159 184 167 181 172 183 178 182 187 186 195 192 186 196 177 197 171 197 166 196 158 194 153 189 167 188 172 189 178 189 192 192 177 189 172 189 166 189
114 149 116 166 117 182 120 199 127 213 138 225 152 235 170 238 188 237 204 229 216 219 226 205 231 190 234 173 237 156 240 140 126 117 134 110 145 108 157 111 168 115 184 116 196 112 208 111 219 115 226 123 175 127 175 136 174 145 173 155 161 167 167 169 173 170 179 169 185 168 139 129 145 126 152 126 159 131 152 132 145 132 191 133 198 129 206 130 212 134 206 136 198 135 149 189 158 185 167 182 172 183 178 182 187 187 195 193 185 196 177 197 171 197 165 196 157 194 153 189 167 189 172 189 177 189 191 192 177 190 172 190 166 189
114 149 115 166 117 183 120 199 127 214 139 226 153 235 170 238 188 237 204 229 217 219 226 205 231 189 235 172 237 155 240 139 126 118 133 110 145 109 157 111 167 116 184 116 195 113 207 112 219 115 225 124 175 127 175 136 174 145 174 155 161 167 167 169 173 170 179 170 186 168 138 130 145 127 152 127 159 131 152 132 144 132 191 133 198 129 206 130 212 134 206 136 198 135 150 190 159 185 167 182 173 184 178 183 187 187 196 193 186 196 177 197 171 197 166 196 158 194 153 190 167 189 172 190 178 190 192 193 177 190 172 190 167 189
115 149 116 166 117 183 120 199 127 214 139 226 153 235 171 238 189 237 205 229 218 218 227 204 232 188 235 171 238 155 240 138 125 119 133 111 145 109 157 111 168 116 184 117 196 113 208 112 219 115 226 124 175 127 175 137 174 146 173 156 161 168 167 169 173 171 179 170 185 169 139 130 145 127 152 127 159 131 152 133 144 132 191 133 198 129 206 130 212 134 206 136 198 135 150 190 159 186 167 182 172 184 178 183 187 187 196 194 186 196 177 197 171 198 166 197 158 195 153 190 167 189 172 190 178 190 192 193 178 190 172 190 167 189
114 149 115 166 117 183 120 199 127 214 138 226 152 236 170 239 188 237 204 230 217 219 226 205 231 189 235 172 238 155 240 138 125 118 133 111 144 110 156 112 167 116 183 117 195 113 207 112 218 115 225 124 174 128 174 137 173 147 172 157 160 168 166 170 172 171 178 170 185 169 138 130 144 127 151 127 158 131 151 133 144 133 191 133 198 129 205 130 212 134 205 136 197 135 149 190 158 186 167 183 172 184 178 183 186 188 195 194 185 196 177 198 171 198 165 197 157 195 153 191 166 189 172 190 177 190 191 193 177 191 171 191 166 190
114 150 115 166 116 183 119 200 126 214 138 226 153 236 170 239 188 237 204 229 218 219 227 205 232 189 235 173 237 156 240 140 125 118 133 111 144 110 156 112 167 116 184 117 195 113 207 112 217 115 225 123 174 128 174 137 173 147 172 157 160 168 166 170 172 171 179 171 185 169 138 130 144 127 152 128 159 132 151 133 144 133 191 133 198 129 205 130 212 134 205 136 197 135 149 191 158 186 167 183 172 185 178 184 186 188 195 194 185 197 177 198 171 198 165 197 157 195 153 191 166 190 172 191 177 190 191 193 177 191 172 191 166 190
114 150 115 166 117 183 119 199 126 214 138 226 152 236 169 239 187 238 203 230 216 219 225 206 230 190 233 173 236 156 239 140 124 119 132 111 144 110 155 112 166 117 183 117 194 113 206 112 217 115 225 123 174 128 173 137 173 147 172 157 160 168 166 170 172 171 178 171 184 169 138 130 144 127 151 128 158 132 151 133 143 133 190 133 197 129 205 130 211 134 205 136 197 135 149 191 158 186 166 183 172 185 177 184 186 188 194 194 185 197 176 198 171 199 165 198 157 196 152 191 166 190 171 191 177 191 191 194 177 191 171 191 166 190
113 148 114 165 115 182 118 199 125 213 137 226 151 235 169 239 187 237 203 230 216 219 225 205 230 189 233 172 236 155 238 139 125 118 133 111 144 110 155 112 166 117 183 117 194 113 206 112 217 115 224 123 174 128 173 137 173 147 172 157 160 168 165 170 172 171 178 171 184 169 138 131 144 128 151 128 158 132 151 133 144 133 190 133 197 129 205 130 211 134 204 136 197 135 149 191 157 186 166 183 171 185 177 184 185 188 194 194 185 197 176 198 170 198 165 197 157 195 152 191 166 190 171 191 177 191 190 194 176 191 171 191 165 190
