134 183 137 199 141 216 147 230 156 242 169 252 183 259 200 261 217 257 230 248 240 236 246 222 249 206 250 190 251 174 252 158 139 141 146 130 158 126 171 127 183 132 200 129 213 124 225 121 237 124 244 134 193 143 193 153 194 162 194 172 184 186 189 188 196 189 202 187 207 184 153 152 160 146 169 145 177 150 169 152 160 153 209 147 217 142 226 142 232 147 226 149 218 149 177 216 183 207 192 202 197 203 203 201 212 205 218 214 213 223 205 227 199 228 192 228 184 224 181 216 192 210 198 210 204 209 214 214 204 218 198 219 192 219
133 180 136 196 140 212 146 227 155 240 168 251 182 258 199 260 216 256 230 247 241 234 247 220 250 204 251 187 251 171 252 155 140 139 146 129 158 125 171 127 182 131 200 129 212 124 225 121 236 124 244 132 192 143 193 153 193 162 193 172 183 186 189 188 195 189 201 187 207 184 153 152 160 146 168 145 176 150 169 152 160 154 209 148 217 142 225 142 232 146 226 149 217 149 177 217 183 207 191 201 197 203 202 201 211 205 217 214 212 223 205 227 198 228 192 228 184 225 182 216 192 210 197 209 203 209 213 213 203 218 198 219 192 219
133 181 137 197 141 214 147 228 156 241 167 252 182 259 199 260 215 257 229 248 239 235 246 221 249 206 250 189 251 173 253 157 140 139 146 129 158 125 171 126 182 131 200 129 212 123 225 121 236 124 244 132 192 143 193 152 193 161 193 171 183 186 189 188 195 189 201 186 206 184 153 151 160 146 169 145 177 149 169 152 160 153 209 147 217 142 226 142 232 146 226 149 218 149 177 216 183 207 191 201 197 203 203 201 211 205 218 213 213 222 205 227 198 228 192 228 183 225 181 216 192 209 197 209 203 208 213 213 203 218 198 219 192 219
133 180 137 196 140 212 146 227 155 240 167 250 182 257 199 259 215 255 228 246 238 234 245 220 249 205 251 188 251 172 253 156 139 139 146 129 157 125 170 126 182 130 200 128 212 123 225 121 237 124 244 133 193 143 193 152 194 161 194 171 183 186 189 187 195 188 201 186 207 184 153 151 159 145 168 145 176 149 168 151 160 153 209 147 217 142 225 141 232 146 226 149 218 149 176 215 182 206 191 201 197 202 203 200 212 205 218 213 213 222 204 227 198 228 191 228 183 224 180 215 191 208 197 208 203 208 214 213 203 218 197 219 192 218
133 181 137 197 140 213 146 228 155 240 167 250 182 257 199 259 215 255 228 246 238 234 245 221 249 205 250 189 251 173 252 157 139 139 146 129 158 125 170 126 182 130 200 128 212 123 224 120 236 123 242 133 192 144 193 153 193 161 194 171 183 186 189 187 195 188 200 186 206 184 152 152 159 146 168 145 175 150 168 152 159 153 209 148 217 142 225 142 231 147 226 150 217 150 176 216 182 206 191 201 196 202 202 200 211 205 217 213 212 222 204 227 198 228 191 228 183 224 180 215 191 208 197 208 203 207 213 213 203 218 197 219 191 219
133 181 137 197 141 213 146 228 156 240 168 250 182 257 199 258 215 255 228 245 238 234 245 220 249 205 250 189 251 173 253 157 139 140 145 130 157 125 169 126 181 130 200 128 212 123 224 121 236 124 242 134 192 143 192 152 193 161 193 171 182 186 188 187 195 188 201 186 206 184 152 151 159 146 168 145 175 150 168 152 159 153 209 148 217 142 225 142 232 147 226 149 217 149 176 216 182 206 190 202 196 203 202 201 211 205 218 212 212 221 204 226 198 227 191 227 183 223 180 215 191 208 197 207 203 207 214 212 203 217 197 218 191 218
133 181 137 197 141 213 146 227 155 239 167 249 182 256 199 257 215 253 227 244 238 233 245 220 249 205 250 189 251 173 252 158 138 140 145 130 157 126 169 127 181 131 200 129 212 123 224 121 236 124 243 135 192 143 192 153 193 162 193 172 182 186 188 188 195 188 201 186 206 184 152 152 159 146 167 145 175 150 168 152 159 153 209 148 216 142 225 142 231 146 226 149 217 149 176 215 183 207 191 203 196 204 202 202 211 205 217 211 212 219 204 223 198 224 192 224 183 222 180 214 191 209 197 209 202 208 213 211 203 215 197 216 192 216
133 180 136 195 140 211 146 226 155 237 167 247 182 254 199 255 215 251 228 243 239 232 246 218 250 203 251 187 251 172 252 156 138 140 144 130 156 126 169 127 181 131 200 129 212 124 224 121 236 125 243 135 192 144 192 153 193 162 193 172 182 187 188 188 195 189 201 187 206 185 152 152 158 147 167 146 175 150 168 152 159 153 209 148 217 143 225 142 232 147 226 149 217 149 175 213 183 208 191 204 197 205 202 203 211 206 218 210 212 216 204 220 198 221 192 221 183 219 179 213 191 211 197 211 203 210 214 210 203 211 197 213 192 212
132 180 136 195 139 211 145 225 155 237 167 246 181 253 198 254 215 251 228 242 239 231 246 218 249 203 250 187 251 171 252 156 138 140 145 130 157 126 169 127 181 131 200 129 212 123 224 121 236 124 243 134 192 144 192 153 193 162 193 172 182 186 188 188 194 188 200 187 206 185 152 151 159 146 168 146 176 150 168 152 159 153 208 148 216 143 224 142 231 147 225 150 217 150 174 212 182 207 191 203 196 205 202 203 211 206 219 209 212 216 203 219 197 220 192 219 183 217 178 212 191 211 197 211 202 210 215 209 202 210 197 212 192 211
133 179 136 194 139 210 144 224 153 236 165 245 180 252 197 254 214 251 228 242 238 232 246 218 249 203 250 187 251 172 252 156 138 140 145 130 157 125 169 126 181 131 200 129 212 123 224 121 236 124 243 134 192 143 192 152 193 162 193 172 182 186 188 187 194 188 200 186 206 185 152 151 159 146 168 145 176 149 168 151 159 152 209 148 216 143 225 142 231 146 225 149 217 149 174 211 182 206 190 203 196 204 202 202 211 205 218 209 211 215 203 218 197 219 191 219 182 216 178 211 191 210 196 210 202 209 215 209 202 210 196 211 191 210
133 178 136 194 139 210 145 225 154 237 166 247 181 253 198 255 215 252 230 244 241 233 248 219 252 204 252 188 252 172 252 157 139 139 146 129 158 125 170 126 182 131 200 129 212 123 224 121 236 123 243 133 191 142 192 152 192 162 192 172 183 186 188 188 194 189 200 187 206 184 153 151 159 146 168 145 176 149 168 152 159 153 209 147 216 142 225 142 231 146 225 149 217 149 175 212 183 206 191 203 197 204 202 202 211 205 219 209 212 216 204 219 198 220 191 220 183 218 179 212 191 210 197 210 203 209 216 209 203 211 197 212 191 211
133 179 136 195 139 211 145 226 154 238 166 248 181 255 198 257 215 254 229 245 240 233 247 219 250 204 251 188 251 173 252 157 139 139 146 129 158 125 170 127 182 131 201 129 212 123 225 121 236 123 243 133 192 143 192 152 193 162 193 172 183 186 189 188 195 189 201 187 206 184 153 151 159 146 168 145 176 149 168 151 160 153 209 147 216 142 225 142 231 146 225 149 217 149 175 213 182 206 191 202 197 204 203 202 212 204 219 210 213 218 205 222 198 223 191 223 183 220 179 213 191 210 197 210 203 209 215 210 204 213 198 214 191 214
133 181 136 197 140 213 147 227 156 239 168 248 183 256 199 258 216 254 229 245 239 233 246 219 249 204 250 188 251 173 253 157 139 140 145 130 157 125 170 127 182 131 200 129 212 123 225 121 237 124 244 133 192 143 193 153 193 162 194 172 183 186 189 188 195 188 201 186 207 184 153 151 160 146 168 145 176 149 169 152 160 153 209 147 217 142 225 142 232 146 226 148 217 149 177 214 183 206 191 202 197 203 203 201 211 204 219 210 212 218 205 222 199 223 193 223 184 220 182 213 192 208 197 207 203 207 214 210 204 213 198 214 192 215
133 181 136 197 140 212 146 227 156 238 168 248 183 255 200 256 217 252 230 244 240 233 247 219 250 204 251 188 251 173 252 158 138 140 145 129 157 125 170 127 182 131 200 129 212 124 225 121 237 124 244 134 192 143 193 152 193 162 194 172 183 186 189 188 195 189 201 187 207 184 153 151 159 146 168 145 176 150 168 152 160 153 209 147 217 142 225 142 232 146 226 149 217 149 176 214 183 206 191 202 197 203 203 201 212 204 220 209 213 218 205 222 199 223 193 223 184 221 181 213 192 208 197 208 203 207 215 210 204 214 198 215 192 215
133 180 136 196 140 212 145 226 155 238 168 247 182 253 199 255 216 251 229 243 240 232 246 219 250 205 250 188 251 173 253 157 139 139 146 129 158 125 170 127 182 131 200 129 212 124 225 121 237 124 244 133 192 143 193 152 193 162 194 172 183 186 189 188 195 189 201 187 207 184 153 151 159 146 168 145 176 149 168 151 160 152 209 147 217 142 225 142 232 146 226 149 218 149 175 212 183 206 191 202 197 204 203 201 212 204 220 208 213 215 205 219 199 220 192 220 184 217 179 212 191 210 197 210 203 209 217 209 204 210 198 211 192 211
133 180 136 196 139 212 145 226 155 237 167 246 182 252 199 254 215 251 229 243 240 232 246 218 249 203 250 187 251 172 252 156 139 139 146 129 157 125 170 126 182 130 201 129 212 123 225 121 236 123 243 133 192 142 193 152 193 162 194 172 183 186 189 187 195 188 201 186 207 184 153 151 159 146 168 145 176 149 168 151 160 152 209 147 216 142 224 142 231 146 225 148 217 148 175 211 183 205 191 202 197 203 203 201 212 203 220 208 213 214 205 217 199 218 192 218 183 216 179 211 191 209 197 209 203 208 216 208 204 209 198 210 192 210
133 181 136 197 139 213 145 226 155 238 168 247 182 253 199 254 215 250 229 243 240 232 247 218 250 204 251 188 251 173 252 158 141 138 148 129 158 125 170 126 181 130 200 128 212 123 223 121 235 123 242 132 192 143 192 152 193 161 194 171 183 186 189 187 195 188 201 186 207 184 155 153 161 149 169 147 176 150 170 152 162 154 208 148 215 145 222 145 229 148 223 150 215 150 175 211 182 205 191 202 197 203 203 201 211 203 219 208 212 215 204 218 198 219 192 219 183 216 179 211 191 209 197 209 203 208 215 208 204 209 198 211 192 210
132 181 135 197 139 212 145 226 154 237 167 246 182 253 199 254 215 251 228 241 238 230 246 217 249 202 250 186 250 171 251 156 140 140 146 130 157 125 170 126 181 130 200 128 211 123 223 121 234 123 241 132 191 144 192 152 193 161 194 171 183 186 189 187 195 188 201 186 207 183 155 154 161 151 168 149 175 151 169 153 162 154 208 148 215 146 222 146 228 148 222 150 215 150 176 212 183 206 191 201 197 202 203 200 211 203 217 209 212 216 205 220 198 221 192 221 183 218 180 212 191 209 197 208 203 207 214 209 204 211 198 212 192 212
132 181 135 196 139 212 145 226 155 238 168 247 182 253 199 255 216 251 229 241 239 230 246 217 249 202 250 186 250 171 252 155 139 140 145 130 157 125 170 126 181 130 199 128 211 123 223 120 235 123 241 133 192 143 193 152 193 161 194 170 183 185 189 186 195 187 201 185 207 183 155 153 161 150 168 148 176 150 169 152 162 154 208 148 215 145 222 145 229 148 223 149 215 149 176 213 183 205 191 200 197 202 203 200 211 203 217 210 212 217 205 221 198 223 192 222 184 220 181 212 192 207 197 207 203 206 213 209 204 213 198 214 192 214
132 180 135 195 139 211 145 225 155 237 167 246 181 253 198 255 214 251 227 242 238 231 245 218 249 203 250 187 250 172 252 156 138 140 145 130 156 125 169 126 181 130 200 128 212 123 224 120 235 123 242 133 192 143 193 152 193 161 194 171 182 185 188 186 195 187 201 185 207 183 153 152 160 148 168 147 175 150 168 152 161 153 208 148 215 143 223 143 230 147 224 149 216 149 176 213 183 205 191 201 197 202 202 200 210 203 217 210 211 218 204 222 198 223 192 223 184 220 181 213 191 207 197 207 203 206 212 210 203 213 197 215 192 214
132 180 135 195 139 211 145 225 155 237 167 246 182 253 198 255 214 251 227 242 238 231 245 218 248 203 249 187 250 171 251 156 138 140 144 129 156 125 169 126 181 130 200 127 212 122 224 120 236 123 242 134 192 143 192 152 193 161 194 171 182 185 188 187 195 187 201 186 207 183 153 152 159 147 167 146 175 150 168 152 160 153 208 148 215 143 223 143 230 146 224 148 216 149 176 214 183 206 191 202 196 203 202 201 210 204 216 211 211 218 204 222 198 224 192 223 183 220 180 213 191 208 197 208 202 207 213 210 203 214 197 215 191 214
132 180 135 196 139 212 145 226 155 238 167 247 182 254 199 256 215 252 228 243 238 232 245 219 248 204 249 188 250 172 251 156 138 139 145 129 156 124 169 125 180 129 200 127 212 122 224 119 236 123 242 133 191 143 192 152 193 161 194 171 182 185 188 187 195 188 201 186 207 184 153 151 159 146 167 145 175 149 168 151 160 153 208 147 215 142 224 142 230 146 224 149 216 149 177 215 183 207 191 203 196 204 202 202 210 205 216 212 211 219 204 223 198 225 192 224 184 221 181 215 191 209 197 209 202 208 212 212 203 214 197 215 192 215
132 181 136 197 140 213 146 227 156 239 169 248 184 254 200 256 216 252 229 243 239 232 245 219 248 204 249 188 250 172 251 156 139 139 145 128 157 124 169 125 181 130 200 127 212 122 224 119 236 122 242 132 192 142 192 152 193 161 193 171 182 185 188 187 195 188 201 186 207 183 154 151 160 146 168 145 175 149 168 151 160 152 208 147 215 142 224 142 230 146 224 148 216 148 179 217 185 208 192 204 197 205 202 203 210 206 216 214 211 220 204 224 199 225 193 224 185 222 183 216 192 210 198 211 203 210 212 213 203 214 198 215 193 215
132 180 135 195 139 212 146 226 156 238 168 247 183 254 199 257 215 253 228 244 238 232 245 219 248 204 249 187 250 171 251 155 138 139 144 128 156 124 169 125 181 129 200 127 212 122 224 119 236 122 242 132 192 142 192 152 193 162 194 172 182 186 188 187 195 188 201 186 207 184 153 150 159 146 167 144 175 148 168 151 159 152 208 146 215 142 223 142 230 145 224 148 216 148 179 216 184 208 192 204 197 205 202 204 210 207 216 213 210 220 204 223 198 224 193 224 185 221 182 215 192 211 197 211 202 210 212 213 202 214 198 215 193 214
132 181 135 196 139 212 145 226 155 238 167 248 182 255 199 257 215 253 228 245 238 233 245 220 248 205 249 188 250 172 251 155 138 138 145 128 156 124 169 125 181 130 200 127 211 122 224 119 235 122 242 132 192 142 193 152 193 161 194 172 183 186 189 188 195 188 201 186 207 184 153 150 159 146 167 144 175 148 168 150 160 152 208 146 216 142 224 142 230 146 224 148 216 148 179 217 185 208 192 205 197 206 202 204 210 207 215 214 210 220 203 224 198 225 193 224 185 222 182 216 192 212 197 212 202 211 211 214 202 214 198 215 193 215
132 179 135 195 139 211 144 226 154 238 166 248 181 255 198 257 214 253 227 244 238 233 245 218 248 203 249 186 250 170 251 154 137 139 144 129 156 124 169 126 181 130 200 128 212 122 224 119 236 123 242 133 192 143 192 152 193 162 194 172 182 186 188 187 195 188 201 186 206 184 152 150 158 146 167 145 175 149 167 151 159 152 208 147 216 142 224 142 230 146 225 148 216 148 178 216 184 208 192 204 197 205 202 203 210 207 216 214 211 221 204 225 198 226 192 226 184 223 182 216 192 211 197 211 202 210 212 213 203 215 197 216 192 215
132 179 135 195 139 212 145 226 155 239 167 249 182 256 199 257 215 254 228 244 238 233 245 219 248 203 249 187 250 171 251 154 138 139 144 129 156 125 169 126 181 131 199 128 211 123 223 120 235 122 242 132 191 143 192 152 193 162 193 172 182 186 188 188 195 189 201 187 206 184 152 151 158 146 167 145 175 149 167 152 159 153 208 147 215 142 224 142 230 146 225 149 216 149 177 216 183 207 191 202 196 203 202 201 211 205 217 212 212 221 204 225 198 226 192 226 184 223 181 215 191 210 197 209 202 208 213 212 203 215 197 216 192 216
132 180 135 196 139 212 145 227 155 240 167 250 182 257 199 259 215 255 228 245 238 233 245 219 248 203 249 187 250 171 251 155 137 140 144 129 156 125 169 126 181 131 199 128 211 123 223 120 235 123 242 133 191 143 192 153 193 162 193 172 182 186 188 187 194 188 200 186 206 184 151 151 158 146 167 145 175 149 167 152 159 153 208 147 216 142 224 142 231 146 225 149 216 149 176 216 182 206 190 202 196 203 202 201 211 204 217 212 212 221 204 226 198 227 191 227 183 224 180 215 191 208 196 208 202 207 212 212 203 217 197 218 191 218
132 180 135 197 140 213 146 228 155 241 167 251 182 259 199 261 215 256 228 247 238 234 244 220 248 204 249 187 250 171 251 155 138 139 144 129 156 125 169 126 180 130 199 128 211 123 223 120 235 123 242 133 191 144 192 153 192 162 193 172 182 186 188 187 194 188 200 186 205 184 151 151 158 147 166 145 174 149 167 152 159 153 208 148 215 143 224 142 230 146 224 149 216 149 176 216 182 206 190 201 196 202 202 201 211 204 216 213 212 223 204 228 198 229 191 229 182 225 180 215 191 208 196 207 202 207 212 213 203 219 197 220 191 220
133 181 136 197 140 213 146 228 155 241 167 251 182 258 199 260 215 256 228 247 238 234 245 220 248 205 250 188 250 172 251 156 138 140 145 129 156 125 169 126 180 130 200 128 212 123 224 120 235 123 242 133 191 144 192 152 193 161 193 171 182 186 188 187 194 188 200 186 206 184 152 151 158 146 167 145 175 150 167 152 159 153 208 147 216 142 224 142 230 146 225 149 216 149 176 216 182 206 191 202 196 203 202 201 211 205 218 213 212 222 204 227 198 228 192 228 183 224 180 215 191 208 197 208 203 207 213 212 203 218 197 220 191 219
133 181 136 197 140 213 145 228 154 240 166 250 181 257 199 258 216 254 229 245 239 233 246 219 249 204 250 188 251 172 252 156 138 139 145 129 157 125 169 126 181 131 200 128 211 123 224 120 235 123 242 132 192 143 192 152 193 161 194 171 182 186 188 187 194 188 200 186 206 184 152 151 159 146 167 145 175 150 167 152 159 153 208 148 216 142 224 142 231 146 225 149 217 149 175 215 182 206 190 202 196 203 202 201 211 204 217 211 211 218 204 222 197 224 191 224 182 221 179 214 191 208 196 208 202 207 213 211 203 214 197 215 191 215
132 180 136 196 139 212 145 227 154 239 166 248 182 255 199 256 216 252 230 243 240 232 247 219 250 204 251 188 251 173 252 157 138 140 145 129 157 125 169 126 181 130 200 128 212 123 224 120 236 123 243 132 192 143 192 152 192 161 193 171 182 186 188 187 194 188 200 186 206 184 152 151 159 146 167 146 175 150 168 152 159 153 208 147 216 142 224 142 231 146 225 148 217 149 173 213 181 205 190 201 196 202 202 200 211 203 219 208 212 215 204 219 198 221 191 221 182 219 177 212 190 208 196 208 202 206 215 208 203 211 197 212 191 212
133 180 136 195 139 211 144 226 153 238 166 247 181 253 199 254 216 250 229 242 240 231 247 218 250 203 251 187 251 172 252 156 138 140 145 129 157 125 169 126 181 130 200 128 212 123 224 120 236 123 243 133 192 143 192 152 193 161 193 171 182 186 188 187 194 188 200 186 206 184 152 151 158 146 167 145 175 150 167 152 159 153 209 148 216 142 224 142 231 146 225 149 217 149 174 212 181 205 190 201 196 202 202 200 211 202 219 208 212 215 204 219 198 220 191 220 182 218 178 212 190 207 196 207 203 206 214 208 203 211 197 212 191 212
132 179 136 195 139 211 145 225 154 237 167 246 182 253 199 254 215 250 229 242 240 231 247 218 250 203 250 187 251 172 252 156 138 140 144 129 156 125 169 126 181 130 200 128 212 123 224 120 236 123 243 133 192 143 192 152 193 161 193 171 182 186 188 187 194 188 200 186 206 184 152 151 159 146 167 145 175 149 167 151 159 153 208 147 216 142 224 142 231 146 225 149 217 149 174 212 181 205 190 201 196 202 202 200 211 202 219 208 213 216 205 220 198 221 191 221 182 218 178 212 191 207 197 207 203 206 215 208 203 211 197 213 191 212
133 181 136 196 140 212 145 226 155 238 168 247 182 254 199 255 216 252 229 243 240 231 247 218 250 203 251 187 251 172 252 156 138 140 145 129 156 125 169 126 181 131 200 129 212 123 224 120 236 123 243 133 192 144 192 153 193 162 194 172 182 186 188 187 195 188 201 186 207 184 152 151 159 146 167 146 175 150 167 152 159 153 209 148 216 143 225 142 231 147 225 149 217 149 175 213 182 205 190 201 196 202 203 200 212 203 219 209 213 217 205 221 198 222 192 222 183 219 179 212 191 207 197 207 203 206 215 209 204 213 198 214 191 214
132 181 136 196 140 212 145 227 155 239 167 248 182 255 199 257 215 253 229 244 239 232 246 219 249 203 250 187 251 171 252 156 138 140 145 130 157 126 170 127 181 131 200 129 212 123 224 121 236 124 243 134 192 144 193 153 193 162 194 172 183 186 189 187 195 188 201 186 206 184 152 152 159 147 167 146 175 150 168 152 159 153 208 148 216 143 224 143 231 147 225 149 217 150 175 214 182 206 190 201 196 202 203 200 211 203 219 210 213 219 205 223 198 224 191 224 182 221 179 213 191 208 197 207 203 206 214 210 204 214 197 215 191 215
132 181 136 197 140 213 146 227 155 239 168 248 182 255 199 257 215 253 228 244 239 233 246 219 249 204 250 188 251 172 252 156 138 140 145 130 156 126 169 127 181 131 200 129 212 123 224 121 236 124 243 134 192 144 192 153 193 162 193 172 182 186 188 188 194 189 201 187 206 185 152 152 158 147 167 146 175 150 168 152 159 153 209 148 216 143 225 143 231 147 225 150 217 150 174 214 182 206 190 201 196 203 202 201 211 204 218 211 212 219 204 224 198 225 191 225 182 222 179 214 191 208 197 208 203 207 214 211 203 215 197 216 191 216
132 181 136 197 140 212 145 227 155 239 167 248 182 255 199 256 215 253 229 244 239 232 246 219 249 204 250 188 251 172 252 156 137 141 144 130 156 126 169 127 181 131 200 130 212 124 224 121 236 124 243 134 192 144 192 154 193 163 193 173 182 187 188 188 194 189 200 187 206 185 152 152 158 147 167 146 175 150 167 152 159 153 208 148 216 143 224 143 231 147 225 150 217 150 174 214 182 206 190 202 196 203 202 201 212 204 219 210 213 218 205 222 198 224 191 223 182 221 178 213 191 208 197 208 203 207 215 210 204 214 197 215 191 215
133 182 136 197 140 213 146 227 155 239 168 248 182 254 199 256 215 252 229 244 240 233 246 220 249 205 250 189 251 173 252 157 138 140 145 130 157 126 170 127 182 132 200 130 212 124 224 121 236 124 243 134 191 144 192 153 192 163 193 173 182 187 188 189 194 190 200 187 206 185 152 152 159 146 167 145 176 150 168 152 159 153 208 148 216 143 224 142 231 147 225 149 216 149 174 213 181 206 190 202 196 203 202 201 211 204 220 210 212 217 204 221 198 222 191 222 183 220 179 213 190 208 196 208 202 207 215 210 203 213 197 214 191 214
133 181 136 196 140 212 146 226 155 238 168 247 182 253 199 255 215 251 229 243 239 232 246 218 250 204 250 188 251 172 252 157 138 141 144 130 156 126 169 127 181 131 200 129 212 124 224 121 236 124 243 134 191 144 192 153 193 163 193 172 182 186 188 188 194 189 200 187 206 185 152 152 158 146 167 146 175 151 168 153 159 154 208 149 216 143 224 142 231 147 225 150 217 150 174 213 181 206 190 201 196 203 202 201 211 204 219 210 213 217 205 221 198 222 191 222 182 219 179 213 190 208 197 208 203 207 215 210 204 213 197 214 191 214
132 180 136 196 140 211 145 226 155 237 167 247 182 253 199 255 215 251 228 242 239 231 246 218 250 203 250 187 251 172 252 156 138 140 144 129 156 125 169 126 181 131 200 129 212 123 224 120 236 123 243 133 192 143 192 153 193 162 193 172 182 186 188 187 194 188 200 186 206 184 152 151 158 146 167 145 175 149 167 152 159 153 208 148 216 142 224 142 231 146 225 149 217 149 175 213 181 205 190 201 196 202 202 200 211 203 218 210 212 217 204 221 198 222 191 222 182 219 179 212 190 207 196 207 203 206 214 210 203 213 197 214 191 214
132 179 136 195 140 211 146 226 155 238 168 247 183 254 200 255 216 251 229 242 239 231 246 217 249 202 250 186 251 170 252 154 138 138 145 128 157 124 170 126 181 130 200 128 212 123 224 120 236 122 243 132 192 143 192 152 193 161 194 170 182 185 188 186 194 187 200 185 206 183 152 150 159 145 167 144 175 149 168 151 159 152 208 147 216 142 224 141 231 145 225 148 217 148 175 213 182 204 190 200 196 201 202 199 211 202 218 210 212 218 205 222 198 223 191 223 183 220 179 212 190 207 196 206 203 205 214 210 203 212 197 213 191 213
133 181 137 196 141 213 147 227 156 240 169 250 183 257 200 259 217 255 230 246 240 233 246 219 249 204 250 187 250 172 251 155 139 137 146 127 157 123 170 125 181 129 200 127 212 122 224 119 236 121 243 131 192 141 192 150 193 160 194 170 183 184 188 186 195 187 201 185 206 182 152 149 159 144 167 143 175 147 168 150 159 151 208 145 216 140 225 140 231 145 225 147 217 147 176 213 182 203 190 199 197 200 203 198 212 202 217 211 213 221 205 226 198 227 191 227 183 222 181 213 191 205 197 205 203 204 213 211 204 217 197 218 191 217
133 180 137 197 141 213 147 228 156 241 168 251 182 259 199 261 216 257 229 247 238 234 245 220 248 205 250 188 250 172 252 156 139 136 146 126 157 123 170 124 181 128 200 126 212 121 224 118 236 121 243 130 192 140 192 150 193 160 193 169 182 183 188 185 195 186 201 184 206 181 152 149 159 144 167 143 175 147 168 149 159 151 209 145 216 140 225 140 231 144 225 146 217 146 177 214 182 204 190 198 197 200 203 198 212 202 217 211 213 222 205 228 198 229 191 229 182 224 181 213 191 205 197 204 203 204 213 211 204 219 197 220 191 220
132 179 136 196 141 212 147 227 156 240 168 251 183 258 199 260 215 256 229 247 238 234 245 219 248 203 249 187 250 171 251 154 139 137 145 127 157 123 170 124 182 129 201 127 212 121 225 118 237 121 243 130 192 140 193 150 193 159 194 169 183 183 188 185 195 186 201 184 206 181 152 149 158 144 167 142 175 146 168 149 159 150 209 144 216 139 225 139 231 144 225 146 217 146 176 214 182 203 191 198 197 199 203 197 212 201 217 211 213 222 205 227 198 229 191 228 183 224 181 213 191 205 197 204 203 204 213 211 204 219 198 220 191 219
132 179 136 195 140 212 146 226 155 239 167 249 182 256 199 258 216 255 229 246 239 233 245 219 249 204 250 188 250 172 251 155 139 137 145 127 157 123 170 124 182 129 200 126 212 121 224 118 236 121 243 131 192 140 193 150 193 159 194 169 183 183 189 185 195 186 201 184 206 182 152 148 158 143 167 142 175 146 168 149 159 150 208 145 216 140 225 140 231 144 225 147 217 146 177 213 183 204 191 199 197 200 203 198 211 202 217 211 212 221 205 225 198 226 192 226 183 222 182 213 191 206 197 206 203 205 212 211 204 216 198 217 192 217
133 178 136 194 140 211 146 225 155 238 167 248 182 255 200 257 216 253 230 244 240 232 246 218 249 203 250 187 250 171 251 155 139 137 146 127 157 123 170 125 181 129 200 126 212 121 224 119 236 121 243 130 192 141 193 151 193 160 194 170 183 184 189 186 195 187 201 185 206 182 153 149 159 144 167 143 175 147 168 149 159 150 209 145 216 140 224 140 231 144 225 147 217 147 178 214 184 205 191 200 197 202 202 200 211 203 216 211 211 218 204 222 198 223 192 223 184 220 182 213 192 208 197 208 203 207 212 210 203 213 198 214 192 213
133 177 136 193 140 209 145 224 155 236 167 246 182 253 199 255 216 251 229 243 239 231 245 217 248 202 249 186 250 170 252 154 139 136 146 127 157 123 170 125 181 129 200 127 212 122 224 119 236 121 243 131 192 141 192 151 193 160 193 170 182 184 188 186 195 187 200 185 206 183 152 149 159 145 167 143 175 147 168 150 159 151 209 145 216 141 224 141 231 144 225 147 217 147 178 214 184 205 191 201 196 202 201 200 210 203 216 210 211 218 204 221 198 222 192 222 185 219 182 213 192 209 197 208 202 208 213 209 203 211 198 212 192 212
133 177 136 193 140 209 146 223 155 236 168 246 182 253 199 255 216 251 229 242 239 231 246 218 249 203 250 187 251 171 251 155 139 137 146 127 158 123 170 125 182 130 200 127 212 122 224 119 236 122 243 131 192 142 193 151 193 160 194 170 183 185 188 186 195 187 201 185 206 183 153 149 159 145 168 144 176 148 168 150 160 151 209 146 216 141 224 141 231 145 225 147 217 147 178 213 184 205 191 201 197 202 202 200 210 204 217 210 211 217 204 220 198 221 192 221 184 219 182 212 192 209 197 209 202 208 213 210 203 211 198 212 192 211
133 178 136 193 140 209 145 224 154 236 166 246 181 253 199 255 215 251 229 242 239 231 246 217 249 203 250 186 251 171 252 155 140 137 146 127 158 124 170 125 182 130 200 128 212 122 224 119 236 122 243 131 192 142 193 151 193 161 194 171 183 185 189 187 195 188 201 186 207 183 153 150 159 145 167 144 175 147 168 150 160 151 209 146 216 141 225 141 231 145 226 147 217 147 177 213 183 205 191 201 197 202 202 200 210 204 217 210 211 217 204 220 198 221 192 221 184 218 181 212 191 209 197 209 202 208 213 210 203 211 198 212 192 211
133 179 136 194 140 211 146 225 156 237 168 247 183 253 200 254 217 250 231 242 242 231 249 218 252 203 253 187 253 172 253 157 140 137 147 128 158 124 171 126 182 130 201 128 213 123 225 120 236 123 243 132 193 142 193 152 193 161 194 171 183 185 189 187 195 188 201 186 207 183 154 150 160 145 169 144 176 148 169 151 161 152 209 147 217 142 225 141 232 146 226 148 217 148 178 213 184 205 191 201 197 203 203 201 211 204 218 210 212 217 205 220 199 221 192 221 185 219 182 212 192 209 197 209 203 208 214 210 204 211 198 212 192 212
133 177 136 193 140 210 145 224 155 236 167 246 182 252 199 254 216 250 229 242 239 231 246 218 249 203 250 187 250 171 252 156 139 138 146 128 158 124 171 126 183 131 201 129 213 123 225 120 237 123 244 133 193 142 193 151 193 161 194 171 183 185 189 187 195 188 201 186 207 184 153 150 160 145 168 144 176 148 169 151 160 152 209 147 217 142 225 141 232 146 226 148 217 148 176 211 183 205 191 201 197 203 202 201 211 204 219 209 212 216 204 219 198 220 192 220 184 217 180 211 191 209 197 209 203 208 215 209 203 210 198 211 192 211
133 179 136 195 139 210 145 224 154 236 167 245 181 251 198 253 214 250 228 242 239 231 246 218 249 204 250 188 251 172 253 156 140 138 146 128 158 124 171 126 182 130 201 128 213 123 225 120 237 123 244 132 193 142 193 152 194 161 195 172 183 185 189 187 195 188 201 186 207 184 153 150 160 145 168 144 176 149 169 151 160 152 209 147 217 142 226 142 232 146 226 149 218 149 175 211 182 205 191 201 196 203 202 201 211 204 218 210 211 216 204 219 197 220 191 219 183 217 179 211 191 209 196 209 202 208 214 209 203 210 197 211 191 210
133 178 136 194 139 210 144 224 153 235 165 245 180 252 197 254 214 250 228 242 239 231 247 218 250 204 250 188 251 172 253 157 139 138 146 128 158 124 171 126 183 130 202 128 213 123 226 120 237 124 244 133 193 142 193 152 194 161 194 171 183 185 189 187 195 188 201 186 207 184 153 150 159 145 168 144 176 148 168 150 160 152 209 147 217 142 226 142 232 146 226 148 218 148 174 210 181 204 190 201 196 203 202 201 211 203 219 208 212 215 204 218 197 219 190 218 182 216 178 210 190 209 196 209 202 208 215 208 203 209 197 210 191 210
134 180 137 194 140 210 144 224 153 235 166 244 180 251 197 253 214 250 228 242 239 232 246 219 250 204 251 189 252 174 253 158 140 138 147 128 159 124 171 126 183 130 201 128 213 123 226 120 237 123 244 133 193 143 194 152 194 161 195 171 183 185 189 187 195 188 201 186 207 184 153 150 160 145 169 144 177 149 169 151 160 152 210 147 217 142 226 142 233 146 227 149 218 149 174 210 181 204 190 201 196 202 202 200 211 203 219 208 212 215 203 218 197 218 190 218 182 215 178 210 190 209 196 209 202 208 215 208 203 209 197 210 191 209
133 178 136 193 139 209 144 224 153 235 166 244 181 251 198 253 214 249 228 241 239 231 247 218 250 204 251 188 252 173 253 157 140 139 146 128 158 125 171 126 183 131 202 128 214 123 226 120 238 124 245 134 193 143 194 152 194 161 195 171 183 185 189 187 195 188 201 186 207 184 153 150 160 145 169 144 177 149 169 151 160 152 210 147 217 142 226 142 233 146 227 149 218 149 174 209 182 204 190 201 196 203 202 201 211 203 219 208 212 214 204 217 197 218 191 217 182 215 178 209 190 209 196 209 203 208 216 208 203 209 197 210 191 209
133 178 136 193 139 208 144 222 153 234 166 243 181 250 198 252 215 249 229 241 240 231 247 218 250 203 251 187 252 171 254 156 140 139 147 128 159 125 171 126 183 131 202 129 214 123 226 121 238 124 244 134 193 143 194 152 194 162 195 172 183 186 189 187 196 188 202 187 207 184 153 150 160 145 169 145 177 149 169 152 160 152 210 147 217 142 226 142 233 146 227 149 218 149 174 209 182 204 190 201 196 203 202 201 211 203 219 208 212 214 204 217 198 218 191 218 182 215 178 209 190 209 197 209 202 208 216 208 203 209 197 210 191 210
133 178 136 193 139 209 144 223 154 235 166 244 181 251 198 252 215 249 229 240 240 230 247 217 250 202 251 187 252 171 254 156 139 139 146 129 158 125 171 126 183 131 202 129 214 123 226 121 238 124 245 135 193 143 194 153 194 162 195 172 183 186 189 187 195 188 201 187 207 185 153 150 160 146 169 145 177 149 169 151 160 152 210 147 217 142 226 142 233 146 227 149 218 149 174 209 182 204 191 201 197 203 202 201 212 204 220 208 212 214 204 217 197 218 191 218 182 215 178 209 191 209 197 209 203 208 216 208 203 209 197 210 191 210
134 178 137 193 139 208 144 222 153 234 166 243 180 250 197 252 214 249 228 241 239 230 247 217 251 203 251 187 252 172 254 156 139 139 146 129 158 125 171 126 183 131 202 129 214 124 226 121 238 125 245 135 193 143 194 153 194 162 195 172 183 186 189 187 195 188 201 187 207 185 153 150 160 146 168 145 177 149 169 151 160 152 210 147 217 142 226 142 233 146 227 149 218 149 173 209 181 204 190 201 196 203 202 201 211 204 219 208 212 214 204 217 197 218 190 218 182 215 177 209 190 209 197 209 203 208 216 208 203 209 197 210 191 209
133 179 136 194 140 210 145 224 154 235 167 244 181 250 198 252 214 249 228 241 239 231 247 218 250 204 251 188 252 172 253 157 139 138 146 129 158 125 171 126 183 131 201 129 213 124 226 121 238 124 244 134 193 143 193 153 194 162 195 172 183 186 189 187 195 189 201 187 207 185 153 150 160 146 168 145 177 149 169 152 160 153 209 148 217 142 226 142 233 147 227 150 218 149 173 209 181 204 190 201 196 203 202 201 211 203 219 208 212 214 203 217 197 218 191 217 182 214 177 209 190 209 196 209 202 208 215 208 203 209 197 210 191 209
133 178 136 194 139 210 144 224 153 235 166 244 180 250 197 252 213 249 227 241 238 230 246 218 250 203 251 188 251 172 253 157 139 139 146 129 158 125 171 126 183 131 201 129 213 123 226 121 238 124 244 134 193 143 193 153 194 162 194 172 183 186 189 187 195 189 201 187 207 185 153 150 160 146 168 145 176 149 169 151 160 152 209 148 217 143 226 142 232 147 226 149 218 149 173 209 181 204 190 201 196 202 202 200 211 203 219 208 211 215 203 218 197 218 190 218 181 215 177 209 190 209 196 209 202 208 215 208 202 209 196 210 190 209
132 177 135 192 138 208 143 222 153 234 165 243 180 250 197 252 213 249 227 240 238 230 246 217 249 203 250 187 251 171 253 155 139 139 146 129 158 125 171 126 182 131 201 129 213 123 225 121 237 124 244 134 193 143 193 153 193 162 194 172 182 185 188 187 195 188 201 186 206 184 152 150 159 145 168 145 176 149 168 151 159 152 209 148 217 142 225 142 232 147 226 149 217 149 172 209 180 204 189 201 195 202 201 200 211 203 219 207 211 214 203 217 196 218 190 218 181 215 176 209 190 209 196 209 202 208 215 208 202 209 196 210 190 209
132 178 135 193 138 209 144 223 153 234 165 243 180 250 197 252 214 249 227 241 238 230 246 218 249 203 250 187 251 172 253 157 139 139 146 129 158 125 170 126 182 131 201 129 213 123 225 121 237 125 244 135 192 143 193 152 193 162 194 171 182 186 188 187 194 188 200 186 206 184 153 150 159 145 168 145 176 150 168 151 160 152 209 148 217 143 225 142 232 147 226 150 217 150 172 209 180 204 189 201 195 202 201 200 211 203 219 207 211 214 203 217 196 218 190 217 181 214 176 209 189 208 195 209 202 208 215 208 202 208 196 210 190 209
132 178 135 193 138 209 144 223 153 234 165 243 180 249 197 251 213 248 227 240 238 230 246 218 249 204 250 188 251 172 252 157 138 139 145 129 157 125 170 126 182 131 200 129 212 124 225 121 237 124 244 134 192 143 192 153 193 162 193 172 182 186 188 187 194 188 200 187 206 185 152 150 159 145 167 145 176 149 168 151 159 152 208 148 216 142 225 142 232 146 226 149 217 149 171 209 180 204 189 201 195 203 201 201 210 203 219 207 211 214 202 216 196 217 189 217 180 214 175 209 189 208 195 209 201 208 215 208 202 209 196 210 189 209
132 179 135 194 138 210 144 224 153 235 165 244 180 250 197 252 214 248 228 240 239 230 246 217 249 203 250 187 251 172 252 157 139 139 145 129 157 125 169 126 181 131 200 129 212 123 224 121 236 124 244 134 192 143 192 152 192 162 193 171 182 186 188 187 194 188 200 187 206 184 152 150 158 145 167 144 175 149 167 151 159 152 208 148 216 142 224 142 231 146 225 149 216 149 172 209 180 204 189 201 195 202 201 200 210 203 218 208 211 214 202 217 196 217 189 217 180 215 176 209 189 208 195 209 201 208 215 208 201 209 195 210 189 209
132 178 135 194 138 210 144 224 153 235 166 243 180 250 197 252 214 248 228 240 239 230 246 218 249 204 250 188 251 172 252 157 139 139 145 129 157 125 169 126 181 131 200 129 212 123 225 121 236 124 244 134 191 143 192 152 192 162 192 171 182 186 188 187 194 188 200 187 205 185 152 150 158 145 167 144 175 149 167 151 158 152 208 147 216 142 224 142 231 146 225 149 216 149 172 210 180 204 189 201 195 202 201 200 210 203 219 208 211 214 202 217 196 217 190 217 181 215 176 209 189 208 195 209 201 208 215 208 202 209 196 210 190 209
132 178 135 193 138 209 144 223 153 234 166 243 180 249 197 251 214 248 228 239 238 229 246 217 249 202 250 187 251 172 252 156 138 139 145 129 157 125 169 126 181 130 200 129 212 123 224 121 236 124 243 134 192 144 192 153 193 162 193 171 182 185 188 187 194 188 200 186 206 184 152 150 159 146 167 145 175 150 167 152 159 152 208 148 216 142 225 142 232 146 225 149 217 149 172 210 180 204 189 201 195 202 201 200 210 203 218 208 211 214 203 217 196 218 190 217 181 215 176 210 189 208 195 209 201 208 215 208 202 209 196 210 190 209
132 179 135 194 138 210 144 224 153 235 165 243 180 250 197 252 213 248 227 240 238 230 246 217 249 203 250 188 250 173 252 157 139 139 146 129 157 125 170 126 181 131 200 129 212 123 224 121 236 124 243 133 192 143 192 152 193 162 193 172 182 186 188 187 194 188 200 187 206 184 152 150 159 145 167 144 175 149 168 151 159 152 209 147 216 142 225 142 232 146 225 149 217 149 172 209 180 204 189 201 195 203 201 200 210 203 218 208 211 214 203 216 196 217 189 217 181 214 176 209 189 208 195 209 201 208 215 208 202 209 196 210 189 209
132 178 135 194 138 209 144 223 153 234 166 243 181 250 198 252 214 248 227 240 238 229 246 217 249 202 250 186 251 171 252 156 138 139 145 129 157 126 170 127 182 131 200 130 212 124 225 122 237 125 244 135 192 144 192 153 193 162 193 172 182 186 188 187 194 188 200 187 206 185 152 151 159 146 167 145 176 150 168 152 159 153 208 148 216 143 224 143 231 147 225 150 217 150 172 210 180 205 189 201 195 203 201 201 210 204 218 208 211 215 203 217 197 218 190 218 181 215 176 210 189 209 196 209 202 208 215 209 202 209 196 210 190 209
132 178 135 194 138 209 144 223 153 235 166 243 180 250 197 252 214 249 227 240 238 230 246 217 249 203 250 187 251 172 252 157 139 139 146 129 158 126 170 127 182 131 201 129 213 124 225 122 237 125 243 135 192 144 193 153 193 162 194 172 182 186 188 187 194 188 200 187 206 185 152 151 159 146 168 146 175 150 168 152 159 153 209 149 216 144 225 143 231 147 226 150 217 150 173 210 181 205 189 201 195 203 201 201 210 204 218 209 211 215 203 218 196 218 190 218 181 216 176 210 189 209 195 209 202 208 215 209 202 209 196 210 190 209
132 178 135 193 138 209 143 223 153 234 165 243 180 250 197 252 214 249 227 240 238 230 246 217 249 203 250 188 251 173 253 157 138 139 146 129 158 125 171 127 182 131 201 129 212 124 225 122 237 125 243 135 192 144 193 153 193 162 194 171 182 186 188 187 194 188 200 186 206 185 152 151 159 146 168 145 176 150 168 152 159 153 209 149 217 143 225 143 232 148 226 150 217 150 172 210 180 205 189 201 195 203 201 201 210 204 218 209 211 214 203 217 196 218 190 218 181 215 176 210 189 209 195 209 202 208 215 209 202 209 196 210 190 210
133 180 135 195 138 211 144 225 153 235 166 244 180 250 196 252 212 249 226 241 237 232 245 220 249 206 250 190 251 175 252 159 139 139 146 129 158 125 171 127 182 131 200 129 212 124 225 121 236 124 244 134 192 143 193 152 193 162 193 171 182 186 188 187 194 188 200 186 206 184 153 150 159 145 168 144 176 149 168 151 159 152 209 147 216 142 225 142 232 147 226 149 217 149 172 210 180 204 189 201 195 202 201 200 211 203 218 209 211 214 203 217 196 217 190 217 181 215 176 210 189 208 196 209 202 208 215 209 202 209 196 210 190 209
132 177 135 193 138 208 143 223 152 234 165 243 179 250 196 252 213 249 227 240 238 230 245 217 249 203 250 187 251 172 252 157 138 139 146 129 158 125 171 126 182 131 200 129 212 124 225 121 236 124 243 134 192 143 193 153 193 162 193 171 182 186 188 187 194 188 200 186 206 184 152 150 159 145 168 145 176 149 168 151 159 152 209 148 216 142 225 142 231 147 225 150 217 150 172 210 180 204 189 201 195 202 201 200 210 203 218 208 211 214 202 217 196 218 190 217 181 215 176 210 189 208 195 209 201 208 214 208 202 209 196 210 190 209
132 179 135 194 138 209 143 223 153 235 165 243 179 250 196 252 213 249 227 240 238 231 245 218 249 204 250 189 251 173 252 158 138 139 146 129 158 125 170 126 182 131 200 129 212 124 224 121 236 125 243 134 192 143 193 152 193 161 194 171 182 186 188 187 194 188 200 186 206 184 153 151 159 146 168 145 176 150 168 152 159 153 209 148 216 143 225 143 231 147 225 150 217 150 172 210 180 205 189 201 195 202 201 200 210 203 218 209 211 214 203 217 196 218 190 218 181 215 176 210 189 208 195 209 201 208 214 209 202 209 196 210 190 209
