128 166 131 181 135 197 141 210 151 222 164 231 177 238 189 240 202 237 213 228 223 218 230 205 234 190 237 175 239 160 240 144 142 137 150 131 160 129 170 131 179 135 196 134 205 129 214 127 223 129 230 135 188 146 189 157 190 167 190 178 178 185 184 188 190 189 195 188 200 185 153 149 159 146 166 146 173 150 166 152 159 152 200 149 206 145 213 144 220 147 214 150 207 151 168 205 177 202 184 200 189 201 194 200 201 202 209 205 201 210 195 213 189 213 184 212 177 210 171 205 184 205 189 206 194 205 206 205 194 206 189 206 184 205
129 165 131 180 135 196 141 209 151 221 164 230 177 237 190 239 202 236 214 227 223 216 230 203 235 189 237 174 239 158 240 143 143 137 150 132 160 129 170 131 179 135 196 133 205 129 214 127 223 129 230 135 189 146 190 157 190 167 191 178 179 185 184 187 190 189 196 187 200 185 153 149 160 146 167 146 174 150 167 152 160 152 200 149 206 145 214 144 220 147 215 150 207 151 168 205 177 202 185 200 190 201 195 200 202 202 210 205 202 210 195 212 190 213 185 212 177 210 172 205 185 205 190 205 195 205 206 205 195 205 190 206 185 205
129 166 132 181 135 197 141 211 151 222 164 231 177 238 190 240 203 236 214 228 224 217 231 204 235 189 238 174 240 158 241 143 143 137 151 132 160 130 170 131 179 135 197 134 206 129 215 127 224 129 231 135 189 146 190 157 191 168 191 178 179 186 185 188 191 189 196 188 201 186 153 149 160 146 167 146 174 150 167 152 160 152 201 150 207 145 214 144 221 147 215 150 208 151 169 205 178 202 185 200 190 202 195 200 202 203 210 205 202 210 196 213 190 213 185 212 178 210 172 205 185 205 190 206 195 205 207 206 195 206 190 206 185 206
130 165 132 181 135 196 141 210 151 222 163 231 176 238 190 240 202 237 213 228 223 218 231 205 235 190 238 175 240 159 241 144 143 137 151 132 160 130 170 132 179 135 197 134 206 129 215 127 225 129 231 135 189 147 190 157 191 168 191 179 179 186 185 188 190 189 196 188 201 186 153 150 160 147 167 146 174 151 167 152 160 153 201 150 207 145 214 145 221 147 215 151 208 151 169 205 178 203 185 200 190 202 195 201 202 203 210 205 202 210 195 213 190 214 185 213 178 210 172 206 185 205 190 206 195 205 206 206 195 206 190 206 185 206
129 166 131 182 135 197 141 211 152 223 164 232 177 239 190 241 203 238 214 229 223 218 231 205 236 190 238 175 240 159 241 144 144 137 151 132 161 130 171 132 180 136 197 135 206 130 215 128 224 130 231 136 189 147 190 157 191 168 192 179 179 186 185 188 191 190 196 188 201 186 154 150 160 147 167 147 174 151 167 152 160 153 201 150 207 145 214 145 221 147 215 151 208 151 169 205 178 203 185 201 190 202 195 201 202 203 210 206 202 211 196 213 190 214 185 213 178 211 172 206 185 205 190 206 195 206 206 206 195 206 190 207 185 206
129 166 131 182 135 197 142 211 152 223 165 232 177 239 190 241 202 238 213 229 224 219 231 205 236 191 239 176 240 160 241 145 144 137 151 132 161 130 171 132 180 136 197 134 206 130 215 128 224 130 231 135 189 147 190 158 191 168 191 179 179 186 185 189 190 190 196 189 201 186 154 150 160 147 167 147 174 151 167 152 160 153 201 150 207 145 215 145 221 148 215 151 208 151 169 206 178 203 185 201 190 202 195 201 202 203 210 206 202 211 196 214 190 214 185 214 178 211 172 206 185 206 190 206 195 206 206 207 195 207 190 207 185 207
129 167 131 182 135 198 142 211 152 223 164 233 177 239 190 242 202 238 214 230 223 218 231 205 236 191 238 175 240 160 240 145 143 138 150 133 160 130 170 132 180 136 197 135 206 130 215 128 224 130 231 136 189 147 190 158 191 168 191 179 179 186 185 188 190 190 196 188 201 186 153 150 160 147 167 147 174 151 167 153 160 153 201 150 207 146 214 145 221 148 215 151 208 152 168 206 177 203 185 201 190 203 195 201 202 203 209 206 202 211 195 214 190 215 184 214 177 211 172 206 185 206 190 207 195 206 206 206 195 207 190 208 185 207
129 166 132 182 135 197 142 211 152 223 164 233 177 240 190 242 202 239 213 230 223 219 231 205 235 191 238 176 240 160 240 145 143 138 151 133 160 131 170 132 179 136 197 135 205 130 215 128 224 130 231 136 189 147 190 158 190 169 191 179 179 186 184 189 190 190 196 189 201 186 153 150 160 147 167 147 174 151 167 153 159 153 201 151 207 146 214 145 220 148 215 151 208 152 169 206 178 204 185 201 190 202 195 201 202 204 209 206 202 212 195 215 190 215 185 214 178 212 172 207 185 206 190 206 195 206 206 207 195 207 190 208 185 207
129 166 131 182 135 198 142 212 152 224 165 233 178 241 190 243 202 240 213 231 223 219 230 206 235 191 238 176 240 160 240 144 143 138 150 133 160 131 170 132 179 136 196 135 205 130 214 128 224 130 231 136 189 147 190 158 190 169 191 179 179 187 184 189 190 191 196 189 201 187 153 150 159 147 167 147 173 151 167 153 159 153 200 151 206 146 214 145 220 148 215 151 207 152 169 207 178 204 185 202 190 203 194 202 202 204 210 206 202 212 195 215 190 216 185 215 178 212 172 207 185 207 190 207 195 207 206 207 195 208 190 209 185 208
129 167 131 182 135 198 141 212 152 224 164 233 178 240 191 242 203 239 214 230 223 218 230 205 235 191 237 175 239 160 240 144 142 139 150 133 159 131 169 133 178 136 196 135 205 130 214 128 224 130 230 136 188 147 189 158 190 169 191 180 179 187 184 189 190 191 196 189 200 187 152 150 159 147 166 147 173 151 166 153 159 153 200 151 206 146 213 145 220 148 214 151 207 152 169 207 178 204 185 202 190 204 194 202 202 204 210 206 202 212 195 215 190 216 185 215 178 212 172 207 185 207 190 208 195 207 206 207 195 208 190 208 185 208
128 167 131 183 135 199 141 212 152 224 164 234 177 240 190 242 202 239 214 230 223 219 230 206 235 191 238 176 239 160 239 145 142 138 150 133 160 131 169 133 179 136 196 135 204 130 214 128 223 130 230 136 188 147 189 158 189 169 190 180 178 187 184 190 190 191 195 189 200 187 153 151 159 147 166 147 173 152 166 153 159 154 200 151 206 146 213 145 220 148 214 151 207 152 168 207 177 205 185 203 190 204 194 202 201 204 209 206 202 212 195 215 190 216 185 215 178 213 172 207 185 208 190 208 195 207 206 206 195 208 190 209 185 208
128 168 130 183 134 199 141 213 151 224 164 234 177 241 190 244 203 240 214 232 223 220 230 207 235 192 238 177 239 161 239 146 142 139 149 133 159 131 169 133 178 137 195 136 204 131 213 129 223 130 230 136 187 148 188 159 189 169 189 180 178 188 183 190 189 191 195 190 200 187 152 151 158 147 166 147 173 152 166 154 158 154 200 151 206 146 213 145 219 148 214 151 206 152 168 207 177 205 184 202 189 204 194 202 201 204 209 206 202 213 195 217 190 218 184 217 177 214 172 208 184 207 189 208 194 207 205 207 194 209 190 210 185 209
128 168 130 184 134 200 141 214 151 225 164 235 177 243 190 245 203 241 214 232 223 220 231 206 235 192 238 177 239 161 239 146 142 140 149 134 159 132 168 133 178 137 195 136 203 131 213 129 222 130 229 136 187 148 188 159 189 170 189 181 178 188 183 190 189 191 194 190 199 187 152 151 158 148 165 148 172 152 165 154 158 154 199 151 205 146 212 146 219 148 213 152 206 152 168 208 176 205 184 202 189 204 194 202 201 205 209 207 202 215 195 219 190 220 184 219 177 216 172 209 184 207 189 208 194 207 205 208 194 211 189 212 184 211
128 167 130 183 134 199 141 213 151 225 164 235 177 242 190 245 202 241 213 232 223 220 230 206 234 192 237 176 238 160 238 145 141 140 149 134 158 132 168 134 178 138 194 136 202 131 212 129 222 131 229 137 187 148 188 159 188 170 189 181 178 188 183 190 189 192 194 190 199 187 151 152 158 148 165 148 172 153 165 154 157 155 199 151 205 146 212 146 219 148 213 152 206 152 168 208 176 205 184 202 189 204 194 202 201 205 208 207 202 215 195 219 190 220 184 219 176 216 172 209 184 207 189 207 194 206 205 208 194 212 189 213 184 212
128 168 130 184 134 199 141 213 151 225 164 234 178 242 190 244 203 240 214 231 223 220 230 206 234 191 237 176 238 161 238 146 141 141 148 135 158 133 168 134 177 138 194 137 203 131 212 129 222 131 229 137 186 149 187 160 188 170 189 181 177 188 183 191 189 192 194 190 199 188 151 152 157 149 165 149 172 153 165 155 157 155 199 152 204 147 212 146 218 148 213 152 205 153 168 209 176 205 183 203 189 204 194 203 201 205 209 207 202 215 195 218 190 219 184 218 176 215 172 209 184 207 189 208 194 207 205 208 195 211 189 211 184 211
128 169 131 185 135 200 141 214 151 225 164 235 177 241 190 243 203 239 214 231 223 219 230 206 234 191 237 176 238 160 238 145 141 141 148 135 158 133 168 134 176 138 194 137 202 131 212 129 221 131 228 137 186 149 187 160 188 170 189 181 177 188 183 191 189 192 194 190 199 188 151 152 157 149 164 149 171 153 164 155 157 155 198 152 204 147 212 146 218 148 213 152 205 153 168 208 176 205 184 203 189 205 194 203 201 205 209 207 201 213 195 216 189 216 184 216 177 213 171 208 184 208 189 208 194 208 206 208 194 209 189 209 184 209
128 168 130 184 135 199 141 213 152 225 164 234 177 241 190 243 203 239 213 230 223 218 230 205 234 191 237 175 238 159 238 144 140 140 148 135 157 132 167 134 176 138 194 136 202 131 211 129 221 130 228 136 186 148 187 159 188 170 189 181 177 188 183 190 189 192 194 190 199 188 151 152 157 149 164 148 171 153 164 155 157 155 198 151 204 146 211 146 218 148 212 152 205 152 167 208 176 205 184 203 189 204 194 203 201 205 209 206 201 212 195 215 189 216 184 215 176 213 171 208 184 208 189 209 194 208 205 207 194 208 189 209 184 208
127 169 130 185 134 200 141 214 152 225 164 235 177 242 190 243 202 240 213 230 222 218 230 205 234 191 236 175 237 160 238 144 140 140 148 134 157 132 167 134 176 137 193 136 202 131 211 128 221 130 228 136 186 148 186 159 187 170 188 181 177 188 182 190 188 191 194 190 199 187 150 152 157 148 164 148 171 153 164 154 156 155 198 151 204 146 211 145 217 148 212 151 205 152 167 208 176 206 183 203 188 205 193 203 200 205 208 206 201 213 194 216 189 217 184 216 176 214 171 208 183 208 188 209 193 208 205 207 194 208 189 210 184 209
127 168 130 184 134 199 141 213 151 225 164 234 177 242 189 244 201 240 212 231 222 219 230 205 234 191 236 175 237 159 238 144 140 140 147 134 157 132 167 133 176 137 193 135 202 130 211 128 220 130 228 136 185 148 186 159 187 169 188 180 177 188 182 190 188 191 193 189 198 187 150 152 156 148 164 148 171 153 164 154 156 155 198 151 204 146 211 145 217 148 212 151 204 152 167 208 176 205 183 203 188 204 193 203 200 205 208 207 200 213 194 217 189 217 183 217 176 214 171 208 183 208 188 208 193 207 204 207 193 209 188 210 183 209
127 168 130 183 134 199 141 213 151 224 164 234 176 242 189 244 201 240 212 231 222 219 229 206 234 191 236 175 237 159 238 144 140 140 147 134 156 132 166 133 176 137 193 135 201 130 211 128 220 130 228 135 185 148 186 159 187 169 187 180 176 188 182 190 187 191 193 189 198 187 150 152 156 148 164 148 170 152 164 154 156 155 198 151 203 146 211 145 217 147 212 151 204 152 167 208 176 205 183 203 188 204 192 202 200 204 208 207 200 214 194 217 189 218 183 217 176 214 171 209 183 207 188 208 193 207 204 207 193 209 188 210 183 209
126 168 129 184 134 199 140 213 151 225 164 234 177 241 189 244 202 240 212 230 222 218 229 205 234 190 236 175 237 159 237 144 140 139 147 134 157 132 166 133 176 136 193 135 201 130 211 128 220 129 227 135 185 148 186 158 187 169 188 180 176 187 182 189 188 191 193 189 198 186 150 151 156 148 164 148 170 152 164 154 156 154 197 150 203 145 210 145 217 147 211 151 204 151 168 208 176 205 183 202 188 203 192 202 199 204 207 207 200 213 194 216 189 217 183 217 176 214 172 208 183 207 188 207 193 206 204 207 193 209 188 210 183 209
127 168 130 184 134 199 140 213 151 224 163 234 176 241 189 243 201 239 212 229 222 218 229 205 234 190 236 175 237 159 238 144 140 139 148 133 157 131 166 133 176 136 193 134 201 129 211 127 220 129 228 135 185 147 186 158 187 169 188 179 176 187 182 189 188 190 193 189 198 186 150 151 156 148 164 147 170 152 164 154 156 154 198 150 203 145 211 144 217 147 212 151 204 151 168 207 175 204 182 202 188 203 192 202 199 204 207 206 200 212 194 215 188 216 183 215 176 213 171 208 182 206 188 207 193 206 204 207 193 208 188 209 183 208
127 168 129 184 134 199 140 212 150 224 163 233 176 240 189 242 202 238 213 229 222 218 229 205 233 190 236 175 237 159 237 144 140 138 147 133 157 131 167 132 175 136 193 134 201 129 211 127 220 128 227 134 185 147 186 157 187 168 188 179 176 187 182 189 188 190 193 188 198 186 150 150 156 147 163 147 170 151 163 153 156 153 197 150 203 145 210 144 217 147 211 150 204 151 167 207 175 204 183 202 188 203 192 202 199 203 207 205 200 212 193 215 189 216 183 215 176 212 171 207 183 207 188 208 192 207 204 206 193 207 188 208 183 208
127 168 130 183 134 199 140 212 150 224 163 234 176 242 189 244 201 240 212 230 222 219 229 205 233 191 235 175 237 160 237 144 139 139 146 133 156 130 166 132 175 136 193 134 201 129 211 126 220 128 227 135 185 146 186 157 187 168 187 178 176 186 182 188 187 190 193 188 198 185 150 150 156 147 163 147 170 151 163 153 156 153 197 149 203 144 210 144 217 146 211 150 204 150 167 207 176 204 183 202 188 203 193 201 200 203 208 205 200 212 194 216 189 217 183 216 176 213 171 207 183 207 188 208 193 207 204 206 193 208 189 209 184 208
127 169 130 184 134 200 141 213 151 225 164 235 177 243 189 245 201 241 212 231 222 220 229 206 233 191 235 176 237 160 237 145 139 139 146 133 156 130 166 132 176 135 193 134 201 129 211 126 220 128 228 134 185 146 186 157 187 168 187 178 176 186 182 188 187 189 193 188 198 185 150 150 156 147 163 147 170 151 163 153 156 153 197 149 203 144 210 144 217 146 212 150 204 150 167 207 175 204 182 201 187 202 192 201 199 203 207 205 200 214 193 218 188 219 183 218 175 215 171 208 182 206 187 207 192 206 204 206 193 210 188 211 183 210
127 168 129 184 134 199 140 213 150 225 163 235 176 243 189 245 202 242 213 232 223 220 229 207 234 192 236 176 237 161 237 145 139 140 146 133 156 130 166 132 175 135 193 134 201 129 211 126 220 128 228 135 185 147 185 157 186 168 187 178 176 186 181 188 187 190 193 188 198 185 150 151 156 147 163 147 170 151 163 153 156 153 197 149 203 144 210 144 217 146 211 150 204 150 167 207 175 204 182 201 187 202 192 201 200 203 208 206 201 215 194 219 189 220 183 219 175 215 171 207 183 206 188 207 192 206 204 206 193 211 188 211 183 211
127 168 129 183 134 199 141 213 151 225 164 235 176 243 189 246 201 242 212 232 222 220 229 206 234 191 236 176 237 160 238 144 140 139 147 133 156 131 166 132 176 135 193 134 201 129 211 127 220 128 227 134 185 147 186 157 186 168 187 179 176 186 181 188 187 190 193 188 198 186 150 151 156 147 163 147 170 151 164 153 156 153 198 150 203 145 210 144 217 146 211 150 204 151 166 207 174 204 182 201 187 202 192 201 200 203 208 205 201 215 194 219 188 220 183 219 175 215 170 207 182 206 188 207 192 206 204 206 193 211 188 212 183 211
127 169 130 185 134 200 141 214 151 226 164 236 177 244 190 246 202 242 213 232 222 220 230 207 234 192 237 176 238 160 238 145 140 139 147 133 157 131 166 132 176 135 193 134 201 129 211 127 220 129 228 135 185 147 186 158 187 168 188 179 177 186 182 189 188 190 193 188 198 186 150 151 156 147 164 147 171 151 164 153 156 153 198 150 203 145 210 144 217 146 211 150 204 151 166 206 174 204 182 201 188 202 193 201 200 203 208 205 201 215 194 220 189 221 183 220 175 216 170 207 182 206 188 207 193 206 204 206 193 211 188 212 183 212
127 169 130 185 134 201 141 214 151 226 164 236 177 244 190 246 202 242 213 233 223 221 230 207 234 192 236 176 237 160 237 145 140 139 147 133 157 131 166 132 176 135 193 134 201 129 211 127 220 128 227 134 185 147 186 157 187 168 187 179 177 186 182 188 187 190 193 188 198 186 150 151 156 147 163 147 170 151 163 153 156 153 197 150 203 145 211 144 217 146 212 150 204 151 166 206 174 204 182 201 188 202 193 201 200 203 208 205 201 215 194 220 188 221 182 220 174 216 170 207 182 206 188 207 193 206 204 206 193 212 188 213 183 212
127 167 129 183 134 199 140 214 150 226 163 236 176 244 189 247 201 243 212 233 222 220 229 207 234 192 236 176 237 160 237 144 140 139 147 133 157 131 166 132 176 136 193 134 201 129 211 127 220 129 228 135 185 147 186 158 186 168 187 179 176 186 182 189 187 190 193 188 198 186 150 150 156 147 163 147 170 151 163 153 156 153 198 150 203 145 210 144 217 147 211 150 204 151 166 206 174 204 182 201 188 203 193 201 200 203 208 205 201 216 194 220 188 221 182 221 174 216 170 207 182 206 188 206 193 206 204 206 193 212 188 213 182 212
127 168 130 184 134 200 141 214 151 226 164 236 177 244 190 247 202 243 213 233 222 221 229 207 234 192 236 177 237 161 238 145 140 139 147 133 156 131 166 132 176 136 193 134 202 129 211 127 221 129 228 135 185 147 186 158 187 168 187 179 176 187 182 189 187 190 193 188 198 186 151 151 157 148 164 148 171 152 164 153 157 154 198 150 203 145 210 145 217 147 211 150 204 151 166 207 174 204 182 201 187 203 192 201 200 203 208 205 201 216 194 220 188 222 182 221 174 216 170 207 182 206 188 206 193 206 204 206 193 212 188 213 182 213
127 169 130 185 134 201 141 215 151 227 164 237 177 245 190 247 202 244 213 234 223 222 230 208 235 193 237 178 237 162 238 146 140 139 147 133 157 131 166 132 176 136 193 134 202 129 211 127 221 129 228 135 185 147 186 158 187 168 187 179 176 187 182 189 188 190 193 188 198 186 151 152 157 151 164 150 171 152 164 154 157 154 197 151 203 148 210 147 216 148 211 151 204 152 166 207 175 204 183 201 188 202 193 201 201 203 208 206 201 216 194 220 189 221 183 221 175 216 170 208 183 206 188 206 193 206 204 207 193 212 188 213 183 212
127 168 129 184 134 199 140 213 151 226 163 236 176 244 189 246 201 242 213 232 222 219 230 205 234 190 237 175 238 160 238 145 140 139 147 133 156 131 166 132 176 135 194 134 202 129 211 127 221 129 227 135 186 148 186 159 187 169 188 179 176 187 182 189 188 190 193 189 198 186 152 155 158 154 164 153 171 153 165 156 158 157 197 152 203 151 210 151 216 151 210 154 203 154 167 207 175 204 183 202 188 203 193 201 200 204 207 206 201 215 194 219 189 220 183 219 175 216 171 208 183 206 188 206 193 206 203 207 193 211 188 212 183 212
127 167 129 183 133 198 139 212 149 224 162 234 175 242 188 244 201 240 213 230 223 218 230 204 234 190 237 174 238 159 238 144 140 140 147 133 157 131 166 132 176 136 194 134 202 129 212 127 221 129 228 136 186 149 186 159 187 169 188 179 177 187 182 189 188 190 193 189 198 186 152 156 158 155 164 154 171 154 165 157 159 158 197 153 203 152 209 152 216 152 210 155 203 155 167 206 175 204 183 202 188 203 192 202 199 204 207 205 200 212 193 216 188 217 183 216 175 213 170 207 183 207 188 208 192 207 204 206 193 208 188 209 183 208
127 168 129 183 133 199 140 212 150 224 162 234 175 241 189 243 202 239 213 230 223 218 230 204 235 189 237 174 238 159 238 144 140 140 147 133 157 131 167 132 176 136 194 134 202 129 212 127 221 129 228 136 186 149 187 159 188 169 189 179 177 187 182 189 188 190 194 189 199 186 152 156 158 155 165 154 172 154 165 157 159 158 197 153 203 152 210 152 216 152 210 155 204 155 167 206 176 204 183 202 188 203 193 202 200 204 208 205 200 212 194 215 189 216 183 215 176 213 170 207 183 207 188 208 193 207 204 206 193 207 188 208 183 208
127 167 129 183 133 198 139 212 149 224 162 234 175 241 188 243 201 239 212 230 222 218 229 204 234 190 236 175 238 159 238 144 140 140 147 133 156 131 166 132 176 136 193 134 202 130 212 127 221 130 228 137 185 149 186 159 187 169 188 180 176 187 182 189 188 190 193 189 198 186 151 155 157 155 164 154 171 154 164 156 158 157 197 153 203 152 209 152 216 152 210 154 203 154 166 206 175 204 183 202 188 203 192 202 199 204 208 205 200 212 193 215 188 216 183 215 175 212 170 207 183 207 188 207 192 207 204 206 193 207 188 208 183 208
126 168 129 184 133 199 139 213 149 225 162 234 175 242 188 244 200 240 212 231 222 219 230 206 234 192 237 176 238 160 238 145 140 140 146 134 156 131 166 133 176 137 193 135 202 130 211 128 221 130 228 137 185 149 186 159 187 169 188 180 176 187 181 190 187 191 193 189 198 186 151 154 157 153 163 152 170 154 164 156 157 156 197 152 203 150 209 150 216 151 210 154 203 154 166 207 175 205 182 202 187 203 192 202 199 204 207 206 200 213 193 217 188 218 182 217 175 214 170 208 182 206 187 207 192 206 203 207 192 209 187 210 182 209
126 166 128 182 133 197 139 212 149 224 161 234 174 242 188 244 201 240 212 231 221 219 228 205 233 191 235 175 237 160 238 144 138 140 146 134 155 132 166 133 175 137 193 135 202 130 211 128 221 130 228 136 185 148 186 159 187 169 188 180 176 187 181 189 187 191 193 189 198 186 150 153 156 151 163 151 170 153 163 155 156 155 197 152 203 149 210 149 216 150 211 152 204 153 166 207 174 204 182 202 187 203 192 202 199 204 207 206 200 214 193 218 187 219 182 218 174 215 170 208 182 207 187 207 192 206 203 207 192 210 187 211 182 210
126 167 128 183 132 198 139 212 149 224 161 235 174 243 187 245 200 241 211 232 220 220 228 207 232 192 235 177 237 161 237 145 138 140 146 134 155 132 166 133 175 137 192 135 201 130 211 128 220 130 227 136 185 148 186 159 187 169 187 180 175 187 181 189 187 191 192 189 197 187 149 153 156 150 163 150 169 153 163 155 156 155 196 152 203 148 210 148 216 149 211 152 204 153 165 207 174 204 181 202 186 203 192 202 199 204 207 206 200 215 193 219 187 220 181 219 173 216 169 208 181 207 186 207 192 206 203 207 192 211 187 212 181 212
126 167 128 183 132 199 139 213 149 225 161 235 174 243 187 245 200 242 210 232 220 220 227 207 232 192 235 177 237 161 237 146 138 140 145 134 155 132 165 133 175 137 192 135 201 130 211 128 220 130 227 136 184 148 185 159 186 169 187 180 175 187 180 189 186 191 192 189 197 187 149 153 155 150 162 150 169 153 163 155 156 155 196 151 203 148 209 147 216 149 210 152 203 153 165 207 173 204 181 202 186 203 191 202 199 204 206 207 199 216 192 220 187 221 181 221 173 217 169 208 181 207 186 207 191 206 202 207 192 212 186 213 181 213
126 168 128 184 132 200 139 214 149 225 161 236 174 244 187 246 199 243 210 233 219 221 227 208 232 193 235 178 237 162 237 146 138 140 145 134 155 132 165 133 174 137 192 135 201 130 210 128 220 130 226 136 184 149 185 159 186 169 187 180 175 188 180 190 186 191 192 189 196 187 149 152 155 150 162 149 169 153 162 155 155 155 196 152 202 148 209 147 215 149 210 152 203 153 164 207 173 205 181 202 186 204 191 202 198 204 206 207 199 216 192 220 186 221 181 221 173 217 168 208 181 207 186 207 191 207 202 207 191 212 186 213 181 213
126 168 128 184 132 200 139 214 149 226 162 236 174 244 187 246 199 243 210 232 219 221 227 207 232 193 235 177 236 161 237 146 137 140 145 134 155 132 165 133 175 137 192 135 200 130 210 128 219 130 226 136 184 149 185 159 186 170 187 180 175 188 180 190 186 191 191 189 196 187 149 153 155 150 162 150 169 153 162 155 155 155 196 152 202 148 209 147 215 149 210 152 203 153 164 207 173 205 181 202 186 204 191 202 199 204 206 206 199 217 192 221 186 223 181 222 172 218 168 208 181 207 186 208 191 207 202 207 191 213 186 214 181 214
125 168 128 184 132 199 138 213 148 226 161 236 173 244 186 247 199 243 210 233 220 221 227 207 232 192 234 177 236 161 237 145 137 140 145 134 155 132 165 133 174 137 191 135 200 130 210 128 220 130 226 136 184 148 185 159 186 169 186 180 174 187 180 190 186 191 191 189 196 187 148 152 155 150 162 149 169 153 162 155 155 155 196 151 202 147 209 147 215 149 210 152 202 153 164 207 172 205 181 202 186 204 191 202 198 204 206 206 199 217 192 221 186 222 180 221 172 217 167 208 181 207 186 208 191 207 202 207 191 213 186 214 181 213
125 167 128 183 132 199 138 213 149 225 161 236 173 244 186 246 199 243 210 233 219 221 227 207 232 192 234 177 236 161 237 145 137 140 145 134 155 132 165 133 174 137 192 135 200 130 210 128 219 130 226 136 184 148 185 159 186 169 186 180 174 188 180 190 186 191 191 189 196 187 148 152 155 150 162 149 168 153 162 155 155 155 196 151 202 147 209 147 215 149 210 152 203 152 164 207 172 204 180 202 185 204 190 202 198 204 206 206 199 216 192 221 186 222 180 221 172 217 167 208 180 207 185 208 191 207 202 207 191 212 186 213 180 213
126 168 129 184 132 200 138 214 148 226 160 236 173 244 187 246 199 242 210 232 220 221 228 207 232 192 234 176 236 160 237 144 137 140 144 134 154 132 164 133 174 137 192 135 200 130 210 128 220 129 226 136 184 148 185 159 186 169 187 180 175 188 180 190 186 191 191 189 196 187 148 152 155 149 162 149 168 153 162 155 155 155 196 151 202 147 209 147 215 149 210 152 203 152 163 207 173 205 180 203 186 204 191 203 198 204 206 206 199 215 192 219 186 220 181 219 172 215 167 208 181 208 186 209 191 208 202 207 191 211 186 212 181 212
125 167 128 183 132 198 138 212 148 224 160 234 173 242 186 244 199 240 210 231 220 220 227 206 232 192 234 177 236 161 236 145 137 140 144 134 154 132 165 133 174 137 192 135 201 130 210 128 219 130 226 136 184 148 185 159 185 170 186 180 174 188 180 190 186 191 191 190 196 187 148 152 155 150 162 149 169 153 162 155 155 155 196 152 202 147 209 147 215 148 210 152 203 153 164 207 173 205 181 203 186 205 191 203 198 205 207 205 199 212 192 215 186 216 181 216 173 213 167 207 181 208 186 209 191 208 203 206 191 208 186 209 181 209
125 167 128 183 132 198 138 212 148 224 160 234 173 241 187 243 200 239 211 230 220 218 228 205 232 191 234 175 236 160 236 145 137 140 144 134 154 132 165 133 174 137 191 135 200 130 210 128 219 130 226 136 184 148 185 159 185 170 186 180 174 188 180 190 186 191 191 190 196 187 148 153 155 150 162 150 169 153 162 155 155 155 195 152 202 147 209 147 215 149 210 152 203 153 164 207 173 205 181 203 186 204 191 203 198 204 206 205 199 212 192 215 187 216 181 215 173 213 168 207 181 208 186 209 191 208 203 206 191 208 186 209 181 208
126 168 128 184 132 199 139 212 148 224 160 233 174 240 187 242 200 239 211 230 220 219 228 206 232 191 234 176 236 161 237 146 137 140 144 134 154 132 164 133 174 137 192 135 200 130 210 128 219 130 227 136 184 149 184 159 185 170 186 181 174 189 180 191 186 192 191 190 197 188 148 153 154 150 162 150 169 154 162 155 154 156 195 152 202 147 209 147 215 149 210 152 203 153 164 207 173 205 181 203 186 204 191 203 198 204 207 206 199 211 192 215 187 215 181 215 173 212 168 208 181 208 186 209 192 208 203 206 192 208 186 208 181 208
126 168 128 184 132 199 139 213 149 224 161 234 174 241 187 242 200 239 211 230 220 219 228 206 232 191 234 176 236 161 237 145 137 140 145 134 155 132 165 134 174 137 192 136 201 131 210 128 220 130 227 136 184 149 185 160 186 170 187 181 174 189 180 191 186 192 191 190 197 188 148 153 155 150 162 150 169 153 162 155 155 156 196 152 202 147 209 147 216 149 210 152 203 153 164 207 173 205 181 203 186 204 191 203 198 204 207 205 199 211 192 214 187 215 181 215 174 212 168 207 181 208 186 209 191 208 203 206 192 207 186 208 181 208
126 169 128 184 132 199 138 213 148 224 160 234 173 240 187 242 200 239 211 230 220 219 228 206 232 192 234 176 236 161 237 145 138 139 146 134 156 132 165 134 174 138 192 136 200 131 210 128 219 130 226 136 184 149 185 159 186 170 186 181 175 189 180 191 186 192 191 190 197 188 148 153 155 150 162 150 169 154 162 156 155 156 196 152 202 148 209 147 215 149 210 153 202 153 164 207 174 205 181 203 187 204 192 203 199 204 207 205 199 211 192 214 187 215 182 214 174 212 168 207 181 208 187 209 192 208 204 206 192 207 187 208 182 208
126 168 128 183 132 199 138 212 148 223 160 233 173 240 186 242 199 239 211 230 221 219 228 206 232 191 234 176 236 160 237 145 138 140 146 134 155 132 165 134 174 138 192 136 200 131 210 128 219 130 227 136 184 149 185 160 186 170 187 181 175 189 180 191 186 192 192 190 197 188 149 153 155 150 162 150 169 154 162 155 155 156 196 152 202 148 209 147 216 149 210 152 202 153 164 207 173 205 181 203 187 204 191 203 199 204 208 205 199 211 192 214 187 215 182 215 174 212 168 207 181 208 187 209 192 208 204 206 192 207 187 208 182 208
126 168 129 184 133 199 139 213 149 224 161 233 174 240 187 242 200 238 211 229 221 218 229 205 233 191 235 176 236 160 237 144 138 140 146 134 155 132 165 134 174 138 192 136 200 131 210 129 219 130 227 136 184 149 185 160 186 171 187 182 175 189 180 191 186 192 192 190 197 188 148 153 155 151 162 150 169 154 162 156 155 156 196 152 202 148 209 148 216 149 210 153 203 153 164 207 173 205 181 204 187 205 191 203 199 204 208 205 200 211 193 214 187 215 182 215 174 212 168 207 181 208 187 209 192 208 204 206 192 208 187 209 182 208
126 168 129 184 133 199 139 212 149 223 161 233 174 240 187 241 199 238 210 229 220 218 228 206 232 192 235 176 236 161 237 146 137 141 145 135 155 133 165 134 174 138 192 136 200 131 210 129 219 131 227 136 184 150 185 160 185 171 186 182 174 189 180 191 186 192 191 190 196 188 148 153 155 150 162 150 169 154 162 156 155 156 196 152 202 148 209 147 215 149 210 153 203 153 164 207 173 205 181 203 186 205 191 203 199 204 207 205 199 211 192 214 187 215 181 215 173 212 168 207 181 208 186 209 192 208 204 206 192 207 186 208 181 208
126 169 129 184 133 199 139 212 149 223 161 233 174 240 187 241 200 238 211 229 221 218 228 206 232 191 235 176 237 161 237 146 137 141 145 135 154 133 164 134 174 138 192 136 200 131 210 129 219 131 227 136 183 150 184 160 185 171 186 182 174 189 180 191 186 192 191 190 196 188 148 153 155 151 162 151 168 154 162 156 155 156 196 153 202 148 209 148 215 149 210 153 203 154 164 207 173 205 181 204 186 205 191 203 199 204 207 205 199 211 192 214 187 215 181 215 174 213 168 208 181 208 186 209 192 208 204 206 192 207 186 208 181 208
126 167 129 183 133 198 139 212 149 224 161 233 174 239 188 241 200 237 212 228 221 218 229 205 232 190 235 175 237 160 237 144 137 141 145 135 154 133 165 134 174 138 192 136 200 131 210 129 219 130 227 136 184 149 185 160 186 171 187 182 175 189 180 191 186 192 192 190 196 188 148 153 155 151 162 151 169 154 162 156 155 156 196 152 202 148 209 147 216 149 210 152 203 153 164 207 174 205 181 204 186 205 192 203 199 204 207 205 199 211 193 214 187 215 182 214 174 212 168 207 181 208 186 209 192 207 204 206 192 207 187 208 182 208
126 168 129 183 133 198 139 212 149 224 161 233 174 240 187 241 200 238 211 229 221 218 228 205 232 190 234 175 236 160 237 144 137 141 144 135 154 133 164 134 173 138 192 136 200 131 210 129 219 131 226 136 184 149 185 160 186 171 186 183 175 189 180 191 186 192 192 190 196 188 148 153 155 151 162 151 169 154 162 156 155 156 196 152 202 148 209 148 216 149 210 153 203 153 164 207 174 205 181 204 186 205 191 203 199 204 207 205 199 211 192 214 187 215 182 215 174 212 168 207 181 208 186 209 192 207 204 206 192 208 187 209 182 208
126 169 129 184 133 199 139 212 149 223 161 232 174 239 186 241 199 238 210 229 220 219 228 206 232 192 235 177 236 161 237 145 138 141 145 135 154 133 164 135 173 138 192 137 200 131 210 129 219 131 227 136 184 150 184 161 185 171 186 183 174 189 180 191 186 193 191 191 196 188 148 154 155 151 162 151 169 154 162 156 155 156 196 153 202 148 209 148 215 149 210 153 203 154 164 207 173 206 181 204 186 205 191 203 198 204 207 205 199 211 192 215 187 215 181 215 174 212 168 208 181 208 186 209 191 208 204 206 191 208 187 209 181 208
126 169 129 184 133 199 139 212 149 224 161 233 174 240 187 241 199 238 210 229 220 218 228 206 232 191 234 176 236 161 237 145 137 141 145 135 154 133 164 135 173 138 192 137 200 132 209 129 219 131 226 136 183 149 184 161 185 171 186 182 174 189 180 191 186 193 191 191 197 188 148 153 155 151 161 151 168 154 162 156 155 156 195 152 201 148 208 148 215 149 209 153 202 153 164 207 173 206 181 204 186 205 191 204 198 205 207 205 199 211 192 214 187 215 181 215 173 212 168 208 181 208 186 209 191 208 204 206 192 208 187 209 181 208
125 169 128 185 132 200 139 213 149 224 162 233 175 240 188 241 200 238 211 229 221 218 228 206 232 192 235 177 236 161 237 146 137 142 144 136 154 133 164 135 173 138 191 136 200 131 209 129 219 131 226 136 183 150 184 161 185 171 186 182 174 189 180 191 186 192 191 191 196 188 148 154 154 151 162 151 168 154 162 156 154 157 195 153 202 148 209 148 215 149 210 153 203 154 164 207 173 206 181 204 186 205 191 203 198 204 207 205 199 211 192 215 187 216 181 215 173 213 167 208 181 208 186 209 191 208 204 206 192 208 186 209 181 208
125 168 129 184 132 199 139 213 149 224 161 233 174 240 188 242 200 238 211 229 221 218 228 205 232 190 234 175 236 160 237 144 137 141 145 135 155 133 164 135 173 139 191 137 200 132 209 129 219 131 226 136 183 150 184 161 185 172 186 183 174 189 180 191 186 192 191 191 196 188 148 153 155 151 162 151 168 154 162 156 155 156 195 152 202 148 208 148 215 149 210 153 203 153 164 207 173 206 181 204 186 205 191 203 198 204 207 205 199 211 192 215 187 216 181 215 173 213 167 208 181 208 186 209 191 208 204 206 191 208 186 209 181 209
125 167 128 183 132 199 139 213 148 224 161 233 174 240 188 241 201 237 212 228 222 217 229 204 232 190 234 174 236 159 236 143 136 141 144 136 154 133 164 135 173 139 191 137 200 131 209 129 218 130 226 136 183 149 184 161 185 171 186 183 174 189 180 191 186 192 191 190 196 188 148 154 154 151 161 151 168 154 162 156 154 156 195 152 202 148 209 148 215 149 210 153 203 153 164 207 173 206 181 204 186 205 191 204 199 204 207 205 199 211 192 214 187 215 181 215 173 213 168 208 181 208 186 209 191 208 204 206 192 208 186 209 181 208
126 168 129 184 132 199 139 213 149 224 161 233 175 240 188 241 201 237 212 228 222 217 228 204 232 190 234 174 236 159 236 143 136 141 144 136 154 133 164 135 173 139 191 137 199 132 209 129 218 130 226 136 183 149 184 161 185 172 186 183 174 189 180 191 186 192 191 190 196 188 147 154 154 151 161 151 168 154 161 156 154 156 195 152 201 148 208 147 215 149 209 153 202 153 163 207 173 206 181 204 186 205 191 203 198 204 207 205 199 211 192 214 187 215 181 215 173 213 167 208 181 208 186 209 191 208 203 206 191 208 186 209 181 208
125 168 128 183 133 198 139 212 149 224 161 233 174 239 188 241 200 237 212 228 221 217 228 204 232 189 234 174 236 159 236 143 136 141 144 136 154 133 164 135 173 139 191 137 199 132 209 129 218 131 226 136 183 150 184 161 185 171 186 182 174 189 180 191 186 192 191 190 196 188 148 154 154 151 161 151 168 154 162 156 154 156 195 152 201 148 208 148 215 149 209 153 202 153 164 207 173 205 181 204 186 205 191 203 198 204 207 205 199 211 192 214 187 215 181 215 173 213 167 207 181 208 186 208 191 207 203 206 191 207 186 209 181 208
126 168 129 183 132 199 139 212 149 224 161 233 174 239 187 241 200 237 211 229 221 218 228 205 232 190 234 175 236 159 236 143 136 142 144 136 154 133 164 135 173 139 191 137 199 131 208 129 218 130 225 136 183 149 184 160 185 171 186 182 174 189 180 191 186 192 191 190 196 188 147 153 154 151 161 151 168 154 161 156 154 156 195 152 201 148 208 148 215 149 209 152 202 153 164 207 173 205 180 203 186 205 191 203 198 204 207 204 199 210 192 214 186 215 181 214 173 212 167 207 181 208 186 208 191 207 203 205 191 207 186 208 181 208
125 168 128 183 132 199 138 212 148 224 161 233 174 240 188 241 201 237 212 228 222 217 229 204 232 190 234 175 236 159 236 144 136 142 144 136 153 133 164 135 173 138 191 136 199 131 209 129 218 130 225 136 183 150 184 161 185 171 186 182 174 189 180 191 186 192 191 190 196 188 148 155 155 154 161 154 168 155 162 157 155 158 195 153 201 151 207 150 214 150 208 154 202 154 164 207 173 205 181 204 186 205 191 203 198 204 207 205 199 211 192 214 187 215 181 214 173 212 168 207 181 208 186 208 191 207 203 206 191 207 186 208 181 208
125 168 128 183 132 199 138 212 148 224 160 233 174 239 187 241 200 237 211 228 221 218 228 205 232 191 234 176 236 160 236 145 137 142 144 136 154 133 164 135 173 138 191 136 200 131 209 129 218 131 225 136 183 151 184 161 185 171 186 181 174 189 180 191 186 192 191 190 196 188 149 157 156 157 162 156 169 156 163 159 156 160 195 154 201 153 207 153 214 153 208 156 201 156 164 207 173 205 181 203 186 205 191 203 198 204 207 205 198 211 192 214 186 215 181 214 173 212 167 207 181 208 186 208 191 207 203 206 191 207 186 208 181 208
125 168 128 184 132 199 138 212 148 224 161 233 174 239 188 241 200 237 212 228 221 218 229 205 232 190 234 175 236 160 236 145 138 142 145 136 154 133 164 135 173 138 191 136 200 131 209 129 218 130 225 136 183 151 184 161 185 171 186 181 174 189 180 191 186 192 191 190 196 188 149 158 156 158 163 157 169 157 163 160 156 161 195 155 201 154 208 154 214 153 208 157 202 157 164 207 173 205 181 203 186 205 191 203 198 204 207 205 199 211 192 214 187 215 181 215 174 213 168 207 181 208 186 208 191 207 203 206 191 207 186 208 181 208
126 168 129 184 132 199 138 212 148 224 161 232 174 239 187 241 200 237 211 228 221 218 229 205 232 190 234 175 236 160 236 144 138 142 145 136 154 133 164 134 173 138 191 136 200 131 209 129 218 130 225 136 184 151 184 161 185 171 186 181 174 189 180 191 186 192 191 190 196 188 149 158 156 158 163 157 169 157 163 160 156 161 195 155 201 154 208 154 214 154 208 157 202 157 164 207 173 205 181 203 186 205 191 203 198 204 207 205 199 211 192 214 187 215 182 215 174 212 168 207 181 208 186 208 191 207 203 206 191 207 186 208 181 208
125 168 128 183 132 199 138 212 148 223 161 232 174 238 188 240 201 237 212 228 222 217 229 204 232 190 234 175 236 159 237 144 137 142 145 136 154 133 164 135 173 138 191 136 200 131 209 129 219 131 225 136 183 151 184 161 185 171 186 181 174 189 180 190 186 192 191 190 196 188 149 157 156 158 162 157 169 156 163 159 156 160 195 154 201 154 208 154 214 153 208 156 202 156 164 207 173 205 181 204 186 205 191 203 198 204 207 205 199 211 192 214 187 215 181 214 174 212 168 207 181 208 186 208 191 207 203 206 191 207 186 208 181 208
126 168 128 183 132 199 138 213 148 224 161 233 174 239 188 241 201 237 212 228 222 218 229 205 232 190 234 175 236 160 237 144 137 142 144 136 154 133 164 135 173 138 191 136 200 131 209 129 219 131 226 137 183 150 184 161 185 171 187 181 174 189 180 191 186 192 191 190 196 188 149 156 155 156 162 155 169 156 163 158 156 159 195 154 201 153 208 153 215 152 209 155 202 156 164 207 173 205 181 203 186 205 191 203 198 204 207 205 199 211 192 214 187 215 181 214 173 212 168 207 181 207 186 208 191 207 203 206 191 207 186 208 181 208
125 167 128 183 132 198 139 212 149 223 161 233 174 239 188 241 201 237 212 228 222 217 228 205 232 190 234 175 236 159 236 144 137 141 144 135 154 133 164 135 173 139 191 137 200 131 209 129 219 130 226 136 183 150 184 160 185 171 186 182 174 189 180 191 186 192 191 190 196 188 148 155 155 154 161 153 169 155 162 156 155 157 195 153 202 151 208 151 215 151 209 154 202 154 164 207 173 205 181 203 186 205 191 203 198 204 207 205 199 211 192 214 187 215 181 215 174 212 168 207 181 208 186 208 191 207 203 206 191 207 186 208 181 208
125 167 128 183 132 198 138 212 148 223 161 233 174 239 187 241 200 237 212 229 221 218 228 205 232 190 234 175 236 160 236 144 137 141 144 135 154 133 164 135 173 138 191 136 200 131 209 129 219 130 226 136 183 149 184 160 185 171 186 182 174 189 179 191 186 192 191 190 196 188 148 154 155 152 161 152 168 154 162 156 155 156 195 153 201 150 208 149 215 150 209 153 202 153 164 207 173 205 181 203 186 205 191 203 198 204 207 205 199 211 192 214 187 215 181 215 173 212 168 207 181 208 186 208 191 207 203 206 191 207 186 208 181 208
125 167 128 183 132 198 139 211 149 223 161 232 174 239 187 241 200 238 211 229 220 218 228 205 232 191 234 176 236 160 236 145 137 141 144 135 154 133 164 134 173 138 191 136 199 131 209 129 218 130 226 136 183 150 184 160 185 171 185 182 174 189 179 191 185 192 191 190 196 188 148 153 154 151 161 151 168 154 162 156 155 156 195 152 202 149 208 148 215 149 209 153 202 153 164 207 173 205 181 203 186 205 191 203 198 204 207 205 199 211 192 214 187 215 181 215 173 212 168 207 181 208 186 208 191 207 204 206 191 207 186 208 181 208
