127 190 130 205 134 220 141 233 151 243 162 251 175 258 187 259 199 255 210 246 219 235 225 223 229 208 231 193 232 178 232 163 137 164 143 158 152 155 162 156 171 160 188 157 196 152 205 149 214 150 222 156 181 170 182 180 183 191 184 201 173 208 178 210 184 211 189 209 194 207 147 174 153 171 160 170 167 174 161 176 153 176 193 172 199 167 206 166 212 168 207 171 200 172 165 226 172 224 179 222 184 223 189 221 196 222 204 224 197 230 190 234 185 235 180 234 173 232 168 227 179 226 184 226 189 225 201 224 190 226 185 227 180 227
127 190 130 205 134 219 140 232 150 243 162 251 174 258 187 259 199 255 209 247 218 236 225 223 229 209 231 194 232 179 232 164 136 164 143 158 152 155 162 156 171 160 188 157 196 152 205 149 215 150 222 156 180 170 182 180 183 191 184 201 173 208 178 210 184 211 189 209 194 207 147 174 153 171 160 170 167 174 160 176 153 177 193 172 199 167 206 166 212 168 207 171 200 172 164 226 172 224 179 222 184 223 189 222 196 223 204 224 197 230 190 234 185 235 180 234 173 232 168 227 179 226 184 227 189 226 201 225 190 226 185 227 180 227
127 191 130 206 134 221 141 233 150 243 162 252 174 258 187 259 198 256 209 248 218 237 225 225 229 210 231 195 232 180 232 165 136 164 143 158 152 155 162 156 171 160 188 157 196 152 205 149 215 150 222 156 181 170 182 180 183 191 184 201 173 209 178 210 184 211 189 209 194 207 147 174 153 170 160 170 167 174 161 176 153 177 193 172 199 166 206 165 212 168 207 172 200 172 164 227 173 224 179 222 184 223 189 222 196 223 204 224 197 230 190 234 185 235 180 234 173 232 168 227 180 226 184 227 189 226 200 225 189 226 185 227 180 227
127 191 130 206 134 220 140 233 150 243 162 252 174 258 187 260 199 256 209 247 218 236 225 224 229 210 231 195 232 179 232 165 136 164 143 158 152 155 162 156 171 160 188 158 196 152 205 149 215 151 222 156 181 170 182 180 183 191 184 202 173 209 178 210 184 211 189 209 194 207 147 174 153 171 160 170 167 174 161 176 153 177 193 172 199 167 206 166 212 168 207 172 200 172 164 227 173 224 179 222 184 223 189 222 196 223 204 224 197 231 190 234 185 235 180 234 173 232 168 227 179 226 184 227 189 226 201 225 190 226 185 227 180 227
127 191 130 206 134 220 141 233 150 243 162 252 175 258 187 259 199 256 209 247 218 237 225 224 229 210 231 195 232 180 232 165 136 164 143 158 153 155 162 156 171 160 188 158 196 152 205 150 215 151 222 156 181 170 182 180 183 191 184 201 173 209 178 210 184 211 189 209 194 207 147 174 153 171 160 170 167 174 161 176 153 177 193 172 199 167 206 166 212 168 207 172 200 173 164 227 172 224 179 222 184 223 189 222 196 223 204 224 197 231 190 234 185 235 180 234 173 232 168 227 179 226 184 227 189 226 201 225 189 227 185 228 180 227
127 190 130 205 134 220 140 233 150 243 162 252 174 258 187 259 199 256 209 247 218 236 225 223 229 209 231 194 232 179 232 165 137 164 143 158 153 155 162 156 171 160 188 158 196 152 205 150 214 151 222 156 181 170 182 180 183 191 184 201 173 209 178 210 184 211 189 209 194 207 147 174 153 170 160 170 167 174 161 176 153 176 193 172 199 167 206 166 212 168 207 172 200 172 164 227 172 224 179 222 184 223 189 221 196 223 204 224 197 231 190 234 185 235 180 234 173 232 168 227 179 227 184 227 189 226 201 225 189 226 185 227 180 227
127 190 130 205 134 220 140 232 150 243 162 251 174 258 186 259 198 256 209 247 217 236 224 224 228 210 230 195 232 180 232 165 136 164 143 157 153 155 162 156 171 160 187 158 196 152 205 150 215 151 222 156 181 170 182 180 183 191 184 201 173 208 178 210 184 211 189 209 194 207 147 174 153 170 160 170 167 174 160 176 153 176 193 172 198 167 205 166 212 168 207 172 199 172 164 226 172 224 179 222 184 223 189 222 196 223 204 224 196 231 190 234 185 235 179 234 172 232 167 227 179 226 184 227 189 226 200 225 189 226 184 227 179 227
126 190 129 205 133 220 140 232 150 243 162 252 174 258 187 259 199 255 209 247 218 236 224 223 228 209 230 194 232 179 232 164 136 164 143 158 152 155 162 156 171 159 188 157 196 152 205 149 215 151 222 156 181 170 182 180 183 191 184 201 173 208 178 210 184 211 189 209 194 207 147 174 153 170 160 170 167 174 160 176 153 176 193 172 198 166 205 165 212 168 207 171 199 172 164 226 172 224 179 222 184 223 189 221 196 223 204 224 197 230 190 234 185 235 180 234 173 232 167 227 179 226 184 227 189 226 200 225 189 226 185 227 180 227
127 190 129 205 133 219 140 232 150 243 162 252 174 258 187 259 199 255 209 246 218 235 225 223 228 209 230 194 232 179 232 164 137 163 143 157 153 155 162 156 171 159 188 157 196 152 205 149 215 151 222 156 181 169 182 180 183 191 184 201 173 208 178 210 184 211 189 209 194 207 147 174 153 170 160 170 167 174 160 176 153 176 193 172 198 166 205 166 212 168 206 171 199 172 164 226 172 224 179 222 184 223 189 221 196 223 204 224 196 230 190 233 185 234 180 234 173 231 168 226 179 226 184 227 189 226 200 225 189 226 184 227 179 227
127 190 129 204 133 219 140 232 149 243 161 251 174 258 187 259 199 255 209 246 218 235 225 223 228 209 230 194 232 179 232 164 136 163 143 157 153 155 162 156 171 159 187 157 196 152 205 149 214 150 222 156 181 169 182 180 183 190 184 201 173 208 178 210 184 211 189 209 194 207 147 173 153 170 160 170 167 174 160 175 153 176 192 171 198 166 205 165 212 168 206 171 199 172 164 226 172 224 179 222 184 223 189 221 195 223 204 224 196 230 190 233 185 235 180 234 173 232 168 226 179 226 184 227 189 226 200 224 189 226 184 227 180 227
127 190 129 205 133 219 140 232 150 243 162 252 174 258 187 259 199 255 209 247 218 236 224 223 228 209 230 194 232 179 232 164 136 163 143 157 152 155 162 156 171 159 188 157 196 152 205 149 214 150 222 155 180 169 182 180 183 190 184 201 173 208 178 210 184 211 189 209 194 207 147 173 153 170 160 170 167 174 160 175 153 176 192 171 198 166 205 165 211 168 206 171 199 172 164 226 172 224 179 222 184 223 189 221 196 223 204 224 196 230 190 233 185 234 180 234 173 232 168 226 180 226 184 227 189 226 200 224 189 226 184 227 180 227
126 191 129 206 133 221 140 234 150 244 162 252 174 258 187 260 199 256 209 247 217 236 224 224 228 210 230 195 231 180 232 165 136 163 143 157 152 155 162 156 171 159 188 157 195 151 205 149 214 150 221 155 180 169 181 180 182 190 184 201 173 208 178 210 184 211 189 209 194 206 147 173 153 170 160 170 166 174 160 175 153 176 192 171 198 166 205 165 212 167 206 171 199 172 164 226 172 224 179 222 184 223 188 221 195 222 204 223 196 230 190 234 185 235 180 235 173 232 167 226 179 226 184 227 188 226 200 224 189 226 184 227 180 227
126 190 129 205 133 220 140 233 150 244 162 253 175 259 187 261 199 257 209 247 218 236 225 223 228 209 230 194 232 179 232 163 136 164 143 157 152 154 162 156 171 159 187 157 196 151 205 148 214 150 221 155 180 169 182 179 183 190 184 201 173 208 178 209 184 211 189 209 194 206 147 173 153 170 160 170 167 173 160 175 153 176 192 171 198 166 205 165 211 167 206 171 199 171 163 225 172 224 179 221 184 222 188 221 196 222 204 223 197 231 190 235 185 236 180 235 172 232 167 226 179 226 184 226 189 225 200 224 189 227 184 228 179 228
126 190 129 205 133 220 140 233 150 244 162 253 174 260 187 261 198 257 209 248 218 236 225 223 229 209 231 194 232 179 232 164 136 164 142 157 152 154 162 156 171 159 187 157 195 151 205 148 214 150 222 155 180 169 181 180 182 190 183 201 172 208 178 209 183 211 189 209 194 206 147 173 153 170 160 169 166 174 160 175 153 176 192 171 198 166 205 165 211 167 206 171 199 171 163 225 172 224 179 222 184 222 188 221 196 222 204 222 197 231 190 236 185 237 180 237 172 234 167 226 179 225 184 226 189 225 201 223 189 229 184 230 180 229
127 190 129 205 133 220 140 233 150 244 163 253 175 260 187 261 199 257 209 248 218 236 225 223 229 209 231 194 232 179 232 164 136 163 143 157 152 154 162 155 171 159 187 156 195 151 205 148 214 150 221 155 180 169 181 179 182 190 184 200 173 207 178 209 184 210 189 208 194 206 147 173 153 170 160 169 166 173 160 175 153 176 192 171 198 166 205 165 211 167 206 171 199 171 163 225 171 224 179 222 184 222 189 221 196 222 205 221 197 231 190 235 185 237 180 236 172 233 166 226 179 225 184 225 189 224 201 223 190 229 185 230 180 230
127 190 130 205 134 219 140 232 150 243 162 252 175 259 187 260 199 256 209 247 218 236 225 223 228 209 230 194 232 179 232 164 136 163 143 157 152 154 162 155 171 158 187 156 196 151 205 148 214 149 222 155 180 168 181 179 182 189 183 200 172 207 178 209 183 210 189 208 194 205 147 173 153 170 160 169 166 173 160 175 153 175 192 171 198 166 205 165 211 167 206 170 199 171 163 225 172 223 179 221 184 222 188 221 196 222 204 221 197 230 190 234 185 236 180 235 172 232 167 226 179 225 184 225 189 224 201 223 189 228 184 229 180 229
127 189 130 204 134 218 140 231 150 242 162 251 174 258 187 259 199 255 209 246 218 235 225 222 228 208 230 193 232 178 232 163 136 163 142 157 152 154 161 155 170 158 188 156 196 151 205 148 214 149 222 155 180 169 181 179 182 190 183 200 172 207 178 209 183 210 189 208 194 205 147 173 153 170 160 169 166 173 160 175 153 175 192 170 198 165 205 165 211 167 206 170 199 171 164 224 172 223 179 221 184 222 188 220 195 221 204 221 197 229 190 233 185 234 180 234 173 231 168 225 179 224 184 225 189 224 201 223 189 226 185 227 180 226
127 189 130 203 133 218 140 231 149 241 161 250 174 256 186 258 198 254 209 245 218 234 225 222 228 208 230 193 232 178 232 163 136 163 143 156 152 154 162 155 171 158 188 156 196 150 205 148 215 149 222 155 180 168 181 179 182 189 183 199 172 207 178 208 183 209 189 207 194 205 147 173 153 169 160 169 166 173 160 174 153 175 192 170 198 165 205 165 211 167 206 170 199 171 164 224 172 222 179 220 184 221 188 220 195 221 204 221 196 228 190 231 185 232 180 232 173 229 167 224 179 224 184 225 189 223 200 222 189 224 184 225 179 224
127 189 130 204 134 219 140 232 150 242 162 251 175 258 187 259 199 256 209 246 218 235 225 222 228 208 230 193 232 178 232 163 136 163 143 156 152 154 162 154 171 158 188 155 196 150 205 148 214 149 222 155 180 168 181 179 182 189 183 199 172 206 178 208 184 209 189 208 194 205 147 172 153 169 160 169 167 173 160 174 153 175 192 170 198 165 205 165 212 167 206 170 199 171 165 225 173 222 179 220 184 221 189 219 196 221 204 222 197 230 190 233 185 234 180 234 173 231 168 225 180 225 184 225 189 224 200 223 189 225 185 226 180 226
127 189 129 204 133 219 140 232 150 243 162 253 174 259 186 261 198 257 209 248 218 236 224 223 228 209 231 194 232 178 232 163 136 162 143 156 152 153 162 154 171 158 188 156 196 150 205 148 214 149 221 155 180 168 181 179 182 189 183 199 172 206 178 208 183 209 189 207 194 205 147 173 153 170 160 169 166 173 160 175 153 175 192 170 198 166 205 165 211 167 206 170 199 171 165 226 172 223 179 220 184 221 188 220 195 222 203 224 196 232 190 236 185 237 180 236 173 233 169 226 179 225 184 225 189 224 199 225 189 228 184 229 180 228
127 187 129 202 133 217 139 231 149 242 160 252 173 259 185 260 198 257 208 248 217 236 224 223 228 209 230 193 232 178 232 163 137 163 143 156 152 154 162 155 171 158 187 156 196 151 206 148 215 150 222 156 181 169 182 179 183 189 183 199 172 206 177 209 183 210 189 208 194 205 148 175 155 174 161 173 167 174 161 176 155 176 192 172 198 170 204 170 210 170 205 172 198 173 165 226 173 223 179 221 184 222 188 220 195 222 202 224 195 231 189 235 184 236 179 235 173 233 169 226 179 225 184 225 188 225 198 225 189 227 184 228 179 228
127 188 129 203 133 217 139 231 149 242 160 252 172 258 185 260 198 256 208 247 217 236 224 223 228 209 230 194 232 179 232 164 137 163 143 156 152 154 162 155 171 158 187 156 196 151 206 148 215 150 221 156 181 169 182 179 183 189 184 199 172 206 178 208 184 210 189 208 194 205 149 176 155 175 161 174 167 174 161 177 155 178 192 172 198 171 204 171 210 171 204 173 198 174 164 225 172 223 179 221 184 222 188 220 195 222 202 223 195 230 189 233 184 234 179 234 173 232 168 226 179 225 184 226 188 225 199 224 188 226 184 227 179 226
126 188 129 203 133 218 139 231 149 242 160 251 173 258 186 259 198 256 208 247 217 236 224 223 228 208 230 193 231 178 232 163 137 163 143 156 152 154 162 155 171 158 188 156 196 151 206 148 215 150 222 156 180 169 182 179 183 189 184 199 172 207 178 208 184 210 189 208 194 205 148 174 154 173 160 172 167 174 161 176 154 176 192 172 198 169 204 169 211 169 205 172 199 173 164 226 172 223 179 221 184 222 188 220 195 222 203 224 196 230 190 233 184 234 179 234 172 232 168 226 179 225 184 226 189 225 199 224 189 226 184 227 179 226
126 189 129 204 133 219 139 232 149 242 161 251 173 258 185 260 197 256 208 248 217 237 224 224 228 210 230 195 232 179 232 164 136 162 143 156 152 153 162 155 171 158 187 156 196 151 205 148 215 150 222 155 180 169 181 179 182 189 183 199 172 207 177 209 183 210 189 208 194 206 147 173 153 171 160 170 166 173 160 175 153 175 192 171 198 168 204 167 211 169 205 171 199 172 164 226 172 223 179 221 183 222 188 220 195 222 203 224 195 231 189 234 184 235 179 234 173 232 168 226 179 225 184 225 188 224 199 225 188 226 184 227 179 227
127 189 130 204 133 219 140 232 149 243 161 252 173 258 186 259 198 256 208 247 217 236 224 224 228 210 230 195 232 179 232 164 137 162 143 156 152 154 162 155 171 158 188 156 196 151 205 148 214 149 221 155 180 168 181 179 182 189 183 200 172 207 177 209 183 210 189 208 193 205 147 173 153 170 160 170 166 173 160 175 153 175 192 171 198 167 204 166 211 168 205 171 199 171 164 226 172 223 178 221 183 222 188 221 195 222 203 224 196 230 189 233 184 234 179 233 172 231 168 226 179 225 183 226 188 225 199 225 189 226 184 227 179 226
127 189 129 204 133 218 140 232 150 243 161 252 173 258 186 259 198 256 209 247 217 236 224 223 228 209 230 194 232 178 232 163 136 162 143 156 152 153 162 155 171 158 187 156 196 151 205 148 215 149 222 155 180 169 181 179 182 190 183 200 172 207 177 209 183 210 189 208 194 206 147 173 153 170 160 169 167 173 160 174 153 175 192 171 198 166 205 165 211 167 206 171 199 171 164 226 172 224 179 222 183 223 188 221 195 222 203 223 196 230 189 233 184 234 180 234 173 231 168 226 179 226 184 227 188 225 199 224 188 226 184 227 180 226
126 189 129 204 133 219 139 232 149 243 161 252 173 259 186 261 198 257 208 248 217 237 224 224 228 209 230 194 232 179 232 163 137 162 143 156 153 153 162 155 171 158 187 156 196 151 205 148 215 149 222 155 180 168 181 179 182 189 183 200 172 207 177 209 183 210 189 208 193 206 147 173 153 170 160 169 166 173 160 174 153 175 192 171 198 166 205 166 211 167 206 171 199 171 164 226 172 224 179 222 183 223 188 222 195 223 203 223 196 231 189 234 185 236 180 235 172 233 168 227 179 227 184 227 188 226 200 224 189 227 184 228 179 228
126 188 129 203 133 218 139 232 149 243 160 253 173 260 186 262 198 258 209 249 218 237 225 223 229 209 231 193 232 178 232 163 137 162 143 156 152 153 162 155 171 158 187 156 196 151 205 148 215 150 222 156 180 169 181 179 182 189 183 200 172 207 177 209 183 210 188 208 193 205 148 174 154 173 160 172 167 173 161 175 154 176 192 171 198 169 204 168 211 169 205 172 199 172 163 226 171 224 178 221 183 222 188 221 195 222 203 224 196 232 189 236 184 237 179 237 172 234 167 227 178 226 183 226 188 225 200 225 188 229 184 230 179 229
127 188 129 204 133 219 140 232 149 244 161 253 173 260 186 262 198 259 209 249 218 238 225 224 229 209 231 194 232 179 233 163 138 162 144 156 153 153 162 155 171 158 188 155 196 151 206 148 215 150 221 155 181 169 181 179 182 189 183 199 172 207 177 209 183 210 188 208 193 205 149 176 155 176 161 174 168 175 162 177 156 178 192 173 198 172 204 172 210 171 204 174 198 174 163 226 171 223 178 221 183 222 188 220 195 222 203 224 196 233 189 237 184 238 179 238 171 235 167 227 178 225 183 225 188 224 200 225 189 229 184 230 179 230
127 188 129 204 133 219 140 232 149 243 160 253 173 260 185 262 197 258 208 249 217 238 224 224 228 210 230 195 232 179 232 164 137 162 144 156 152 154 162 155 171 158 188 156 196 151 206 148 215 150 221 156 181 170 181 180 182 189 183 199 172 207 177 209 183 210 189 208 193 206 149 177 155 177 161 175 168 175 162 178 155 179 192 173 198 173 204 172 210 172 204 175 198 175 163 226 171 223 178 221 183 222 188 221 195 222 203 224 196 233 189 237 184 238 179 238 171 234 166 226 178 225 183 225 188 224 199 225 188 230 184 231 179 230
127 188 129 203 133 218 140 232 149 243 161 252 173 259 185 261 198 257 208 248 217 237 224 224 229 209 231 194 232 179 233 164 137 163 144 156 152 154 162 155 171 158 188 156 196 151 206 149 215 150 222 156 181 170 182 180 182 190 183 200 172 207 177 209 183 210 189 208 193 206 149 177 155 176 161 175 167 175 162 178 155 179 192 173 198 172 204 172 211 172 205 175 198 175 163 226 171 224 178 221 183 222 188 221 195 222 203 224 196 232 189 236 184 237 179 237 171 234 167 227 178 225 183 225 188 224 199 225 188 229 184 230 179 230
127 188 129 203 133 218 139 231 149 243 160 252 173 259 186 261 198 257 209 248 218 237 225 223 229 209 231 194 232 179 232 164 137 163 143 156 152 154 162 155 171 159 188 157 196 152 206 149 215 151 222 157 180 170 181 180 182 190 183 200 172 207 177 209 183 211 189 209 194 206 148 175 154 174 160 173 167 175 161 177 154 177 192 173 198 171 205 171 211 171 205 173 199 174 163 226 171 224 178 222 183 223 188 221 196 222 204 223 197 231 190 235 184 236 179 236 172 233 167 227 179 225 184 225 189 224 200 224 189 229 184 230 179 229
127 189 130 204 134 219 140 232 150 243 162 253 174 260 186 261 198 258 208 249 218 238 225 224 229 210 231 195 232 180 232 165 137 163 143 157 152 154 162 156 171 159 188 157 196 152 206 149 215 151 222 157 180 169 181 180 182 190 183 201 172 208 178 210 183 211 189 209 194 206 148 174 154 172 160 171 166 174 160 175 154 176 192 172 198 169 205 168 211 169 206 172 199 173 163 226 172 224 179 222 184 223 188 221 196 223 204 224 197 232 190 235 185 237 179 236 172 233 167 227 179 225 184 225 189 224 201 224 189 229 184 230 179 229
127 190 130 205 134 220 140 233 150 244 161 253 174 259 186 261 198 257 208 249 218 238 225 225 229 210 231 195 232 180 232 165 136 164 143 157 152 155 162 156 171 159 188 158 196 152 206 150 215 151 222 157 180 170 181 180 182 191 183 201 172 208 177 210 183 212 189 210 194 207 147 174 153 171 160 171 167 174 160 176 153 176 192 172 198 168 205 167 211 169 206 172 199 173 163 226 171 224 178 222 183 223 188 222 196 223 204 224 197 232 190 236 184 237 179 236 172 233 167 227 178 226 183 226 189 225 201 225 189 229 184 230 179 229
127 190 130 205 133 220 140 233 150 244 161 253 173 260 186 261 198 257 208 248 217 237 224 224 228 210 230 195 232 180 232 165 136 164 142 158 152 155 162 156 171 160 188 158 196 152 206 150 215 151 222 157 180 170 181 181 182 191 183 202 172 209 177 211 183 212 189 210 194 207 147 174 153 171 160 171 167 174 160 176 153 177 192 172 198 168 205 167 211 169 206 172 199 173 163 226 172 225 179 223 183 224 188 222 195 224 204 224 196 231 190 235 184 236 179 235 172 233 167 227 179 227 183 227 188 226 200 225 189 228 184 229 179 228
127 188 129 203 133 218 140 231 150 242 161 252 173 259 185 260 198 257 208 248 217 237 224 224 228 210 230 195 232 179 232 164 136 164 143 157 152 155 162 156 171 160 188 158 196 153 205 150 215 151 222 157 180 170 181 181 182 191 183 202 172 209 177 211 183 212 189 210 194 207 147 174 153 171 160 170 166 174 160 176 153 176 192 172 198 168 205 167 211 169 206 172 199 173 163 226 171 225 178 223 183 224 188 222 195 224 204 224 196 231 189 235 184 236 179 235 172 232 166 227 178 227 183 228 188 227 200 225 189 227 184 228 179 228
127 189 130 204 133 219 140 232 149 243 161 252 173 259 185 261 197 257 208 249 217 238 224 225 228 211 231 196 232 181 232 165 136 164 143 157 152 155 162 156 171 159 188 158 196 152 205 150 215 151 222 157 180 170 181 180 182 191 183 202 172 208 177 210 183 212 188 210 193 207 147 174 153 171 160 170 167 174 160 176 153 176 192 172 198 167 205 167 212 169 206 172 199 173 163 226 171 225 178 223 183 223 188 222 195 223 203 224 196 231 189 235 184 236 179 235 172 233 167 227 178 227 183 228 188 227 200 225 188 227 184 228 179 228
127 189 129 204 133 219 139 232 149 243 160 253 173 260 185 262 197 258 208 249 217 238 224 225 228 210 230 195 232 180 232 164 136 163 143 157 152 154 162 156 171 159 188 157 196 152 205 150 215 151 222 157 180 169 181 180 182 191 183 201 172 208 177 210 183 211 188 209 193 207 147 173 153 170 160 170 166 174 160 175 153 176 192 172 198 167 205 166 211 168 206 172 199 173 163 226 171 224 178 222 183 223 188 222 195 223 204 224 196 233 189 237 184 238 179 237 171 234 166 227 178 226 183 227 188 226 200 225 189 229 184 230 179 230
126 190 129 205 133 220 140 233 149 244 161 254 173 261 185 263 197 259 207 250 216 239 223 226 227 211 230 196 232 181 232 166 136 163 143 157 152 154 162 156 171 159 187 157 196 152 205 150 215 151 222 157 180 170 181 180 182 191 183 201 172 208 177 210 183 211 188 209 193 207 147 173 153 170 160 169 166 174 160 175 153 176 192 172 198 167 205 166 211 169 206 172 199 172 163 226 171 224 178 222 183 223 188 222 195 223 203 224 196 235 189 239 184 240 178 240 171 236 166 227 178 226 183 226 188 226 200 226 189 232 184 232 178 232
126 190 129 205 133 220 140 234 149 245 161 255 173 262 185 264 197 260 207 251 216 239 223 226 227 212 230 197 232 181 232 166 136 164 142 157 152 155 162 156 171 159 187 158 196 152 205 150 215 151 222 157 180 170 181 180 182 191 182 201 172 208 177 210 182 211 188 209 193 207 147 174 153 171 159 170 166 174 160 176 153 176 192 172 198 168 204 167 211 169 205 172 198 173 162 226 170 224 178 222 183 223 187 222 195 223 203 225 196 235 189 239 184 240 178 240 170 236 166 227 178 226 183 226 188 226 199 226 188 232 183 233 178 232
127 190 129 205 133 220 140 233 150 245 161 254 173 262 185 264 197 260 207 250 216 239 223 226 228 211 230 196 232 181 232 166 136 163 142 157 152 154 162 156 171 159 187 157 195 152 205 150 214 151 222 157 180 170 181 180 181 190 182 201 172 208 177 210 182 211 188 209 193 207 147 174 153 171 159 170 166 174 160 176 153 176 192 172 198 168 204 167 211 169 205 172 198 173 162 226 170 224 178 222 183 223 188 222 195 223 203 225 196 235 189 239 184 240 178 240 171 236 166 227 178 226 183 227 188 226 199 226 188 232 183 232 178 232
126 189 129 204 132 219 139 232 148 243 160 253 172 260 184 262 196 258 206 249 216 238 223 225 228 211 230 196 232 181 232 166 136 163 142 157 152 155 161 156 170 159 187 157 196 152 205 150 215 151 222 157 180 170 181 180 181 190 182 201 171 208 176 210 182 211 188 210 192 207 147 174 153 171 159 171 166 174 160 176 153 177 192 172 198 168 204 167 211 169 205 172 198 173 162 226 171 225 178 222 182 223 187 222 195 223 203 224 195 232 189 236 183 237 178 237 171 234 166 227 178 226 183 227 187 226 199 225 188 229 183 230 178 230
126 189 129 203 132 218 139 231 148 243 159 252 172 259 184 260 196 257 207 248 216 238 224 225 228 211 230 196 232 180 232 165 135 164 142 157 152 154 162 156 171 159 187 158 196 152 205 150 215 151 222 157 180 170 181 180 182 191 183 201 171 208 177 210 182 211 188 210 193 207 146 174 152 171 159 171 166 174 159 176 152 176 192 172 197 168 204 167 211 169 205 172 198 173 162 226 171 224 178 222 183 223 187 222 195 223 203 224 195 231 189 234 184 235 178 235 171 232 166 226 178 227 183 227 188 226 200 225 188 227 183 228 178 228
126 188 129 203 132 217 139 231 148 242 159 251 172 258 184 260 196 256 207 248 216 237 224 225 228 210 230 195 232 180 232 165 136 163 142 157 152 154 162 156 171 159 187 158 195 152 205 150 215 151 222 157 180 170 181 180 182 191 183 201 171 208 177 210 182 212 188 210 193 207 146 174 152 171 159 171 166 174 159 176 152 176 192 172 197 168 204 167 211 169 205 173 198 173 162 225 171 224 178 222 183 224 187 222 195 223 203 223 195 230 189 234 183 235 178 234 171 232 165 226 178 227 183 227 188 226 200 225 188 227 183 228 178 227
126 189 129 204 133 219 139 232 148 243 159 252 172 259 184 260 197 257 207 248 217 237 224 225 228 211 230 196 232 180 232 165 135 163 142 157 152 154 161 156 170 159 187 158 196 152 205 150 215 151 222 157 180 170 181 180 182 191 183 201 171 208 177 210 183 211 188 210 193 207 146 174 152 171 159 171 166 174 159 176 152 176 192 172 198 168 205 167 211 169 205 172 199 173 162 226 171 224 178 222 183 223 187 222 195 223 203 224 195 230 188 234 183 235 178 234 171 232 165 226 178 227 183 227 188 226 200 225 188 227 183 228 178 227
126 188 129 203 133 218 139 231 148 243 159 252 172 259 185 260 197 257 208 248 217 238 224 225 228 211 230 196 232 181 232 165 136 163 143 157 152 155 162 156 171 159 187 158 196 152 205 150 215 151 222 157 180 170 181 180 182 191 183 202 171 208 177 210 183 212 188 210 193 207 147 174 153 171 159 171 166 174 160 176 153 176 192 172 198 168 205 168 211 169 205 173 199 173 162 226 171 225 178 223 183 224 187 222 195 223 203 224 196 231 189 234 184 235 178 235 171 232 166 226 178 227 183 228 188 227 200 225 188 227 183 228 178 228
127 189 129 204 133 219 139 232 149 243 160 253 172 259 185 261 197 257 207 249 216 238 223 225 228 211 230 196 232 181 232 165 136 163 143 157 152 155 162 156 171 160 188 158 196 152 205 150 215 151 222 157 180 170 181 181 182 191 183 202 171 209 177 210 183 212 188 210 193 208 147 174 153 171 160 171 166 174 160 176 153 177 192 173 198 168 204 168 211 169 206 173 199 174 162 226 171 225 178 223 183 224 188 222 195 224 204 224 196 231 189 234 184 235 178 235 171 232 166 227 178 227 183 228 188 227 200 225 188 227 183 228 178 228
127 189 129 204 133 219 139 232 149 243 160 252 172 259 185 261 197 257 208 249 217 238 224 225 228 211 230 196 232 180 232 165 136 163 143 157 152 155 162 156 171 160 187 158 196 153 205 150 215 152 222 157 180 170 181 181 182 191 183 202 171 209 177 211 183 212 188 210 193 208 147 174 153 172 160 171 166 175 160 176 153 177 192 173 198 168 205 168 211 169 206 173 199 174 163 226 171 225 178 223 183 224 188 223 195 224 204 224 196 231 189 234 184 235 179 235 171 232 166 227 178 228 183 228 188 227 200 225 188 227 183 228 179 228
127 188 129 203 133 218 139 232 149 243 160 252 173 259 185 261 197 257 208 248 217 237 224 224 228 211 230 196 232 180 232 165 136 164 143 157 152 155 162 156 171 160 187 159 196 153 205 151 215 152 222 158 180 170 181 181 182 191 183 202 171 209 177 211 183 212 188 210 193 208 147 174 153 171 160 171 166 174 160 176 153 177 192 173 198 169 205 168 211 170 206 173 199 174 163 227 171 225 178 223 183 224 188 223 195 224 204 224 196 231 189 234 184 235 179 235 172 233 166 227 178 228 183 228 188 227 200 225 188 227 184 229 179 228
127 189 129 204 133 219 140 232 150 243 161 253 173 259 186 261 198 257 208 248 217 237 224 225 228 211 231 196 232 181 232 166 136 164 143 158 152 155 162 157 171 160 187 159 196 153 205 151 215 152 222 158 180 170 181 181 182 192 183 202 172 209 177 211 183 212 188 210 193 208 147 174 153 172 160 171 166 175 160 177 153 177 192 173 198 169 205 168 211 170 206 173 199 174 163 227 171 226 178 224 183 225 188 223 195 224 204 224 196 231 190 234 184 236 179 235 172 233 166 227 179 228 183 229 188 227 200 225 189 228 184 229 179 228
127 190 129 205 133 220 140 233 150 243 161 253 174 260 186 261 198 257 208 249 217 238 224 225 228 211 230 196 232 181 232 166 136 164 143 157 152 155 162 157 171 160 187 159 196 153 205 151 215 152 222 158 180 171 181 181 182 192 183 202 172 209 177 211 183 212 188 210 193 208 147 174 153 172 160 171 166 175 160 177 153 177 192 173 198 169 205 168 211 170 206 173 199 174 163 227 171 226 178 224 183 225 188 223 195 224 204 224 196 231 190 235 184 236 179 235 172 233 167 228 179 228 183 229 188 227 200 225 189 228 184 229 179 228
127 190 130 205 133 220 140 233 150 244 162 253 174 260 187 261 198 258 209 249 217 238 224 225 228 211 231 196 232 181 232 166 136 164 143 158 152 155 162 157 171 160 188 159 196 153 205 151 215 152 222 158 180 171 181 181 182 192 183 202 172 209 177 211 183 212 188 210 193 208 147 174 153 172 160 171 166 175 160 177 153 177 192 173 198 169 205 168 211 170 206 173 199 174 163 227 172 226 179 224 184 225 188 223 196 224 204 224 197 231 190 235 185 236 180 236 172 233 167 228 179 228 184 228 189 227 201 225 189 228 184 229 179 229
127 189 129 204 133 219 140 232 150 243 161 253 173 259 186 261 198 257 208 249 217 238 224 225 228 211 231 196 232 180 232 165 136 164 143 157 152 155 162 157 171 160 188 158 196 153 206 150 215 152 222 158 180 170 181 181 182 191 183 202 172 209 177 211 183 212 188 210 193 208 147 174 153 171 160 171 166 175 160 177 153 177 192 173 198 169 205 168 212 170 206 173 199 174 163 227 171 225 178 224 183 225 188 223 195 224 204 224 196 231 190 235 184 236 179 235 172 233 167 227 179 228 183 228 188 227 200 225 189 228 184 229 179 228
127 189 130 204 134 219 140 232 150 243 161 252 174 259 186 261 198 258 208 249 217 238 224 225 228 211 231 196 232 180 232 165 137 163 143 157 152 155 162 156 171 160 188 158 196 153 206 150 215 152 222 158 180 170 181 181 182 191 183 202 172 209 177 211 183 212 188 210 193 208 147 174 153 171 160 171 166 174 160 176 153 177 192 173 198 169 205 168 212 169 206 173 199 174 163 226 172 225 179 223 183 224 188 223 195 224 204 224 196 231 189 234 184 235 179 235 172 232 167 227 179 227 184 228 188 227 200 225 189 228 184 229 179 228
127 188 129 203 133 218 140 231 149 243 161 252 173 259 186 261 198 257 208 248 217 237 224 225 228 211 230 196 232 180 232 165 136 163 143 157 152 155 162 156 171 160 188 158 196 153 205 150 215 151 222 157 180 170 181 181 182 191 183 202 172 209 177 211 183 212 188 210 193 207 147 174 153 171 160 171 166 174 160 176 153 177 192 173 198 169 205 168 211 169 206 173 199 174 164 226 172 225 178 223 183 224 188 222 195 223 203 224 196 230 189 234 184 235 179 235 172 232 167 227 179 227 183 228 188 227 200 225 189 227 184 228 179 228
127 188 130 204 133 218 140 232 149 243 161 252 173 259 186 260 198 257 208 248 217 237 224 224 228 210 231 195 232 180 232 165 136 163 143 157 152 155 162 156 171 160 188 158 196 153 205 150 215 151 222 157 180 170 181 181 182 191 183 202 172 209 177 211 183 212 188 210 193 207 147 174 153 171 160 171 166 175 160 176 153 177 192 173 198 169 205 168 212 169 206 173 199 174 163 226 171 225 178 223 183 224 188 222 195 223 204 224 196 230 189 234 184 235 179 234 172 232 167 227 178 227 183 228 188 227 200 225 189 227 184 228 179 228
127 188 129 203 133 218 140 231 149 242 161 252 173 259 185 260 197 257 208 248 217 237 224 224 228 210 230 195 232 179 232 164 136 163 143 157 152 155 162 156 171 160 188 158 196 153 206 150 215 151 222 157 181 170 182 181 182 191 183 202 172 209 177 210 183 212 188 210 193 207 147 174 153 171 160 171 167 175 160 176 153 177 192 173 198 168 205 168 211 169 206 173 199 174 163 226 172 225 179 223 183 224 188 222 195 223 203 224 196 231 189 234 184 235 179 235 172 232 167 227 179 227 183 228 188 227 200 225 189 227 184 228 179 228
127 189 130 204 133 219 140 232 149 243 161 252 173 259 185 260 197 257 208 249 217 238 224 225 228 211 231 196 232 181 233 165 137 164 143 157 152 155 162 156 171 160 188 158 196 153 206 150 215 151 222 157 181 170 182 181 182 191 183 202 172 209 177 211 183 212 189 210 194 207 147 174 154 172 160 171 167 175 160 177 154 177 193 173 198 169 205 168 212 169 206 173 199 174 164 226 172 225 179 223 183 224 188 222 195 223 204 224 196 231 190 234 184 235 179 234 172 232 167 227 179 227 184 228 189 226 200 225 189 227 184 228 179 228
127 188 130 204 133 218 140 231 149 243 161 252 173 258 185 260 197 257 208 248 217 237 224 225 228 210 231 195 232 180 233 165 137 164 144 158 153 155 162 156 171 160 188 158 197 153 206 150 216 152 222 158 181 171 182 181 183 191 183 201 172 209 177 210 183 212 189 210 194 207 149 176 155 175 161 174 168 176 162 178 155 178 192 174 198 172 205 171 211 171 205 174 199 175 164 226 172 225 179 223 184 224 188 222 195 223 204 224 196 230 189 234 184 235 179 234 172 232 168 227 179 227 184 228 189 226 200 225 189 227 184 228 179 228
127 189 129 204 133 219 139 232 149 243 161 252 173 259 185 260 198 257 208 248 217 237 225 225 229 210 231 195 233 180 233 165 138 164 144 157 153 155 163 156 171 160 189 158 197 153 207 150 216 152 222 158 181 172 182 182 183 191 184 201 172 209 178 210 184 212 189 210 194 207 150 178 156 177 162 176 168 177 163 179 156 180 192 175 198 174 204 173 211 173 205 176 199 177 164 227 172 225 179 223 184 224 188 222 195 224 203 225 196 231 190 234 185 235 180 235 173 232 168 227 179 227 184 228 189 227 200 226 189 227 184 228 180 228
127 189 130 204 133 219 140 232 149 243 160 252 173 259 185 260 197 257 208 248 217 237 224 225 229 211 231 195 233 180 233 165 138 164 144 157 153 155 163 156 172 160 188 158 197 153 206 150 215 152 222 158 181 171 182 181 183 191 184 202 172 209 178 211 184 212 189 210 194 207 149 176 155 175 162 174 168 176 162 178 156 178 193 174 199 172 205 172 212 172 206 175 200 175 164 227 172 225 179 223 184 224 189 223 196 224 203 225 196 231 190 234 185 235 179 235 172 232 168 227 179 227 184 228 189 227 200 225 189 227 184 228 179 228
127 189 130 204 133 219 140 232 149 243 161 252 173 259 186 261 198 257 208 249 217 238 224 225 228 211 231 196 232 181 233 165 137 164 144 157 153 155 163 156 172 160 188 158 197 153 206 150 216 152 223 158 181 170 182 181 183 191 184 202 173 209 178 211 184 212 189 210 194 208 148 175 154 173 161 172 167 175 161 176 154 177 193 173 199 170 206 169 212 170 206 173 200 174 164 226 172 225 179 223 184 224 189 223 196 224 204 225 197 231 190 234 185 235 180 235 173 232 168 227 179 227 184 228 189 227 200 225 189 228 184 229 180 228
127 189 130 204 134 219 140 232 150 243 161 252 173 259 186 261 198 257 208 249 217 238 224 225 229 211 231 196 232 181 233 166 137 164 144 157 153 155 163 156 172 160 189 158 197 153 206 150 216 152 222 158 181 170 182 181 183 191 184 202 172 209 178 211 184 212 189 210 194 208 148 174 154 171 161 171 167 175 161 176 154 177 193 173 199 169 206 168 212 170 207 173 200 174 164 227 172 225 179 223 184 224 189 223 196 224 204 225 197 231 190 235 185 236 180 235 173 233 167 227 179 227 184 228 189 227 201 225 189 228 184 229 180 229
127 189 130 204 134 219 140 232 150 243 161 252 173 259 186 261 197 257 208 248 217 238 224 225 229 211 231 196 233 180 233 165 137 164 144 157 153 155 163 157 172 160 188 159 197 153 206 150 216 152 223 158 181 170 182 181 183 191 184 202 173 209 178 211 184 212 189 210 194 208 148 174 154 171 161 171 167 175 161 176 154 176 193 173 199 168 206 167 212 169 207 173 200 173 164 227 172 225 179 224 184 225 189 223 196 224 204 224 197 231 190 235 185 236 180 236 173 233 167 227 179 228 184 228 189 227 200 225 189 228 184 230 180 229
128 189 130 204 134 219 140 232 150 243 161 252 174 260 186 261 198 258 208 249 217 238 225 225 229 211 231 195 233 180 233 165 137 164 144 157 153 155 163 156 172 160 189 158 197 153 207 150 216 152 223 158 181 170 182 181 183 191 184 202 173 209 178 211 184 212 189 210 194 208 148 174 154 171 161 171 167 174 161 176 154 177 193 173 199 168 206 167 212 169 207 173 200 173 164 227 172 226 180 224 184 225 189 223 196 224 204 224 197 231 191 235 185 236 180 236 173 233 168 227 180 228 184 229 189 227 201 225 190 228 185 230 180 229
127 189 130 204 134 219 140 232 150 243 161 252 174 259 186 261 198 257 208 249 217 238 225 225 229 211 231 195 233 180 233 165 137 164 144 158 154 155 163 157 172 160 188 159 197 153 206 150 216 152 223 157 181 170 182 181 183 191 184 202 173 209 178 211 184 212 189 210 194 208 148 174 154 171 161 170 167 175 161 176 154 177 193 173 199 168 206 167 213 169 207 173 200 173 164 227 173 226 180 224 184 225 189 223 196 224 204 224 197 231 191 235 185 236 180 236 173 233 168 227 180 228 184 229 189 227 201 225 190 228 185 230 180 229
127 188 130 203 134 218 140 232 150 243 161 253 173 260 186 261 198 258 209 249 218 238 225 225 229 211 231 196 233 180 233 165 137 164 144 158 153 155 163 157 172 160 189 158 197 153 207 150 216 152 223 158 181 170 182 181 183 192 184 202 173 209 178 211 184 212 189 210 194 208 148 174 155 171 161 170 168 174 161 176 154 176 193 172 199 168 206 167 212 169 207 172 200 173 164 227 172 226 180 224 184 225 189 223 196 224 204 224 197 231 190 235 185 236 180 236 173 233 168 228 180 228 184 229 189 227 200 225 189 229 185 230 180 230
127 189 130 204 134 219 141 232 150 243 162 253 174 260 187 261 199 257 209 249 218 238 225 225 229 211 232 196 233 181 233 165 137 164 144 157 153 155 163 156 172 160 188 158 197 153 206 150 216 152 223 158 181 170 182 181 183 191 184 202 173 209 178 211 184 212 189 210 194 208 148 174 154 170 161 170 167 175 161 176 154 176 194 173 199 168 206 167 213 169 207 172 200 173 164 227 172 225 179 224 184 225 189 223 196 224 204 224 197 231 191 235 185 236 180 236 173 233 167 227 179 228 184 228 189 227 201 225 190 229 185 230 180 230
127 189 130 204 134 218 140 232 150 243 161 253 173 260 186 261 198 258 208 249 218 238 225 225 229 211 231 195 233 180 233 165 137 164 144 157 154 155 163 156 172 160 189 158 197 153 206 150 216 152 223 158 181 170 182 181 183 192 184 202 173 209 178 211 184 212 189 210 194 208 148 174 154 170 161 170 168 175 161 176 154 176 194 173 199 168 206 167 213 169 208 172 201 173 164 227 172 225 179 224 184 224 189 223 197 223 205 224 198 231 191 236 185 237 180 237 172 234 167 227 179 227 184 228 190 226 201 225 190 230 185 232 180 231
127 189 130 204 133 220 140 233 150 244 161 253 173 260 186 261 198 258 208 249 217 239 224 226 229 212 231 197 233 181 233 165 137 164 144 157 154 155 163 156 172 160 189 158 197 153 206 150 216 152 223 157 181 170 182 181 183 192 184 202 173 209 178 211 184 212 189 210 194 208 148 174 154 170 161 170 168 174 161 176 154 176 193 172 200 168 206 167 213 169 207 172 200 173 164 226 172 225 179 223 184 224 189 222 197 223 205 224 198 231 191 235 185 236 180 236 172 233 167 227 179 227 184 228 190 226 201 225 190 228 185 229 180 228
128 189 130 205 134 220 140 233 150 244 161 253 174 260 186 261 198 258 208 249 217 238 224 226 229 212 232 197 233 181 233 166 137 164 144 157 153 155 163 156 172 160 189 158 197 153 207 150 216 152 223 157 181 170 182 181 183 192 184 202 173 209 178 211 184 212 189 210 194 208 148 174 154 171 161 170 168 174 161 176 154 176 194 172 200 168 206 167 213 169 207 172 200 173 163 226 172 225 179 223 184 224 189 222 197 223 205 223 198 231 191 235 185 237 180 236 172 233 167 227 179 227 184 228 190 226 202 224 190 228 185 230 180 229
127 188 130 203 133 219 140 232 149 243 161 253 174 260 186 261 198 257 209 248 218 237 225 224 229 210 231 195 233 180 233 165 137 164 144 157 153 155 163 156 172 160 189 158 197 153 206 150 216 151 223 157 181 170 182 181 183 191 184 202 173 209 178 211 184 212 189 210 194 207 148 173 154 170 161 170 168 174 161 176 154 176 193 172 200 167 206 166 213 168 207 172 200 173 163 226 171 225 179 223 184 224 189 222 196 223 205 223 197 231 191 235 185 236 180 236 172 233 166 227 179 227 184 227 189 226 201 224 190 229 185 230 180 230
127 189 130 204 133 219 140 232 150 244 161 253 174 260 187 262 199 258 209 249 218 237 225 225 229 211 231 195 233 180 233 165 137 164 144 157 153 155 163 156 172 160 188 158 197 153 207 150 216 152 223 158 181 170 182 181 183 192 184 202 173 209 178 211 184 212 189 210 194 208 148 174 154 171 161 170 168 174 161 176 154 176 193 172 199 167 206 167 213 169 207 172 200 173 163 226 171 225 179 224 184 225 189 223 196 223 205 223 198 231 191 236 185 237 180 237 172 234 166 227 179 227 184 228 189 226 201 224 190 230 185 232 180 231
127 188 129 203 133 218 140 231 149 243 161 253 174 260 186 261 198 257 209 248 218 237 225 224 229 209 231 194 233 179 233 164 137 164 144 157 153 155 163 156 172 160 189 158 197 153 206 150 216 151 223 157 181 170 182 181 183 192 184 203 173 209 178 211 184 212 189 210 194 208 148 173 155 171 161 170 167 174 161 176 154 176 193 172 199 168 206 167 212 168 207 172 200 173 162 226 171 225 179 224 184 225 189 223 197 223 205 223 198 231 191 236 185 237 180 236 172 234 166 227 179 228 184 228 189 227 202 224 190 230 185 231 180 231
