125 193 127 207 131 220 137 232 146 243 157 250 170 256 182 256 194 252 204 244 213 235 219 223 222 210 223 196 223 183 222 169 131 163 137 157 146 154 155 155 164 159 182 157 190 152 198 148 207 148 214 152 174 170 175 180 176 189 177 199 168 208 173 209 178 210 183 208 187 205 143 174 148 171 155 170 162 175 155 177 148 177 186 171 192 166 199 164 205 167 200 171 193 172 160 228 168 225 174 222 179 222 183 220 189 221 197 223 191 228 185 231 181 232 176 233 169 232 163 228 175 226 179 226 183 224 194 223 184 224 180 226 175 226
124 191 127 205 131 219 136 231 145 242 155 250 168 256 181 257 193 253 204 245 213 235 219 222 222 209 223 195 223 181 222 168 131 163 137 156 147 154 156 155 164 159 182 157 189 152 198 148 207 148 214 153 174 170 175 180 176 189 177 199 168 208 173 209 178 210 182 208 187 206 143 174 148 170 155 170 162 174 155 177 148 177 186 171 192 166 199 164 205 167 200 171 193 172 160 228 168 225 174 222 179 223 183 220 189 221 196 223 191 228 185 231 180 232 176 233 169 232 164 228 175 226 179 226 184 224 193 223 184 224 180 226 175 226
124 191 127 205 131 219 137 231 145 242 156 250 169 256 182 257 194 253 205 245 213 235 219 223 222 209 223 196 223 182 222 168 131 163 138 156 147 154 156 155 165 159 182 158 189 152 198 148 207 148 214 152 174 170 175 180 176 189 177 199 168 208 173 209 178 210 183 208 187 205 143 174 148 171 155 170 162 175 156 177 148 177 186 171 192 166 199 164 205 167 201 171 193 172 160 228 168 225 174 222 179 223 183 220 189 221 196 223 190 228 186 231 181 232 176 233 169 232 164 228 175 226 180 226 184 224 193 223 184 225 180 226 175 226
124 192 127 206 131 219 137 231 145 242 156 250 169 256 182 257 194 253 205 245 213 234 219 222 222 209 223 195 223 181 221 167 131 163 137 156 146 154 156 155 164 159 182 158 189 152 198 148 207 148 214 153 174 170 175 180 176 189 178 199 168 208 173 209 178 210 183 208 187 205 143 174 148 171 155 170 162 174 155 177 148 177 186 171 192 166 199 164 205 167 200 171 193 172 160 228 168 225 174 222 179 223 183 220 189 221 196 223 191 228 186 231 181 232 176 233 169 232 164 228 175 226 180 226 184 224 193 223 184 224 180 226 175 226
124 193 127 207 131 221 138 233 146 243 157 251 169 257 182 258 194 254 204 245 213 235 219 223 222 210 223 196 223 182 222 168 131 163 137 156 146 154 156 155 164 159 182 157 189 152 198 148 207 148 214 153 174 170 175 180 176 189 177 199 168 208 173 209 178 210 182 208 187 206 143 174 148 170 155 170 161 174 155 177 148 177 186 171 192 166 199 165 205 167 200 171 193 172 160 228 168 225 174 222 179 223 183 220 189 221 197 223 190 229 185 231 181 233 176 233 169 232 164 228 175 226 179 226 184 225 193 224 184 225 180 226 175 227
124 192 127 206 131 219 137 232 145 243 156 251 169 257 182 258 194 254 205 245 213 235 219 223 222 210 222 196 223 182 221 168 131 163 137 156 146 154 156 155 164 159 182 157 190 152 198 148 207 148 214 153 174 170 175 180 176 189 178 199 168 208 173 209 178 210 183 208 187 205 143 174 148 170 155 170 162 174 155 177 148 177 186 171 192 166 199 164 205 167 200 171 193 172 160 229 168 225 174 222 179 223 183 221 189 221 196 223 191 229 185 232 181 233 176 234 169 233 164 228 175 226 179 227 184 225 193 224 184 225 180 227 175 227
124 192 127 206 131 220 137 232 145 243 156 252 168 258 181 259 193 255 204 246 212 235 218 223 221 209 222 196 223 182 221 168 131 163 137 156 146 153 155 155 164 159 182 157 189 152 198 148 207 148 214 153 174 169 175 179 176 189 177 199 167 208 173 209 178 210 182 208 187 205 143 174 148 171 154 170 161 174 155 177 148 177 186 171 192 166 198 165 204 167 200 171 193 172 160 229 168 226 174 222 179 223 183 221 189 221 196 224 190 229 185 232 181 234 175 234 169 233 164 229 174 226 179 226 184 225 193 224 184 225 180 227 175 227
124 192 127 206 130 219 136 231 145 243 156 252 168 258 181 259 193 255 204 246 212 235 218 222 221 209 222 195 223 181 222 167 131 162 137 156 146 154 155 155 163 159 183 157 190 152 198 148 207 148 214 152 174 169 175 179 176 189 177 199 168 208 172 209 178 209 182 208 186 205 143 174 148 170 154 170 161 174 155 176 148 177 186 171 192 166 198 164 204 167 200 171 193 172 160 229 168 226 174 223 178 223 183 221 189 222 196 224 190 229 185 232 180 234 175 234 168 233 164 229 174 227 179 227 183 225 193 224 183 226 179 227 175 228
124 192 127 206 130 219 136 231 144 242 155 251 167 257 181 258 193 254 204 246 212 235 218 223 221 210 222 196 222 182 221 168 131 163 137 156 146 154 155 155 164 159 182 157 189 152 198 148 207 148 214 153 174 170 175 180 176 189 177 199 168 208 172 209 177 210 182 208 186 205 143 174 148 170 155 170 162 174 155 177 148 177 186 171 192 166 199 164 205 167 200 171 193 172 160 229 168 226 174 223 178 223 182 221 188 222 195 224 189 229 184 232 180 233 175 234 169 232 164 228 175 227 179 227 183 225 192 224 183 226 179 227 175 227
124 190 127 204 130 218 136 231 145 242 155 251 168 257 182 257 194 253 205 245 213 234 218 221 221 208 222 194 222 180 221 166 131 162 137 156 146 153 156 155 164 159 182 157 189 152 198 148 207 148 214 152 174 169 175 179 176 189 177 199 168 208 173 209 178 209 182 208 186 205 143 174 148 170 155 170 162 174 155 176 148 177 186 171 192 165 199 164 205 167 200 171 193 172 160 228 168 225 174 222 179 223 182 221 188 222 195 223 189 229 184 231 180 233 176 233 169 232 164 228 175 226 179 227 183 225 192 224 183 225 179 227 175 227
124 191 127 205 130 219 136 231 144 242 155 251 168 257 182 257 194 253 205 244 213 233 219 221 221 207 222 193 222 180 221 166 131 162 137 156 146 153 155 154 164 158 182 157 189 151 198 147 207 147 214 152 174 169 175 179 176 189 177 199 167 208 172 209 178 209 182 207 187 205 143 174 148 170 155 170 161 174 155 176 148 177 186 171 192 165 198 164 205 166 200 171 193 172 160 228 168 225 174 222 178 223 182 221 189 221 196 223 190 229 185 232 180 233 176 233 169 232 163 228 174 226 179 226 183 225 193 223 183 225 179 227 175 227
124 192 127 206 131 220 137 232 145 243 156 252 169 258 182 258 194 254 204 245 212 234 218 221 221 208 222 194 222 180 221 166 131 162 137 155 146 153 155 154 163 158 182 157 189 151 197 147 206 147 213 152 173 169 174 179 176 188 177 198 167 208 172 209 177 209 182 207 186 205 142 173 147 170 154 169 161 174 154 176 147 176 186 170 191 165 198 163 204 166 199 170 193 171 160 229 167 225 173 222 178 222 182 220 189 221 196 223 190 230 185 234 180 235 175 235 168 234 163 228 174 226 179 226 183 225 192 224 184 226 179 228 174 228
124 192 127 207 131 221 137 233 146 244 157 253 169 259 181 259 193 255 203 246 211 235 217 222 221 209 222 195 222 181 221 166 131 162 137 155 146 153 155 154 164 158 181 157 189 151 197 147 206 147 213 152 173 169 174 179 175 188 177 198 167 207 172 208 177 209 182 207 186 204 142 173 147 170 154 169 161 173 155 176 148 176 186 170 191 165 198 164 204 166 199 170 192 171 160 229 167 225 174 221 179 222 183 219 189 220 195 223 191 231 185 235 180 236 175 236 168 235 164 229 174 225 179 225 183 224 192 224 184 226 180 228 175 228
123 192 126 206 131 220 137 232 145 244 156 253 168 259 181 260 193 256 203 246 211 235 217 223 220 209 222 195 222 180 220 166 131 162 137 155 146 153 155 154 164 158 181 157 188 151 197 147 206 147 213 152 173 169 174 179 175 188 176 198 167 207 172 208 177 208 182 206 186 204 142 173 148 170 154 169 161 173 154 175 148 176 186 169 191 165 198 164 204 166 199 170 192 170 160 229 167 224 174 220 179 221 183 219 189 220 196 223 191 231 186 235 180 237 175 237 168 235 164 229 174 225 179 225 184 223 192 224 184 227 180 228 175 228
124 193 127 208 131 221 138 233 146 244 157 253 169 260 182 260 193 256 204 246 212 235 217 222 221 209 222 195 222 181 220 166 130 162 136 155 145 153 155 154 163 158 181 157 189 151 197 148 206 147 213 152 173 169 174 179 175 188 177 198 168 207 173 208 178 208 182 206 186 204 142 173 147 170 154 169 161 173 154 176 147 176 186 170 191 165 198 163 204 166 199 170 192 171 160 229 168 224 174 220 179 221 183 218 189 220 195 223 191 231 186 234 181 236 176 236 169 235 164 229 174 225 179 225 184 223 192 224 184 225 180 227 175 227
124 194 127 208 131 221 138 233 146 245 157 253 170 259 182 260 194 255 204 245 212 234 218 222 221 209 222 195 222 181 220 166 130 163 136 156 145 153 155 154 163 158 181 157 188 151 197 147 206 147 213 152 173 169 174 179 175 188 177 198 167 207 172 208 177 208 182 206 186 204 142 174 147 170 154 169 161 173 154 176 147 177 186 170 191 165 198 164 204 166 199 170 192 171 160 229 167 224 174 220 179 220 183 218 189 219 195 223 191 231 186 235 181 237 175 237 168 235 164 228 174 224 179 224 184 222 192 223 184 227 180 229 175 229
124 192 127 206 130 220 137 232 145 243 156 252 168 258 181 259 193 254 204 245 212 235 218 222 222 209 222 195 222 180 221 166 130 163 136 156 145 153 154 154 163 158 181 157 188 151 197 147 206 147 214 152 172 169 173 179 174 188 175 198 166 207 171 208 176 209 181 207 186 204 142 173 147 170 154 170 161 173 154 176 147 176 185 170 191 165 198 164 204 166 199 170 192 171 160 229 167 224 173 220 178 220 183 218 189 219 195 223 190 229 185 233 180 235 175 235 168 234 164 228 174 225 179 224 183 222 192 223 184 225 179 227 174 227
123 191 126 205 130 218 135 230 144 242 154 251 167 257 181 258 194 253 205 244 213 233 219 221 221 208 222 194 222 180 220 166 130 162 136 156 145 153 154 154 163 158 181 156 188 151 196 147 206 147 213 151 172 169 173 179 175 188 176 198 166 207 171 208 177 209 181 206 186 204 142 173 147 170 153 169 160 173 154 176 147 176 185 170 191 165 197 163 203 166 198 170 192 171 160 228 167 223 173 220 178 220 183 218 189 218 195 222 190 228 185 232 180 233 175 234 168 233 163 227 174 224 179 224 183 222 192 222 184 224 179 226 174 226
123 191 126 205 130 218 135 230 144 242 155 250 167 256 181 257 194 252 204 244 213 233 219 221 221 208 222 195 222 181 221 167 130 162 136 155 145 153 155 154 163 158 180 156 188 151 196 147 206 147 213 152 172 169 173 179 175 188 176 198 166 207 171 208 176 209 181 206 186 204 142 173 147 170 154 169 161 173 154 175 147 176 185 170 191 165 197 164 203 166 199 170 192 171 160 227 166 223 172 219 177 220 182 217 188 218 195 221 190 227 185 231 179 233 174 233 168 232 163 226 173 224 178 224 183 222 191 221 183 223 178 225 174 225
123 191 126 204 129 218 135 230 143 241 154 250 167 256 181 257 194 253 204 244 213 234 218 221 221 208 222 194 222 181 221 167 130 162 136 155 145 153 155 154 163 158 180 156 188 151 197 147 206 147 213 152 172 168 173 178 174 188 176 198 166 207 171 208 176 208 181 206 186 204 142 173 147 169 153 169 160 173 154 175 147 176 185 169 191 164 197 163 203 165 198 169 192 170 160 227 166 223 173 219 178 220 182 217 189 218 195 221 190 227 185 231 180 233 174 233 168 232 163 227 173 224 178 224 183 222 192 222 183 223 179 225 174 225
123 191 126 204 130 218 136 231 144 243 155 252 167 259 181 259 194 255 204 246 212 235 218 222 221 209 222 195 222 181 221 167 130 162 136 155 145 153 154 154 163 158 180 156 188 151 197 147 206 147 213 152 172 169 173 179 174 188 176 198 166 207 171 208 177 209 181 206 186 204 142 173 147 169 153 169 160 173 154 175 147 176 185 169 191 164 197 163 203 166 199 170 192 170 160 228 167 223 173 220 178 220 182 218 189 219 195 222 191 229 185 234 180 236 175 236 168 234 163 228 174 225 178 225 183 223 192 223 184 225 179 227 174 228
123 192 126 207 130 221 137 233 145 245 156 254 168 262 181 262 193 258 204 248 212 236 217 223 221 209 222 195 222 181 221 166 131 161 136 155 145 153 154 154 162 158 181 156 188 151 196 147 205 147 213 151 172 168 173 179 174 188 175 198 166 207 171 208 176 209 181 207 185 204 141 173 146 170 153 169 160 172 153 175 147 175 185 169 191 165 197 164 203 165 198 169 191 170 160 230 166 224 172 220 178 221 182 218 189 220 195 224 191 231 185 236 180 238 174 238 168 236 164 229 173 226 178 225 183 223 191 224 184 227 179 229 174 229
123 193 127 207 131 221 137 233 145 245 155 254 168 262 181 263 193 258 203 248 211 236 217 223 220 210 222 196 222 181 220 167 130 162 136 155 145 153 154 154 163 158 180 157 187 151 196 148 205 147 212 152 172 169 173 179 174 188 175 198 166 207 171 208 176 209 181 207 186 204 141 173 146 170 153 169 160 173 153 175 147 176 185 169 190 165 197 164 203 165 198 169 191 170 160 230 166 224 173 220 178 221 183 218 189 219 195 224 191 231 185 235 180 237 174 237 167 236 164 229 173 225 179 225 183 223 192 224 184 226 179 228 174 228
123 193 126 207 130 220 136 233 144 244 155 253 167 260 180 260 192 256 203 247 211 236 217 223 220 210 222 196 222 182 221 167 130 162 136 156 145 153 154 154 162 158 181 157 188 151 196 147 206 147 213 152 172 169 173 179 174 189 175 199 166 208 171 208 176 209 181 207 185 204 141 173 147 170 153 169 160 173 153 175 147 176 185 170 190 165 197 164 203 166 198 169 192 170 160 230 166 224 173 221 178 221 182 219 189 220 195 223 190 231 185 235 180 237 174 238 167 236 163 229 173 225 178 225 183 223 191 224 183 227 179 229 174 230
123 191 126 206 130 219 136 231 144 243 155 251 167 258 180 258 193 254 203 245 212 235 217 222 220 209 221 195 222 181 220 167 130 162 136 155 145 153 154 154 163 158 181 156 188 151 197 147 206 147 213 152 172 169 173 179 174 189 175 199 166 208 171 209 176 209 181 207 186 204 141 173 147 170 153 169 160 173 154 176 147 176 185 170 191 165 197 164 203 166 199 170 192 171 160 229 167 225 173 221 177 222 181 220 188 221 194 223 189 229 184 233 179 235 174 235 168 234 164 228 173 226 178 226 182 225 191 223 183 226 178 227 174 227
123 190 126 204 129 218 135 231 144 242 155 251 167 257 181 258 193 253 203 244 212 234 218 221 220 207 221 193 221 179 220 165 130 162 136 155 145 153 154 154 163 158 180 157 188 151 197 147 206 147 213 152 172 169 173 179 174 189 176 199 166 207 171 208 176 209 181 207 186 204 141 173 147 169 153 169 160 173 154 175 147 176 185 170 191 164 197 163 203 165 199 170 192 170 161 228 167 225 173 222 178 222 181 220 187 221 194 223 189 229 184 233 179 234 175 234 168 233 164 228 174 226 178 226 182 225 191 223 182 225 178 227 174 227
123 190 126 204 129 218 135 231 143 242 154 251 167 257 180 258 193 254 203 245 212 234 217 222 220 208 221 194 221 180 220 166 130 162 136 155 145 152 154 154 163 158 181 156 188 151 197 147 206 147 213 152 172 169 173 179 174 188 175 198 166 207 171 208 176 209 181 207 186 204 141 173 147 169 153 169 160 173 154 175 147 176 185 170 191 164 197 163 203 166 199 170 192 171 160 228 167 225 173 221 178 222 182 220 188 221 194 223 189 229 184 233 179 235 175 235 168 233 163 228 174 226 178 226 182 225 191 223 183 225 179 227 174 227
123 191 126 205 130 218 135 231 144 242 155 252 167 258 181 258 194 254 204 245 212 234 218 221 220 208 221 194 221 180 220 166 130 161 136 155 145 153 154 154 162 158 181 156 188 151 197 147 206 147 213 152 172 169 173 179 175 188 176 198 166 207 171 208 176 209 181 207 186 204 141 173 147 170 154 169 160 173 154 175 147 176 185 170 191 165 197 163 203 166 199 170 192 171 160 229 167 225 173 221 178 222 182 219 188 221 195 223 190 230 185 235 180 236 175 236 168 235 163 228 174 226 178 226 183 224 192 224 183 227 179 228 174 229
123 192 126 206 130 219 136 232 144 243 155 252 168 258 182 259 194 254 204 245 212 234 218 221 220 208 221 194 222 181 220 167 131 162 136 155 145 152 154 154 162 158 181 156 188 151 197 147 206 147 213 152 172 168 173 179 174 188 176 198 166 207 171 208 176 209 181 207 185 204 142 173 147 170 154 169 160 173 154 175 147 176 185 169 191 164 197 163 203 166 199 169 192 170 160 229 167 225 173 221 178 222 182 219 188 220 195 223 190 230 185 234 180 236 175 236 168 234 163 228 174 226 178 225 183 224 192 224 183 226 179 228 174 228
123 191 126 205 130 219 135 231 144 243 155 252 168 258 181 258 194 253 204 244 212 233 218 221 221 208 221 194 222 180 220 167 130 162 136 155 145 152 154 154 162 158 181 156 189 151 197 147 206 147 213 152 173 169 173 179 174 189 176 198 166 207 171 209 176 209 181 207 185 204 142 173 147 170 153 169 160 173 154 176 147 176 185 170 191 164 197 163 203 165 199 170 192 171 159 228 167 225 173 222 177 222 182 220 188 221 195 223 189 228 184 232 179 233 174 234 168 232 163 228 173 226 178 226 182 224 192 223 183 225 178 227 174 227
123 190 126 205 130 218 135 231 144 242 155 251 168 257 181 257 194 253 205 244 213 233 218 221 221 208 221 194 221 180 220 167 130 162 136 155 145 153 155 154 163 158 181 157 188 151 197 147 206 147 213 152 173 169 174 179 175 189 176 199 166 208 171 209 177 209 181 207 186 205 142 173 147 170 153 169 160 173 154 176 147 176 185 170 191 165 198 164 204 166 199 170 192 171 160 228 167 225 173 222 178 222 181 220 187 221 194 222 189 228 184 231 180 232 175 232 168 231 163 227 174 226 178 226 182 224 191 223 182 224 179 226 174 226
123 190 126 204 129 218 135 230 143 242 154 251 167 257 181 258 194 253 204 244 213 234 218 222 221 208 222 194 222 180 221 166 130 162 136 155 145 153 154 154 163 158 181 157 188 151 197 147 206 147 213 152 173 169 174 179 175 189 176 199 166 208 171 209 177 209 181 207 186 205 142 173 147 170 153 169 160 173 154 176 147 177 185 170 191 165 198 164 204 166 199 170 192 171 159 228 167 225 173 222 178 222 182 220 187 221 194 222 189 228 184 231 179 232 175 233 168 232 163 227 174 226 178 226 182 224 191 223 183 224 179 226 174 226
123 191 126 205 130 219 136 231 144 243 155 252 167 258 181 258 194 254 204 245 212 234 218 222 221 209 222 195 222 181 220 167 130 162 136 155 145 153 154 154 163 158 181 156 188 151 197 147 206 147 213 152 173 169 173 179 175 188 176 198 166 208 171 209 176 209 181 207 186 205 141 173 147 170 153 169 160 173 154 175 147 176 185 170 191 165 197 164 203 166 199 170 192 171 159 228 167 225 173 222 178 222 182 220 188 221 195 223 190 229 185 233 180 234 175 235 168 233 163 228 173 226 178 226 183 225 192 223 183 225 179 227 174 227
124 192 127 206 130 220 137 232 145 244 156 253 168 259 181 260 193 255 204 246 212 235 218 222 221 209 222 195 222 181 221 167 131 162 136 155 145 153 154 154 163 158 181 157 188 151 197 147 206 147 213 152 172 169 173 179 175 188 176 198 166 207 171 208 176 209 181 207 185 204 141 173 147 170 153 169 160 173 154 176 147 176 185 170 191 165 197 164 203 166 199 170 192 171 160 229 167 225 173 221 178 222 182 219 188 220 195 223 190 230 185 234 180 236 174 236 168 235 163 229 173 226 178 225 183 224 191 224 183 226 179 227 174 228
123 193 127 207 130 221 137 233 145 244 156 253 168 259 182 260 194 255 204 246 212 235 218 223 221 209 222 196 222 182 221 167 130 162 136 155 145 153 154 154 163 158 181 156 188 151 197 147 206 147 213 152 172 169 173 179 175 188 176 198 166 207 171 208 176 209 181 207 185 204 141 173 146 170 153 169 160 173 153 176 146 176 185 169 191 165 198 163 204 165 199 170 192 171 160 229 167 224 173 221 178 221 182 219 188 220 195 223 190 230 185 234 180 236 174 236 168 235 164 229 173 225 178 225 183 223 191 223 183 226 179 228 174 228
124 193 127 207 131 220 137 233 145 244 156 253 168 259 181 259 194 255 204 246 212 235 218 223 221 209 222 195 222 181 220 167 131 162 136 156 145 153 155 154 163 158 181 157 188 151 196 148 205 148 212 152 173 170 174 179 175 188 176 198 166 207 171 208 177 208 181 206 186 204 143 175 148 171 154 171 161 174 155 176 148 177 185 170 190 166 196 165 202 167 197 171 191 171 160 229 167 224 173 220 178 221 183 218 189 219 195 223 191 230 185 235 180 236 175 237 168 235 163 229 174 225 178 225 183 223 192 223 184 227 179 229 174 230
124 193 127 207 131 221 137 233 146 244 156 252 169 258 182 259 194 254 204 245 213 235 219 223 221 209 222 195 222 181 221 167 131 163 136 156 145 153 154 154 163 158 181 157 188 151 196 148 205 148 211 153 173 170 174 180 175 189 176 198 166 207 171 208 177 209 182 207 186 204 143 177 148 176 153 175 160 175 154 178 148 179 185 172 190 171 196 170 202 170 197 173 191 173 160 229 167 224 173 220 178 221 183 219 189 219 195 223 191 230 185 234 180 236 175 236 168 235 163 228 174 224 179 224 183 222 192 223 184 226 179 228 174 229
124 193 127 207 131 221 137 232 145 243 156 251 169 258 182 258 194 253 205 245 213 234 219 222 222 209 222 195 222 181 221 167 131 163 136 156 145 153 154 154 162 158 181 157 188 151 196 147 205 147 212 152 172 170 173 180 175 189 176 198 166 208 171 208 177 209 181 207 186 204 143 179 148 178 153 177 160 176 154 179 148 180 185 173 191 172 197 171 203 171 198 173 192 174 160 229 167 224 173 221 178 221 183 219 189 219 195 223 190 229 185 233 180 234 174 235 168 234 163 228 173 224 178 224 183 222 192 223 184 226 179 228 174 228
124 193 127 207 131 220 137 232 146 243 157 252 169 258 182 258 194 253 204 245 213 235 219 223 222 210 222 196 223 182 222 168 132 163 137 156 146 153 155 154 163 158 181 157 188 151 197 147 205 148 212 153 173 170 174 180 174 189 175 198 166 208 171 208 177 209 182 206 186 204 143 178 148 177 154 176 161 176 155 179 149 180 186 172 191 171 197 171 203 170 198 173 192 174 160 229 167 224 173 220 178 221 182 219 189 219 195 223 190 229 185 233 180 235 175 236 168 234 163 228 174 224 178 224 183 222 192 223 184 226 179 228 174 228
124 194 127 208 131 221 137 233 146 244 157 252 169 258 182 259 195 254 205 245 213 235 219 223 221 210 222 196 222 182 221 167 130 163 136 156 145 153 155 154 163 158 181 157 188 151 196 148 205 147 212 152 173 169 174 179 175 188 176 198 166 207 172 208 177 209 182 207 186 204 142 177 147 176 153 175 160 175 154 177 148 178 185 171 191 170 197 170 203 169 197 172 191 172 160 229 167 224 173 221 178 221 183 219 189 219 195 222 190 229 185 232 180 234 175 235 168 234 163 228 174 224 179 224 183 222 192 223 184 225 179 227 174 227
124 194 127 209 131 222 137 234 146 245 157 253 169 260 182 260 193 256 204 247 212 236 218 224 221 211 222 197 222 182 221 168 130 163 135 156 144 153 154 154 163 158 181 157 188 151 197 147 206 147 212 152 173 169 174 179 175 188 176 198 166 207 171 208 177 209 181 207 186 204 142 176 147 175 153 174 160 174 154 176 148 177 185 171 191 169 197 168 203 168 198 171 192 172 160 229 167 224 173 221 178 221 182 219 188 219 195 223 190 230 185 233 180 235 174 235 168 235 163 229 173 225 178 225 183 223 192 223 184 225 179 226 174 227
124 195 128 209 132 223 138 235 146 245 157 253 169 260 182 260 194 255 204 246 212 236 218 224 221 211 222 197 222 183 221 168 130 162 136 156 145 153 154 154 162 158 181 157 188 151 196 148 205 147 212 151 173 169 174 179 175 188 176 198 167 207 172 208 177 208 181 206 186 204 142 176 147 174 153 173 160 174 154 176 148 177 185 170 191 168 196 167 202 168 197 171 191 171 160 229 167 224 173 221 178 221 183 219 189 220 195 223 190 230 185 234 180 235 175 236 168 235 163 229 174 225 179 225 183 223 192 223 184 225 179 227 174 227
124 194 128 209 131 222 138 234 146 245 157 253 169 260 182 260 194 255 204 246 212 236 218 224 221 210 222 196 221 182 220 168 131 162 136 156 145 153 155 154 163 158 181 157 188 151 196 148 205 147 212 152 173 169 174 179 175 188 176 198 167 207 172 208 177 209 181 207 186 204 143 175 148 172 154 171 161 173 155 176 148 177 185 170 191 167 197 166 202 167 198 171 191 171 160 230 167 225 173 221 178 221 183 219 189 220 195 223 190 229 185 233 180 235 175 235 168 234 163 229 174 225 179 225 183 223 192 223 184 225 179 226 174 227
124 193 127 207 131 221 137 233 146 244 156 252 168 258 182 259 194 254 204 245 213 235 218 222 221 209 222 195 222 181 220 167 131 162 137 156 146 153 155 154 163 158 181 157 188 151 196 148 205 147 212 152 173 169 174 179 175 188 176 198 167 207 172 208 177 209 182 207 186 204 143 175 148 171 154 171 161 174 155 176 148 177 185 170 190 166 197 166 202 167 198 171 191 171 160 229 167 224 173 221 178 221 183 219 189 220 195 223 190 230 185 234 180 236 175 236 168 235 163 228 174 225 178 224 183 223 192 223 184 227 179 229 174 229
124 193 127 208 131 221 138 233 146 244 157 252 169 258 182 258 194 253 204 245 212 235 218 223 222 210 222 196 222 182 221 168 131 162 136 155 146 153 155 154 163 158 181 157 188 151 196 147 205 147 212 152 173 169 174 179 175 188 176 198 167 207 172 208 177 209 181 207 186 204 143 175 148 171 154 170 161 174 155 176 148 177 185 170 190 166 197 165 203 167 198 171 191 171 159 229 167 224 173 221 178 221 182 219 188 219 195 222 190 229 185 233 180 235 174 235 168 234 163 228 173 224 178 224 183 222 192 223 184 226 179 228 174 228
124 193 127 207 131 220 137 233 145 243 156 252 169 258 182 258 194 253 204 245 213 234 219 222 222 209 222 195 222 181 221 167 131 163 137 156 146 153 155 154 163 158 181 157 188 151 196 148 205 147 212 152 173 169 174 179 175 188 176 198 167 207 172 208 177 209 181 207 186 204 143 174 148 171 154 170 161 174 155 176 148 177 185 170 191 166 197 165 202 167 198 170 192 171 160 228 167 224 173 220 178 221 182 219 189 219 195 222 190 229 185 233 180 235 175 235 168 234 163 228 174 225 178 224 183 222 192 222 184 226 179 228 174 228
124 192 127 206 131 220 137 232 145 243 156 252 168 258 182 259 194 254 204 245 213 234 219 222 221 209 222 195 222 181 220 167 131 163 136 156 145 153 155 154 163 158 181 156 188 151 197 147 206 148 212 153 173 170 174 179 175 188 176 198 167 207 172 208 177 209 182 207 186 204 143 174 148 171 154 170 161 174 155 176 148 177 185 170 191 166 197 165 203 167 198 171 192 171 159 229 167 224 173 220 178 221 183 218 189 219 196 222 191 229 185 234 180 236 175 236 168 235 163 228 174 225 179 224 183 223 193 222 184 226 179 228 175 229
123 193 127 208 131 222 138 234 146 245 157 254 169 261 182 262 194 257 204 247 212 236 218 223 221 210 222 195 222 181 220 167 131 162 136 156 145 153 155 154 163 158 181 156 188 151 196 147 205 147 212 152 173 169 174 179 175 188 176 198 167 207 172 208 177 209 182 206 186 204 143 174 148 170 154 170 161 173 155 175 148 176 185 170 191 165 197 164 202 166 198 170 192 170 160 229 167 224 173 221 178 221 183 219 189 220 195 223 190 230 185 234 180 236 175 237 168 235 163 229 174 226 179 225 183 224 192 223 184 226 179 228 174 228
124 193 127 208 131 222 138 234 146 246 156 255 168 262 181 263 193 258 203 249 211 237 217 224 221 210 222 195 222 181 220 166 131 162 136 155 145 152 155 154 163 157 181 156 188 151 196 147 205 147 212 151 173 168 174 178 175 188 176 197 167 207 172 208 177 208 182 206 186 204 143 174 147 170 154 169 160 173 154 175 148 176 185 169 191 165 197 164 203 166 198 170 192 170 159 229 166 225 173 221 178 221 183 219 189 220 195 223 191 232 185 236 180 238 174 238 167 237 163 229 173 225 179 225 183 223 192 224 184 227 179 229 174 229
124 193 127 208 131 222 138 235 146 246 156 256 168 263 181 263 193 259 203 249 211 237 217 224 220 211 222 196 222 182 220 167 131 162 136 155 145 152 155 153 163 157 181 156 188 151 197 147 206 147 213 152 173 168 173 178 175 188 176 198 167 207 172 208 177 209 181 207 186 204 143 174 148 170 154 169 161 173 154 175 148 176 186 169 191 165 197 164 203 166 198 169 192 170 159 230 166 225 173 221 178 222 183 219 189 220 195 224 190 232 185 237 180 239 174 239 167 237 163 229 173 226 178 225 183 224 192 224 184 228 179 230 174 230
123 193 127 208 131 222 138 235 147 246 157 256 169 262 181 263 193 258 203 248 211 237 217 224 220 210 221 195 222 181 220 166 131 162 136 155 145 152 155 154 163 158 181 156 188 151 196 147 205 147 212 152 173 168 174 178 175 188 176 198 166 207 171 208 177 209 182 207 186 204 143 174 148 170 154 170 160 173 154 175 148 176 185 169 191 165 197 164 203 166 198 169 192 170 160 230 167 225 173 221 178 222 183 219 189 220 195 224 190 233 185 237 180 239 175 240 168 238 163 230 174 225 179 225 183 223 192 224 184 230 179 232 174 232
123 192 126 207 131 221 137 233 145 245 156 254 168 261 182 261 194 256 204 247 212 235 218 222 220 208 221 194 221 180 220 166 131 162 136 155 145 153 155 154 163 158 181 156 188 151 197 147 206 147 212 152 173 169 174 179 175 188 176 198 167 207 172 208 177 209 182 207 186 204 143 174 148 170 154 170 160 173 155 175 148 176 185 170 191 165 197 164 202 166 198 170 192 171 160 229 167 225 174 222 178 222 182 220 189 221 195 223 190 230 185 235 180 237 175 237 168 235 164 229 174 227 178 226 183 225 192 224 184 227 179 229 175 229
123 191 126 206 130 219 136 232 145 244 156 253 168 259 182 259 194 254 204 245 212 234 218 222 220 208 221 194 222 180 220 166 131 162 136 155 145 153 155 154 163 158 181 156 188 151 197 147 206 147 213 152 173 169 174 179 175 188 176 198 166 208 171 209 177 209 181 207 186 205 142 174 147 170 154 170 160 173 154 175 148 176 185 170 191 165 197 164 203 166 198 170 192 171 160 229 167 225 173 222 178 222 182 220 188 221 195 223 190 229 184 233 180 235 175 235 168 234 163 228 174 227 178 226 182 225 192 223 183 225 179 227 174 227
123 192 126 206 130 220 136 232 145 243 156 252 168 258 182 259 194 254 204 245 212 234 218 222 220 208 221 195 221 181 220 167 131 162 136 155 145 152 155 154 163 158 181 156 188 151 196 147 205 147 212 152 173 169 174 179 175 188 176 198 166 208 171 209 177 209 181 207 186 205 142 173 147 170 154 170 160 173 154 175 148 176 185 170 191 165 197 164 202 166 198 170 192 171 160 228 167 225 173 222 178 222 182 220 188 221 195 223 189 229 184 233 179 234 175 234 168 233 163 228 174 226 178 226 182 225 192 223 183 225 179 227 174 227
123 191 126 205 130 219 136 231 144 243 155 251 168 257 182 258 194 253 205 244 212 234 218 221 220 208 221 194 221 180 220 166 130 162 136 155 145 153 155 154 163 158 181 156 188 151 196 147 206 147 213 152 173 169 174 179 175 188 176 198 166 207 171 208 177 209 181 207 186 204 142 173 147 170 154 169 160 173 154 175 147 176 185 170 191 165 197 164 203 166 199 170 192 171 160 228 167 225 173 221 178 222 182 220 188 221 195 222 189 228 184 232 179 233 175 233 168 232 163 227 174 226 178 226 182 224 192 223 183 225 179 226 174 226
123 192 126 205 130 219 136 231 144 242 155 251 168 257 181 257 194 253 205 244 213 234 218 221 220 208 221 194 221 180 220 167 131 162 136 155 145 153 155 154 163 158 181 156 188 151 196 147 205 147 212 152 173 169 173 179 175 188 176 198 166 208 171 208 176 209 181 207 185 204 142 174 147 170 154 170 160 173 154 175 147 176 185 170 190 165 197 164 202 166 198 170 191 171 160 228 167 224 173 221 177 222 181 220 188 221 195 222 189 227 184 231 179 232 175 233 168 232 163 227 174 226 178 226 182 224 192 222 183 224 178 226 174 226
123 192 126 206 130 219 136 232 145 243 155 251 168 257 182 257 195 252 205 244 213 233 219 221 221 208 222 194 222 180 220 167 131 162 136 155 145 153 154 154 163 158 181 156 188 151 196 147 205 147 212 152 173 169 173 179 175 188 176 198 166 207 171 208 177 209 181 207 185 204 142 174 147 170 154 170 160 173 154 175 147 176 185 170 191 165 197 164 203 166 198 170 192 171 159 228 167 224 173 221 177 222 182 220 188 221 195 222 189 227 184 230 179 232 175 232 168 231 162 227 174 226 178 226 182 224 192 222 183 224 178 226 174 226
124 192 126 206 130 219 136 231 144 242 155 251 168 256 182 257 195 252 205 243 213 233 219 220 221 207 222 193 221 180 220 166 131 162 136 155 145 153 154 154 162 158 181 156 188 151 197 147 206 147 212 152 173 169 174 179 175 188 176 198 166 207 171 208 177 209 181 207 185 204 142 174 147 170 154 170 161 174 154 176 148 177 185 170 191 165 197 164 203 166 199 170 192 171 159 227 167 224 173 221 177 222 182 220 188 220 196 221 190 226 184 229 180 231 175 232 168 231 162 227 174 226 178 225 182 224 193 222 183 224 179 225 174 226
123 191 126 205 130 218 136 230 144 241 155 250 168 256 181 256 194 252 204 244 213 233 218 221 221 208 222 194 222 180 221 167 131 162 136 155 145 153 155 154 163 158 181 157 188 151 197 147 206 147 213 152 173 169 174 179 175 188 176 198 166 207 171 208 177 209 181 207 186 205 142 174 147 170 154 170 160 173 154 176 147 176 185 170 191 165 197 164 203 166 199 170 192 171 159 227 167 224 173 221 177 222 181 220 188 220 196 221 189 226 184 229 179 231 175 231 168 230 162 226 174 225 178 225 182 223 193 222 183 223 178 225 174 225
124 191 126 205 130 218 136 230 145 241 156 250 168 255 182 256 195 251 205 242 213 232 219 220 221 207 222 194 222 180 220 167 131 162 137 155 145 153 155 154 163 158 181 156 188 151 197 147 206 147 212 152 173 169 174 179 175 189 176 198 167 207 172 208 177 209 182 207 186 205 142 174 148 170 154 170 161 174 155 176 148 177 185 170 191 165 197 164 203 166 199 170 192 171 159 226 167 224 174 221 178 222 181 220 188 221 195 221 189 226 184 229 179 230 175 231 168 230 163 226 174 225 178 225 182 223 192 222 183 223 178 225 174 225
123 191 126 205 130 218 136 230 144 241 155 250 168 256 181 256 194 252 204 243 213 233 218 221 221 208 222 195 222 181 221 167 131 162 137 155 145 153 155 154 163 158 181 157 188 151 197 147 206 147 213 152 173 169 174 179 175 189 176 198 167 207 172 209 177 209 182 207 186 204 142 174 148 170 154 170 161 174 154 176 148 176 185 170 191 165 197 164 203 166 198 170 192 171 159 226 167 224 173 221 178 222 182 220 188 220 196 221 189 226 184 229 179 230 175 231 168 230 162 226 174 225 178 225 182 223 193 222 183 223 179 225 174 225
124 191 126 205 130 219 136 231 144 242 155 250 168 256 181 257 193 252 204 244 212 233 218 221 221 208 222 194 222 181 220 167 130 162 136 155 145 153 155 154 163 158 181 157 188 151 197 147 206 147 213 152 173 169 174 179 175 189 176 198 167 207 172 208 177 209 182 207 186 205 142 174 147 170 154 170 161 173 154 176 147 176 185 170 191 165 197 164 203 166 199 170 192 171 159 226 167 224 173 221 178 222 182 220 188 220 196 221 189 226 184 229 180 231 175 231 168 230 162 226 174 225 178 225 182 223 193 221 183 223 179 225 174 225
124 192 126 206 130 219 135 231 144 241 155 249 168 255 182 255 195 251 205 243 213 232 219 221 221 208 222 194 222 181 220 168 131 162 136 155 145 153 155 154 163 158 181 157 188 151 197 147 206 147 213 152 173 169 174 179 175 189 176 198 166 207 171 208 177 209 182 207 186 205 142 174 147 170 154 170 161 174 154 176 147 177 185 171 191 165 197 164 203 166 199 170 192 171 159 227 167 224 174 221 178 222 182 220 188 220 196 221 190 226 184 229 180 230 175 231 168 230 162 226 174 225 178 225 182 223 193 221 183 223 179 225 175 225
124 192 126 206 130 219 136 231 144 241 155 249 168 255 182 256 195 251 205 242 213 232 219 220 221 207 222 193 222 179 221 166 130 162 136 156 145 153 155 154 163 158 181 157 188 151 197 147 206 147 213 152 173 170 174 179 175 189 176 198 167 207 172 208 177 209 182 207 186 205 142 174 147 170 154 169 161 174 155 176 148 176 185 170 191 165 197 164 203 166 199 170 192 171 159 226 167 224 174 221 178 222 182 220 188 220 196 221 189 226 184 229 180 231 175 231 168 230 163 226 174 225 178 225 182 223 193 221 183 224 179 225 175 225
123 192 126 206 130 219 136 231 145 242 156 250 168 255 182 256 195 251 205 243 213 232 219 220 221 207 222 194 222 180 220 167 131 163 136 156 145 153 154 154 163 158 181 157 188 151 197 148 206 148 213 152 173 169 174 179 175 189 176 198 167 207 172 208 177 209 182 207 186 205 142 174 147 170 154 170 161 174 154 176 147 177 185 170 191 165 198 164 203 166 199 170 192 171 159 226 167 224 174 221 178 222 182 220 188 220 196 221 190 226 184 229 180 231 175 231 169 230 163 226 174 225 178 225 182 223 193 221 183 223 179 225 175 225
123 192 126 205 130 218 136 230 144 241 155 250 168 255 182 256 195 251 205 243 213 232 219 220 221 207 222 194 222 181 221 167 131 162 136 156 145 153 155 154 163 158 181 157 189 151 197 147 206 147 213 152 173 169 174 179 175 189 176 198 167 208 172 209 177 209 182 207 186 205 142 174 147 170 154 170 161 174 154 176 147 177 185 170 191 165 198 164 203 166 199 170 192 171 159 227 167 224 174 221 178 222 182 220 188 220 196 221 189 226 184 229 180 230 175 231 169 230 163 226 174 225 178 225 182 223 193 222 183 223 179 225 175 225
124 192 126 206 130 219 136 231 144 241 155 249 168 255 182 256 194 251 205 242 213 232 219 220 222 207 222 193 222 180 221 167 131 162 137 156 145 153 155 154 163 158 181 157 189 151 197 147 206 147 213 152 173 169 174 179 175 189 177 198 167 207 172 208 177 209 182 207 186 205 142 174 147 170 154 170 161 174 154 176 147 177 185 171 191 165 198 164 204 166 199 170 192 171 159 226 167 224 174 221 178 222 182 220 188 220 196 221 189 226 184 229 180 231 175 231 168 230 162 226 174 225 178 225 182 223 193 221 183 223 179 225 175 225
123 192 126 205 130 218 135 230 144 241 155 249 167 255 181 256 194 252 204 243 213 233 219 221 221 208 222 194 222 180 221 167 131 163 136 156 145 153 155 154 163 158 181 157 189 151 197 147 206 147 213 152 173 169 174 179 175 189 176 199 166 208 171 209 177 209 182 207 186 205 142 174 147 170 154 170 161 174 154 176 148 177 185 170 191 165 198 164 204 166 199 170 192 171 159 226 167 224 173 221 178 222 182 220 188 220 196 221 189 226 184 229 179 231 175 231 168 230 162 226 174 225 178 225 182 223 193 221 183 224 179 225 174 225
124 192 126 205 130 218 136 230 144 241 155 250 168 255 182 256 194 251 205 242 213 232 219 220 221 207 222 194 222 181 220 167 131 163 137 156 146 153 155 154 163 158 181 157 189 151 197 147 206 147 213 153 173 169 174 179 175 189 176 198 167 208 172 209 177 209 182 207 186 205 142 174 148 170 154 170 161 174 155 176 148 177 186 171 191 165 198 164 203 166 199 170 192 171 159 226 167 224 174 221 178 222 182 220 188 220 196 221 190 226 184 229 180 231 175 231 168 230 162 226 174 225 178 225 182 223 193 221 183 223 179 225 175 225
124 192 126 205 130 219 136 231 144 241 155 250 168 255 181 256 194 252 204 243 212 234 218 222 221 209 222 195 222 182 221 168 131 162 137 156 146 153 155 154 163 158 182 157 189 151 197 148 206 147 213 152 173 169 174 179 175 189 176 199 167 208 172 209 177 209 182 207 186 205 142 174 148 170 154 170 161 174 155 176 148 177 186 170 191 165 198 164 204 166 199 170 192 171 159 226 167 224 173 222 178 222 182 220 188 220 196 221 190 226 184 229 180 231 175 231 168 230 162 226 174 225 178 225 182 223 193 222 183 223 179 225 174 225
123 191 126 205 130 218 136 230 144 241 155 249 168 255 181 256 194 251 204 243 213 233 219 221 221 208 222 194 222 181 220 167 131 163 137 156 145 153 155 154 163 158 182 157 189 151 197 148 206 147 213 152 173 169 174 179 175 189 176 199 167 208 172 209 177 209 182 207 186 205 142 174 148 170 154 170 161 174 155 176 148 177 185 170 191 165 198 164 204 166 199 170 192 171 159 226 167 224 174 222 178 222 182 220 188 221 196 221 190 226 184 230 180 231 175 231 168 231 163 226 174 225 178 225 182 223 193 222 183 224 179 225 175 225
124 191 127 205 130 218 135 230 144 241 155 250 168 255 181 256 194 251 204 243 213 233 219 221 221 208 222 194 222 180 221 167 131 163 136 156 145 153 155 154 163 158 182 157 189 152 197 148 206 148 213 153 173 170 174 179 175 189 176 199 167 208 172 209 177 209 182 207 186 205 142 174 148 170 154 170 161 174 155 176 148 176 185 170 191 165 197 164 203 166 199 170 192 171 159 227 167 224 173 222 178 222 182 220 188 221 196 221 190 226 184 230 179 231 175 231 168 231 162 227 174 225 178 225 183 224 193 222 183 224 179 225 174 225
123 192 126 205 130 218 136 230 144 241 155 250 168 256 182 256 194 251 205 243 213 233 219 221 221 208 222 194 222 180 221 167 131 163 136 156 145 153 154 155 163 159 181 157 189 152 197 148 206 148 213 153 173 170 174 180 175 189 176 199 167 208 172 209 177 209 182 207 186 205 142 174 147 170 154 170 161 174 154 176 148 177 185 171 191 165 198 164 204 166 199 170 192 171 159 227 167 224 173 222 178 222 182 220 188 221 196 221 190 226 185 230 180 231 175 232 168 231 162 227 174 225 178 225 183 224 193 222 183 224 179 225 175 226
123 192 126 205 130 218 136 230 144 241 155 250 168 256 181 256 194 252 204 243 212 233 219 221 221 208 222 194 222 181 221 167 131 162 136 156 145 153 154 155 163 158 182 157 189 152 197 148 206 148 213 153 173 170 174 180 175 189 176 199 167 208 172 209 177 209 182 207 186 205 142 174 147 170 154 170 161 174 154 176 148 177 186 170 191 165 198 164 203 166 199 170 192 171 159 227 167 224 173 222 178 222 182 220 188 221 196 221 190 227 184 230 180 231 175 232 168 231 162 227 174 226 178 225 182 224 193 222 183 224 179 225 174 226
