127 202 130 215 134 229 139 241 147 252 158 261 171 267 185 267 198 263 208 255 216 244 222 232 225 219 226 206 226 193 225 179 133 172 139 166 148 163 157 165 166 169 184 167 192 162 201 158 210 158 218 162 176 179 177 189 178 199 179 209 170 218 175 219 180 220 185 218 190 215 145 184 151 180 157 180 164 183 158 186 151 187 189 180 195 175 201 174 208 176 203 180 196 181 163 238 171 235 177 232 182 233 186 230 192 231 200 232 194 237 189 240 184 242 179 242 172 242 166 238 178 236 182 236 187 234 197 233 187 234 183 236 178 236
127 201 130 215 133 229 139 241 148 253 158 262 171 267 185 268 197 263 208 255 216 244 222 232 225 218 226 204 226 191 225 177 133 172 139 165 148 163 157 165 166 169 184 167 192 162 201 158 210 158 217 162 176 179 177 189 178 199 179 209 170 218 175 219 180 220 185 218 189 215 145 184 150 180 157 180 164 183 157 186 150 186 189 180 195 175 201 174 207 176 203 180 196 181 162 238 170 235 176 232 181 233 186 230 192 231 200 232 194 238 188 241 183 243 178 243 171 242 166 238 177 236 182 236 186 234 196 233 187 235 182 236 177 236
127 202 130 215 134 229 140 241 148 253 159 261 171 267 185 267 198 263 208 255 216 244 222 232 225 218 226 205 226 191 225 176 133 172 139 165 148 163 157 165 166 169 184 167 192 162 200 158 210 157 217 162 176 178 177 189 178 199 179 209 170 218 175 219 181 220 185 218 189 215 145 184 150 180 157 180 164 183 157 186 150 186 189 179 195 175 201 174 207 176 203 179 196 180 163 238 170 235 177 232 182 233 186 230 192 231 200 232 194 238 188 241 183 242 178 243 171 242 166 238 177 236 182 236 187 234 196 233 187 234 183 236 178 236
127 201 130 215 133 228 139 241 148 252 158 261 171 267 185 267 198 263 208 254 217 244 222 232 225 218 226 205 226 191 225 177 133 173 139 166 148 163 158 165 166 169 184 168 192 162 200 158 210 158 217 162 176 179 177 189 178 199 179 209 170 218 175 219 180 220 185 218 190 215 145 184 150 180 157 180 164 183 158 186 151 186 189 180 195 175 201 174 207 176 203 180 196 181 163 239 170 235 177 232 182 233 186 230 193 231 200 232 194 238 189 241 184 243 179 243 172 242 166 238 177 236 182 236 187 234 197 233 187 235 183 236 178 237
127 200 129 214 133 228 139 241 148 252 158 261 171 267 185 267 198 263 208 255 216 244 222 231 225 218 226 204 226 191 225 176 133 172 139 165 148 163 158 165 166 169 184 167 192 162 201 158 210 158 218 162 176 178 177 189 178 199 179 210 170 218 175 219 180 220 185 218 189 215 145 184 150 180 157 180 164 183 157 186 150 186 189 180 194 175 201 174 207 176 202 179 196 180 163 239 170 235 177 232 182 233 186 230 192 231 199 233 194 238 189 241 184 243 179 243 172 242 166 238 177 236 182 236 187 234 196 233 187 235 183 236 178 237
127 201 130 215 133 229 139 241 148 253 158 262 171 268 185 268 198 264 208 255 216 244 222 232 224 219 226 205 226 192 225 178 134 173 139 166 148 163 157 165 166 169 184 167 192 162 200 158 210 158 217 162 176 179 177 189 178 199 179 209 170 218 175 219 180 220 185 218 189 215 145 184 150 180 157 180 164 184 157 186 150 187 189 180 194 175 201 174 207 176 202 180 196 181 163 239 171 236 177 233 181 233 186 231 192 232 199 233 194 238 188 241 183 243 178 243 172 243 167 239 177 236 182 236 187 235 196 234 187 235 182 237 178 237
127 201 130 215 133 229 140 242 148 253 158 262 171 269 185 269 198 265 208 256 216 245 222 232 225 218 226 204 226 189 224 175 133 172 139 165 148 163 157 165 166 169 184 168 192 162 200 158 209 158 217 162 176 179 177 189 178 199 179 209 170 218 175 220 180 220 185 218 189 215 145 184 150 180 157 180 164 183 157 186 150 186 189 180 194 175 201 174 207 176 202 180 195 180 163 240 171 236 177 233 182 234 186 231 192 232 199 234 194 239 189 242 184 244 179 244 172 244 167 239 177 237 182 237 187 235 196 234 187 236 183 237 178 238
127 203 130 217 134 230 140 243 149 254 159 263 172 269 185 270 197 266 208 257 216 246 221 233 224 220 226 206 226 192 225 178 133 173 139 166 148 163 157 165 166 169 184 168 192 162 200 158 210 158 217 162 176 179 177 189 178 199 179 209 169 219 174 220 180 220 185 218 189 215 145 184 150 180 157 180 164 183 157 186 150 187 189 180 194 175 201 174 207 176 202 180 195 181 163 240 171 236 177 233 182 233 186 231 192 231 199 234 194 240 189 244 184 246 179 247 172 245 167 240 177 237 182 237 187 235 195 235 187 237 183 239 178 239
127 202 130 216 134 230 141 243 149 254 159 264 172 270 185 271 197 266 207 257 215 246 221 234 225 220 226 206 226 192 226 177 133 173 139 166 148 163 157 165 166 169 184 167 192 162 201 158 210 158 217 162 176 179 177 189 178 199 179 209 170 218 175 220 180 220 185 218 189 215 145 184 150 181 157 180 164 183 157 186 150 186 189 179 194 175 201 174 207 176 202 179 195 180 164 240 171 236 177 232 182 233 186 230 193 231 199 234 194 241 189 246 184 247 179 248 172 246 168 240 178 236 182 236 187 234 195 235 188 238 183 240 178 240
127 203 130 217 134 230 140 243 148 254 158 263 171 269 184 270 196 266 207 258 215 247 221 234 225 221 226 207 226 193 225 178 133 173 139 166 148 163 157 165 166 169 185 167 192 162 201 158 210 158 217 162 176 179 176 189 178 199 179 209 170 219 175 219 180 220 185 218 189 215 145 184 150 180 157 180 164 183 157 186 150 187 189 180 195 175 201 174 207 176 202 180 195 181 164 240 171 235 177 232 182 232 186 230 192 231 199 234 194 241 189 245 184 247 179 247 172 246 168 240 177 236 182 236 187 234 195 235 188 238 183 239 178 240
127 203 131 217 134 231 140 243 149 254 159 263 171 269 185 270 198 265 208 256 217 246 222 233 225 220 226 206 226 192 225 178 133 173 139 166 148 163 157 165 166 169 184 168 192 162 200 158 210 158 217 163 176 178 177 189 178 199 179 209 170 218 175 219 180 220 185 217 189 215 145 184 150 180 157 180 164 183 157 186 150 187 189 180 194 175 201 174 207 176 202 180 195 181 164 240 171 235 177 231 182 232 187 229 193 230 199 234 195 240 190 244 184 246 179 246 172 245 168 239 178 236 183 235 188 233 196 234 188 237 183 238 178 239
127 202 130 216 134 230 140 242 148 254 159 262 172 268 186 269 198 264 209 256 217 245 223 232 226 219 226 205 226 191 225 176 133 172 139 165 148 163 158 165 166 169 184 168 191 162 200 158 209 158 217 162 176 179 177 189 178 199 179 209 170 218 175 219 181 219 185 217 189 215 145 184 150 180 157 180 164 184 157 186 150 186 189 180 194 175 201 174 207 176 202 180 196 181 164 240 171 235 177 231 182 232 187 229 193 230 199 233 194 239 189 243 184 244 179 245 172 244 167 239 178 235 183 235 187 233 196 233 188 236 183 237 178 238
128 201 131 216 134 229 140 242 149 253 159 262 172 268 186 269 199 264 209 255 218 244 223 232 226 219 226 205 226 191 225 177 134 172 139 166 148 163 158 165 166 169 184 168 191 162 200 158 209 158 217 162 175 178 176 189 178 199 179 209 170 218 175 219 180 220 185 217 189 214 145 184 150 181 156 180 164 183 157 185 150 186 189 179 195 175 201 174 207 176 202 179 196 180 163 239 171 235 177 231 182 232 187 229 193 230 199 233 194 239 189 242 184 244 179 244 172 244 167 239 177 235 182 235 187 233 196 233 188 235 183 237 178 237
128 203 131 217 135 230 141 243 149 254 160 263 172 269 186 269 198 264 209 256 217 245 223 233 226 220 227 206 227 192 226 178 133 173 139 166 148 163 157 165 166 169 184 168 191 162 200 158 210 158 217 163 175 179 176 189 178 199 179 210 170 218 175 219 180 220 185 217 189 214 145 184 150 180 157 180 164 183 157 185 150 186 189 179 194 175 201 174 207 176 202 179 195 180 163 239 170 235 177 231 182 232 187 229 193 230 200 232 195 239 189 243 184 245 179 245 172 244 167 239 178 235 183 235 187 233 196 233 188 236 183 238 178 239
128 204 131 218 135 232 141 244 150 255 160 263 173 270 186 270 198 266 208 257 216 246 222 234 226 221 227 207 227 193 225 178 133 172 139 166 148 163 157 164 166 169 184 168 191 162 200 158 209 158 217 162 175 179 177 189 178 199 179 209 170 218 175 219 180 219 185 217 189 214 145 184 150 180 157 179 164 183 157 185 150 186 189 179 194 175 201 174 207 176 202 179 195 180 163 239 170 234 177 231 182 231 187 229 193 229 200 232 195 239 190 243 184 245 178 245 171 245 166 239 177 236 183 235 188 233 196 233 188 234 183 236 178 237
128 205 131 219 135 233 142 245 150 257 161 265 173 272 186 273 198 268 208 259 216 248 222 235 225 222 227 208 227 193 225 179 134 172 139 165 148 163 157 164 166 168 184 168 191 162 200 158 210 158 217 162 176 179 177 189 178 199 179 209 170 218 175 219 180 219 185 217 190 214 145 184 150 180 157 179 164 183 157 186 150 186 189 179 194 175 201 174 207 176 203 180 196 180 164 240 170 235 177 231 182 231 187 229 194 230 200 233 195 242 190 246 184 248 179 248 172 247 167 240 178 236 183 236 188 234 197 234 188 237 183 239 178 239
127 204 131 218 135 232 142 245 151 256 161 265 173 272 187 272 199 267 208 258 216 246 222 234 225 220 226 206 226 192 225 177 134 172 139 165 148 162 157 164 166 168 184 167 192 161 200 158 210 157 217 162 176 178 177 189 178 199 180 209 171 218 175 219 181 219 185 217 190 214 145 184 150 180 157 180 164 183 157 185 150 186 189 179 195 174 201 173 207 175 202 179 196 180 165 241 171 235 177 231 182 232 187 229 194 230 199 234 195 242 190 247 185 249 179 249 172 247 168 240 178 236 183 235 188 233 196 234 189 239 184 241 178 241
127 202 130 216 134 230 140 243 148 254 159 264 172 270 186 270 198 266 208 257 217 246 222 233 225 219 226 205 226 191 225 177 133 172 139 165 148 162 157 164 166 168 184 167 191 161 200 157 210 157 218 162 175 178 176 189 178 198 179 209 170 218 175 219 180 219 185 217 190 214 145 183 150 180 157 179 164 183 157 185 151 186 189 179 194 174 201 173 207 175 202 179 195 180 164 239 171 235 177 231 182 232 186 229 193 230 199 233 195 239 189 242 184 244 179 244 172 244 168 239 178 236 182 236 187 234 196 233 188 235 183 237 178 237
127 203 131 217 135 230 140 243 148 254 159 263 171 269 185 269 198 265 208 256 216 245 222 233 225 220 226 206 226 193 225 179 133 172 139 165 148 162 157 163 166 167 184 167 191 161 200 157 210 157 218 162 175 178 176 188 177 198 178 208 169 218 174 219 180 219 185 217 189 214 145 183 150 179 157 179 164 183 157 185 150 186 189 179 194 174 201 173 207 175 202 179 195 180 163 239 170 234 177 231 181 231 185 229 192 230 198 233 193 238 188 241 184 243 179 243 172 242 167 238 177 235 182 235 186 233 195 233 187 234 183 236 178 236
127 202 130 216 134 230 140 242 148 254 159 263 171 269 185 270 198 265 208 257 216 246 221 233 225 220 226 206 226 192 225 177 133 172 139 164 148 162 157 163 166 168 183 167 191 161 200 157 210 157 217 162 175 178 176 188 177 198 179 208 169 217 174 218 180 219 185 217 189 214 145 183 150 179 157 179 164 183 157 185 150 186 189 179 194 174 201 173 207 175 202 179 195 180 163 239 170 235 176 231 181 231 185 229 192 230 198 233 194 239 188 242 184 244 179 244 172 243 167 238 177 235 182 235 186 233 195 233 187 235 183 237 178 237
127 202 130 216 134 230 141 243 149 255 159 265 172 271 186 272 198 267 208 257 216 246 221 233 225 219 226 205 226 191 225 176 133 171 139 164 148 162 157 163 165 168 184 166 191 161 200 157 209 157 217 161 175 178 176 188 177 198 178 208 170 217 175 218 180 219 185 216 189 213 145 183 150 179 157 179 164 182 157 184 150 185 188 178 194 174 200 173 207 175 202 178 195 179 164 239 170 235 177 231 182 231 186 229 192 230 199 233 194 241 189 246 184 248 179 248 172 246 168 239 177 235 182 235 187 233 195 233 188 238 183 240 178 240
127 204 131 219 135 233 142 245 150 256 160 265 172 272 185 272 197 268 207 258 215 247 221 234 224 221 226 207 226 193 225 178 133 171 139 164 148 162 157 163 165 167 184 166 191 161 200 157 209 157 217 161 175 178 176 188 177 197 179 207 170 217 175 218 180 218 184 216 189 214 145 183 150 179 156 179 163 182 157 185 150 186 189 179 194 174 201 173 207 175 202 179 195 180 164 240 170 234 177 230 182 231 186 228 193 229 199 233 195 242 189 247 184 249 179 250 171 248 167 239 177 235 182 235 187 233 196 233 188 238 183 240 178 241
127 205 131 219 136 233 142 245 150 256 160 265 173 272 186 272 198 267 208 258 216 246 221 233 224 220 226 206 226 192 225 177 133 171 139 164 147 162 157 163 165 167 184 166 191 161 200 157 209 157 217 161 175 178 176 188 177 198 179 208 170 217 175 218 180 218 185 216 189 213 144 183 149 179 156 179 163 182 157 185 150 186 189 179 194 174 201 173 207 175 202 179 195 180 164 240 171 234 177 230 182 231 186 228 193 229 199 233 195 242 190 246 184 248 179 248 172 247 168 239 178 235 182 234 187 233 196 233 188 237 183 239 178 239
127 202 130 216 134 229 140 242 148 253 159 262 171 269 185 269 198 265 208 256 216 245 222 232 225 219 226 205 226 191 225 176 133 172 139 165 148 162 157 163 165 167 184 166 191 161 200 157 209 157 217 161 175 178 176 188 177 198 179 208 170 217 175 218 180 218 184 216 189 213 145 183 150 179 157 179 164 183 157 185 150 186 189 179 194 174 201 173 207 175 202 179 195 180 164 239 170 234 177 230 181 231 186 228 192 229 199 232 194 240 189 244 184 246 179 247 172 245 168 239 177 235 182 235 187 233 195 233 187 236 183 238 178 238
127 202 130 216 134 229 140 242 148 253 159 262 172 268 185 268 198 264 208 255 216 244 222 232 225 219 226 205 226 192 225 178 133 171 139 164 148 162 157 163 165 167 184 166 191 161 200 157 209 157 217 161 175 178 176 188 177 198 179 208 170 217 174 218 180 218 185 216 189 214 145 183 150 179 157 178 164 182 157 185 150 186 188 179 194 174 201 172 207 175 202 179 195 180 163 238 170 234 176 231 181 231 185 229 191 230 198 232 193 238 188 241 183 243 178 243 172 242 167 238 177 235 181 235 186 233 194 233 187 234 182 236 177 236
127 202 130 216 134 230 140 242 149 253 160 261 172 267 186 268 198 263 208 255 216 244 221 232 225 219 226 205 226 191 225 177 133 172 138 164 148 162 157 163 165 167 184 166 191 160 200 157 210 157 217 162 175 178 176 188 177 198 179 208 169 217 174 218 180 219 185 217 189 214 145 183 150 179 157 178 164 183 157 185 150 186 188 179 194 174 200 172 207 175 202 179 195 180 164 238 171 235 177 231 181 232 185 229 191 230 198 232 193 238 188 242 184 243 179 244 172 243 167 237 177 236 182 236 186 234 195 232 187 234 183 236 178 236
126 202 130 216 134 229 140 242 148 253 159 262 172 268 185 269 198 264 208 255 216 244 222 231 225 218 226 204 226 190 225 175 133 171 139 164 148 162 157 163 165 167 184 166 191 161 200 157 209 157 217 161 175 178 176 188 177 198 179 209 169 217 174 218 180 219 185 217 189 214 144 183 150 179 156 179 163 182 157 185 150 185 188 179 194 174 200 173 206 175 202 179 195 179 164 239 171 235 177 232 181 233 185 230 191 231 198 233 193 239 188 244 184 245 179 245 172 244 167 239 177 237 182 237 186 235 195 233 187 236 183 238 178 238
127 203 130 217 134 231 141 243 149 254 160 263 172 270 186 270 197 265 208 256 216 245 221 232 224 219 226 205 226 191 225 176 133 171 139 164 148 162 157 163 165 167 184 166 191 161 200 157 209 157 217 161 175 178 176 188 177 198 178 208 169 217 174 218 180 219 184 217 189 214 145 183 150 179 156 179 163 183 157 185 150 186 188 179 194 174 201 172 207 175 202 179 195 180 164 239 171 235 177 231 181 232 186 229 192 230 199 233 194 241 189 245 184 247 179 248 172 246 168 239 178 236 182 235 186 234 195 233 187 237 183 239 178 239
127 203 130 217 134 231 141 243 149 254 160 263 173 269 186 270 198 265 208 256 216 245 222 232 224 219 226 205 226 191 224 176 133 172 139 165 148 162 157 164 166 168 183 167 191 161 200 157 209 157 217 161 175 178 176 188 177 198 179 208 170 217 175 218 180 219 185 216 189 214 145 183 150 179 156 179 163 183 157 185 150 186 188 179 194 174 200 173 207 175 202 179 195 180 164 240 170 235 177 231 182 231 186 229 192 230 199 233 194 241 189 246 184 248 179 248 172 246 168 239 177 235 182 235 187 233 195 233 188 238 183 240 178 240
127 204 130 218 134 231 141 243 149 254 160 263 172 270 186 270 198 265 208 256 216 245 221 233 224 220 225 206 226 192 225 178 133 171 139 165 148 162 157 164 165 168 183 167 191 161 199 157 209 157 217 161 175 178 176 188 177 198 179 208 169 217 174 218 180 219 185 217 189 214 144 183 149 179 156 179 163 183 157 185 150 186 188 179 194 174 201 173 207 175 202 179 195 180 163 240 170 234 176 230 181 231 186 228 193 229 199 233 194 241 189 246 184 248 178 248 171 246 167 239 177 235 182 234 187 233 196 233 188 238 183 240 178 240
127 204 130 217 134 231 141 243 149 254 159 263 171 270 185 271 197 266 207 257 215 246 221 233 224 220 226 206 226 192 224 178 133 172 138 165 147 162 156 164 165 167 184 166 191 161 200 157 209 157 217 161 175 178 176 188 177 198 179 208 170 217 175 218 180 219 185 217 189 214 144 183 149 179 156 179 163 182 156 185 149 186 188 179 194 174 201 173 207 175 202 179 195 180 163 240 170 235 177 231 182 231 186 228 193 229 199 233 194 241 189 245 184 247 178 248 171 246 167 239 177 235 182 235 187 233 196 233 188 237 183 239 178 240
127 204 130 219 135 232 142 245 150 256 160 265 172 272 185 272 197 267 207 258 215 247 221 234 224 221 226 207 226 193 225 178 133 172 138 165 148 162 157 164 165 168 184 167 191 161 200 158 209 157 217 162 175 178 177 188 178 198 179 208 170 217 175 219 180 219 185 217 189 214 144 183 150 179 157 179 163 183 157 186 150 186 188 180 194 174 201 173 207 176 202 180 195 181 164 240 170 234 177 230 182 231 187 228 193 230 199 234 195 242 189 246 184 248 178 248 171 247 167 240 177 236 182 235 187 234 195 234 188 237 183 239 178 239
127 204 131 219 135 232 142 245 150 256 160 265 172 272 185 273 197 268 207 259 214 247 220 235 224 221 226 207 226 192 224 178 133 172 139 165 148 162 157 163 165 167 184 167 191 161 200 157 209 157 217 161 175 178 176 188 177 198 179 208 170 217 175 219 180 219 185 217 189 214 144 183 149 179 156 179 163 183 157 185 150 186 188 179 194 174 201 173 207 176 202 179 195 180 164 241 170 235 177 230 182 231 186 228 193 230 199 234 195 242 189 247 184 249 179 249 171 248 167 240 177 236 182 235 187 234 195 234 188 238 183 239 178 240
127 204 131 219 135 232 142 244 150 256 160 265 172 272 185 273 197 268 207 259 215 247 221 235 224 221 226 207 226 193 225 178 133 172 139 165 148 162 157 163 165 167 184 166 191 161 200 157 209 157 216 161 175 178 176 188 177 198 179 208 170 217 175 218 180 219 185 216 189 214 145 183 150 180 156 179 163 183 157 185 150 186 189 179 194 174 201 173 207 175 202 179 195 180 164 240 170 234 177 230 182 231 186 228 193 229 199 234 195 242 189 247 184 248 178 249 171 247 167 240 177 235 182 235 187 233 195 234 188 237 183 239 178 240
127 205 131 219 135 233 142 245 150 256 160 265 172 272 185 273 197 268 207 259 215 248 221 235 224 222 226 207 226 193 224 178 133 171 139 164 148 162 157 163 165 167 184 166 191 161 200 157 209 157 216 161 176 178 177 188 178 198 179 207 170 217 175 218 180 218 185 216 189 213 145 183 150 179 156 179 163 183 157 185 150 186 188 179 194 174 200 173 206 175 202 179 195 180 164 240 171 234 177 230 182 230 187 228 193 229 199 234 195 241 189 246 184 248 179 248 172 247 167 240 178 235 182 234 187 233 196 234 188 237 183 238 178 239
127 204 130 218 135 232 141 244 149 255 160 264 172 271 185 271 197 267 207 257 216 246 222 234 225 221 226 207 226 192 225 178 133 171 139 165 148 162 157 163 165 167 184 167 191 161 200 157 209 157 216 161 175 178 176 188 178 198 179 208 170 217 175 218 180 218 185 216 189 213 144 183 149 179 156 178 163 182 157 185 150 185 188 179 194 174 201 173 207 175 202 179 195 180 164 240 171 234 177 230 182 230 186 228 193 229 199 233 194 241 189 245 184 247 179 247 172 246 167 239 178 235 182 234 187 233 195 233 188 236 183 238 178 238
127 203 130 217 134 230 140 243 149 254 160 263 172 269 186 270 197 265 208 256 216 245 222 233 225 220 226 206 226 192 225 177 133 171 138 165 147 162 157 163 165 167 184 166 192 161 201 157 210 157 218 162 175 178 176 188 177 198 179 208 170 217 175 218 180 219 185 216 189 214 144 183 149 179 156 179 163 183 157 185 150 186 189 179 194 174 201 173 207 175 202 179 195 180 164 239 170 234 176 230 182 230 186 227 193 229 199 233 195 240 190 245 184 247 178 247 171 246 167 239 177 234 182 234 187 232 195 233 188 236 183 238 178 239
127 202 130 217 134 230 141 243 149 254 160 263 172 269 186 270 198 265 207 256 216 245 222 233 225 220 226 206 226 192 224 178 133 172 139 165 148 162 157 164 166 168 184 167 191 161 200 157 209 157 217 162 176 179 177 189 178 198 179 208 170 217 175 218 180 219 185 216 189 214 146 184 151 181 157 180 164 183 158 186 151 187 188 180 194 175 200 174 206 176 202 180 195 181 164 239 170 233 176 229 181 229 186 227 193 228 198 233 195 241 189 246 184 248 178 248 171 246 168 238 177 234 182 233 187 231 195 233 188 238 183 240 178 240
128 205 131 219 135 232 141 243 150 254 161 263 173 269 186 270 198 265 208 255 216 245 222 232 225 219 226 205 226 192 225 177 133 173 138 165 147 162 157 164 165 168 184 167 191 161 200 158 209 157 216 162 176 180 177 189 178 199 179 208 170 217 175 218 180 219 185 216 190 214 146 187 151 186 157 185 163 185 157 187 152 188 189 181 195 180 200 179 206 179 201 182 195 183 164 239 170 233 176 229 181 230 186 227 193 228 199 233 195 241 189 246 184 248 178 249 171 246 168 238 177 234 182 233 187 232 195 233 188 238 183 240 178 240
127 205 131 219 135 232 141 244 150 254 160 263 172 269 185 270 197 265 207 256 215 245 222 233 225 220 226 206 226 192 224 178 134 172 139 165 148 162 157 164 165 168 183 167 191 161 200 158 209 157 216 162 175 180 176 189 177 199 179 208 169 217 174 218 180 219 185 217 189 214 146 187 151 185 157 184 164 185 158 188 151 189 188 182 195 180 201 179 207 180 202 183 195 183 164 239 170 233 176 229 181 230 186 227 192 229 198 233 194 242 189 247 183 249 178 249 171 247 167 238 177 234 182 234 186 232 195 233 187 239 182 241 178 241
127 205 131 218 135 232 141 244 150 255 160 264 172 271 185 273 197 268 207 258 215 247 221 234 225 221 226 206 226 192 225 178 133 173 139 165 148 162 157 164 166 168 184 167 191 161 200 158 209 158 216 163 176 179 177 189 178 198 179 207 170 217 175 218 180 219 185 216 189 214 145 187 151 185 157 183 164 184 158 187 151 189 188 181 194 179 200 179 207 179 201 182 195 183 164 239 170 233 177 229 182 230 186 228 193 229 199 234 194 242 189 247 184 249 179 250 171 247 168 239 177 235 182 234 187 233 195 234 188 238 183 239 178 240
127 205 131 219 135 233 142 246 151 257 161 267 173 274 185 275 197 270 206 261 214 249 220 236 224 222 226 207 226 192 225 177 133 173 138 165 147 162 157 164 166 168 184 167 192 161 200 157 210 157 217 162 176 179 177 189 178 198 179 208 169 217 175 218 180 219 185 217 189 214 145 187 150 185 156 184 163 184 157 187 151 188 189 181 195 179 201 179 207 179 202 181 196 182 164 241 170 234 176 230 181 231 186 228 193 230 198 235 194 244 189 249 183 251 178 251 171 249 168 240 177 236 182 235 187 233 194 235 188 239 183 241 177 241
127 205 131 220 135 234 142 246 151 257 161 267 172 274 185 275 196 271 206 262 214 250 220 237 224 223 226 209 226 194 225 178 133 173 138 165 147 162 157 163 165 168 184 167 191 161 200 157 209 157 217 162 175 179 176 189 177 198 179 208 169 217 174 219 180 219 185 217 189 214 145 186 151 184 156 183 163 184 157 186 151 187 189 180 195 178 200 178 206 178 201 181 195 181 164 241 170 235 176 231 181 231 186 229 193 230 198 235 195 244 189 249 183 251 178 251 171 249 168 240 177 236 182 235 187 234 195 235 188 240 183 242 177 242
127 206 131 220 135 234 142 246 151 257 161 267 172 274 184 275 196 271 205 262 214 250 220 238 224 224 226 209 226 194 225 179 133 173 138 166 147 162 156 163 165 167 185 166 192 161 201 157 210 157 217 162 176 179 177 189 178 198 179 208 170 218 175 219 180 219 185 217 189 214 145 186 150 183 157 182 163 184 157 186 151 187 189 180 195 177 201 176 207 178 201 180 195 181 164 241 170 235 177 231 182 231 187 229 193 230 199 235 195 244 189 249 184 251 178 251 171 249 168 240 177 236 182 235 187 234 195 235 188 240 183 242 178 242
128 205 131 220 136 233 142 245 151 257 161 266 172 272 185 273 196 269 206 260 214 249 220 236 224 222 226 208 226 193 225 179 134 173 139 165 148 162 157 164 166 168 184 167 192 161 201 157 210 158 217 162 176 179 177 189 178 198 179 208 170 218 175 219 180 219 185 217 189 214 146 185 151 182 157 181 164 184 158 186 151 187 189 180 195 176 201 176 207 178 202 181 195 181 164 241 171 235 177 231 182 231 187 229 193 230 199 235 195 243 189 248 184 250 179 250 172 248 168 240 178 236 182 235 187 234 196 235 188 238 183 240 178 241
128 204 131 218 135 232 142 244 150 255 160 264 172 270 184 271 196 267 206 258 214 248 220 235 224 222 226 208 226 193 225 179 135 172 140 165 149 162 158 164 166 168 184 167 192 161 200 157 210 157 217 162 176 179 177 189 178 198 180 208 170 217 175 218 180 219 185 217 189 214 146 185 151 181 157 180 164 183 158 186 151 187 189 180 195 176 201 175 207 177 202 180 195 181 164 240 170 234 177 230 182 231 187 228 193 230 199 234 195 241 189 246 184 248 178 248 171 246 167 239 177 235 182 235 187 233 196 234 188 237 183 238 178 239
127 204 130 218 135 231 141 244 150 255 160 264 172 270 185 271 197 266 207 257 215 246 221 234 224 221 226 207 226 193 225 178 134 172 140 165 149 162 158 164 166 168 184 167 192 161 201 157 210 157 217 162 176 179 177 189 178 198 179 208 170 217 175 219 180 219 185 217 190 214 146 184 151 181 158 180 164 183 158 186 152 186 189 180 195 175 201 175 207 177 202 180 196 181 164 240 170 234 177 230 182 231 187 228 193 230 199 234 195 241 189 246 184 247 178 248 171 246 167 239 177 235 182 235 187 233 195 234 188 237 183 239 178 239
127 203 130 217 134 230 141 242 149 254 159 263 172 269 185 270 197 266 207 257 215 246 221 233 225 220 226 206 226 192 225 178 134 172 139 165 148 162 157 164 166 168 185 167 192 161 201 158 210 157 217 162 176 178 177 189 178 198 179 208 170 217 175 219 180 219 185 217 190 214 146 184 151 180 157 180 164 183 158 185 151 186 189 179 194 175 201 174 207 176 202 179 195 180 163 240 170 234 177 231 182 231 187 229 193 230 199 234 195 241 189 246 184 248 178 248 171 246 167 239 177 235 182 234 187 233 196 234 188 238 183 240 178 240
127 202 130 217 134 230 141 243 149 254 160 263 172 270 185 270 197 266 207 257 215 246 221 234 225 220 226 206 226 192 225 177 133 172 139 165 148 162 157 164 166 168 184 167 192 161 201 158 210 158 218 163 176 178 177 189 178 199 179 209 170 218 175 219 180 219 185 217 189 214 146 184 151 180 157 180 164 183 158 185 151 186 189 179 194 175 201 174 206 176 202 179 195 180 163 240 170 235 176 231 182 231 186 229 193 230 199 234 195 241 189 246 184 248 178 248 171 246 167 239 177 235 182 235 187 233 196 234 188 237 183 239 177 239
127 203 130 217 135 231 141 243 150 254 160 263 172 270 185 271 197 266 207 257 215 246 221 234 225 221 226 207 226 192 225 178 134 172 139 165 148 162 158 164 166 168 185 167 192 161 201 158 210 157 217 162 176 179 177 189 178 199 179 209 170 218 175 219 180 219 185 217 189 214 146 184 151 181 158 180 164 183 158 185 151 186 189 179 194 175 201 174 206 176 202 179 195 180 163 240 170 235 177 231 182 231 187 229 193 230 199 234 195 242 189 246 184 248 178 249 171 247 167 239 177 235 182 235 187 233 196 234 188 238 183 240 178 240
127 204 131 218 135 232 142 244 150 255 161 264 172 271 185 271 197 267 207 258 215 247 221 234 225 221 226 207 226 192 225 178 134 172 139 165 148 162 157 164 166 168 185 167 192 161 201 158 210 158 217 162 176 179 177 189 178 199 179 208 170 218 175 219 180 219 185 217 190 214 146 184 151 180 157 180 164 183 158 185 151 186 189 179 195 175 201 174 207 176 202 180 195 180 164 240 170 235 177 231 182 231 187 229 193 230 199 234 195 242 189 247 184 248 178 249 171 247 167 240 177 235 182 235 187 233 196 235 188 238 183 240 178 240
127 203 130 217 135 231 141 243 150 255 160 264 172 271 185 271 197 267 207 257 215 247 221 234 225 221 226 207 226 193 225 179 134 172 139 165 148 162 158 164 166 168 185 167 192 161 201 158 210 158 217 163 176 179 177 189 178 198 179 209 170 218 175 219 180 219 185 217 190 214 146 184 151 181 157 180 164 183 158 186 151 186 189 179 194 175 201 174 206 176 202 180 195 181 163 240 170 235 177 231 182 232 187 229 193 230 199 234 195 242 189 246 184 248 178 249 171 247 167 240 177 236 182 235 187 234 196 235 188 238 183 240 177 240
127 203 130 217 134 231 141 243 149 254 160 263 172 270 185 271 196 267 206 258 214 247 220 234 224 221 226 207 226 193 225 178 133 172 139 165 148 162 157 164 166 168 184 167 192 161 201 157 210 158 217 162 176 179 177 189 178 198 179 208 170 218 175 219 180 219 185 217 190 214 145 184 150 180 157 180 164 183 157 186 151 186 189 180 194 175 201 174 207 176 202 180 195 181 163 240 170 235 176 231 182 231 187 229 193 230 199 234 195 242 189 247 184 249 178 249 171 247 167 240 177 235 182 235 187 233 196 235 188 239 183 240 177 241
127 203 130 217 134 231 141 243 149 255 160 264 172 270 185 271 196 266 206 257 215 247 221 234 224 221 226 207 226 193 225 178 134 172 139 165 148 162 157 164 166 168 185 167 192 161 201 158 210 158 217 162 176 179 177 189 178 199 179 209 170 218 175 219 180 219 185 217 189 214 145 184 150 180 157 180 164 183 157 185 150 186 189 179 194 175 201 174 207 176 202 179 195 180 164 240 170 235 177 231 182 232 187 229 193 230 199 234 195 242 189 246 184 248 178 248 171 247 167 240 177 236 182 235 187 234 196 235 188 238 183 240 178 240
127 203 130 217 134 231 141 243 149 254 159 263 171 270 184 270 196 266 206 258 214 247 220 235 224 222 226 207 226 193 225 179 133 172 139 165 148 162 157 164 165 168 184 167 192 161 200 158 210 158 217 163 175 178 176 189 177 199 179 209 169 218 174 219 180 219 184 217 189 214 145 184 150 180 156 180 163 183 157 185 150 186 189 179 194 175 201 174 207 176 202 179 195 180 163 240 170 235 176 231 181 231 186 229 192 230 199 234 194 242 188 247 183 249 177 249 171 247 167 240 177 235 182 235 187 233 195 235 187 239 182 240 177 241
127 203 130 217 134 230 141 242 149 254 160 263 172 269 185 270 197 266 207 257 215 246 221 233 224 220 226 206 226 192 225 177 134 171 139 165 148 162 157 164 165 168 184 167 192 161 200 158 209 157 217 162 176 178 177 189 178 198 179 208 170 218 175 219 180 219 185 217 189 214 145 183 150 180 157 179 164 183 157 185 150 186 189 179 194 175 201 174 207 176 202 180 195 180 163 240 170 235 176 231 181 231 186 229 193 230 199 234 194 242 189 247 183 248 178 249 171 247 167 240 177 235 182 235 187 233 196 234 187 239 182 241 177 241
127 202 130 216 134 230 141 242 149 253 160 262 172 269 185 269 197 265 207 256 215 245 221 233 224 220 226 206 226 192 225 177 134 172 139 165 148 162 157 164 166 168 184 167 192 161 200 158 210 157 217 162 176 179 176 189 178 198 179 208 170 218 175 219 180 219 185 217 189 214 145 184 150 180 157 180 163 183 157 186 150 186 189 179 194 175 201 174 207 176 202 179 195 180 163 240 170 235 176 231 181 231 186 229 192 230 199 234 194 241 189 246 183 247 178 248 171 246 167 239 177 235 182 235 187 233 196 234 187 238 183 240 177 240
127 202 130 216 134 229 140 242 148 253 159 262 172 268 185 269 197 264 207 256 216 245 221 233 225 220 225 205 226 191 225 177 133 172 139 165 148 162 157 164 166 168 184 167 191 161 200 157 210 157 217 162 176 179 177 189 178 199 179 208 169 218 174 219 180 219 185 217 189 214 144 184 150 180 156 180 163 183 157 186 150 187 189 180 194 175 201 174 207 176 202 180 195 181 163 240 170 235 176 231 181 232 186 229 192 230 199 234 194 241 189 245 184 247 178 247 171 245 167 239 177 235 182 235 187 234 196 234 187 237 183 239 177 239
126 201 129 215 133 229 139 241 148 253 159 262 171 268 185 268 197 264 207 255 216 245 222 232 225 219 226 204 226 190 225 176 133 171 139 165 148 162 158 164 166 168 184 167 191 162 200 158 209 158 217 162 176 179 177 189 178 199 179 209 169 218 175 219 180 220 185 217 189 215 145 184 150 180 157 180 163 183 157 186 150 186 188 180 194 175 200 174 206 176 202 180 195 181 163 239 170 235 177 231 182 232 186 229 192 230 199 233 194 240 189 244 184 246 178 246 171 245 167 239 177 236 182 235 187 234 195 234 187 237 183 238 178 239
127 203 130 216 134 230 140 242 148 253 159 262 171 267 185 268 197 263 208 255 216 245 222 232 225 219 226 206 226 192 225 177 133 172 139 165 148 162 157 164 166 168 184 167 191 162 200 158 209 158 216 162 175 179 176 189 178 199 179 209 169 218 174 219 180 220 185 217 189 215 145 184 150 180 156 180 163 183 157 186 150 186 189 180 194 175 200 174 206 176 202 180 195 180 162 239 170 235 176 231 181 232 186 229 192 230 199 233 194 239 189 242 184 244 178 244 171 243 166 238 177 236 182 235 187 233 196 233 187 235 183 237 178 237
126 201 129 215 133 228 139 241 147 252 158 261 171 267 185 267 197 263 207 254 216 244 222 232 225 219 226 206 226 192 225 178 133 172 139 165 148 162 158 164 166 168 184 167 191 161 200 158 210 158 217 163 176 178 177 189 178 198 179 209 170 218 175 219 180 219 185 217 189 214 145 183 150 180 157 179 164 183 157 185 150 186 188 180 194 175 201 174 207 176 202 180 195 181 162 238 170 235 177 231 181 232 186 229 192 230 199 232 194 238 188 241 183 242 178 243 171 242 166 238 177 235 182 235 187 233 196 233 187 234 182 236 178 236
127 201 130 215 133 228 139 241 147 252 158 261 171 267 185 267 197 263 208 254 216 244 222 232 225 219 226 205 226 191 225 177 133 172 139 165 148 162 157 164 166 169 184 167 192 162 200 158 210 158 217 163 176 179 177 189 178 199 179 209 170 218 175 219 180 219 185 217 189 215 145 184 150 180 157 180 163 183 157 186 150 186 189 180 194 175 201 174 207 176 202 180 195 181 162 238 170 235 176 231 181 232 186 230 192 230 199 232 194 238 188 241 183 242 178 243 171 242 165 238 177 236 182 235 186 234 196 233 187 234 182 236 177 236
127 200 129 214 133 227 139 240 147 252 158 260 170 267 184 267 197 263 208 254 216 244 222 232 225 219 226 205 226 191 224 177 133 172 139 165 148 162 158 164 166 169 184 167 192 162 200 158 209 157 216 162 176 179 176 189 178 199 179 209 170 218 175 219 180 219 185 217 189 215 145 184 150 180 156 180 164 183 157 186 150 186 189 180 194 175 200 174 206 176 202 180 195 181 162 238 170 235 177 232 181 232 186 230 192 230 199 232 194 237 188 240 183 242 178 242 171 242 165 238 177 236 182 236 187 234 196 232 187 234 182 236 178 236
127 201 130 215 133 228 139 241 147 252 158 261 171 267 185 267 197 263 208 254 217 244 222 232 225 218 226 205 226 191 225 177 133 172 139 165 148 163 157 164 166 168 184 167 192 162 200 158 210 158 217 163 175 178 176 189 178 199 179 209 170 218 175 219 180 220 185 217 189 215 144 184 149 180 156 180 163 183 157 186 150 186 189 180 194 175 201 174 207 176 202 180 195 181 162 238 170 235 177 232 181 232 186 230 192 230 200 232 194 237 188 241 183 242 178 242 171 242 165 238 177 236 182 235 187 234 196 232 187 234 182 236 178 236
127 200 129 214 133 228 139 240 147 252 158 261 171 267 185 267 197 263 208 254 217 244 222 231 225 218 226 204 226 190 225 176 133 172 139 165 148 162 157 164 166 169 184 168 192 162 200 158 209 158 217 162 175 179 176 189 178 199 179 209 169 218 174 219 180 220 185 218 189 215 145 184 150 180 157 180 164 183 157 186 150 187 189 180 194 175 201 174 207 176 202 180 195 181 162 238 170 235 176 232 181 232 186 230 192 230 200 232 194 237 189 240 183 242 178 242 171 242 165 238 177 236 182 236 187 234 196 232 187 234 182 236 177 236
127 200 130 214 133 227 139 240 147 252 158 260 171 267 185 267 198 262 209 254 217 243 223 231 225 218 226 204 226 190 225 176 133 172 139 166 148 163 157 164 166 168 184 168 192 162 200 158 209 158 217 162 176 179 177 189 178 199 179 209 170 218 175 219 180 220 185 217 189 215 145 184 150 180 157 180 164 183 157 186 150 187 189 180 194 175 201 174 207 176 202 180 195 181 162 238 170 235 177 232 182 232 186 230 193 230 200 232 194 237 189 240 184 242 178 242 171 242 166 238 177 236 182 236 187 234 196 232 187 234 183 236 178 236
127 201 130 215 134 228 139 241 147 252 158 261 171 267 185 267 198 262 208 254 217 244 223 232 225 219 226 205 226 192 225 177 133 172 139 165 148 163 157 164 166 168 185 167 192 162 200 158 209 157 217 162 176 178 177 189 178 199 179 209 170 218 175 219 180 220 185 217 190 215 145 184 150 180 157 180 164 183 157 186 151 187 189 180 194 175 201 174 207 176 202 179 195 180 162 238 170 235 177 232 182 232 186 230 192 230 200 231 194 237 188 240 183 242 178 242 171 241 166 237 177 236 182 235 187 233 197 232 187 234 183 236 178 236
127 202 130 215 134 229 139 241 148 252 158 261 171 267 185 267 198 263 209 254 217 244 223 232 225 218 226 205 226 191 225 177 133 172 139 165 148 162 157 164 166 169 184 167 192 162 201 158 210 158 217 163 176 179 177 189 178 199 179 209 169 218 175 219 180 220 185 217 190 215 145 184 150 180 156 180 164 183 157 186 150 187 189 180 195 175 201 174 207 176 202 180 196 181 162 238 170 235 177 232 182 232 186 230 192 230 200 231 194 237 189 240 184 242 179 242 172 241 166 237 177 236 182 236 187 234 197 232 187 234 183 236 178 236
127 202 130 216 134 229 140 242 148 253 159 261 172 267 186 267 198 263 209 254 217 244 223 232 225 219 227 205 226 192 225 178 133 172 139 165 148 162 158 164 166 169 184 168 192 162 200 158 210 158 218 162 176 178 177 189 178 199 179 209 170 218 175 219 181 219 185 217 190 215 145 184 150 180 157 180 164 183 157 186 150 186 189 180 195 175 201 174 207 176 203 180 196 180 163 237 171 234 177 231 182 232 186 230 192 230 200 231 194 237 189 239 184 241 179 241 172 241 166 237 178 235 182 235 187 233 197 232 187 233 183 235 178 236
127 202 130 215 133 229 139 241 148 252 158 261 171 267 185 267 198 263 208 255 216 244 222 232 225 220 226 206 226 193 225 179 133 173 139 165 148 163 157 164 166 169 184 167 192 162 201 158 210 158 217 163 176 178 177 189 178 199 179 209 170 218 175 219 180 219 185 217 190 215 145 184 150 180 157 180 164 183 157 186 151 186 189 180 195 175 201 174 207 176 203 180 196 181 162 237 170 234 177 232 181 232 186 230 192 230 200 231 194 236 189 239 184 241 178 241 172 241 166 237 177 235 182 235 187 233 197 232 187 233 183 235 178 236
127 201 130 215 133 228 139 241 148 252 158 260 171 267 185 267 198 263 209 254 217 243 223 231 225 218 226 204 226 191 224 177 133 172 139 165 148 162 157 164 166 168 185 167 192 161 201 158 210 157 217 162 176 179 177 189 178 199 179 209 170 218 175 219 181 219 185 217 190 215 145 184 150 180 157 180 164 183 157 186 150 186 189 180 195 175 201 174 207 176 202 180 196 181 162 237 170 234 177 231 182 232 186 230 192 230 200 231 194 237 189 240 184 241 179 242 172 241 166 237 177 235 182 235 187 233 197 232 187 234 183 235 178 236
127 202 130 216 134 229 140 241 148 252 159 261 172 267 185 267 198 263 208 254 216 244 222 232 225 219 226 206 226 193 225 179 134 172 139 165 149 162 158 164 166 169 184 167 192 162 200 158 210 158 217 162 176 178 177 189 178 199 179 209 170 218 175 219 180 220 185 218 190 215 145 184 150 180 157 180 164 183 157 186 150 186 189 180 195 175 201 174 207 176 203 179 196 180 162 237 170 234 177 232 182 232 186 230 192 230 200 231 194 237 189 240 184 241 179 242 172 241 165 237 177 235 182 235 187 234 197 232 187 234 183 236 178 236
127 201 130 215 134 228 140 241 148 252 159 261 172 267 186 267 198 263 208 254 217 244 223 233 226 220 227 206 227 193 226 179 134 172 139 165 148 162 158 164 166 169 184 167 192 162 201 158 210 157 218 162 176 179 177 189 178 199 179 209 170 218 175 219 180 219 185 217 190 215 145 184 150 180 157 180 164 183 157 186 150 186 189 180 195 175 201 174 208 176 203 179 196 180 162 237 170 235 177 232 181 232 186 230 192 230 200 231 194 237 189 240 184 241 179 242 172 241 166 237 177 236 182 235 187 233 197 232 187 234 183 235 178 236
127 202 130 215 133 229 139 241 148 252 158 261 172 267 186 267 198 263 208 254 216 244 222 232 225 219 226 206 227 193 226 179 134 172 139 165 149 163 158 164 166 169 185 167 192 162 201 158 211 158 218 163 176 179 177 189 178 199 179 209 170 218 175 219 180 219 185 217 190 215 145 184 150 180 157 180 164 183 157 186 150 187 189 180 195 175 201 174 207 176 203 180 196 181 162 238 170 235 177 232 181 232 186 230 192 230 200 231 194 237 189 240 184 242 179 242 172 241 166 237 177 236 182 236 186 234 197 232 187 234 183 236 178 236
