138 189 141 202 144 215 149 228 157 239 166 248 177 255 190 257 201 253 212 244 221 234 228 223 231 210 233 197 234 183 233 170 145 164 150 158 159 156 168 157 177 161 191 160 199 155 208 152 218 153 225 158 184 171 184 180 185 189 185 198 177 207 181 208 186 209 191 207 195 205 156 174 161 169 168 169 173 174 167 176 161 176 197 172 202 166 209 165 215 169 210 172 203 173 171 227 177 223 183 219 187 221 191 218 198 220 203 224 198 231 193 235 188 236 183 236 177 234 174 227 183 224 187 224 192 223 200 224 192 227 187 229 183 229
138 188 141 202 144 215 149 228 157 239 166 249 177 256 190 257 202 253 212 244 221 234 228 223 231 210 233 197 233 183 233 170 145 164 150 158 159 156 168 157 176 161 191 160 199 155 208 152 217 153 224 158 184 171 184 180 185 189 185 198 177 207 181 208 186 209 191 207 195 205 156 174 161 170 167 169 173 174 167 176 161 177 197 172 202 166 209 165 214 169 210 172 203 173 171 228 176 223 183 220 187 221 191 219 197 221 203 224 198 231 193 235 188 236 183 236 177 234 174 227 183 224 187 224 191 223 200 224 192 228 187 229 183 229
138 189 141 202 144 215 149 228 156 239 166 249 177 256 189 258 201 253 212 245 221 235 228 223 231 210 232 197 233 183 233 170 145 164 151 158 159 156 168 157 177 161 191 160 199 155 208 152 217 153 225 158 184 171 184 180 185 189 185 198 177 207 181 208 186 209 190 207 195 205 156 174 161 170 167 169 173 174 167 176 161 177 197 172 202 166 209 165 215 169 210 173 203 173 171 228 177 223 183 220 187 221 191 219 198 221 203 224 198 231 193 235 188 237 183 237 177 234 174 227 183 224 187 224 192 223 200 225 192 228 187 229 183 229
138 189 141 202 144 215 149 228 156 240 166 249 177 256 189 258 201 254 211 245 221 235 227 223 231 210 233 197 233 183 233 170 145 164 151 158 159 156 168 157 177 161 191 160 199 155 208 152 217 153 224 158 184 171 185 180 185 189 186 198 177 207 181 208 186 209 191 207 195 205 156 174 161 170 168 169 173 174 168 176 161 177 197 172 202 166 209 166 214 169 210 173 203 173 171 228 177 223 183 220 187 221 191 219 197 221 203 224 198 231 193 235 188 237 183 237 177 235 174 227 183 224 187 224 192 223 200 225 192 228 187 229 183 229
138 188 141 202 144 215 149 228 156 239 166 249 177 256 189 258 201 254 212 245 221 235 228 223 231 210 233 196 233 183 233 169 145 164 151 158 159 156 168 157 177 161 191 160 199 155 208 152 217 153 224 158 184 171 185 180 185 189 186 198 177 207 182 208 186 209 191 207 195 205 156 174 161 170 168 169 173 174 168 176 161 177 197 172 202 166 209 165 214 168 210 172 203 173 171 228 177 223 183 220 187 221 191 219 198 221 203 224 198 232 193 236 188 237 183 237 177 235 174 227 183 224 187 224 192 223 200 225 192 228 187 229 183 229
138 189 141 203 144 216 149 228 157 240 166 249 177 257 190 258 201 254 212 245 221 235 227 223 231 210 233 197 233 183 233 170 145 164 151 158 159 156 168 157 176 161 191 160 199 155 208 152 217 153 224 158 184 171 184 180 185 189 185 198 177 207 181 208 186 209 191 207 195 205 156 174 161 170 168 169 174 174 168 176 161 177 197 172 202 166 209 165 214 168 210 172 203 173 171 228 177 223 183 220 187 221 191 219 197 220 203 224 198 231 193 235 188 237 183 237 177 235 174 227 183 224 187 224 192 223 200 225 192 228 187 229 183 229
138 188 141 202 144 215 149 228 156 239 166 249 177 256 189 257 201 254 211 245 220 235 227 223 231 210 233 196 233 183 233 169 145 164 151 158 159 156 168 157 176 161 191 160 199 155 208 152 217 153 224 158 184 171 184 180 185 189 185 198 177 206 181 208 186 209 191 207 195 205 156 174 161 169 168 169 173 174 167 176 161 176 196 172 202 166 209 165 214 168 210 172 203 173 171 228 176 223 183 219 187 220 191 218 197 220 203 224 198 230 193 234 188 236 183 236 177 234 174 227 183 224 187 224 192 223 200 224 192 227 187 228 183 228
138 188 141 202 144 215 149 228 156 239 166 249 177 256 189 257 201 253 212 245 221 235 228 223 231 210 232 197 233 183 233 170 145 164 150 158 159 156 168 157 177 161 191 160 199 155 208 152 217 152 224 158 184 171 184 180 185 189 185 198 177 206 181 208 186 208 190 207 195 204 155 174 161 170 167 169 173 174 167 176 161 177 196 172 202 166 209 165 214 168 210 172 203 173 171 227 177 222 183 219 187 220 191 218 197 220 203 223 198 230 193 234 188 235 183 235 177 233 174 227 183 224 187 224 192 222 200 224 192 227 187 228 183 228
138 188 141 201 144 214 149 227 156 239 166 248 177 255 189 256 202 252 213 244 222 234 229 222 232 209 233 195 233 182 233 168 145 164 150 157 159 155 168 157 176 160 191 159 199 155 208 151 217 152 224 157 184 171 184 180 185 189 185 198 177 206 181 207 186 208 190 206 195 204 155 174 161 169 167 169 173 174 167 176 161 176 196 172 202 166 209 165 214 168 210 172 203 173 171 226 177 222 182 219 187 220 191 218 197 219 204 223 198 229 193 233 188 234 183 234 177 232 174 226 183 223 187 223 192 222 200 223 192 225 187 227 183 227
138 189 141 202 144 215 149 227 156 238 165 247 176 254 189 256 201 252 212 244 222 235 228 223 232 211 233 197 233 184 233 170 145 164 150 158 159 155 168 157 176 160 191 159 199 155 208 151 217 152 224 158 184 171 184 180 185 189 185 198 177 206 181 207 186 208 190 206 195 204 156 173 161 169 167 169 173 174 167 176 161 176 196 172 201 166 208 165 214 168 209 172 203 173 170 226 176 221 182 218 187 219 191 217 197 219 203 222 198 228 193 232 188 233 183 233 177 231 173 225 183 223 187 223 192 221 200 222 192 225 187 226 183 226
138 189 141 202 144 215 149 227 156 238 165 247 177 254 190 255 202 251 213 243 222 234 229 222 232 210 233 196 233 182 233 169 144 164 150 157 159 155 168 157 176 161 191 160 199 155 208 151 217 152 224 157 184 170 184 179 185 188 185 198 177 206 181 207 186 208 191 206 195 204 155 173 160 169 167 169 173 174 167 176 160 176 196 171 202 166 208 165 214 168 210 172 203 172 170 226 176 222 183 218 187 219 191 217 197 219 204 222 198 227 193 231 188 233 183 233 177 231 173 225 183 223 187 223 192 221 200 222 192 224 187 226 183 226
139 188 141 202 144 215 149 228 156 239 166 248 177 255 190 257 202 253 213 244 222 234 229 223 232 210 233 196 233 183 233 169 145 164 151 157 159 155 168 157 176 161 191 159 199 155 208 151 217 152 224 157 184 170 184 180 185 189 185 198 177 206 181 207 186 208 191 206 195 204 156 173 161 169 167 169 173 174 167 176 161 176 196 171 202 166 208 165 214 168 209 171 203 172 170 226 176 222 182 219 187 220 191 218 197 219 204 222 198 229 193 233 188 235 183 235 177 233 173 226 183 223 187 223 191 222 201 222 192 226 187 227 183 228
139 187 141 201 144 215 149 228 157 239 166 249 177 257 190 259 202 255 212 246 221 235 228 223 232 210 233 196 233 182 233 168 145 163 150 157 159 155 168 156 176 160 191 159 199 154 208 151 217 152 224 158 184 170 184 179 185 189 185 198 177 206 181 207 186 208 190 206 195 204 156 173 161 169 167 169 173 173 167 176 161 176 196 171 202 166 208 165 214 168 210 172 203 172 171 227 176 222 182 219 187 220 191 218 197 219 204 223 199 230 193 234 188 235 183 235 177 233 174 227 183 224 187 224 192 222 200 223 192 225 187 227 183 227
139 187 141 201 145 215 150 228 157 240 166 250 177 257 190 259 202 254 213 245 222 235 228 223 232 210 233 196 234 182 233 168 145 163 151 157 159 155 168 157 177 160 191 159 199 154 208 151 217 152 224 157 184 170 185 179 185 189 186 198 177 206 181 207 186 208 191 206 195 204 156 173 161 169 168 169 174 173 168 175 161 176 196 171 202 166 209 165 214 168 210 171 203 172 171 227 177 222 183 219 187 220 191 218 197 220 203 223 198 231 193 235 188 236 184 236 177 234 174 227 184 224 187 224 192 223 200 224 192 227 187 228 184 228
139 187 141 200 144 214 149 227 156 238 165 248 177 256 190 257 202 253 213 244 222 234 229 222 232 209 233 195 234 182 233 168 145 163 151 157 160 155 169 156 177 160 192 159 200 154 208 151 218 152 225 157 184 170 185 179 185 189 186 198 177 206 182 207 186 208 191 206 195 204 156 173 161 169 168 169 173 173 167 175 161 176 197 171 202 166 209 165 214 168 210 171 203 172 172 226 178 223 183 220 187 221 191 219 197 220 203 223 198 229 193 233 188 234 184 234 178 232 175 226 184 225 187 225 191 224 200 223 192 225 188 227 184 227
139 186 141 199 144 213 149 226 156 238 165 248 177 255 190 257 202 252 213 243 222 233 229 222 232 209 233 195 233 181 233 168 145 163 151 157 160 155 169 156 177 160 191 159 200 154 208 151 218 151 225 157 184 169 185 179 185 188 186 198 177 206 182 207 186 208 191 206 195 204 156 172 161 168 168 168 174 173 168 175 161 175 197 170 202 165 209 164 214 167 210 171 203 172 172 225 178 222 183 220 187 221 191 219 196 220 202 222 197 228 192 231 188 232 184 232 178 230 175 225 183 224 187 224 191 223 199 223 191 224 187 225 184 225
139 187 141 200 144 214 149 226 156 238 166 248 177 255 190 257 203 253 213 244 222 233 228 222 232 209 233 195 233 182 233 168 145 163 151 156 160 154 169 156 177 160 191 159 200 154 208 150 218 151 225 157 184 169 185 179 185 188 185 198 177 206 181 207 186 208 191 206 195 204 156 172 161 168 168 168 174 173 168 175 161 175 197 170 202 165 209 164 214 167 210 171 203 172 172 226 178 222 183 220 187 221 191 219 196 220 202 223 197 228 192 232 188 233 184 233 179 231 175 225 184 224 187 225 191 224 199 223 191 224 187 226 184 225
138 187 141 200 144 214 149 227 156 239 166 249 177 257 190 258 202 254 213 245 222 234 228 222 231 209 233 195 233 182 233 168 145 163 151 157 159 154 168 156 177 160 192 158 200 154 208 151 218 152 225 157 184 169 185 179 185 188 186 198 177 206 182 207 186 208 191 206 195 204 156 172 161 168 168 168 174 173 168 175 161 175 197 171 202 165 209 164 215 167 210 171 203 172 172 227 178 223 183 220 187 221 191 219 197 220 203 223 198 230 193 234 188 235 184 235 178 233 175 226 184 225 187 225 191 223 200 224 192 226 187 228 184 227
138 187 141 201 145 215 150 228 157 240 166 250 178 258 190 260 202 255 213 246 222 235 228 222 231 209 233 195 233 181 233 167 145 163 150 157 159 154 168 156 177 159 191 158 200 153 208 150 218 152 225 157 184 170 185 179 185 188 186 197 177 205 181 207 186 207 191 206 195 204 156 172 161 168 167 168 173 173 167 175 161 175 197 171 202 165 209 164 215 167 210 171 203 172 172 227 177 222 183 219 187 220 191 218 198 220 203 223 199 232 193 237 188 238 184 238 178 235 176 227 184 223 188 223 192 222 199 224 192 228 188 230 184 230
138 188 141 202 145 216 150 228 158 241 167 251 178 259 190 260 202 256 212 247 221 236 228 223 231 210 233 196 234 182 233 168 145 163 151 157 159 154 168 156 176 159 192 158 200 153 208 150 218 151 224 157 184 170 185 179 185 188 186 197 177 206 182 207 186 208 191 206 195 204 156 173 161 168 168 168 173 173 168 175 161 175 197 171 202 165 209 164 214 167 210 171 203 172 172 228 177 222 183 218 187 219 192 217 198 219 203 224 199 233 194 238 188 239 184 239 177 236 175 227 184 223 188 223 192 222 200 224 192 229 188 231 184 231
139 188 142 202 145 215 150 228 158 241 167 251 178 259 190 260 202 256 212 247 221 236 228 223 232 210 233 196 234 182 233 168 145 163 151 157 159 154 168 156 176 159 192 158 200 153 209 150 218 151 224 156 184 170 185 179 185 188 186 197 177 206 182 207 186 208 191 206 195 204 156 173 161 169 168 168 173 173 168 175 161 175 197 170 202 165 209 164 214 167 210 171 203 172 172 228 177 222 183 218 187 219 192 217 198 219 204 223 200 233 194 238 189 239 184 239 177 236 175 227 184 223 188 223 192 222 201 224 193 229 188 231 184 231
139 188 142 202 145 215 150 228 157 240 166 249 177 257 190 259 202 254 213 246 222 235 228 223 232 210 233 196 233 182 234 168 145 163 151 156 160 154 168 156 177 159 192 159 200 154 209 150 218 151 225 157 184 170 185 179 185 188 186 197 177 206 182 207 187 208 191 206 195 204 156 173 161 169 168 168 174 173 168 175 161 176 197 171 203 165 209 164 215 167 210 171 204 172 172 228 177 222 183 218 187 219 192 217 198 219 204 223 199 231 194 235 188 237 184 237 177 235 174 227 183 223 188 223 193 222 201 223 193 227 188 228 183 229
139 188 142 201 145 215 149 227 157 239 167 248 178 256 191 257 203 252 214 243 223 233 229 221 232 208 233 194 233 181 233 167 146 163 151 157 160 155 169 156 177 160 192 159 200 154 208 151 218 151 225 156 185 170 185 179 185 188 186 197 177 205 182 207 187 207 191 206 195 204 156 173 161 168 168 168 174 173 168 175 161 175 197 171 202 165 209 165 215 167 210 171 204 172 171 226 177 221 183 218 187 219 192 217 198 219 204 222 199 229 194 233 189 235 184 235 177 233 174 226 183 223 188 223 192 221 201 222 193 226 188 227 184 228
139 187 141 201 144 214 148 226 156 238 166 247 177 254 190 255 203 251 213 243 223 233 229 222 233 209 233 195 234 182 234 169 145 163 151 156 160 154 169 156 177 160 192 159 200 154 209 151 218 151 225 157 185 170 185 179 185 188 186 197 178 205 182 207 187 207 191 206 195 204 156 173 162 169 168 169 174 173 168 175 161 175 197 171 202 166 209 165 214 167 210 171 204 172 171 226 177 221 183 218 187 219 192 217 198 218 204 221 199 228 194 232 189 233 184 233 177 231 174 225 183 222 188 222 192 221 201 222 193 225 188 226 184 226
139 188 141 201 144 214 149 226 156 238 165 247 177 254 190 256 202 252 213 243 223 233 229 222 233 209 233 195 234 182 234 169 145 163 151 157 160 155 169 156 177 160 192 159 200 154 209 150 218 151 225 156 185 170 185 179 185 188 186 197 178 206 182 207 187 207 191 206 195 204 156 172 161 168 168 168 174 173 168 175 161 175 197 171 203 166 209 165 215 167 210 171 204 172 171 225 177 221 183 218 187 219 192 217 198 218 204 221 199 228 193 232 188 233 184 233 177 231 174 225 183 222 188 222 192 221 201 222 192 225 188 226 183 226
139 188 142 201 145 215 149 227 157 239 166 248 178 255 190 256 203 252 213 243 223 233 229 222 232 209 233 195 234 182 234 168 146 163 151 157 160 155 169 156 177 160 191 159 200 154 208 150 218 151 225 156 185 170 185 179 185 188 186 197 177 206 182 207 187 208 191 206 196 204 157 174 162 170 168 170 174 174 168 176 162 176 197 171 202 167 209 166 214 168 210 172 203 173 171 226 177 221 183 218 187 219 192 217 198 219 204 222 199 229 194 233 188 234 184 234 177 232 174 226 183 222 188 223 192 221 201 222 193 225 188 227 183 227
139 188 141 201 144 214 149 227 156 239 166 248 177 256 190 257 202 253 213 244 222 234 229 223 232 210 233 196 234 183 234 169 146 163 152 157 160 155 169 156 177 160 192 159 200 154 209 151 218 152 225 157 185 171 185 180 186 188 187 197 177 206 182 207 187 208 192 206 196 204 158 176 163 175 169 175 174 176 169 177 163 178 197 174 203 172 208 172 213 173 209 175 203 175 171 226 177 221 183 218 188 219 192 217 199 219 204 222 199 229 194 234 188 235 184 235 177 233 174 226 183 223 188 223 193 222 201 223 193 226 188 228 183 228
139 187 141 201 144 214 149 227 156 239 166 248 177 255 190 257 202 253 212 244 222 234 228 222 232 209 233 196 234 182 234 168 146 163 152 157 160 155 169 156 177 160 192 159 200 154 209 151 218 151 225 156 185 172 185 181 186 189 186 197 177 206 182 207 187 208 191 206 196 204 157 177 163 177 168 176 174 177 169 179 163 180 197 175 202 173 208 173 213 173 209 176 203 176 171 226 177 222 183 218 187 219 192 217 198 219 204 222 199 230 193 234 188 236 183 236 177 234 174 226 184 223 188 223 192 222 201 223 193 227 188 228 183 228
139 187 141 201 144 214 149 227 156 239 166 249 177 256 190 258 202 254 212 245 221 234 228 223 232 210 233 196 234 182 234 168 146 163 151 157 160 155 169 156 177 160 192 159 200 154 209 151 218 151 225 156 185 171 185 180 186 189 186 197 177 206 182 207 187 208 191 206 196 204 157 176 162 175 168 175 174 175 168 178 162 178 197 174 203 172 209 172 214 172 209 175 204 175 171 227 177 222 183 218 188 219 192 217 198 219 204 223 199 230 194 234 188 236 184 236 177 234 174 226 184 223 188 223 193 222 201 223 193 226 188 227 184 227
138 188 141 202 145 216 150 229 157 240 166 250 178 258 190 259 202 255 212 246 221 235 228 223 232 210 233 196 234 182 234 168 145 163 151 157 160 155 169 156 177 160 192 159 200 154 209 150 218 151 225 156 185 171 185 180 186 189 187 198 178 206 182 207 187 208 192 206 196 204 157 175 162 174 167 173 173 175 168 176 162 177 198 173 203 171 209 170 214 171 209 173 204 174 171 227 177 222 183 218 188 219 192 217 199 219 204 223 200 231 194 236 188 238 184 238 177 235 174 227 184 223 188 223 193 222 201 223 193 228 188 229 184 229
139 189 142 203 145 217 150 230 157 242 167 252 178 259 190 260 203 256 213 247 221 236 228 224 231 210 233 196 234 182 234 168 146 163 151 157 160 155 169 156 177 160 193 159 200 154 209 150 218 151 225 156 185 171 185 180 186 188 187 197 178 206 182 207 187 208 192 206 196 204 157 175 162 173 167 172 173 174 168 176 162 176 198 172 203 170 209 169 214 170 209 173 204 173 171 227 177 222 183 219 188 219 193 217 199 219 204 223 200 232 194 237 189 238 184 238 177 236 174 227 184 224 188 223 193 222 202 223 193 228 188 230 184 230
138 189 141 203 145 217 150 230 157 241 167 251 178 259 190 260 202 256 212 247 221 236 228 223 231 210 233 196 234 182 234 168 146 163 151 157 160 155 168 156 176 160 192 159 200 154 209 150 218 151 225 156 185 170 185 180 186 188 186 197 178 206 182 207 187 208 192 206 196 204 156 174 161 172 167 171 173 174 167 176 162 176 197 172 203 168 209 167 214 169 210 172 204 173 171 227 177 222 183 218 188 219 193 217 199 219 205 222 200 232 194 237 189 238 184 238 177 235 174 227 184 223 188 223 193 222 202 223 193 228 188 230 184 230
138 188 141 202 144 215 149 228 156 240 166 250 177 257 190 258 203 254 213 245 222 235 228 223 232 210 233 196 234 182 234 169 146 163 151 157 160 155 169 156 177 160 192 158 200 154 209 151 217 151 225 156 185 171 185 180 186 188 186 197 178 206 182 207 187 208 191 206 196 204 157 174 162 171 168 170 174 174 168 176 162 176 197 172 203 167 209 167 214 169 210 172 203 173 171 227 177 222 184 218 188 219 193 217 199 219 204 222 200 230 194 234 189 235 184 236 177 234 174 226 184 223 188 223 193 222 201 223 193 226 188 227 184 227
139 188 141 202 144 215 149 228 156 239 165 249 177 256 189 257 202 253 213 245 222 234 228 223 231 210 232 196 233 182 234 168 146 163 151 157 160 155 169 156 177 160 192 159 200 153 209 150 218 151 225 156 185 170 185 179 185 188 186 197 177 206 182 207 186 208 191 206 195 204 157 174 161 170 168 170 174 174 168 176 162 176 197 172 202 167 209 166 214 169 210 172 203 173 171 226 177 221 183 218 187 219 192 217 198 218 204 222 199 228 193 232 188 233 184 234 177 232 174 226 183 223 187 223 192 222 200 222 192 224 188 225 183 226
139 188 141 202 144 215 149 227 156 238 166 248 177 255 190 256 203 252 214 243 223 233 229 222 232 209 233 196 234 183 234 169 146 163 151 157 160 155 169 156 177 160 192 159 200 154 208 150 217 151 225 156 185 170 185 179 185 188 186 197 177 206 182 207 187 208 191 206 195 204 157 174 162 170 168 170 174 174 168 176 162 176 197 171 202 167 209 166 214 169 210 172 203 173 170 225 177 221 183 218 187 219 192 216 198 218 204 221 199 227 194 231 188 233 184 233 177 231 174 225 183 222 188 222 192 221 201 222 193 224 188 225 184 226
139 189 141 202 144 215 149 227 156 238 166 247 178 254 190 256 203 251 214 243 223 233 229 222 232 209 233 196 233 183 233 170 146 163 151 157 160 155 169 156 177 160 192 159 200 154 208 151 217 151 224 157 184 170 185 180 185 189 186 198 177 206 182 207 186 208 191 206 196 204 156 174 161 170 167 170 173 174 168 176 161 176 197 171 202 167 208 166 213 168 209 172 203 172 170 225 177 221 183 218 187 219 192 217 198 218 204 221 199 227 194 231 188 233 184 233 177 231 173 225 183 222 188 222 192 221 201 221 193 224 188 226 183 226
139 188 141 202 144 215 149 227 156 239 166 248 177 255 190 256 203 252 213 243 223 234 229 222 232 210 233 196 234 183 234 169 146 163 151 157 160 155 169 157 177 160 192 159 200 154 208 151 217 152 224 157 184 170 185 180 185 188 186 198 177 206 182 207 187 208 191 206 196 204 156 174 161 170 168 170 174 174 168 176 161 176 197 171 202 167 208 166 214 168 210 172 203 173 170 225 176 221 183 218 187 219 192 217 198 218 204 221 199 227 194 231 188 232 184 233 177 231 173 225 183 222 187 222 192 221 201 221 193 224 188 226 183 226
139 189 142 202 145 215 149 227 157 239 166 248 178 255 191 256 203 251 214 243 223 233 230 222 233 209 233 196 234 183 234 169 145 164 151 157 160 155 169 156 177 160 192 159 200 154 208 151 217 152 224 157 184 170 185 180 186 189 186 198 177 206 182 207 187 208 191 206 196 204 156 174 161 170 168 170 174 174 168 176 161 176 197 171 202 167 208 166 214 168 210 172 203 173 169 225 177 221 183 218 187 219 192 217 199 218 205 220 199 227 194 232 189 233 184 234 177 232 173 225 184 223 188 223 193 221 202 221 193 224 188 226 184 226
139 187 142 201 145 215 149 228 156 239 166 249 178 256 191 258 204 253 214 244 223 234 230 222 233 209 233 195 234 182 233 168 146 163 151 157 160 155 169 157 177 160 192 159 200 154 208 151 218 152 224 157 185 170 185 180 186 189 186 198 177 206 182 207 187 208 192 206 196 204 157 173 162 170 168 170 174 174 168 176 162 176 197 171 202 167 209 166 214 169 210 172 203 173 170 226 177 222 184 219 188 220 193 217 199 219 205 221 200 228 194 233 189 234 184 235 177 233 173 226 184 224 188 224 193 222 202 222 193 225 188 226 184 227
139 188 142 201 145 215 149 227 157 239 166 249 177 256 191 257 204 253 214 244 223 234 229 222 232 209 233 195 234 182 234 169 146 163 151 157 160 155 169 156 177 160 192 159 200 154 209 151 218 152 225 157 185 170 185 180 186 189 186 198 177 206 182 208 187 209 192 207 196 204 157 173 162 170 168 170 174 174 168 176 162 176 197 172 202 167 209 166 214 169 210 172 203 173 171 226 177 222 183 219 188 220 192 218 198 219 204 221 199 227 194 230 189 232 184 232 178 231 174 226 184 224 188 224 193 222 201 221 193 223 188 225 184 225
139 189 141 202 144 215 149 228 156 239 166 249 177 256 190 256 203 253 214 244 223 234 229 222 232 210 233 196 234 183 234 170 146 164 152 157 160 155 169 157 177 160 192 159 200 154 209 151 218 152 224 157 185 170 185 180 186 189 186 198 178 206 182 208 187 208 191 206 196 204 156 173 162 170 168 170 174 174 168 176 162 176 197 172 202 167 208 166 214 169 210 172 203 173 171 225 178 221 183 218 188 219 192 217 198 219 204 221 199 226 194 230 189 231 184 231 178 230 174 225 184 223 188 223 193 222 201 222 193 222 188 224 184 224
139 188 141 202 145 215 149 227 157 239 166 248 178 255 191 256 203 252 214 243 223 233 229 221 232 209 233 196 234 183 234 170 145 164 151 157 160 155 169 157 177 160 192 159 200 154 209 151 218 152 225 157 185 170 186 180 186 189 187 198 178 206 182 207 187 208 192 206 196 204 157 174 162 170 168 170 174 174 168 176 162 176 197 172 203 167 209 166 214 168 210 172 204 173 172 225 178 221 184 218 188 219 192 217 198 219 204 221 199 227 194 231 189 232 185 233 178 231 175 225 184 223 188 223 193 222 201 222 193 223 188 225 184 225
139 188 141 201 145 215 149 227 156 239 166 249 177 256 190 257 203 253 213 243 222 233 229 222 232 209 233 196 234 183 234 169 146 164 151 157 160 155 169 156 177 160 192 159 200 154 209 151 218 152 225 157 185 170 185 180 186 189 186 198 177 206 182 208 187 208 192 207 196 204 157 174 161 171 168 171 174 174 168 176 162 177 197 172 203 167 209 166 215 169 210 172 204 173 171 226 177 222 183 218 187 219 192 217 198 219 204 222 199 229 194 233 189 235 184 235 178 233 175 226 183 223 188 223 193 222 201 223 193 225 188 227 183 227
138 187 141 201 144 214 149 227 156 239 166 248 177 256 190 258 202 254 212 245 221 234 228 222 232 209 233 196 234 182 234 169 146 164 151 157 160 155 169 156 177 160 192 159 200 154 209 151 218 152 225 157 185 172 185 181 185 189 186 198 177 206 182 208 187 209 192 207 196 204 157 176 162 175 167 175 173 176 168 177 162 178 197 174 203 172 208 171 214 172 209 174 203 175 171 227 177 222 183 219 187 220 192 217 198 219 204 223 199 230 194 235 188 237 183 237 177 234 175 226 183 223 188 223 193 222 200 223 193 227 188 229 183 229
138 188 141 202 144 215 149 228 157 240 166 249 178 257 190 258 202 254 212 245 221 235 228 223 232 210 233 196 234 183 234 169 146 164 151 157 160 155 169 157 177 160 192 159 200 154 209 151 218 152 225 158 185 172 185 181 186 190 186 198 177 207 182 208 187 209 192 207 196 204 157 177 162 176 168 176 174 177 168 179 162 179 197 174 203 173 208 173 214 173 209 176 203 176 171 227 177 222 183 219 187 219 192 217 198 219 204 223 200 232 194 236 188 238 183 238 177 235 174 227 183 223 188 223 193 222 201 223 193 228 188 230 183 230
138 187 141 201 144 215 149 228 157 239 166 249 177 257 190 258 202 254 212 245 221 235 228 223 232 210 233 196 234 183 234 169 146 164 151 157 160 155 169 157 177 160 192 159 200 154 209 151 218 152 224 157 185 172 185 181 185 190 186 198 177 206 181 208 186 209 191 207 196 204 157 177 162 176 168 175 174 177 168 179 162 179 197 175 203 173 208 173 214 173 209 176 203 176 171 227 177 222 183 219 187 220 192 218 198 219 203 223 199 232 194 237 188 238 183 238 177 236 174 227 183 224 187 224 192 222 200 224 193 229 188 230 183 230
138 188 141 202 145 215 150 228 157 240 167 250 178 257 190 259 202 255 212 245 221 235 228 223 232 210 233 196 234 182 234 169 146 163 151 157 160 155 168 157 177 160 193 159 201 154 209 151 218 152 225 157 185 172 185 181 186 190 186 199 177 207 182 208 186 209 191 207 196 205 157 177 162 176 167 175 173 176 168 178 162 178 198 174 203 172 209 172 214 172 209 175 204 175 171 228 177 222 183 219 187 220 192 218 199 219 204 224 199 233 194 238 188 239 183 239 177 236 174 227 183 224 187 224 192 223 201 224 193 229 188 231 183 231
138 188 141 202 145 215 150 228 157 240 167 250 178 258 190 259 202 255 212 246 221 235 228 223 232 210 233 196 233 182 233 168 146 163 151 157 160 155 168 157 177 160 192 159 200 154 209 151 218 151 225 157 185 171 185 181 186 190 186 199 177 207 182 208 187 209 191 207 196 205 156 176 161 174 167 174 173 175 167 177 162 177 198 173 203 171 209 171 214 171 209 174 204 174 171 228 177 222 183 219 187 220 192 218 199 220 204 224 199 232 194 237 188 238 184 238 177 235 174 227 183 224 188 224 193 223 201 224 193 229 188 230 183 230
138 189 141 202 145 216 150 229 157 240 167 250 178 258 190 259 202 255 212 246 221 235 228 224 232 211 233 196 233 183 233 169 145 163 151 157 159 155 168 157 176 160 192 159 200 154 209 151 218 151 225 157 185 171 185 181 186 189 186 198 177 207 182 208 187 208 191 207 196 205 156 175 161 173 167 173 173 175 167 177 162 177 198 173 203 170 209 169 214 170 210 173 204 174 171 228 177 222 183 219 188 220 193 218 199 220 204 224 200 232 194 237 189 239 184 239 177 236 174 228 184 224 188 224 193 223 201 224 193 229 188 230 184 230
138 189 141 203 145 217 150 229 158 240 167 250 178 257 190 259 201 255 211 246 220 236 227 224 231 212 233 198 234 184 234 170 146 163 151 157 160 155 168 157 177 160 193 159 200 154 209 151 218 151 225 157 185 172 185 181 185 190 186 199 177 207 182 208 186 209 191 207 196 205 156 175 161 172 167 172 173 175 168 177 162 177 197 173 203 169 209 168 214 170 209 173 203 174 171 228 177 222 183 219 187 220 192 218 199 220 204 224 199 232 194 237 188 238 184 238 177 235 174 227 183 224 188 224 192 223 201 224 193 229 188 230 184 230
139 189 142 203 145 217 150 229 158 241 167 250 178 257 190 258 202 254 212 246 221 235 228 224 231 211 233 197 234 183 234 169 146 163 152 157 160 155 169 156 177 160 193 159 200 154 209 151 218 152 225 157 185 171 185 181 186 189 186 198 177 207 182 208 187 209 192 207 196 205 157 174 162 171 168 171 174 175 168 176 162 177 197 173 203 168 209 167 214 170 210 173 203 174 172 228 177 222 183 219 188 220 192 218 199 220 204 224 200 232 194 237 189 238 184 238 177 236 174 227 184 224 188 224 193 223 201 224 193 229 188 230 184 230
139 188 142 202 145 215 150 228 158 240 167 249 178 256 190 258 202 254 212 245 221 235 228 223 232 210 233 196 234 182 234 168 146 164 152 157 160 155 169 157 177 160 192 159 200 154 209 151 218 152 225 157 185 171 185 180 186 189 186 198 178 207 182 208 187 209 192 207 196 205 157 174 162 171 168 170 174 175 168 176 162 177 197 172 203 168 209 167 214 169 210 173 204 173 171 228 177 222 183 219 187 220 192 218 198 220 204 224 199 232 194 236 188 238 184 238 177 235 174 227 184 224 188 224 193 223 201 224 193 228 188 230 184 230
139 188 141 202 145 215 149 228 157 240 167 249 178 256 190 257 202 253 212 245 221 235 228 223 232 210 233 196 234 183 234 169 146 164 151 157 160 155 169 157 177 160 192 159 200 154 209 151 218 152 225 157 185 171 185 181 186 190 186 199 178 207 182 208 187 209 191 207 196 205 157 174 162 170 168 170 174 174 168 176 162 177 197 172 203 167 209 167 214 169 210 173 203 173 172 227 177 222 183 219 188 220 193 218 199 220 204 224 200 231 194 235 189 237 184 237 177 234 175 227 184 224 188 224 193 223 201 224 193 227 188 229 184 229
139 188 142 202 145 215 149 227 157 239 166 248 178 255 190 257 202 253 212 244 222 234 228 222 232 210 233 196 234 182 234 169 146 164 151 157 160 155 169 156 177 160 192 159 200 154 209 151 218 152 225 157 185 171 185 180 186 189 186 198 178 207 182 208 187 209 192 207 196 205 157 174 162 170 168 170 174 174 168 176 162 176 197 172 203 167 209 166 214 169 210 173 203 173 172 227 177 222 183 219 188 220 192 218 198 220 204 223 199 230 194 235 189 236 184 236 178 234 174 227 184 224 188 224 193 222 201 224 193 227 188 228 184 228
139 188 142 202 145 215 149 227 157 239 167 248 178 255 190 256 202 252 213 243 222 234 229 222 232 210 233 196 234 183 234 169 146 164 151 157 160 155 169 156 177 160 193 159 201 154 209 151 218 151 225 157 185 171 185 181 186 189 186 198 177 207 182 208 187 209 192 207 196 205 157 174 162 170 168 170 174 175 168 176 162 177 197 172 203 167 209 166 214 169 210 173 204 173 172 227 178 222 184 219 188 220 192 218 198 219 204 223 199 230 194 234 189 235 184 235 178 233 175 227 184 223 188 223 193 222 201 223 193 226 188 228 184 228
139 188 141 201 144 214 149 227 157 238 166 247 177 254 190 255 202 251 213 243 222 233 229 222 232 210 234 196 234 183 234 170 146 163 151 157 160 155 169 156 177 160 193 159 201 154 209 151 218 152 225 157 185 171 185 180 186 189 186 199 178 206 182 208 187 209 192 207 196 205 157 174 162 170 168 170 174 174 168 176 162 177 197 172 203 167 209 166 214 169 210 173 204 173 172 226 178 222 183 219 188 220 192 218 198 220 204 223 199 229 194 233 188 234 184 234 178 232 175 226 184 223 188 223 193 222 201 223 193 226 188 227 184 227
139 188 141 201 145 214 149 226 157 238 166 247 178 254 190 255 203 251 213 242 223 233 229 222 233 209 234 196 234 183 234 169 146 164 151 157 160 155 169 157 177 161 192 159 200 155 209 151 218 152 225 158 185 171 185 180 186 189 186 199 178 207 182 208 187 209 191 207 196 205 157 174 162 170 168 170 174 174 168 176 162 176 197 172 203 167 209 166 214 169 210 173 204 173 172 226 178 222 184 219 188 220 192 218 198 220 204 223 199 229 194 232 189 233 184 234 178 232 175 226 184 224 188 224 193 222 201 223 193 225 188 226 184 226
139 188 141 201 145 214 149 227 157 238 167 247 178 253 190 255 202 251 213 242 223 233 229 221 232 209 233 195 234 182 234 169 146 164 151 157 160 155 169 157 178 161 192 159 200 155 209 151 218 152 225 158 185 171 186 180 186 189 187 199 178 207 183 208 187 209 192 207 196 205 157 174 162 170 168 170 174 174 168 176 162 177 197 172 203 167 209 166 214 169 210 173 204 173 172 226 178 222 184 219 188 220 193 218 198 220 204 223 199 228 194 231 189 233 184 233 178 231 175 226 184 224 188 224 193 222 201 223 193 224 188 226 184 226
139 188 141 201 145 214 149 227 157 238 167 246 178 253 191 254 203 250 214 242 223 233 229 221 233 209 234 195 234 182 234 169 146 164 151 157 160 155 169 157 177 161 192 159 201 155 209 151 219 152 226 158 185 171 186 180 186 190 186 199 178 207 182 208 187 209 192 207 196 205 157 173 162 170 168 170 174 174 168 176 162 176 197 172 203 167 209 166 215 169 210 173 204 173 172 226 178 222 184 220 188 221 193 219 198 220 205 223 199 228 194 231 189 232 184 232 178 231 175 226 184 224 188 224 193 223 201 223 193 224 188 225 184 225
139 188 142 202 144 215 149 227 157 238 167 247 178 253 191 254 203 251 213 242 222 233 229 222 233 210 234 197 234 183 234 170 146 163 152 157 161 155 169 157 177 161 193 160 201 155 209 151 218 152 225 157 185 171 186 180 186 190 187 199 178 207 182 208 187 209 192 207 196 205 157 174 162 170 168 170 174 174 168 176 162 177 197 172 203 167 209 166 215 169 210 173 204 173 172 226 178 222 184 219 188 220 192 218 199 220 205 223 199 228 194 232 189 233 184 233 178 231 175 226 184 224 188 224 193 223 202 223 193 224 188 225 184 225
139 188 141 201 144 214 149 226 157 237 166 246 178 253 190 254 203 250 214 242 223 233 230 221 233 209 234 195 234 182 234 169 146 163 152 157 161 155 170 157 178 161 193 160 201 155 209 151 219 152 225 158 185 171 186 180 186 190 187 199 178 207 182 208 187 209 192 207 196 205 157 173 162 170 168 170 174 174 168 176 162 176 197 172 203 167 209 166 214 169 210 173 204 173 171 226 178 222 183 219 188 221 192 218 198 220 205 223 199 228 194 231 189 232 184 232 178 231 174 226 184 224 188 224 193 223 201 223 193 224 188 225 184 225
139 188 142 201 144 214 149 226 157 237 167 246 178 253 191 254 203 250 214 242 223 232 230 221 233 208 234 195 234 182 234 169 146 163 152 157 161 155 170 157 178 161 192 160 200 155 209 151 218 152 225 157 185 171 186 180 186 190 187 199 178 207 182 208 187 209 192 207 196 205 157 173 162 170 168 170 174 174 168 176 162 176 197 172 203 167 209 166 215 169 210 172 204 173 172 226 178 222 183 219 188 221 192 219 198 220 204 223 199 228 194 231 189 232 184 232 178 231 175 226 184 224 188 224 193 223 201 223 193 224 188 225 184 225
139 188 141 201 144 214 149 226 157 237 166 246 177 253 190 254 202 251 213 242 223 233 229 222 233 209 234 196 234 183 234 170 146 163 152 157 160 155 169 157 178 161 192 160 200 155 209 151 219 152 225 158 185 171 185 180 186 190 186 199 178 207 182 208 187 209 192 207 196 205 157 174 162 170 168 170 174 175 168 176 161 177 197 172 203 167 209 166 215 169 211 173 204 173 172 226 178 222 183 219 188 220 192 218 198 220 204 223 199 228 194 231 189 232 184 232 178 231 175 226 184 224 188 224 193 223 201 223 193 224 188 225 184 225
139 188 141 201 144 214 149 226 157 237 167 246 178 253 190 254 203 250 214 242 223 233 230 221 233 209 234 196 234 182 234 169 146 163 152 157 160 155 169 157 178 161 192 160 200 155 209 151 219 152 225 158 185 171 185 180 186 190 186 199 178 207 182 208 187 209 192 207 196 205 157 173 162 170 168 170 174 174 168 176 162 176 197 172 203 167 209 166 215 169 210 173 204 173 172 226 178 222 184 220 188 221 192 219 198 220 204 223 199 228 194 231 189 232 184 232 179 231 175 226 184 224 188 224 193 223 201 223 193 224 188 225 184 225
139 187 141 201 144 214 149 226 156 237 166 246 178 253 190 254 203 251 214 242 223 233 230 221 233 209 234 195 234 182 234 169 146 163 152 157 161 155 169 157 178 161 192 160 201 155 209 151 219 152 226 158 185 171 186 180 186 190 187 199 178 207 182 208 187 209 192 207 196 205 156 173 162 170 168 170 174 174 168 176 162 176 197 172 203 167 209 166 215 169 210 173 204 173 172 226 178 222 184 220 188 221 192 219 198 220 204 223 199 228 194 231 189 232 184 232 179 231 175 226 184 224 188 224 192 223 201 223 193 224 188 225 184 225
139 187 141 201 144 214 149 226 156 237 166 246 178 253 190 254 203 250 214 242 223 233 230 221 233 208 234 195 234 181 234 168 146 164 152 157 160 155 169 157 177 161 192 160 200 155 209 151 218 152 225 157 185 171 186 180 186 190 187 199 178 207 182 208 187 209 192 207 196 205 156 173 161 170 168 170 174 175 168 176 161 176 197 172 203 167 209 166 215 169 210 172 204 173 171 226 178 222 184 220 188 221 192 219 198 220 205 223 199 228 194 231 189 232 184 232 178 231 174 226 184 224 188 224 193 223 202 223 193 224 188 225 184 225
139 187 141 200 144 213 149 226 156 237 166 246 178 253 190 254 202 250 213 242 223 233 230 221 233 209 234 195 235 182 234 168 146 164 151 158 160 155 169 157 177 161 192 160 200 155 209 151 219 152 226 158 185 171 185 181 186 190 186 199 178 207 182 208 187 209 192 207 196 205 156 173 161 170 168 170 174 174 168 176 161 176 197 172 203 167 210 166 215 169 211 172 204 173 171 226 178 223 184 220 188 221 192 219 198 220 205 223 199 228 194 231 189 233 184 233 178 231 175 226 184 224 188 224 193 223 201 223 193 224 188 226 184 225
139 188 141 201 144 214 149 226 157 237 166 246 178 253 190 254 202 251 213 242 223 233 229 222 233 209 234 196 235 183 235 170 146 164 152 158 160 156 169 157 177 161 192 159 201 155 209 151 219 152 226 158 185 171 185 181 186 190 186 199 178 207 182 208 187 209 192 207 196 205 156 173 162 170 168 170 174 174 168 176 161 176 197 172 203 167 209 166 215 169 211 173 204 173 172 226 178 222 184 220 188 221 192 219 198 220 204 223 199 228 194 231 189 232 184 232 178 231 175 226 184 224 188 224 193 223 201 223 193 224 188 225 184 225
139 187 141 200 144 214 149 226 156 237 166 246 177 253 190 254 202 251 213 242 223 233 230 221 233 209 234 195 234 182 234 169 146 163 152 157 161 156 170 157 178 161 192 160 200 155 209 152 218 152 226 158 185 171 185 181 186 190 186 199 178 207 182 208 187 209 192 207 196 205 156 173 162 170 168 170 174 174 168 176 161 176 197 172 203 167 210 166 215 169 211 173 204 173 171 226 178 223 183 220 188 221 192 219 198 220 204 223 199 228 194 231 189 232 184 232 178 231 175 226 184 224 188 224 192 223 201 223 193 224 188 225 184 225
139 187 141 201 144 214 149 226 156 237 166 246 177 253 190 255 202 251 213 242 222 233 229 222 233 209 234 196 234 183 235 170 146 164 152 157 161 156 169 157 178 161 192 160 200 155 209 152 219 152 226 158 185 171 185 181 186 190 186 199 177 207 182 208 187 209 191 207 196 205 156 174 161 170 168 170 174 175 168 176 161 177 197 173 203 167 210 166 215 169 211 173 204 174 171 226 177 223 183 220 187 221 192 219 198 220 204 223 199 228 194 231 189 233 184 233 178 231 175 226 183 224 188 224 192 223 201 223 193 225 188 226 184 226
139 188 141 201 144 214 149 226 156 237 166 246 177 253 190 254 202 251 213 242 223 233 229 222 233 209 234 196 234 182 234 169 146 163 152 157 161 156 169 157 177 161 192 160 200 155 209 152 219 152 226 158 185 171 185 181 186 190 186 199 178 207 182 208 187 209 192 207 196 205 156 174 162 170 168 170 174 175 168 176 162 177 197 172 203 167 209 166 215 169 210 173 204 173 172 226 178 223 183 220 188 221 192 219 198 220 205 223 199 228 194 231 189 233 184 233 178 231 175 226 184 224 188 224 192 223 202 223 193 224 188 226 184 226
139 188 142 201 145 214 149 226 156 237 166 246 177 253 190 255 202 251 213 243 223 233 230 222 233 209 234 196 234 183 235 170 146 163 152 158 160 156 169 157 177 161 193 160 201 155 209 152 219 152 226 157 185 171 185 180 186 190 186 199 178 207 182 208 187 209 192 207 196 205 156 174 161 170 168 170 174 175 168 177 161 177 197 172 203 167 210 166 215 169 211 173 204 174 171 227 178 223 184 220 188 221 192 219 198 220 204 223 199 228 194 231 189 233 184 233 178 231 175 226 184 224 188 224 193 223 201 223 193 224 188 226 184 226
139 187 141 201 144 214 149 226 156 237 166 246 178 253 190 254 202 251 213 242 223 233 229 222 233 210 234 196 234 183 234 170 146 163 152 157 161 155 170 157 178 161 192 160 200 155 209 152 219 152 226 158 185 171 185 180 186 190 186 199 178 207 182 208 187 209 192 207 196 205 156 173 162 170 168 170 174 175 168 176 161 177 197 172 203 167 210 166 215 169 211 173 204 173 171 226 178 223 184 220 188 221 192 219 198 220 205 223 199 228 194 232 189 233 184 233 178 231 175 226 184 224 188 224 193 223 201 223 193 225 188 226 184 226
139 189 142 202 145 215 149 227 157 238 167 247 178 253 190 255 202 251 213 243 222 233 229 222 233 210 234 197 234 184 234 170 146 164 152 158 160 156 169 157 177 161 192 160 201 155 209 152 219 152 225 158 185 171 185 180 186 190 186 199 178 207 182 208 187 209 192 207 196 205 157 174 162 170 168 170 174 175 168 177 162 177 197 172 203 167 210 166 215 169 211 173 204 173 171 226 178 223 184 220 188 221 192 219 198 220 205 223 199 228 194 232 189 233 184 233 178 231 175 226 184 224 188 224 192 223 201 224 193 224 188 226 184 226
