131 167 134 184 137 200 142 215 152 228 163 239 176 249 189 251 203 249 215 239 226 228 236 215 241 199 243 183 245 167 247 151 142 139 150 133 160 132 171 134 181 137 200 137 210 133 221 131 231 132 238 138 191 152 191 162 191 172 191 183 179 192 185 194 190 196 196 194 201 192 154 154 161 151 169 151 175 156 168 158 160 158 205 155 211 150 219 150 226 152 220 157 212 157 169 215 176 211 184 208 189 210 195 208 202 211 210 215 202 220 195 223 189 224 183 223 176 220 172 215 184 215 189 215 195 215 206 215 195 215 189 216 184 215
132 168 134 184 137 200 143 216 152 229 163 241 176 250 189 253 203 250 216 240 227 229 236 215 241 200 244 183 246 167 247 151 142 139 150 133 160 132 171 134 181 137 200 136 210 132 221 131 231 132 238 138 191 151 191 162 191 172 191 182 179 192 185 194 190 195 196 194 201 192 154 154 161 150 169 150 175 155 168 157 160 157 205 155 212 150 219 150 226 153 220 157 212 157 169 216 177 211 184 208 190 210 195 208 202 212 210 216 202 221 196 224 190 225 184 224 176 221 173 216 184 215 190 216 195 215 206 216 195 215 190 216 184 215
132 168 134 185 137 201 143 216 152 229 163 241 175 251 190 254 203 251 215 241 226 229 235 216 240 200 243 184 245 167 247 152 142 139 150 133 161 132 171 134 181 137 200 137 210 132 220 131 231 132 238 138 191 151 191 161 191 171 191 182 180 192 185 194 191 195 196 194 201 192 154 154 161 150 169 150 176 155 169 157 161 157 205 155 212 150 219 149 226 152 220 156 212 157 169 216 177 211 184 208 190 210 196 208 203 212 210 216 203 221 196 224 190 225 184 224 177 222 173 216 184 215 190 215 196 215 206 216 195 216 190 217 184 216
132 168 134 185 137 201 143 216 152 230 163 242 176 252 190 254 204 251 216 242 227 230 236 216 241 200 243 183 245 167 247 151 142 139 150 133 161 132 172 133 182 137 200 136 210 132 220 131 230 132 238 138 191 151 191 161 191 171 191 181 180 191 185 193 191 195 196 193 201 192 154 153 161 150 169 150 175 155 169 157 161 157 205 154 212 149 219 149 226 152 220 157 212 157 169 216 177 211 185 209 190 211 196 209 203 212 210 216 203 222 196 225 190 226 184 225 177 222 173 216 185 215 190 216 196 215 206 216 196 216 190 217 185 217
132 169 135 185 138 202 144 217 153 231 164 243 176 253 190 255 203 252 215 242 226 231 235 216 241 201 243 184 246 167 248 151 142 139 150 133 161 131 171 133 182 137 201 136 211 132 221 131 231 132 238 138 191 151 191 161 191 171 191 181 180 191 185 193 191 195 196 193 201 191 155 153 161 150 169 150 175 155 169 157 161 157 206 154 212 149 220 149 226 152 220 156 213 156 171 217 177 211 184 208 190 210 196 208 203 211 209 216 203 224 196 229 190 230 184 229 176 225 175 217 184 214 190 214 196 214 205 217 196 220 190 221 184 220
132 169 135 185 138 201 144 217 153 231 164 243 176 253 190 256 204 253 215 242 226 230 235 216 241 200 243 184 245 167 247 151 142 139 150 133 160 131 171 133 182 136 201 135 211 132 221 130 231 131 238 138 191 151 191 161 192 171 192 181 180 191 185 193 191 195 197 193 202 191 155 153 162 150 170 150 176 155 169 157 161 157 206 154 212 149 220 149 226 152 221 156 213 156 171 217 177 210 185 207 190 209 196 207 204 211 209 217 204 226 196 230 190 231 184 231 176 226 175 217 185 213 190 214 196 213 205 217 196 221 190 222 184 222
132 169 135 186 138 202 144 218 154 231 165 243 177 254 190 256 204 253 215 243 226 231 235 217 240 201 243 185 246 168 247 152 143 139 150 133 161 131 172 133 182 136 201 135 211 132 222 130 232 131 239 137 191 151 191 161 191 170 191 180 180 191 185 193 191 194 196 193 202 191 155 153 162 150 170 150 176 155 169 157 161 157 206 154 212 149 220 149 226 152 221 156 213 156 171 217 177 210 185 207 190 209 196 207 204 211 209 217 204 226 196 231 190 232 184 231 176 227 175 217 185 213 190 213 196 213 205 217 196 222 190 223 184 222
132 169 135 185 138 201 144 217 153 231 164 243 177 254 190 256 204 253 216 243 226 230 235 216 240 200 243 184 246 167 248 151 143 139 151 133 161 131 172 132 182 135 201 135 211 131 221 130 231 132 238 138 191 150 191 160 192 170 192 181 180 191 185 193 191 194 197 193 202 191 155 153 162 149 170 149 176 154 169 157 161 157 206 154 212 149 220 148 226 152 221 156 213 156 171 217 177 210 185 207 191 209 196 207 204 210 209 217 204 226 197 230 190 231 184 230 176 226 175 217 185 213 190 214 196 213 206 217 196 222 190 223 184 222
132 168 135 184 138 201 143 216 153 230 164 243 176 253 190 256 204 253 216 243 226 230 235 216 241 201 244 184 246 168 248 151 143 138 151 132 161 131 172 132 182 135 201 134 211 131 221 129 231 131 238 137 191 150 191 160 192 170 192 180 180 190 186 192 191 194 197 192 202 190 156 153 162 149 170 149 176 154 169 156 162 156 206 154 212 148 220 148 226 151 221 155 213 155 171 216 177 210 185 206 191 208 196 206 204 210 210 216 204 225 197 230 190 231 184 230 176 226 175 216 185 213 191 213 196 213 206 216 196 221 190 222 184 221
132 168 134 184 138 200 144 216 153 230 164 242 176 253 190 255 203 252 215 242 226 230 236 216 241 201 244 184 246 167 248 151 143 138 151 132 161 130 172 132 182 135 201 134 211 131 221 129 231 131 238 136 192 150 192 160 192 170 192 180 180 190 186 192 191 193 197 192 202 190 155 153 162 149 170 149 176 154 169 156 161 156 206 153 213 148 220 148 227 151 221 156 213 156 171 216 177 210 185 206 190 208 196 206 203 210 209 216 203 224 196 229 190 230 184 229 177 225 175 216 185 213 190 214 196 213 205 216 196 220 190 221 185 220
133 166 135 182 138 199 143 215 152 228 163 241 176 251 189 254 203 252 215 241 226 229 235 216 241 200 243 183 246 167 248 151 143 138 151 132 161 130 172 132 182 135 201 134 211 131 222 129 232 131 239 137 192 149 192 159 192 169 192 179 180 190 186 192 191 193 196 192 202 190 156 152 162 149 170 149 176 153 170 156 162 156 206 153 213 148 220 148 227 151 221 155 213 156 171 215 178 211 185 208 190 210 195 208 202 211 209 215 202 222 195 225 190 225 184 225 177 221 174 215 185 214 190 215 195 214 205 216 195 216 190 217 185 217
133 165 134 181 137 197 142 213 151 227 162 239 175 250 189 253 202 251 215 241 226 229 236 216 241 200 243 183 246 166 247 150 143 138 151 132 161 130 172 132 183 135 202 134 212 130 222 129 233 130 239 137 192 149 192 159 192 169 192 180 181 190 186 192 191 193 197 192 201 191 156 152 162 148 170 148 176 153 170 156 162 156 206 153 213 148 221 148 227 151 221 155 213 155 171 214 178 211 185 208 190 211 195 209 202 212 209 215 201 221 195 224 190 224 184 224 177 220 174 214 185 215 190 215 195 215 205 216 195 216 190 217 185 216
133 165 135 181 138 197 143 213 152 227 163 239 175 250 189 253 202 251 214 241 226 229 235 216 241 200 243 183 246 166 248 149 143 138 151 131 161 130 172 131 182 135 201 134 212 130 223 129 233 130 240 138 192 148 192 159 192 169 192 179 180 189 186 192 191 193 197 192 202 190 156 151 162 148 170 148 177 153 170 155 162 155 206 153 213 148 221 148 227 151 221 155 213 155 171 214 178 211 185 209 190 211 194 209 201 212 208 215 201 221 195 224 189 224 184 224 178 220 175 214 185 215 189 216 194 215 205 216 194 216 189 217 185 216
134 165 135 181 138 198 143 213 152 227 163 239 175 250 189 253 203 250 215 241 226 229 235 216 241 200 243 183 246 166 248 150 143 138 151 131 161 130 172 131 183 135 201 134 212 130 222 129 232 130 239 137 192 149 192 159 192 169 192 179 181 190 186 192 191 193 197 192 202 190 156 152 162 148 170 148 176 153 170 155 162 155 206 153 213 148 221 148 227 151 221 155 213 155 171 214 178 211 185 209 190 211 195 209 201 212 209 215 201 221 195 224 189 224 184 224 177 220 174 214 185 215 190 216 195 215 205 215 194 216 189 217 185 216
133 164 135 180 138 197 143 213 152 227 164 240 176 251 190 253 204 250 216 240 227 228 236 214 241 199 244 182 246 166 248 149 143 138 151 131 162 130 173 131 183 135 202 134 212 130 223 128 233 130 240 137 192 148 192 159 192 169 192 179 181 190 186 192 191 193 197 192 202 190 156 152 162 148 170 148 177 153 170 155 162 155 206 153 213 148 221 148 227 151 221 155 214 155 170 214 177 210 185 208 190 210 195 208 203 211 210 215 202 222 195 225 189 226 184 225 176 221 173 214 184 214 190 215 195 214 206 216 195 216 189 217 184 216
133 165 136 181 138 198 143 214 152 227 164 240 176 250 190 253 205 250 216 240 227 228 236 214 241 198 244 182 246 165 248 149 143 137 151 131 161 129 172 131 182 134 201 134 212 130 222 129 232 130 239 137 192 149 192 159 192 169 192 179 180 189 186 191 191 192 197 191 202 190 156 152 162 148 170 148 176 153 169 155 161 155 206 153 213 147 220 147 227 151 221 155 213 155 170 214 177 209 185 206 190 208 195 206 203 210 210 215 203 222 196 226 190 227 184 227 176 222 174 214 185 213 190 213 195 213 206 215 195 218 190 219 184 218
133 165 135 181 138 197 143 213 152 227 164 239 176 249 190 252 204 249 216 239 227 227 236 214 241 198 243 182 246 165 248 149 143 138 150 131 161 129 172 131 182 134 201 133 211 130 222 128 232 130 239 137 192 148 191 159 191 169 191 179 180 189 185 191 190 193 196 191 201 189 156 151 162 148 170 148 176 153 169 155 161 155 206 152 212 147 220 147 227 151 221 155 213 155 170 214 176 208 184 205 190 207 195 206 203 209 210 214 203 222 196 226 189 227 183 226 176 222 174 214 184 212 190 212 195 212 206 214 195 217 190 218 184 217
133 165 136 181 138 197 143 212 152 226 163 237 176 248 190 250 204 247 216 238 228 226 237 213 242 198 244 181 246 165 248 149 142 137 150 131 161 129 171 131 182 134 201 133 211 129 222 128 232 130 239 136 191 148 191 158 191 168 191 179 180 189 185 191 191 192 196 191 202 189 155 151 162 148 170 148 176 152 169 155 161 155 206 152 212 147 220 147 226 150 221 154 213 154 170 213 177 208 184 205 190 207 196 205 203 209 210 213 203 219 196 222 190 222 184 222 177 219 174 213 184 211 190 212 196 211 206 213 195 213 190 214 184 213
133 164 134 180 137 196 142 212 151 225 162 236 175 246 190 249 204 246 216 237 228 226 237 213 241 197 243 180 246 164 248 148 142 137 150 130 161 128 172 130 182 134 200 133 211 129 222 127 232 129 239 136 191 148 191 158 191 168 191 179 180 188 185 190 191 192 196 190 202 189 155 151 162 147 170 147 176 152 169 154 161 154 206 152 212 147 220 147 226 150 221 154 213 154 170 211 177 207 184 205 190 207 195 205 203 208 210 212 203 217 195 219 190 220 184 219 177 217 174 211 184 211 190 212 195 211 206 212 195 211 190 212 184 211
133 165 135 181 137 197 142 212 151 226 163 237 176 247 190 250 205 247 217 237 228 226 237 212 242 197 244 181 246 165 248 149 142 137 150 130 160 128 171 130 182 133 201 132 211 128 222 127 232 129 239 136 191 147 191 158 191 168 191 178 180 188 185 190 190 191 196 190 201 188 155 150 162 147 169 147 176 152 169 154 161 154 205 152 212 146 220 146 226 149 220 154 213 154 170 211 177 207 184 204 190 206 196 204 203 207 210 212 203 216 196 219 190 219 184 219 177 216 174 211 184 210 190 211 196 210 206 212 196 211 190 212 184 211
132 165 134 181 137 197 142 213 152 226 163 238 176 248 190 250 204 247 217 238 227 227 236 213 241 198 243 182 245 166 247 150 142 137 150 130 160 128 171 130 181 133 200 132 211 128 221 127 232 129 239 136 191 147 191 157 191 167 191 178 180 188 185 190 190 191 196 190 201 188 155 150 161 147 169 147 175 152 169 154 161 154 205 151 212 146 219 146 226 149 220 153 212 154 169 212 176 207 184 204 190 206 196 204 203 207 210 212 203 217 196 220 190 221 184 220 176 217 173 212 184 211 190 211 196 211 206 212 195 212 190 213 184 212
133 165 135 181 138 197 143 212 152 226 163 238 175 249 189 251 204 249 216 239 227 227 236 214 241 198 243 181 245 165 247 149 142 137 150 130 160 128 171 129 181 133 200 132 211 128 221 127 231 128 238 135 191 147 191 157 191 167 191 177 180 187 185 189 190 191 196 189 201 188 155 150 161 147 169 147 175 152 168 154 160 154 205 151 212 146 220 146 226 149 220 153 212 154 169 212 176 207 184 204 189 206 195 204 203 207 210 213 203 221 195 224 189 225 183 225 175 220 173 213 184 210 189 211 195 210 206 213 195 215 189 216 184 216
133 166 135 182 137 198 143 214 152 227 163 240 175 251 189 254 203 251 215 241 226 228 235 214 240 199 243 182 245 166 247 150 142 136 150 130 160 128 171 129 182 133 200 132 211 128 221 127 231 128 238 135 191 147 191 157 191 167 191 178 179 187 185 190 190 191 196 190 201 188 155 150 161 147 169 147 175 152 169 154 161 154 205 151 212 146 220 146 226 149 220 153 213 153 169 213 175 207 183 203 189 205 195 204 203 207 209 213 203 224 195 229 189 229 182 229 174 224 173 213 183 210 189 210 195 210 205 214 195 219 189 220 183 219
132 165 134 182 136 198 142 214 151 228 162 240 175 251 189 254 203 251 215 240 226 228 235 214 240 199 243 182 245 166 247 150 142 136 150 130 160 128 171 129 181 133 200 132 210 128 221 127 231 129 237 135 191 147 191 157 191 167 191 178 179 187 185 189 190 191 196 190 201 188 155 150 161 147 169 147 175 152 169 154 161 154 205 151 212 146 219 146 226 150 220 153 212 153 168 212 174 206 183 203 189 205 195 203 203 207 209 213 203 223 195 227 188 228 182 228 174 223 172 212 183 209 189 210 195 210 205 213 194 219 188 220 182 219
132 165 134 181 137 197 142 213 151 227 162 239 174 249 188 252 202 249 215 239 226 227 235 213 240 198 242 181 245 165 247 149 142 136 150 130 160 128 171 129 181 133 200 132 210 128 221 127 231 128 238 135 190 147 191 157 191 167 191 177 179 187 184 189 190 191 195 189 201 188 154 150 161 146 169 146 175 152 168 154 160 154 205 151 211 146 219 146 225 149 220 153 212 153 167 211 174 206 183 203 188 205 195 203 203 207 209 213 202 221 194 225 188 226 181 225 173 221 171 211 183 209 188 209 195 209 205 213 194 217 188 218 182 217
132 165 134 181 137 197 142 212 151 226 162 238 174 248 188 251 202 248 215 238 226 227 235 213 240 198 242 181 245 165 247 149 142 136 150 129 160 128 171 129 181 133 200 132 210 128 220 127 230 128 237 134 190 147 190 157 190 166 190 177 179 187 184 189 189 190 195 189 200 187 154 150 161 147 169 146 175 152 168 154 160 154 205 151 211 146 219 146 225 149 220 153 212 153 167 210 174 205 182 203 188 205 194 203 202 207 209 212 202 220 194 224 187 225 181 224 173 220 171 211 182 208 188 209 194 209 205 213 194 216 188 217 182 216
132 165 134 181 136 197 141 212 150 226 162 238 174 248 188 251 202 248 215 238 226 226 235 213 240 197 242 181 245 165 247 149 142 136 149 129 160 128 170 129 180 132 200 131 210 128 220 127 230 128 237 134 190 146 190 157 190 167 190 177 179 187 184 189 189 190 195 189 200 187 154 150 161 146 168 146 175 151 168 153 160 153 205 151 211 146 219 146 225 149 219 153 211 153 167 211 174 205 182 203 188 205 194 203 202 206 209 212 202 220 194 224 187 225 181 224 173 220 171 211 182 209 188 209 194 209 205 212 194 216 188 217 181 216
132 164 134 180 136 196 141 212 150 225 161 237 174 248 188 251 203 248 215 238 226 226 235 212 240 197 242 180 245 164 247 148 142 135 149 129 160 127 171 129 181 132 200 131 210 128 220 126 230 128 237 134 190 147 190 157 190 166 190 177 179 187 184 189 189 190 195 189 200 187 154 150 160 146 168 146 175 151 168 153 160 153 204 151 211 146 219 146 225 149 219 153 211 153 167 211 174 205 182 203 188 205 194 203 202 206 209 212 202 220 194 224 187 225 181 224 173 220 171 211 182 208 188 209 194 209 205 212 194 216 188 217 182 216
132 164 134 180 137 196 142 212 151 225 162 237 174 247 188 250 202 247 215 238 226 226 235 212 239 197 242 180 245 164 247 148 141 136 149 129 160 127 170 129 181 132 199 131 209 128 220 126 230 128 237 134 190 146 190 157 190 167 190 177 179 187 184 189 189 190 195 189 200 187 154 150 160 146 168 146 175 151 168 154 160 154 204 151 211 146 218 146 225 149 219 153 211 153 167 210 174 206 182 203 188 205 194 203 202 206 209 212 202 220 194 223 187 224 181 223 173 219 171 211 182 208 188 209 194 209 205 212 194 215 188 216 181 215
132 164 134 180 137 196 142 212 150 225 162 237 174 247 188 250 202 247 215 238 226 226 235 212 240 197 243 180 245 164 247 147 141 135 149 129 160 128 170 129 181 133 200 132 210 128 220 127 230 128 237 134 190 147 190 157 190 167 190 177 179 187 184 189 189 190 195 189 200 187 154 150 161 147 168 147 175 151 168 153 160 153 205 151 211 146 218 146 225 149 219 153 211 153 167 211 174 206 182 203 188 205 194 203 202 206 209 212 202 219 194 223 188 224 181 223 173 219 171 211 182 209 188 209 194 209 205 212 194 215 188 216 182 215
132 164 134 179 137 195 141 211 150 225 161 237 174 247 188 249 202 247 215 238 226 226 235 212 240 196 243 180 245 163 247 147 142 136 150 130 160 128 170 129 180 133 200 132 210 128 220 126 230 128 237 134 190 147 190 157 190 167 190 177 179 187 184 189 189 190 195 189 200 187 156 152 162 150 169 150 175 151 169 154 162 154 205 151 211 149 218 150 224 151 218 154 211 153 167 211 174 206 182 203 188 205 194 203 202 206 209 211 202 219 194 223 188 223 181 223 174 219 171 211 182 209 188 209 194 209 205 212 194 215 188 216 182 215
131 163 134 179 136 195 141 211 150 225 161 237 173 247 188 250 203 247 216 238 227 225 236 211 241 196 244 179 246 163 248 147 143 137 150 130 160 128 170 129 181 133 199 132 210 128 220 127 230 129 236 135 190 148 190 157 190 167 190 176 178 187 184 189 189 190 195 189 200 187 155 153 162 153 169 152 176 153 169 156 162 156 204 152 211 151 218 152 225 152 218 155 211 155 167 211 174 206 182 203 188 205 194 203 202 206 209 212 202 220 194 223 188 224 181 223 173 219 170 211 182 209 188 209 194 209 205 212 194 215 188 216 182 215
132 164 134 181 137 197 142 213 151 227 162 239 174 249 188 252 203 249 215 240 227 227 236 213 241 197 244 180 246 164 247 148 143 137 150 130 160 128 171 129 181 133 199 132 209 128 220 127 229 129 235 136 190 148 190 157 190 167 190 177 179 187 184 189 190 191 195 189 200 188 156 154 162 153 170 152 176 153 169 156 162 157 204 153 211 152 218 152 224 153 218 156 211 156 168 211 175 206 183 203 188 205 194 203 202 207 209 212 202 221 194 225 188 226 182 226 174 221 171 212 183 209 188 210 194 209 205 213 194 217 188 218 182 217
131 166 134 182 137 198 143 214 151 228 162 240 174 250 188 253 203 250 215 240 226 228 235 214 241 199 244 182 246 165 247 149 143 137 150 130 160 128 171 129 181 133 200 132 210 128 220 127 229 129 235 136 190 147 190 157 190 167 190 177 179 187 184 189 190 191 195 189 200 187 156 153 162 152 169 152 175 153 169 155 162 156 204 153 211 151 218 152 224 153 218 156 211 155 168 212 175 206 183 203 189 205 195 204 203 207 209 213 202 223 194 228 188 229 182 228 174 223 172 213 183 209 189 210 195 209 205 213 194 219 188 220 182 219
132 165 134 181 137 197 142 213 150 227 161 240 173 251 188 254 202 251 215 241 226 229 235 214 241 199 243 182 245 166 247 149 142 136 150 130 160 128 170 129 181 132 200 132 210 128 220 127 229 129 236 135 190 148 190 157 190 167 190 177 179 187 184 189 189 191 195 189 200 187 155 152 162 151 168 150 175 152 168 154 161 155 205 152 211 150 218 151 224 152 218 154 211 154 168 212 174 206 183 203 188 205 194 204 202 207 209 213 202 223 194 228 187 229 181 228 173 223 171 212 183 210 188 210 194 210 205 213 194 219 188 220 182 219
131 166 133 182 136 198 141 214 151 227 162 240 174 250 188 253 202 250 214 240 226 228 235 214 241 199 244 182 246 166 247 149 143 136 150 130 160 128 170 129 180 132 200 132 210 128 220 127 229 129 236 135 190 147 190 157 190 167 190 177 179 187 184 189 190 191 195 190 200 188 155 151 161 150 168 149 175 152 168 154 161 154 205 151 211 149 218 149 224 151 218 154 211 154 168 212 175 206 183 204 189 205 195 204 202 207 209 213 202 221 194 225 188 226 182 226 174 221 172 212 183 210 189 210 194 210 205 213 194 216 188 217 182 216
132 164 134 181 136 197 141 213 150 227 161 239 173 249 188 252 203 249 215 239 227 227 236 213 241 197 243 181 246 165 247 149 142 136 150 130 160 128 170 129 180 133 200 132 210 129 220 127 229 129 236 135 190 147 190 157 190 167 190 178 179 188 184 189 189 191 195 190 200 188 155 151 161 149 168 149 175 152 168 153 161 154 205 151 211 148 218 149 224 151 218 154 211 154 167 212 174 206 182 204 188 206 194 204 202 207 209 212 202 221 194 225 188 226 181 225 173 221 171 212 182 209 188 210 194 209 205 213 194 216 188 217 182 216
131 164 132 180 135 196 141 212 150 226 161 238 174 248 188 251 203 248 215 238 227 226 236 213 241 197 243 181 246 164 247 148 142 136 149 130 160 128 170 130 181 133 200 132 210 129 221 127 231 129 238 135 190 147 190 157 190 168 190 178 179 188 184 190 190 191 195 190 200 188 154 151 161 149 168 148 175 152 168 154 161 154 205 151 211 148 218 148 225 151 219 154 211 154 167 211 175 207 183 204 189 206 195 204 202 207 210 212 202 219 195 223 188 224 182 223 174 219 171 211 183 209 189 210 195 210 206 212 194 215 188 216 182 215
132 164 134 180 137 196 141 212 150 225 161 237 174 247 189 250 203 247 216 237 228 226 236 212 241 196 243 180 245 164 247 148 142 136 149 130 160 128 170 130 180 133 200 132 210 129 220 127 230 129 237 135 190 147 190 158 190 168 190 178 179 188 184 190 190 191 195 190 200 188 155 151 161 148 169 148 175 152 168 154 161 154 204 152 211 148 218 148 225 150 219 154 211 154 167 211 175 206 183 204 189 206 195 204 202 207 210 211 202 218 195 221 188 222 182 221 174 218 171 211 183 209 189 210 195 209 206 212 194 214 188 215 182 214
132 164 134 180 137 196 142 212 151 225 162 237 174 247 188 249 203 247 215 238 227 226 236 213 241 197 243 181 245 164 247 148 142 137 149 130 160 128 171 130 181 134 199 133 210 129 220 127 231 129 238 136 190 147 190 158 190 168 190 178 179 188 184 190 190 191 195 190 201 188 154 151 161 148 168 148 175 152 168 154 160 154 204 152 211 147 218 148 225 150 219 154 211 154 167 211 175 207 183 204 188 206 195 204 202 207 209 211 202 218 194 221 188 222 182 221 174 218 171 211 183 209 188 210 195 209 206 212 194 214 188 214 182 214
132 165 134 181 137 197 142 212 150 226 161 238 174 248 188 250 203 248 215 239 227 227 236 213 240 198 243 182 245 166 247 150 142 136 149 130 160 128 170 130 181 133 200 132 210 129 220 128 230 129 237 135 190 147 190 158 190 168 190 178 179 188 184 190 189 192 195 190 200 189 154 151 161 148 168 148 175 152 168 154 160 154 205 152 211 147 219 147 225 150 219 154 212 154 168 211 175 207 183 204 189 206 195 204 202 207 210 212 202 219 195 222 188 223 182 222 175 218 172 212 183 210 189 211 195 210 206 212 194 214 188 215 183 214
132 165 134 181 137 197 142 213 151 226 162 238 175 248 189 250 203 248 215 238 226 227 235 213 240 198 243 181 245 165 247 149 142 136 149 130 160 129 171 130 181 134 200 132 210 129 220 127 230 129 238 135 190 147 190 158 190 168 190 179 179 188 184 190 189 192 195 190 200 189 154 151 161 148 168 148 175 152 168 154 160 154 205 152 211 147 219 147 225 150 219 154 212 154 168 212 175 207 183 204 189 206 195 204 202 207 210 212 202 219 195 222 188 223 182 222 175 219 172 212 183 210 188 211 195 210 206 212 195 215 188 215 183 215
132 165 135 181 137 197 142 212 151 226 162 238 174 247 189 250 203 247 215 238 226 227 235 213 240 197 242 181 245 165 247 149 141 137 149 130 160 129 171 131 181 134 200 133 210 129 220 128 231 129 238 136 190 148 190 158 190 168 190 179 179 188 184 190 189 192 195 191 200 189 154 151 161 148 168 148 175 152 168 154 160 155 205 152 211 148 219 147 225 150 219 154 212 154 168 212 175 207 183 204 189 207 195 205 202 208 209 212 202 218 195 222 188 222 182 222 175 218 172 212 183 211 189 211 195 211 205 212 195 214 188 215 183 214
132 165 134 181 136 197 142 212 151 226 162 238 174 248 189 250 202 248 215 238 226 227 235 213 240 198 242 182 245 166 246 150 142 137 149 131 160 129 171 131 181 134 199 134 209 130 220 128 230 130 238 137 190 148 190 158 190 168 190 179 179 189 184 191 189 192 195 191 200 189 154 151 161 148 168 148 175 153 168 155 160 155 204 152 211 148 218 148 225 151 219 154 211 154 169 212 176 208 183 205 188 207 194 205 201 208 209 213 201 219 194 222 188 223 183 222 175 219 172 212 183 211 188 212 194 211 205 213 194 214 188 215 183 214
132 165 134 181 137 197 142 213 151 226 163 238 175 248 189 250 203 247 215 238 226 227 235 213 240 198 243 182 245 165 247 149 142 137 150 131 160 130 171 131 181 135 199 134 209 130 220 129 230 130 237 136 190 148 190 159 190 169 190 179 179 189 184 191 189 192 195 191 200 189 154 151 161 148 168 148 175 153 168 155 160 155 204 152 211 148 218 148 225 151 219 155 211 155 169 212 176 208 183 206 188 208 194 206 201 209 208 213 201 219 194 222 188 223 183 222 176 219 173 212 183 212 188 213 194 212 204 213 194 214 188 215 183 214
132 165 134 181 137 197 142 212 151 225 162 237 175 248 189 251 202 248 214 238 225 227 235 213 240 198 242 181 245 165 247 149 141 137 149 131 160 129 170 131 181 134 200 133 210 130 221 128 231 130 238 137 190 148 190 159 190 169 190 180 179 189 184 191 189 193 195 191 200 189 154 151 161 148 168 148 175 153 168 155 160 155 204 152 211 148 218 148 225 151 219 155 211 154 169 212 176 209 183 207 188 209 193 207 200 210 208 213 201 219 194 222 188 223 183 222 176 218 173 213 183 213 188 214 193 213 204 214 193 214 188 215 183 214
132 164 134 180 137 196 142 212 151 225 162 237 174 247 188 250 202 248 214 238 225 227 235 213 240 197 242 181 245 165 247 149 141 137 149 131 160 129 170 131 181 134 199 133 210 130 220 128 231 130 238 137 190 148 190 158 190 168 190 179 179 189 184 191 189 192 194 191 200 189 154 151 161 148 168 148 175 153 168 155 160 155 204 152 211 148 218 148 225 150 219 155 211 155 170 212 177 210 184 207 188 209 193 208 200 210 207 213 199 219 193 221 188 222 183 221 177 218 173 213 183 213 188 214 193 213 203 213 193 214 188 215 184 214
132 164 134 180 137 196 142 212 151 225 162 238 175 248 189 251 202 248 215 238 226 227 235 213 240 198 243 181 245 164 247 148 141 137 148 131 159 129 170 131 180 134 199 134 210 129 220 128 231 130 238 136 190 148 190 158 190 168 190 179 179 189 184 191 189 192 195 191 200 189 154 151 160 148 168 148 175 152 168 155 160 155 204 152 211 147 219 147 225 150 219 154 211 154 170 213 177 210 184 208 189 210 193 208 200 211 207 213 200 220 194 223 189 223 184 223 177 219 173 213 184 214 189 215 193 214 204 214 193 214 189 215 184 214
132 164 134 180 137 197 142 212 151 226 162 238 174 248 188 251 202 248 214 238 225 227 235 213 240 197 242 181 245 164 247 148 141 137 149 131 159 129 170 130 180 134 200 133 210 129 220 128 231 129 238 136 190 148 190 158 190 168 190 179 179 189 184 191 189 192 195 191 200 189 154 151 160 148 168 148 175 152 168 155 160 155 204 152 211 147 218 147 225 150 219 154 211 154 170 213 176 210 184 207 189 209 194 207 201 210 208 213 201 220 194 224 189 224 183 224 176 220 173 213 184 213 189 214 194 213 204 214 194 215 189 216 184 215
132 166 134 182 137 198 143 213 152 227 163 239 175 249 189 252 203 249 215 239 226 227 235 213 240 198 243 182 245 166 247 150 142 137 149 131 160 129 170 131 181 134 200 133 210 130 220 128 230 130 237 136 190 148 190 159 190 169 190 179 179 189 184 191 189 193 195 191 200 189 154 151 160 148 168 148 175 153 168 155 160 155 205 152 211 147 219 147 225 150 219 154 211 155 169 213 176 209 183 206 189 208 194 206 201 209 209 214 202 222 194 226 188 226 183 226 175 222 173 214 183 212 189 213 194 212 205 214 194 217 188 218 183 217
132 164 134 181 137 197 142 212 151 226 162 239 175 249 189 252 202 249 215 239 226 227 235 213 240 197 243 180 246 164 247 148 142 137 150 131 160 129 171 131 181 134 200 134 210 130 220 128 230 130 238 136 190 149 190 159 190 169 190 180 179 189 184 191 189 193 195 192 200 190 154 151 161 148 168 148 175 153 168 155 160 155 204 152 211 148 219 148 225 151 219 154 211 155 168 213 175 208 183 205 188 207 194 206 202 209 209 213 202 222 194 227 188 227 182 227 174 222 172 213 183 211 188 212 194 211 205 214 194 218 188 219 182 218
132 165 134 181 136 197 142 213 151 227 162 239 175 250 189 252 202 249 215 239 226 227 235 214 240 198 243 182 245 165 247 149 141 138 149 131 159 129 170 131 181 135 200 134 210 130 221 129 231 130 238 137 190 149 190 159 190 169 190 180 179 189 184 191 189 193 195 191 200 190 154 152 160 148 168 148 175 153 168 155 160 155 204 153 211 148 219 148 225 151 219 155 211 155 168 213 175 208 183 205 188 207 194 206 202 209 209 213 202 222 194 226 188 227 182 226 174 222 171 213 183 210 188 211 194 211 205 214 194 218 188 219 182 218
132 166 134 182 137 198 142 214 151 227 163 239 175 249 189 251 203 248 215 239 226 227 236 214 241 198 243 182 245 166 247 150 141 138 149 131 159 130 170 131 181 135 199 134 210 130 220 129 230 130 238 137 190 149 190 159 190 169 190 180 179 189 184 191 189 193 195 192 200 190 154 152 160 148 168 148 175 153 168 155 160 155 205 153 211 148 219 148 225 151 219 155 212 155 167 212 175 208 183 205 188 207 194 206 202 209 210 213 202 221 194 225 188 226 181 225 174 221 171 213 182 210 188 211 194 211 206 213 194 217 188 218 182 218
132 166 134 182 136 198 142 214 151 227 163 239 176 249 190 251 204 248 216 239 227 227 236 213 240 198 242 182 245 165 247 150 141 138 149 131 159 130 170 131 180 135 199 134 209 130 220 129 230 130 238 137 190 149 190 159 190 169 190 180 179 189 184 191 189 193 195 192 200 190 154 152 160 148 168 148 175 153 168 155 160 155 204 153 211 148 218 148 225 151 219 155 211 155 168 212 175 208 183 205 188 207 194 206 202 209 210 213 202 221 194 225 188 225 182 225 174 221 171 213 183 210 188 211 194 211 206 213 194 217 188 218 182 217
132 166 134 182 137 198 142 214 151 227 163 239 176 249 189 251 203 249 216 239 227 227 236 214 241 198 243 182 246 166 247 150 141 138 149 131 159 130 170 132 180 135 200 134 210 130 221 129 231 131 238 137 190 149 190 160 190 170 190 180 179 190 184 192 189 193 195 192 200 190 154 152 160 149 168 149 175 153 168 155 160 155 204 153 211 148 219 148 225 151 219 155 211 155 168 212 175 208 183 206 189 208 194 206 202 209 210 213 202 220 194 224 188 225 182 224 174 220 171 213 183 211 188 212 194 211 206 213 194 216 188 217 182 216
132 166 134 182 137 198 142 213 151 227 162 239 175 248 189 251 203 248 216 239 227 228 236 214 240 199 242 183 245 166 247 150 142 138 149 131 160 130 170 132 181 135 199 134 209 131 220 129 231 131 238 137 190 149 190 159 190 169 190 180 179 190 184 192 190 193 195 192 200 190 154 152 161 148 168 149 175 153 168 155 160 156 205 153 211 148 219 148 225 151 219 155 212 155 168 213 175 208 183 206 188 208 194 206 202 209 209 213 202 220 194 223 188 224 182 223 174 220 171 213 183 211 188 211 194 211 206 213 194 216 188 217 182 216
131 166 134 182 137 198 142 214 151 227 163 239 176 249 190 251 203 248 216 239 227 228 236 214 240 198 243 182 245 166 247 150 141 138 149 132 159 130 170 132 180 135 199 135 209 131 220 129 230 131 238 137 190 149 190 160 190 170 190 180 179 190 184 192 189 193 195 192 200 190 154 152 160 148 168 149 175 154 168 156 160 156 204 153 211 148 219 148 225 151 219 155 211 156 168 213 175 208 183 206 189 208 194 206 202 209 210 213 202 219 195 223 188 224 182 223 175 220 172 213 183 211 189 212 194 211 206 213 194 216 188 216 183 216
131 167 134 183 137 199 142 214 151 227 163 239 176 249 190 251 204 248 216 239 227 228 236 214 240 199 242 182 245 166 247 151 141 138 149 132 160 130 171 132 181 136 200 135 210 131 220 129 231 131 238 137 190 149 190 160 190 170 190 180 179 190 184 192 190 193 195 192 200 190 154 152 161 149 168 149 175 154 168 156 160 156 205 153 211 148 219 148 225 151 219 155 212 156 168 213 176 208 183 206 189 208 195 206 202 209 210 213 202 219 195 223 189 224 183 223 175 220 172 213 183 211 189 212 195 211 206 213 195 215 189 216 183 215
132 167 135 183 137 199 142 214 152 227 163 239 176 248 190 250 204 247 216 238 227 227 236 214 241 198 243 182 245 166 247 150 142 138 149 132 160 130 170 132 180 135 200 135 210 131 221 129 231 131 238 137 190 150 190 160 190 170 190 181 179 190 184 192 190 193 195 192 201 190 154 152 160 149 168 149 175 154 168 156 160 156 205 153 211 148 219 148 225 151 219 155 212 156 168 213 176 209 183 206 189 208 195 206 202 209 210 213 202 219 195 223 189 224 183 223 175 220 172 213 183 212 189 212 195 212 206 213 195 215 189 216 183 216
132 166 135 182 137 197 142 213 151 226 162 238 175 248 189 250 203 248 215 238 226 227 235 214 240 198 242 182 245 166 247 150 142 138 150 132 160 131 171 132 181 136 200 135 210 131 220 130 230 131 238 137 190 150 190 160 190 170 190 181 179 190 184 192 190 194 195 192 200 191 154 152 160 149 168 149 175 154 168 156 160 156 205 153 211 149 219 148 225 152 219 156 212 156 169 213 176 209 183 206 189 208 194 206 202 209 209 213 202 220 195 223 188 224 182 223 175 220 172 213 183 212 189 213 194 212 205 213 194 215 189 216 183 215
132 166 134 182 137 198 142 213 151 226 162 238 175 248 189 250 203 247 216 238 227 227 236 214 240 198 242 182 245 166 247 151 142 138 150 132 160 130 170 132 180 136 200 135 210 131 220 130 230 131 238 137 190 150 190 160 190 170 190 181 179 190 184 192 190 194 195 192 200 191 154 152 161 149 168 149 175 154 168 157 160 156 205 154 211 149 219 148 225 152 219 156 212 156 168 213 176 209 183 207 189 209 194 207 202 210 209 213 202 219 194 222 189 223 183 222 175 219 172 213 183 213 189 214 194 213 205 213 194 214 189 215 183 214
132 166 134 182 137 198 142 214 151 227 162 239 175 248 189 251 203 248 215 239 227 227 236 214 241 199 243 182 245 166 247 151 142 139 150 132 160 131 171 132 181 136 200 135 210 132 221 130 231 132 238 138 190 150 190 161 190 171 190 181 179 190 184 193 190 194 195 193 200 191 154 152 161 149 169 149 175 154 168 156 160 156 205 154 211 149 219 149 225 152 219 156 212 156 169 213 176 209 183 207 189 209 194 207 201 210 209 213 201 219 194 222 189 223 183 222 176 219 172 213 183 213 189 214 194 213 205 214 194 214 189 215 183 214
132 166 134 182 137 199 142 214 151 227 162 238 175 248 189 250 203 248 215 239 226 227 236 214 240 198 242 182 245 166 247 151 141 139 149 132 160 131 170 133 180 136 200 136 210 132 221 130 231 132 238 138 190 150 190 161 190 171 190 182 179 191 184 193 190 194 195 193 200 191 154 153 161 149 169 149 175 154 168 157 160 157 205 154 211 149 219 149 225 152 219 156 212 156 169 213 176 210 184 207 189 209 194 208 202 210 209 213 201 219 195 221 189 222 183 222 176 219 172 213 184 213 189 214 194 213 205 214 194 214 189 215 184 214
132 167 135 183 137 199 142 214 151 227 162 238 175 248 188 251 202 248 215 239 226 228 235 215 240 199 242 183 245 167 247 150 141 139 149 133 159 131 170 133 181 136 200 136 210 132 221 130 231 132 238 138 190 150 190 161 190 171 190 182 179 191 184 193 189 194 195 193 200 191 154 153 160 149 168 149 175 155 168 157 160 157 204 154 211 149 219 149 225 152 219 156 212 156 168 213 176 210 183 208 189 210 194 208 201 210 209 213 201 219 194 222 188 223 183 222 176 219 172 213 183 214 188 215 194 214 206 214 194 214 189 215 183 214
132 167 135 183 137 199 142 214 151 227 162 239 175 248 188 251 202 248 215 239 226 228 235 214 240 199 242 183 245 166 247 151 142 139 150 133 160 131 170 133 181 137 200 136 210 132 220 131 230 132 238 138 190 151 190 161 190 171 190 182 179 191 184 193 190 195 195 193 200 192 154 153 160 150 168 150 175 155 168 157 160 157 204 154 211 149 219 149 225 152 219 157 212 157 168 213 176 210 184 208 189 210 194 208 201 211 209 214 201 219 194 221 189 222 183 222 176 219 172 214 183 214 189 215 194 214 205 214 194 214 189 215 183 214
132 167 134 183 137 199 142 214 151 227 162 239 175 249 189 251 203 248 215 238 227 228 236 214 241 199 243 182 245 166 247 150 141 139 149 133 160 131 170 133 181 137 200 136 210 132 221 131 231 132 238 138 190 151 190 161 190 171 190 182 179 191 184 193 190 195 195 193 200 192 154 153 160 150 168 150 175 155 168 157 160 157 204 155 211 149 219 149 225 152 219 157 212 157 168 214 176 210 183 208 189 210 194 208 201 211 209 214 201 219 194 222 188 223 183 222 176 220 172 214 183 214 189 215 194 214 205 214 194 214 189 215 183 215
131 167 134 183 137 199 142 214 151 227 162 238 174 248 188 251 202 248 214 239 226 228 235 215 240 200 242 184 245 167 247 151 141 138 149 133 160 132 170 134 181 137 200 136 210 133 220 131 231 132 238 139 190 151 190 161 190 172 190 182 179 192 184 193 189 195 195 194 200 192 154 153 160 150 168 150 175 155 168 157 160 157 204 155 211 150 218 150 225 152 219 157 211 157 168 214 176 210 183 208 189 210 194 208 201 211 209 214 201 220 194 223 188 223 183 223 175 220 172 214 183 214 188 215 194 214 205 214 194 215 188 215 183 215
132 168 135 184 137 200 142 215 151 228 162 239 174 248 188 251 202 249 215 240 226 229 235 215 240 200 242 184 245 168 247 152 141 139 149 133 160 132 170 134 180 137 200 137 210 133 221 131 231 133 238 139 190 151 190 162 190 172 190 182 179 192 184 194 189 195 195 194 200 192 154 153 160 150 168 150 175 155 168 157 160 157 204 155 211 150 219 150 225 153 219 157 212 157 168 214 176 210 183 208 189 210 194 208 201 211 209 214 201 220 194 222 188 223 182 222 175 220 171 214 183 214 188 215 194 214 205 215 194 215 188 215 183 215
132 167 134 183 137 199 142 214 151 227 162 239 174 248 188 250 202 248 214 239 226 228 235 215 241 200 243 184 245 168 247 152 141 139 149 133 160 132 170 134 181 137 199 137 210 133 220 131 231 133 238 139 190 151 190 162 190 172 190 182 179 192 184 194 189 195 195 194 200 192 154 153 160 150 168 150 175 155 168 157 160 157 204 155 211 150 218 150 225 153 219 157 211 157 168 214 175 210 183 208 188 210 194 208 201 211 209 214 201 220 194 223 188 223 182 223 175 220 171 214 183 214 188 215 194 214 205 214 194 215 188 215 183 215
131 168 134 184 137 200 142 215 151 228 162 239 174 248 188 251 202 248 215 239 226 228 236 215 241 200 243 184 245 168 247 152 141 139 149 133 159 132 170 134 180 138 199 137 209 133 220 131 230 133 237 139 190 152 190 162 190 172 190 183 179 192 184 194 189 195 195 194 200 192 154 154 160 150 168 150 175 155 168 158 160 158 204 155 211 150 218 150 225 153 219 157 211 157 168 214 175 210 183 208 188 210 194 208 201 211 209 214 201 220 194 223 188 223 182 223 175 220 171 214 183 214 188 215 194 214 205 215 194 215 188 215 183 215
131 168 134 184 137 200 142 215 151 228 162 239 174 248 188 251 202 248 214 239 225 229 235 215 239 200 242 184 245 168 247 152 141 140 149 133 159 132 170 134 180 138 199 137 210 133 220 131 231 132 238 139 189 152 189 162 189 172 189 183 179 192 184 194 189 195 195 194 200 192 153 153 160 150 168 150 174 155 167 158 159 158 204 155 211 150 218 150 225 153 219 157 211 157 168 214 175 211 183 208 188 210 194 208 201 211 209 215 201 220 194 223 188 224 182 223 175 220 171 214 183 214 188 215 194 214 205 215 194 215 188 215 183 215
131 169 134 184 137 200 142 215 151 228 162 239 175 248 188 250 202 247 215 239 226 228 235 215 240 200 243 184 245 168 247 152 141 140 149 134 159 133 170 134 180 138 199 137 209 133 220 132 230 133 237 139 189 152 190 162 190 172 190 183 179 192 184 194 189 195 195 194 200 192 153 154 160 150 168 150 174 156 167 158 159 158 204 155 211 150 218 150 225 153 219 157 211 158 168 214 176 211 183 208 188 210 194 208 201 211 208 215 201 220 194 223 188 223 183 223 175 220 172 214 183 214 188 215 194 214 205 215 194 215 188 215 183 215
131 168 133 184 136 200 142 215 150 228 162 239 174 248 188 251 202 248 214 239 226 228 235 215 240 200 243 184 245 168 246 152 141 140 149 134 159 132 170 134 180 138 199 137 209 133 220 132 230 133 237 139 189 152 190 162 190 172 190 183 179 192 184 194 189 195 195 194 200 192 153 154 160 151 168 151 174 156 167 158 159 158 204 155 210 150 218 150 225 153 219 157 211 157 168 214 176 211 183 208 188 210 194 208 201 211 209 215 201 220 194 222 188 223 183 222 175 220 171 214 183 214 188 215 194 214 205 215 194 215 188 215 183 215
131 168 133 184 136 199 141 215 150 228 162 239 174 249 188 251 202 248 214 239 226 228 235 215 240 200 242 184 245 168 247 152 141 140 149 134 159 132 170 134 181 138 199 137 209 133 220 132 230 133 238 139 190 152 190 162 190 172 190 183 179 192 184 194 189 196 195 194 200 192 154 154 160 151 168 151 174 156 168 158 160 158 204 155 211 150 218 150 225 153 219 157 211 157 167 214 175 211 183 208 188 210 194 208 201 211 209 215 201 220 194 223 188 223 182 223 175 220 171 214 183 214 188 215 194 214 205 215 194 215 188 216 183 215
