120 175 122 191 124 207 129 223 138 236 149 248 162 257 176 260 191 258 203 249 215 238 224 224 229 209 232 192 234 176 237 159 128 147 136 141 147 140 157 142 168 146 187 144 198 141 208 139 219 141 227 147 177 159 177 170 178 181 178 192 166 200 172 202 177 204 183 203 188 201 141 161 148 158 156 158 162 163 155 165 147 165 193 163 199 158 207 158 214 161 208 165 200 165 156 223 163 219 170 217 176 219 182 217 189 220 197 224 189 229 182 231 176 232 170 232 163 229 159 224 170 223 176 224 182 223 193 224 182 224 176 225 170 224
119 174 121 191 124 207 129 222 138 236 149 248 162 258 176 261 191 258 204 249 215 238 225 224 230 209 233 192 235 176 237 159 129 147 137 141 147 140 158 142 168 145 187 144 198 141 209 140 219 141 227 147 177 160 177 170 177 180 177 191 166 201 171 202 177 204 183 203 188 201 141 161 148 158 156 158 162 163 155 165 147 165 193 163 199 158 207 158 214 161 208 165 200 165 156 224 163 220 171 217 176 219 182 217 190 220 197 224 190 229 183 232 176 233 170 232 163 229 159 224 171 223 176 224 182 223 193 224 182 224 176 225 171 224
120 175 122 191 124 207 129 223 138 236 150 248 162 258 176 261 191 259 203 249 215 238 224 224 230 209 232 192 235 176 237 159 129 146 137 141 147 140 158 142 168 146 187 145 198 141 209 140 219 141 227 147 177 160 177 170 177 180 177 191 166 201 171 203 177 204 183 203 188 201 141 161 148 158 156 158 162 163 155 166 147 165 193 163 200 158 207 158 214 161 208 165 200 165 156 224 163 220 171 217 176 219 182 217 190 220 197 224 190 230 183 232 176 233 170 232 163 230 160 224 171 223 176 224 182 223 193 224 182 224 176 225 171 224
119 175 122 191 124 207 129 223 139 237 150 248 163 259 176 262 190 259 203 250 214 239 224 225 230 210 232 193 235 176 237 159 128 147 136 141 147 140 158 142 168 146 187 145 198 141 209 140 219 141 227 147 177 160 177 170 177 181 177 191 166 201 171 203 177 204 183 203 188 201 141 162 148 158 156 158 162 164 156 166 147 166 193 163 199 158 207 158 214 161 208 165 200 166 156 224 164 220 171 217 176 219 182 217 190 220 197 225 190 230 183 233 176 233 170 233 163 230 160 225 171 224 176 225 182 224 193 225 182 224 176 225 171 224
119 175 122 192 124 208 129 223 139 237 150 249 162 259 176 262 190 260 203 250 214 239 224 226 230 210 233 193 235 176 237 160 129 147 137 141 147 140 158 142 168 146 187 145 198 141 208 140 219 141 227 147 177 160 177 170 177 181 177 191 166 201 171 203 177 204 183 203 188 201 142 162 148 158 156 158 163 163 156 166 148 166 193 163 199 158 207 158 214 161 208 165 200 165 156 225 163 220 171 218 176 220 182 218 190 221 197 225 190 230 182 233 176 234 170 233 163 230 160 225 171 224 176 225 182 224 193 225 182 225 176 226 171 225
120 176 122 192 124 208 129 224 139 237 150 249 163 260 177 263 191 260 203 251 215 239 225 225 230 209 233 192 235 175 237 159 129 147 137 141 147 140 158 142 168 145 187 145 197 141 208 140 218 141 227 147 177 160 177 170 177 180 177 191 166 201 172 203 177 204 182 203 188 201 142 162 148 158 156 158 162 163 156 166 148 166 193 163 199 158 207 158 214 161 208 165 200 165 157 225 164 220 171 218 177 220 182 218 190 221 197 225 190 231 182 234 176 234 171 233 164 231 160 225 171 224 176 225 182 224 193 226 182 225 176 226 171 225
119 176 121 193 124 209 130 225 139 238 150 250 163 261 177 264 191 261 203 252 215 240 224 226 230 210 232 193 235 176 237 159 129 147 137 141 147 140 158 142 168 146 187 145 198 141 208 140 219 141 227 147 177 159 177 170 177 180 177 191 166 201 172 203 177 204 183 203 188 201 142 162 148 158 156 158 162 163 156 166 148 165 193 163 199 158 207 158 214 161 208 165 200 165 157 226 164 221 171 218 177 220 182 218 190 221 197 226 190 232 183 235 176 235 171 235 164 232 161 226 171 225 176 225 182 225 193 226 182 226 177 227 171 226
119 177 121 194 124 210 130 226 139 240 151 252 163 262 177 265 191 262 203 252 214 240 223 226 229 210 232 193 234 176 237 159 128 147 136 142 147 141 157 142 167 146 187 145 197 141 208 140 219 141 227 147 177 160 177 170 177 181 177 191 166 201 171 203 177 204 182 203 188 201 141 162 148 159 156 159 162 164 155 166 147 166 192 163 199 158 207 158 214 161 208 165 200 166 157 227 163 221 171 218 176 220 182 218 190 221 196 227 190 234 183 238 176 239 170 238 163 234 161 227 171 224 176 225 182 224 192 227 182 230 176 230 171 230
119 177 122 194 125 210 130 226 139 240 151 252 163 263 177 266 191 264 202 253 214 241 223 227 228 211 231 194 235 176 237 160 129 148 136 141 147 141 157 143 167 146 187 145 197 142 208 140 218 141 226 147 177 160 177 171 177 181 177 192 166 201 171 203 177 205 183 203 188 202 141 162 148 159 156 159 162 164 155 166 147 166 192 163 199 158 207 158 213 161 208 165 200 166 157 227 163 221 171 218 176 220 182 218 190 221 196 227 190 236 183 241 176 242 170 241 163 237 161 227 171 224 176 225 182 224 192 228 182 232 176 233 170 232
119 177 121 194 124 210 130 226 139 240 151 252 163 263 176 266 190 264 202 254 213 241 223 227 229 211 231 194 234 176 236 159 128 148 136 142 146 141 157 143 167 146 186 145 197 142 207 140 218 141 226 147 176 160 177 171 177 181 177 192 165 201 171 203 176 205 182 203 187 202 141 162 147 159 155 159 162 164 155 166 147 166 192 163 198 158 206 158 213 161 207 165 199 166 157 227 163 221 170 218 176 220 182 218 189 221 196 227 189 236 182 241 176 242 170 241 162 236 161 227 170 224 176 225 182 224 192 227 182 232 176 233 170 232
119 177 121 193 124 210 129 225 139 239 150 252 162 263 176 266 190 263 202 253 214 240 223 226 229 210 232 193 234 176 236 159 128 148 136 141 146 140 156 142 167 146 186 145 197 142 207 140 218 141 226 147 176 160 176 170 176 181 176 191 166 201 171 203 176 205 182 203 187 201 140 162 147 159 155 159 161 164 155 166 146 166 192 163 198 158 206 158 213 161 207 166 199 166 157 227 163 222 170 219 176 221 181 219 189 222 196 227 189 234 182 237 175 238 170 238 163 234 161 227 170 225 176 226 181 225 192 227 181 229 176 230 170 229
118 176 120 192 123 209 129 224 138 238 149 250 161 261 175 264 188 262 201 252 212 241 222 227 229 211 231 193 234 176 236 159 127 147 135 141 146 140 156 142 167 146 186 145 196 141 207 140 218 141 226 147 176 160 176 170 176 180 176 191 165 201 170 203 176 204 181 203 187 201 140 162 147 158 155 158 161 164 154 166 146 166 191 163 198 158 206 158 213 161 207 166 199 166 157 226 164 222 171 219 176 221 181 220 188 223 195 227 188 232 181 235 175 235 170 235 163 232 160 226 171 226 175 227 181 226 192 227 180 227 175 228 170 227
119 175 121 191 124 208 129 223 138 237 149 250 161 261 175 264 189 261 201 252 213 240 223 226 228 210 231 192 234 175 236 158 128 147 135 141 146 140 157 142 167 145 186 145 196 141 207 139 218 141 226 147 176 160 176 170 176 180 176 191 165 201 170 203 176 204 181 203 187 202 140 161 147 158 155 158 161 163 154 166 146 166 191 163 198 158 206 158 213 161 207 165 199 165 156 226 163 222 170 220 175 222 180 220 187 223 195 227 187 232 180 235 175 236 169 235 163 232 160 226 170 226 175 227 180 226 191 227 180 227 175 228 170 227
119 176 121 192 124 209 129 224 138 238 149 250 162 261 176 264 189 261 202 252 213 240 223 226 228 210 231 193 234 176 236 159 128 148 135 141 146 140 157 142 167 145 186 144 197 141 207 139 218 140 226 147 176 159 177 169 177 180 177 191 165 201 170 203 176 204 182 203 187 201 140 161 147 158 155 158 161 163 154 165 146 165 191 163 198 158 206 158 213 161 207 165 199 165 156 226 163 222 170 219 175 221 180 219 188 223 196 227 188 233 181 236 175 236 169 236 162 232 160 226 170 226 175 226 180 226 192 227 180 227 175 228 170 227
119 176 121 192 124 209 129 224 139 238 150 250 162 261 176 264 189 262 202 252 213 240 223 226 229 210 232 193 234 176 237 159 128 147 136 141 146 140 156 142 167 145 186 144 197 141 207 139 218 140 226 146 176 159 176 170 176 180 176 191 165 201 170 203 176 204 181 203 187 201 141 161 147 158 155 158 161 163 154 165 146 165 192 163 198 158 206 158 213 161 207 165 199 165 156 226 162 221 170 218 175 220 181 218 189 221 196 227 189 235 181 239 175 239 169 238 162 234 160 226 170 224 175 225 181 224 192 227 180 230 175 231 169 230
119 177 121 193 123 209 129 224 138 238 150 251 162 262 176 265 190 262 202 252 214 240 223 226 229 210 232 193 234 176 237 158 127 147 135 141 146 140 156 142 167 145 186 144 196 141 207 139 218 140 226 146 176 159 176 170 176 180 176 191 165 200 170 202 176 204 181 203 187 201 140 162 147 158 155 158 161 163 154 165 146 165 192 163 199 158 207 158 213 161 207 165 199 165 155 226 162 220 169 217 175 219 181 217 189 221 196 226 189 236 181 240 175 241 168 240 161 235 159 226 169 223 175 224 181 223 192 226 181 231 175 232 169 231
119 176 121 193 124 209 130 225 139 239 150 251 162 262 176 265 190 262 203 252 214 240 224 226 230 210 232 193 235 175 237 158 127 148 135 141 146 140 156 142 167 146 186 145 196 141 207 140 218 141 226 147 176 160 176 170 176 181 176 191 165 201 170 203 176 204 181 203 187 201 140 162 147 158 155 158 161 164 154 165 146 165 192 163 198 158 206 158 213 161 207 165 199 165 155 225 162 220 169 217 175 219 181 217 189 221 197 226 189 235 181 240 175 241 169 240 161 235 159 225 169 223 175 223 181 223 193 226 181 231 175 232 169 232
119 176 122 193 124 209 129 225 138 239 150 251 162 261 176 264 191 261 203 251 215 239 224 226 230 210 232 193 235 176 237 159 127 148 135 142 146 140 157 142 167 146 186 145 196 141 207 140 218 141 226 147 176 160 176 170 176 181 176 191 165 201 170 203 175 204 181 203 187 201 140 162 147 158 155 159 161 164 154 166 146 166 192 164 198 158 206 158 213 161 207 165 199 166 154 225 161 220 169 217 175 219 181 217 190 220 198 225 189 234 181 238 175 239 168 238 161 234 158 225 169 222 175 223 181 222 193 225 181 230 175 231 169 230
119 176 121 193 124 209 129 225 139 238 150 251 162 261 176 264 190 261 203 251 215 239 225 226 230 210 233 193 235 176 237 159 127 148 135 141 145 140 156 142 166 146 186 145 196 141 207 140 218 141 226 147 176 160 176 170 176 181 176 192 165 201 170 203 176 204 182 203 187 201 140 162 147 159 155 159 161 164 154 166 146 166 192 163 198 158 206 158 213 161 207 165 199 165 155 224 161 220 169 217 175 219 182 217 189 220 198 224 189 232 181 236 175 237 168 236 161 232 158 224 169 222 175 223 182 222 193 225 181 228 175 229 169 229
119 176 122 192 124 208 129 224 138 238 150 250 162 260 176 263 190 260 203 250 215 239 224 225 230 209 232 192 234 175 236 159 127 148 135 141 146 140 156 142 167 146 185 145 196 141 207 139 218 141 226 147 176 160 176 170 176 180 176 191 165 201 170 203 175 204 181 203 187 201 140 162 147 159 155 159 161 164 154 166 146 166 192 163 198 158 206 158 213 161 207 165 199 165 155 224 162 219 169 217 175 219 181 217 189 220 197 224 189 231 181 234 175 235 168 234 161 231 159 224 169 221 175 222 181 222 193 224 181 227 175 228 169 227
119 174 121 190 123 207 128 222 137 236 148 248 161 259 175 262 189 259 202 249 214 238 224 224 229 208 231 191 234 175 236 158 127 148 135 141 145 140 156 142 167 146 185 145 196 141 207 139 218 140 226 147 176 159 176 170 176 180 176 191 164 200 170 202 175 204 181 203 187 201 140 162 147 158 155 158 161 163 154 166 146 166 191 163 198 158 206 158 212 161 206 165 198 165 154 223 162 219 169 216 175 218 181 217 189 220 197 224 188 230 181 233 174 234 168 233 161 230 158 224 169 222 175 223 181 222 193 224 181 226 175 227 169 226
119 173 121 190 123 206 128 222 137 236 148 248 161 258 175 262 190 259 203 249 214 237 224 224 229 208 231 191 234 175 236 158 126 147 134 141 145 139 156 141 167 145 185 144 196 141 207 139 218 140 226 147 175 159 175 170 176 180 176 191 164 200 170 202 175 204 181 202 187 200 140 161 146 158 154 158 161 163 154 165 146 165 191 163 197 158 205 157 212 160 206 165 198 165 154 223 162 219 169 216 175 218 181 216 188 220 196 223 188 229 181 232 174 233 168 232 161 229 158 223 169 222 175 223 181 222 192 224 180 224 175 225 169 224
118 173 120 189 123 206 128 222 137 235 148 248 161 258 175 261 190 258 203 249 214 237 224 223 229 208 231 191 234 174 236 157 126 147 134 141 145 139 156 141 167 145 185 144 196 140 207 138 218 140 226 146 175 159 175 169 175 179 175 190 164 200 169 202 175 203 181 202 187 200 139 161 146 158 154 158 161 163 154 165 145 165 191 162 197 157 205 157 212 160 206 164 198 164 154 223 162 219 169 216 175 218 181 216 188 219 197 223 188 229 181 232 175 233 169 232 161 229 158 223 169 222 175 223 181 222 192 223 181 224 175 225 169 224
118 174 121 190 123 207 129 222 138 236 149 248 162 259 176 261 190 259 203 249 214 237 224 224 229 208 232 191 234 175 236 158 126 147 134 140 145 139 156 141 166 144 185 144 196 140 207 138 217 139 225 146 175 159 175 169 175 179 175 190 164 199 169 201 175 203 181 201 186 200 139 161 146 158 154 158 161 163 154 165 145 165 191 162 197 157 205 157 212 160 206 164 198 164 155 223 161 219 169 216 175 218 181 216 188 219 197 223 189 230 181 234 175 235 168 234 161 231 159 224 169 221 175 222 181 221 192 223 181 226 175 227 169 226
118 175 120 192 123 208 129 224 138 237 149 249 162 260 176 262 190 259 202 250 214 238 223 224 229 209 232 192 233 175 235 158 126 147 134 140 145 139 156 141 166 145 185 144 195 140 206 138 217 139 225 146 175 159 175 169 175 179 175 189 164 200 169 201 175 203 181 201 186 200 140 161 146 158 154 158 161 163 154 165 146 165 191 162 197 157 205 157 212 160 206 164 198 164 154 224 161 218 169 215 174 217 181 216 189 219 196 223 189 232 181 237 174 238 168 237 160 233 158 224 169 221 174 221 181 221 192 224 180 229 174 230 168 229
118 175 120 191 123 208 129 223 138 237 149 249 161 260 175 263 190 260 202 250 214 238 223 224 229 208 231 191 234 174 236 158 126 146 134 140 145 139 155 141 166 145 185 144 195 140 206 138 217 139 225 145 175 159 175 169 175 179 175 190 164 199 169 202 175 203 180 202 186 200 139 161 146 158 154 158 160 163 153 165 145 165 191 162 197 157 205 157 212 160 206 164 198 164 154 224 161 219 168 216 174 218 180 216 188 219 196 224 189 233 181 238 174 239 168 238 160 234 158 224 169 221 174 222 180 221 192 224 180 230 174 231 168 230
118 174 120 190 123 206 128 222 137 237 148 249 161 260 175 263 189 260 202 250 213 238 223 224 229 208 231 191 233 174 235 157 126 147 134 140 144 139 155 141 166 145 184 144 195 140 206 138 217 140 225 146 175 159 175 169 175 179 175 190 164 200 169 202 174 203 180 202 186 200 139 161 146 158 154 158 160 163 153 165 145 165 190 162 197 157 205 157 211 160 205 164 197 164 154 224 161 220 168 217 174 219 180 217 187 220 195 224 187 233 180 237 173 238 168 237 160 233 158 225 168 223 174 223 180 223 191 225 179 228 174 229 168 229
118 172 120 189 122 205 127 221 136 235 147 248 160 259 174 262 188 259 200 250 212 238 222 224 228 208 230 191 233 174 235 157 125 148 133 141 144 139 155 141 166 145 184 144 195 140 206 139 217 140 225 146 175 159 175 169 175 180 175 191 164 200 169 202 174 204 180 202 185 201 139 161 145 158 153 158 160 163 153 165 145 165 190 162 197 157 204 157 211 160 205 164 197 164 154 224 161 221 168 218 174 220 179 218 186 221 194 225 186 230 179 233 173 234 168 233 161 230 158 224 168 224 174 225 179 224 190 225 179 225 173 226 168 226
118 173 120 190 123 206 128 222 137 236 148 248 160 259 174 262 189 260 201 250 213 238 222 224 228 208 230 191 233 174 235 157 126 147 134 141 144 139 155 141 166 145 184 144 195 140 206 139 217 140 225 146 175 159 175 169 175 180 175 190 164 200 169 202 174 204 180 202 185 201 139 161 145 158 153 158 160 163 153 165 145 165 190 162 197 157 204 157 211 160 205 164 197 164 154 224 161 221 169 219 174 221 179 219 186 221 194 225 186 231 179 233 173 234 168 233 161 230 158 224 169 225 174 226 179 225 190 225 179 225 173 226 168 225
118 173 120 190 122 206 127 222 137 236 148 248 160 259 174 262 188 260 201 250 213 238 222 224 228 208 230 191 233 174 235 157 126 147 133 141 144 139 155 141 166 145 184 144 195 140 206 139 217 140 225 146 175 159 175 169 175 179 175 190 164 200 169 202 174 204 180 202 185 201 139 161 145 158 153 158 160 163 153 165 145 165 190 162 197 157 205 157 211 160 205 164 197 165 155 224 162 221 169 219 174 221 179 219 186 222 194 225 186 231 179 233 173 234 168 233 161 230 158 225 169 225 174 226 179 225 190 225 179 226 174 227 169 226
117 173 120 190 122 206 128 222 137 236 148 249 161 259 175 263 189 260 202 250 213 238 222 224 228 208 231 191 233 174 235 157 126 147 134 140 145 139 156 141 166 145 184 143 195 140 206 138 217 139 225 145 175 158 175 169 175 179 175 190 164 200 169 202 174 203 180 202 186 200 139 161 146 157 154 157 160 162 153 165 145 165 190 162 197 157 205 157 211 160 205 164 197 164 155 225 161 221 169 218 174 220 180 218 187 221 195 225 187 232 180 235 174 236 168 235 161 232 159 225 169 225 174 225 180 224 191 225 180 226 174 227 169 227
118 173 120 190 122 206 128 222 137 236 149 249 161 260 175 263 190 260 202 250 213 238 223 224 228 208 231 191 234 174 236 157 126 147 134 140 145 139 156 141 166 145 185 143 195 140 206 138 217 139 225 145 175 159 175 169 175 179 175 190 164 200 169 202 174 203 180 202 186 200 139 161 146 158 154 158 160 162 153 165 145 165 191 162 197 157 205 157 212 160 206 164 198 164 155 225 161 220 169 217 174 219 180 217 188 220 196 225 189 233 181 237 174 238 169 237 161 233 159 225 169 223 174 224 180 223 192 225 180 229 174 230 169 229
118 174 120 191 123 207 129 223 138 237 149 249 162 260 176 263 190 260 202 249 214 237 224 223 229 208 232 191 234 174 236 157 127 147 134 140 145 139 155 141 166 144 185 143 195 140 206 138 217 139 225 145 175 158 175 169 175 179 175 190 164 199 169 201 175 203 181 201 186 200 139 161 146 157 154 157 161 162 154 165 146 165 191 162 197 157 205 157 212 160 206 164 198 164 155 224 161 219 169 216 175 218 181 216 189 220 197 224 189 233 181 238 175 239 168 238 161 233 159 224 169 222 175 223 181 222 193 225 181 229 175 230 169 229
119 174 120 191 123 208 129 224 138 237 150 249 162 260 176 263 190 259 203 249 214 237 224 224 230 208 233 191 234 174 236 157 127 147 134 140 145 139 156 141 166 144 185 143 196 140 207 138 218 139 226 146 175 159 175 169 175 179 175 189 164 199 170 201 175 203 181 201 187 200 139 161 146 157 154 157 161 162 154 165 146 165 191 162 197 157 205 157 212 160 206 164 198 164 154 223 161 218 169 215 175 217 181 216 189 219 198 223 189 232 181 237 175 238 168 237 161 232 158 223 169 221 175 222 181 221 193 223 181 228 175 229 169 229
119 175 121 191 124 208 129 223 138 237 150 249 162 260 176 263 190 260 203 250 214 238 224 224 230 209 232 192 234 175 236 158 127 147 135 140 145 139 156 141 166 144 185 143 196 140 207 138 218 139 226 146 176 159 176 169 175 179 175 190 164 199 170 201 175 203 181 201 187 200 139 161 146 157 155 157 161 162 154 165 146 165 191 162 197 157 206 156 212 160 206 164 198 164 154 222 161 217 169 215 175 217 181 215 189 218 198 223 189 231 181 236 174 237 168 236 160 231 158 223 169 220 175 221 181 220 193 223 181 228 174 229 168 228
119 174 121 190 123 206 128 222 137 236 149 248 161 259 176 262 190 259 203 249 214 238 224 224 230 208 232 192 234 175 236 158 127 147 134 140 145 139 156 141 166 144 185 144 196 140 207 138 218 140 226 146 176 159 176 169 176 179 176 190 164 199 170 201 175 203 181 201 187 200 140 161 146 157 154 157 161 162 154 165 146 165 191 162 197 157 205 157 212 160 206 164 198 164 154 222 161 217 169 215 174 217 180 215 189 218 198 222 189 230 181 235 174 236 168 235 161 230 158 222 169 220 174 220 180 220 193 222 180 227 174 228 168 227
119 174 121 190 123 207 129 222 138 236 149 248 161 259 176 262 190 259 203 249 214 237 224 224 229 208 232 192 234 175 236 158 127 147 135 140 145 139 156 141 167 144 185 143 196 140 207 138 218 139 226 146 176 158 176 169 176 179 176 190 164 199 170 201 175 202 181 201 187 200 140 161 147 157 155 157 161 162 154 164 146 164 191 162 198 157 206 157 212 160 206 164 198 164 154 222 161 217 169 215 175 217 181 215 189 218 197 222 189 231 181 235 174 236 168 235 161 230 158 222 169 220 174 221 180 220 193 223 180 227 174 228 169 227
119 175 121 191 123 207 129 223 138 236 149 248 161 259 175 262 190 260 203 250 214 238 224 225 229 209 232 193 234 176 236 159 127 146 135 140 146 139 156 140 167 144 186 143 196 140 207 138 218 139 226 146 176 158 176 169 176 179 176 189 164 199 170 201 175 202 181 201 187 199 140 161 147 157 155 157 161 162 154 165 146 165 191 162 198 157 206 156 213 160 207 164 199 164 154 223 161 218 169 215 175 217 181 215 189 218 197 223 189 232 181 237 174 237 168 237 160 232 158 223 169 220 175 221 181 220 192 224 181 228 174 229 168 228
119 176 121 193 123 209 129 225 139 238 150 250 162 261 176 264 190 261 202 251 213 239 223 226 230 210 232 193 234 176 236 159 127 146 135 140 145 139 156 140 167 144 185 143 196 139 207 138 218 139 226 146 176 158 176 168 176 178 176 189 165 199 170 201 175 202 181 201 187 199 140 161 147 157 155 157 161 162 154 164 146 164 191 162 198 156 206 156 213 160 207 164 199 164 155 224 161 218 169 215 174 217 181 215 189 219 196 224 189 234 181 239 174 239 168 239 160 234 159 224 169 220 174 221 181 220 192 225 180 230 174 231 168 230
119 175 121 192 123 209 129 224 138 238 149 250 161 261 175 264 189 262 201 252 213 240 222 226 228 210 231 193 234 176 236 159 127 146 135 140 146 139 156 141 167 144 186 143 196 140 207 138 218 139 226 145 176 158 176 169 176 179 175 189 164 199 170 201 175 202 181 201 187 199 140 161 147 157 155 157 161 162 154 164 146 164 191 162 198 157 206 157 212 160 206 164 198 164 155 224 161 218 169 215 175 217 181 215 189 219 196 225 189 234 181 238 174 239 168 238 160 234 158 224 169 221 174 221 180 221 192 225 180 229 174 230 168 229
118 176 121 193 123 209 129 225 138 238 149 250 161 260 176 263 190 260 202 251 214 239 223 225 229 210 232 193 234 176 236 159 127 146 134 140 145 138 156 140 166 144 185 143 196 139 207 138 217 139 225 145 176 158 176 169 176 179 176 189 164 199 170 201 175 202 181 201 186 199 140 161 146 157 154 157 161 162 154 164 146 164 191 162 198 157 205 156 212 160 206 164 198 164 154 224 160 218 168 215 174 217 180 215 189 219 196 224 189 233 181 238 174 239 168 238 160 233 158 224 168 221 174 221 180 221 192 224 180 230 174 231 168 230
118 174 121 190 123 207 128 223 137 237 148 249 161 260 175 263 190 260 203 250 214 238 224 224 229 208 231 191 234 174 236 157 127 147 134 140 145 139 156 141 166 144 185 143 196 140 207 138 217 139 225 146 175 159 175 169 175 179 175 190 164 199 169 201 175 203 181 201 186 199 140 161 146 157 154 157 161 162 154 165 146 165 191 162 197 157 205 157 212 160 206 164 198 164 153 223 160 218 168 215 174 217 181 215 189 219 197 223 189 232 181 236 174 237 167 237 160 232 157 223 168 221 174 222 181 221 192 224 180 228 174 229 168 229
118 173 120 190 123 207 128 223 137 237 149 249 161 259 175 262 190 259 202 249 214 238 224 224 230 208 232 191 234 174 236 157 127 147 134 140 145 139 156 141 166 145 185 144 196 140 207 138 217 140 225 146 175 159 175 169 175 179 175 190 164 200 169 201 175 203 181 201 186 200 140 161 146 158 154 158 161 163 154 165 146 165 191 162 197 157 205 157 212 160 206 164 198 164 153 223 160 218 168 215 174 218 180 216 188 219 196 223 188 231 180 235 174 236 167 235 160 231 157 223 168 221 174 222 180 221 192 224 180 228 174 228 168 228
119 175 121 191 124 208 129 223 138 237 149 249 161 259 175 262 190 259 202 249 214 238 224 225 230 209 232 192 234 175 236 158 127 147 135 140 145 139 156 141 166 145 185 144 196 140 207 139 217 140 225 146 175 159 175 169 175 179 175 190 164 199 170 201 175 203 181 202 186 200 139 161 146 158 154 158 161 163 154 165 146 165 191 162 197 157 205 157 212 160 206 164 198 164 154 223 161 218 168 215 174 217 181 216 188 219 196 223 188 231 180 235 174 236 168 235 160 232 157 223 168 221 174 222 180 221 192 223 180 228 174 229 168 228
118 174 120 191 122 207 127 223 137 237 148 249 161 259 175 262 189 260 202 250 214 238 224 224 230 209 232 192 234 174 236 157 126 147 134 140 145 139 156 141 166 144 185 144 196 140 207 138 217 140 225 146 175 159 175 169 175 179 175 190 164 199 169 201 175 202 181 201 186 200 139 161 146 157 154 157 160 162 154 165 146 165 191 162 197 157 205 157 212 160 206 164 198 164 154 223 161 218 168 215 174 217 180 216 188 219 196 224 188 232 180 236 174 237 167 236 160 232 157 224 168 221 174 222 180 221 192 224 180 228 174 229 168 228
118 175 120 192 123 208 128 224 138 238 149 250 162 260 175 263 190 260 202 250 214 238 223 225 229 209 231 192 234 175 236 158 127 146 135 140 145 139 156 141 166 144 185 143 195 140 206 138 217 140 225 145 175 159 175 169 175 179 175 190 164 199 169 201 175 203 181 201 186 199 139 161 146 157 154 157 160 163 153 165 145 165 191 162 197 157 205 157 212 160 206 164 198 164 154 224 160 218 168 215 174 217 180 216 188 219 196 224 188 233 181 237 174 238 168 237 160 233 157 224 168 221 174 221 180 221 192 224 180 229 174 230 168 229
118 175 121 192 123 208 129 224 138 238 149 250 161 260 175 263 190 260 202 251 214 239 224 226 229 210 232 193 234 175 236 158 127 146 135 140 145 139 156 141 166 144 185 143 195 140 206 138 217 139 225 145 175 159 175 169 175 179 175 190 164 199 169 201 175 203 181 201 186 200 139 161 146 157 154 157 160 163 153 165 145 165 191 162 197 157 205 156 212 160 206 164 198 164 154 224 161 219 168 215 174 217 180 216 188 219 196 224 188 233 181 237 174 238 167 237 160 233 158 224 168 221 174 222 180 221 192 224 180 229 174 230 168 229
118 173 120 190 123 206 128 222 137 236 149 248 161 259 175 262 190 259 203 249 214 237 224 223 230 207 232 190 234 173 236 157 126 147 134 140 145 139 156 141 167 145 185 144 195 140 206 138 217 139 225 145 175 159 175 169 175 179 175 189 164 199 169 201 175 203 181 201 186 199 139 161 146 157 154 157 161 162 154 165 145 165 191 162 197 157 205 156 212 160 206 164 198 164 154 223 161 218 169 215 174 217 180 216 188 219 196 223 188 231 180 234 174 235 168 235 160 231 158 223 169 221 174 221 180 221 191 223 180 226 174 227 168 227
118 173 120 189 123 206 128 222 137 236 148 248 160 259 174 262 189 259 202 249 214 238 223 224 229 208 231 191 234 174 236 157 127 147 134 140 145 139 156 141 167 145 185 144 195 140 207 138 218 140 226 146 175 158 175 169 175 179 175 190 164 199 169 201 175 203 180 201 186 200 140 161 146 157 154 157 161 162 153 165 145 164 191 162 197 157 205 156 212 160 206 164 198 164 154 223 161 218 168 216 174 218 180 216 188 219 196 223 187 229 180 232 174 233 168 232 161 229 158 223 168 222 174 223 180 222 191 223 180 224 174 225 168 224
118 173 120 190 122 207 128 222 137 236 149 248 161 259 175 262 189 259 202 249 213 237 223 224 229 208 231 192 233 175 236 158 126 147 134 140 145 139 156 141 167 145 185 144 195 140 206 138 217 139 225 146 175 159 175 169 175 179 175 190 164 200 169 201 175 203 181 202 186 200 140 161 146 157 154 157 160 162 153 165 145 165 191 162 197 157 205 157 212 160 206 164 198 164 154 223 161 219 169 216 174 218 180 216 188 219 196 223 188 230 181 233 174 234 168 233 161 230 158 223 169 222 174 223 180 222 191 224 180 225 174 226 169 225
118 174 120 191 123 208 129 223 138 237 149 249 161 260 175 263 189 261 201 251 213 239 223 225 228 210 231 192 234 175 236 158 127 147 135 140 145 139 156 141 166 145 185 143 195 140 206 138 217 140 225 145 176 159 176 169 176 179 175 190 164 200 169 202 175 203 181 202 186 200 140 161 146 157 154 157 161 162 154 165 146 165 191 162 197 157 205 157 212 160 206 164 198 164 155 225 161 219 169 216 174 218 180 216 188 220 196 225 188 233 181 237 174 238 168 237 161 233 159 224 169 222 174 223 180 222 191 225 180 228 174 229 169 228
118 176 120 193 122 209 128 224 138 238 150 250 162 260 175 263 189 260 201 250 213 239 222 225 228 210 231 193 233 176 235 159 127 146 135 140 145 139 156 141 166 144 185 143 195 140 206 138 217 139 225 145 175 159 175 169 175 179 175 190 164 200 169 202 175 203 181 202 186 200 139 161 146 158 154 158 160 163 153 165 145 165 191 162 197 157 205 157 212 160 206 164 198 164 155 225 161 219 169 216 174 218 180 217 188 220 195 225 188 233 181 238 175 239 168 238 161 233 159 225 169 223 174 223 180 223 191 225 180 229 175 229 169 229
118 174 121 190 123 207 129 222 138 237 149 249 162 260 175 263 189 260 201 250 213 238 222 224 228 209 231 192 233 175 235 158 127 147 135 140 145 139 156 141 166 145 185 144 195 140 206 139 217 140 225 146 175 159 175 169 175 180 175 190 164 200 169 202 175 204 181 202 186 200 140 161 146 158 154 158 161 163 154 165 146 165 191 162 197 157 205 157 212 160 206 164 198 165 156 225 162 220 169 217 174 219 180 217 187 220 195 225 188 233 180 237 174 238 169 237 162 233 160 225 169 223 174 224 180 223 190 225 180 228 174 229 169 228
118 174 121 190 123 207 129 223 138 237 149 249 161 260 175 263 189 260 201 250 213 238 222 224 227 209 230 192 233 175 236 158 127 147 135 140 145 139 156 141 167 145 185 144 195 140 207 139 217 140 225 146 175 159 175 169 175 179 175 190 164 200 169 202 175 204 181 202 186 200 140 161 146 157 154 158 161 163 154 165 146 165 191 162 197 157 205 157 212 160 206 164 198 165 156 225 162 221 169 218 174 220 179 218 187 221 194 225 187 233 180 236 174 237 169 236 162 232 160 225 169 224 174 225 179 224 190 225 180 227 174 228 169 227
118 173 120 190 123 207 129 222 138 236 149 249 161 260 175 263 189 260 201 250 213 238 222 224 228 209 231 192 233 174 236 157 127 147 135 140 146 139 156 141 167 145 185 144 195 140 207 138 217 140 225 146 175 159 175 169 175 179 175 190 164 200 169 202 175 204 180 202 186 200 140 161 146 158 154 158 161 163 154 165 146 165 191 162 197 157 205 157 212 160 206 165 198 165 156 225 162 221 169 218 174 220 179 219 186 222 194 226 186 233 179 236 174 236 169 235 162 232 160 225 169 225 174 226 179 225 189 226 179 227 174 228 169 227
118 173 121 190 123 207 129 222 138 236 148 248 161 259 174 263 188 260 201 250 213 239 222 225 228 209 230 192 233 175 235 157 126 147 134 141 145 139 156 141 167 145 185 144 195 140 206 139 217 140 225 146 175 159 175 169 175 180 175 190 164 200 169 202 174 204 180 203 186 201 139 161 146 158 154 158 161 163 154 165 146 165 191 162 197 157 205 157 212 160 206 165 198 165 156 224 162 221 169 219 174 221 179 219 186 222 193 226 186 232 179 235 173 236 168 235 162 231 159 225 169 225 174 226 179 225 189 226 179 226 174 227 169 226
118 173 120 189 123 206 128 221 137 235 148 248 160 259 174 263 188 260 201 251 212 239 222 226 228 210 230 193 233 175 235 158 127 147 135 141 145 139 156 141 166 145 185 144 195 140 206 138 217 140 225 146 175 159 175 169 175 179 175 190 164 200 169 202 175 204 180 202 186 201 140 161 146 158 154 158 161 163 154 165 146 165 191 162 197 157 205 157 212 160 206 165 198 165 155 224 162 221 169 219 174 221 179 219 186 222 194 226 186 233 179 235 173 236 168 235 161 231 159 225 169 225 173 226 179 225 190 226 178 227 173 228 168 226
118 173 120 190 122 207 128 222 137 236 148 249 161 260 174 263 188 260 201 251 212 239 222 225 228 209 231 192 233 175 235 158 127 147 134 141 145 139 156 141 166 145 185 144 195 140 206 139 217 140 225 146 175 159 175 169 175 180 175 190 164 200 169 202 174 204 180 203 185 201 139 161 146 158 154 158 160 163 153 165 145 165 190 162 197 157 205 157 212 160 206 165 198 165 154 224 161 221 168 218 173 220 179 219 186 222 194 226 186 233 179 236 173 237 167 236 161 232 158 225 168 225 173 226 179 225 190 226 178 228 173 228 168 227
118 174 120 190 123 207 129 222 138 236 149 249 161 260 174 263 189 261 201 251 213 239 222 225 228 209 231 192 233 175 235 158 126 146 134 140 145 139 156 141 166 145 184 144 195 140 206 139 217 140 225 146 175 159 175 170 175 180 174 190 164 200 169 202 174 204 180 202 185 201 139 161 146 158 154 158 160 163 153 165 145 165 191 163 197 157 205 157 212 160 206 165 198 165 154 224 160 220 168 217 173 219 179 217 187 221 195 226 187 234 179 238 173 238 167 237 160 233 158 224 168 223 173 224 179 224 191 226 179 229 173 230 168 229
118 174 120 190 123 207 129 223 138 237 149 250 161 261 175 264 189 261 201 250 213 238 223 224 229 209 231 191 233 174 235 157 126 147 134 141 145 139 156 141 166 145 184 144 195 140 206 139 217 140 225 146 175 159 175 170 175 180 175 190 163 200 169 202 174 204 180 203 186 201 139 161 146 158 154 158 160 163 153 165 145 165 190 163 197 157 205 157 212 161 206 165 198 165 154 224 160 219 168 216 173 219 179 217 188 220 195 225 188 234 179 239 173 240 167 238 159 233 158 224 168 223 173 223 179 223 191 226 179 230 173 231 167 230
118 173 120 189 122 206 127 222 136 236 148 249 160 260 174 263 189 260 201 250 213 238 223 224 228 208 230 191 233 174 236 157 126 147 134 141 145 139 156 142 166 145 184 144 195 140 206 139 217 140 225 146 175 159 175 170 175 180 175 191 163 200 168 202 174 204 180 203 186 201 139 161 145 158 153 158 160 163 153 165 145 165 190 163 197 157 205 157 212 160 206 165 197 165 153 223 159 219 167 216 173 219 179 217 188 220 196 224 187 234 179 238 173 239 166 238 159 233 156 224 167 222 173 223 179 222 192 225 179 230 173 231 167 230
118 174 120 191 122 207 128 223 137 237 148 249 160 260 174 263 189 260 202 250 213 238 223 224 228 209 231 192 233 175 235 158 126 147 134 141 145 140 156 142 166 146 184 145 195 141 206 139 217 140 225 146 175 160 175 170 175 180 175 191 163 200 169 202 174 204 180 202 186 201 139 161 145 158 154 158 160 163 153 165 145 165 190 163 197 157 205 157 212 160 206 165 198 165 152 223 159 219 167 216 173 219 179 217 188 220 196 224 187 233 179 237 173 238 166 237 159 232 156 223 167 222 173 223 179 222 192 225 179 230 173 230 167 230
118 175 120 191 123 208 128 224 137 238 148 250 161 260 174 263 189 260 202 250 213 239 223 225 228 209 231 192 233 175 235 158 126 148 134 141 145 140 155 142 166 146 184 145 195 141 206 140 217 141 225 147 175 160 175 170 175 181 175 191 164 200 169 203 174 204 180 203 186 201 139 162 145 158 153 158 160 164 153 166 145 166 190 163 197 158 205 158 211 161 205 165 197 165 152 223 159 219 167 217 173 219 180 217 188 220 196 224 187 233 179 237 173 238 166 237 159 232 156 223 167 222 173 223 180 222 192 225 179 229 173 230 167 229
118 175 120 192 123 208 128 224 137 237 148 250 160 260 174 263 188 260 201 251 213 240 223 226 228 210 231 193 233 175 236 158 126 148 134 141 145 140 156 142 166 146 184 145 195 141 206 140 217 141 225 147 175 160 175 170 175 181 175 192 164 201 169 203 174 204 180 203 186 201 139 162 145 158 154 158 160 164 153 166 145 166 190 163 197 158 205 158 212 161 206 165 198 166 152 223 160 219 168 217 173 219 180 217 188 220 196 224 187 232 179 236 173 237 167 237 159 232 156 224 167 222 173 223 179 222 192 224 179 229 173 230 167 229
118 175 120 191 122 207 127 223 136 237 147 249 160 260 174 263 188 260 202 250 214 239 223 225 229 209 231 192 233 175 236 158 126 148 134 142 145 141 155 143 166 146 184 146 195 142 206 140 217 141 225 147 175 160 175 171 175 181 175 192 164 201 169 203 174 205 180 203 186 201 139 162 146 159 154 159 160 164 153 166 145 166 190 164 197 158 205 158 211 161 205 166 197 166 152 224 160 220 167 217 173 219 179 217 187 220 195 224 187 232 179 237 173 237 166 237 159 233 156 224 167 222 173 223 179 222 192 225 179 229 173 230 167 229
118 174 120 190 123 206 127 222 136 236 147 249 160 260 174 263 188 260 201 250 214 239 223 225 229 209 231 192 233 175 235 158 126 148 134 142 145 141 156 143 166 147 185 146 195 142 206 140 217 141 225 147 175 160 175 171 175 181 175 192 164 201 169 203 174 204 180 203 186 202 139 162 146 158 154 159 160 164 153 166 145 166 190 163 197 158 205 158 211 161 205 166 197 166 152 223 160 220 168 217 173 219 179 218 187 221 196 224 187 232 179 236 173 236 166 235 159 232 156 224 167 222 173 223 179 223 192 224 179 228 173 229 167 228
118 176 121 192 124 209 129 224 137 238 148 250 160 260 175 263 189 260 202 250 214 239 223 225 228 209 230 192 233 175 235 158 126 148 134 142 145 141 156 143 166 146 185 145 195 141 206 140 217 141 225 147 175 160 175 171 175 181 175 192 164 201 169 203 175 204 181 203 186 201 139 162 146 159 154 159 160 164 153 166 145 166 191 164 197 158 205 158 212 161 206 166 198 166 153 223 160 219 168 217 174 219 180 217 188 220 196 224 188 231 180 235 173 236 167 235 160 231 156 224 168 222 174 223 180 222 192 224 180 227 174 229 168 228
118 175 121 192 123 208 128 224 137 238 148 250 161 260 174 263 189 260 202 250 214 239 224 225 229 209 231 192 233 175 236 158 126 148 135 142 145 141 156 143 166 146 185 146 195 142 206 140 217 141 225 147 175 160 175 171 175 181 175 192 164 201 169 203 175 205 181 203 186 201 139 162 146 159 154 159 160 164 153 166 145 166 191 163 197 158 205 158 212 161 206 165 198 166 153 224 160 220 168 217 174 219 180 217 188 220 196 224 188 231 180 235 174 236 167 235 160 232 157 224 168 222 174 223 180 222 192 224 180 227 174 229 168 228
118 175 121 192 124 208 129 224 137 237 148 249 161 259 175 262 189 260 202 250 214 239 224 225 229 210 231 193 233 176 236 159 126 148 134 141 145 140 156 142 166 146 185 145 196 141 207 140 217 141 225 147 175 160 175 171 175 181 175 192 164 201 169 203 175 205 181 203 186 201 138 162 145 158 154 159 160 164 153 166 145 166 190 163 197 158 205 158 212 161 206 165 198 166 153 224 160 219 168 217 174 219 180 217 188 220 196 224 188 231 180 235 173 236 167 235 160 232 157 224 168 222 174 223 180 223 192 224 180 227 173 229 168 228
118 175 120 191 123 208 128 223 137 237 148 249 161 259 175 262 189 259 202 249 214 238 223 225 228 209 230 192 233 175 235 158 126 148 134 141 145 140 155 142 166 146 185 145 196 141 207 140 217 141 225 147 175 160 175 171 175 181 175 192 164 201 169 203 175 204 180 203 186 201 139 162 145 159 154 159 160 164 153 166 145 166 191 163 197 158 205 158 212 161 206 165 198 166 153 224 161 220 168 217 174 219 180 218 188 220 196 224 188 231 180 235 174 236 168 235 160 231 157 224 168 223 174 224 180 223 192 224 180 227 174 228 168 227
118 174 121 191 123 207 128 223 137 237 148 249 161 259 175 262 189 259 202 250 214 238 224 224 229 208 231 191 234 174 236 157 126 147 135 141 145 140 156 143 166 146 184 145 195 142 206 140 217 141 225 147 175 160 175 171 175 181 175 192 164 201 169 203 174 205 180 203 186 201 139 162 146 159 154 159 160 164 153 166 145 166 190 163 197 158 205 158 212 161 206 166 198 166 154 224 161 220 168 217 174 220 180 218 188 221 196 224 188 231 180 235 174 236 168 235 160 231 157 224 168 223 174 224 180 223 192 225 180 227 174 228 168 227
118 175 120 191 123 207 128 223 137 237 148 249 161 260 175 262 189 260 202 250 214 239 224 225 229 209 231 192 234 175 236 158 126 148 134 142 145 140 156 143 166 146 184 145 195 142 206 140 217 141 225 147 175 160 175 171 175 181 175 192 164 201 169 203 175 205 181 203 186 202 139 162 146 158 154 159 160 164 153 166 145 166 191 163 197 158 205 158 212 161 206 166 198 166 154 224 161 220 168 217 174 220 180 218 187 221 195 225 187 231 180 235 174 235 168 235 160 231 157 224 168 224 174 224 180 224 191 225 180 226 174 227 168 227
118 174 120 190 122 207 127 223 136 236 147 248 160 259 174 262 189 259 202 250 214 238 223 224 228 208 231 191 234 174 236 158 126 148 134 142 144 140 155 142 166 146 185 145 196 142 207 140 217 141 225 147 175 160 175 171 175 181 175 192 164 201 169 203 174 205 180 203 186 201 139 162 145 158 154 159 160 164 153 166 145 166 190 163 197 158 205 158 212 161 206 166 198 166 154 224 161 220 169 218 174 220 180 218 187 221 196 224 187 231 180 234 174 234 168 234 161 230 158 224 168 224 174 225 180 224 192 225 180 226 174 227 168 226
118 174 120 191 123 207 128 223 137 236 148 248 160 259 174 262 188 259 201 249 213 238 222 224 228 209 230 192 233 175 236 158 126 148 134 141 145 140 155 143 166 146 185 145 195 142 206 140 217 141 225 147 175 160 175 170 175 181 175 192 164 201 169 203 175 205 180 203 186 201 139 162 146 158 154 159 160 164 153 166 145 166 190 163 197 158 205 158 212 161 206 166 198 166 154 224 161 221 169 218 174 220 180 218 187 221 196 224 187 230 180 234 174 234 168 234 161 230 158 224 169 224 174 225 180 224 192 225 180 225 174 226 169 225
