127 168 129 184 131 200 137 215 146 229 157 241 170 251 184 253 198 251 211 241 222 230 232 216 236 201 239 185 241 169 243 153 138 141 146 135 156 134 167 136 178 139 196 139 206 135 217 134 227 135 234 141 187 153 187 164 187 174 187 185 175 194 180 196 186 198 192 196 197 194 150 155 157 152 165 152 171 157 164 159 156 159 201 157 208 152 215 152 222 155 216 159 208 159 164 216 171 213 179 210 185 213 191 211 198 213 206 217 198 223 191 225 185 226 179 225 171 222 168 217 179 217 185 218 191 217 202 217 191 217 185 218 179 217
127 169 129 185 131 201 137 217 146 230 158 241 170 251 184 254 198 251 211 242 222 231 232 217 237 202 239 186 241 169 243 154 138 141 146 135 157 134 167 136 178 139 197 139 207 135 217 134 227 135 234 141 187 154 187 164 187 174 187 185 175 194 181 196 186 198 192 196 197 195 150 155 157 152 165 152 171 157 164 159 157 159 201 157 208 152 216 152 222 155 216 159 208 159 165 217 172 213 179 211 185 213 191 211 198 214 206 217 198 223 191 226 185 226 179 226 172 223 168 217 179 217 185 218 191 217 202 218 191 218 185 218 179 218
127 168 128 185 131 201 137 216 146 229 158 241 170 251 184 254 198 251 211 242 222 231 232 217 237 202 240 186 241 170 243 154 138 141 146 135 157 134 167 136 178 140 196 139 206 135 217 134 227 135 234 141 187 154 187 164 187 174 186 185 175 194 180 196 186 198 191 196 197 195 150 156 157 152 165 152 171 158 164 160 156 160 201 157 208 152 216 152 222 155 216 159 209 160 164 217 172 213 179 211 185 213 190 211 198 214 205 217 198 223 191 226 185 226 179 226 171 223 168 217 179 217 185 218 190 217 202 218 190 218 185 218 179 218
127 169 128 185 131 201 137 217 146 230 158 241 171 251 184 254 198 251 211 242 222 231 231 218 237 202 239 186 241 170 243 154 137 141 146 136 156 134 167 136 177 140 196 139 206 135 217 134 227 135 235 141 187 154 187 164 187 175 187 186 175 194 181 196 186 198 192 196 197 195 150 155 157 152 165 152 171 157 164 160 156 159 201 157 208 152 215 152 222 155 216 159 208 160 164 217 172 213 179 211 185 213 191 211 198 214 206 217 198 223 191 225 185 226 179 225 172 223 168 217 179 217 185 218 191 217 202 218 191 218 185 219 179 218
127 169 129 185 132 202 137 217 147 230 159 242 171 252 184 254 198 252 211 242 222 231 232 218 237 202 240 186 242 169 243 154 137 141 146 135 156 134 167 136 178 140 196 139 206 135 217 134 227 135 234 141 186 154 186 164 187 175 187 185 175 194 180 196 186 198 192 196 197 195 150 156 157 152 165 152 171 157 164 160 156 160 201 157 208 152 215 152 222 155 216 159 208 159 164 217 172 213 179 211 185 213 191 211 198 214 205 218 198 223 191 226 185 227 179 226 172 223 168 217 179 217 185 218 191 217 201 218 190 218 185 219 179 218
127 169 129 185 132 201 137 217 147 230 158 242 171 252 185 255 199 252 211 242 223 231 232 217 237 202 239 185 242 169 243 154 137 141 146 136 156 134 167 136 177 140 196 139 206 135 217 134 227 135 234 141 186 154 186 164 186 174 186 185 175 194 180 196 186 198 191 196 197 195 150 155 157 152 165 152 171 157 164 159 156 159 201 157 208 152 215 152 222 155 216 159 208 159 165 218 172 214 179 211 185 213 191 211 198 214 205 218 198 224 191 226 185 227 179 226 172 223 169 218 179 217 185 218 191 217 201 218 191 218 185 219 179 218
127 169 129 186 132 202 137 218 147 232 159 244 171 254 185 256 199 254 211 244 222 232 231 218 237 203 239 186 242 170 243 154 138 140 146 135 156 134 167 136 177 139 196 139 206 135 216 134 227 135 234 141 186 153 186 164 187 174 187 185 175 194 180 196 186 198 192 197 197 195 150 155 157 152 165 152 171 157 164 160 156 159 201 157 207 152 215 152 222 155 216 159 208 159 165 219 172 214 179 211 185 213 191 211 198 214 205 219 198 225 191 228 185 229 179 228 172 225 169 219 179 218 185 218 191 218 201 219 191 219 185 220 179 219
126 169 129 186 132 203 138 219 148 232 159 245 172 255 185 257 199 255 211 244 222 233 231 219 237 203 240 186 242 169 243 153 137 141 146 135 156 134 167 136 177 139 196 139 206 135 216 134 226 135 234 141 186 154 186 164 187 174 187 185 175 194 180 196 186 198 192 196 197 195 150 156 157 152 165 152 171 157 164 160 156 160 201 157 207 152 215 152 222 155 216 159 208 159 166 219 172 214 180 210 185 213 191 211 198 214 205 219 198 228 191 232 185 233 179 232 172 228 170 220 180 217 185 218 191 217 201 220 191 223 185 224 180 223
127 170 129 187 132 203 138 219 148 233 159 246 172 256 185 259 199 256 210 245 221 233 230 219 236 203 239 187 241 170 243 154 138 141 146 135 156 134 167 136 177 139 197 139 207 135 217 134 227 135 234 141 187 154 187 164 187 174 187 185 175 194 181 196 186 198 192 196 197 195 151 155 157 152 165 152 171 157 164 159 156 159 201 157 207 152 215 152 222 155 216 159 208 159 166 219 172 213 180 210 186 212 191 210 199 214 205 220 199 228 192 233 185 234 179 233 171 229 169 220 180 217 186 217 191 217 201 220 191 224 185 225 179 224
127 170 129 187 132 203 138 219 147 233 159 246 171 256 185 259 198 256 210 246 221 234 230 220 236 204 239 188 241 171 243 155 138 141 146 135 156 134 167 135 177 138 197 138 207 134 218 133 228 134 235 141 187 153 187 164 187 174 187 185 175 194 180 196 186 197 192 196 197 194 151 155 157 152 165 152 171 157 164 159 156 159 201 157 208 152 216 152 222 155 216 159 208 159 166 220 171 213 179 210 185 212 191 210 199 213 205 220 199 230 191 234 185 235 178 234 171 230 169 220 179 217 185 217 191 217 201 220 191 225 185 226 179 225
127 171 129 187 132 204 138 219 148 233 159 246 171 257 185 260 198 257 210 247 221 234 230 220 236 205 239 188 242 171 243 155 138 140 146 135 157 133 167 135 178 139 196 138 206 134 217 133 227 134 235 141 187 153 187 163 186 173 186 184 175 193 180 195 186 197 192 196 197 194 150 155 157 152 165 152 171 157 164 159 156 159 201 157 208 152 216 151 222 155 216 159 208 159 166 220 172 213 180 210 185 212 191 210 198 213 204 220 199 229 191 234 185 235 179 234 171 229 170 220 180 216 185 217 191 216 201 220 191 225 185 226 179 225
127 170 129 187 132 203 138 219 148 233 159 246 171 256 185 260 198 257 209 246 220 234 229 220 235 205 239 188 241 171 243 154 138 140 146 134 157 133 167 135 178 138 196 138 206 134 217 133 227 134 234 140 187 152 187 163 187 173 187 184 176 193 181 195 186 197 192 195 197 193 150 155 157 151 165 151 171 156 164 158 156 158 202 156 208 151 216 151 222 154 217 158 209 158 166 219 172 213 180 209 186 211 192 209 199 213 204 220 199 230 192 235 185 235 179 235 171 230 170 220 180 216 186 216 191 216 201 220 191 225 186 226 180 225
126 170 129 187 132 204 139 219 148 233 159 246 171 256 184 260 198 257 209 247 220 234 230 221 236 205 239 188 242 171 243 154 138 140 146 134 157 133 168 134 178 138 196 137 206 134 217 132 227 134 234 140 187 152 187 162 187 172 187 183 176 193 181 195 186 196 192 195 197 193 150 154 157 151 165 151 171 156 164 158 156 158 201 156 208 151 216 151 222 154 216 158 208 158 166 219 172 213 180 209 186 211 191 209 199 213 204 220 199 230 191 235 185 235 179 235 171 230 169 220 180 215 186 216 191 216 201 220 191 225 185 226 180 225
127 170 129 187 132 203 138 219 148 233 159 246 172 256 185 260 198 257 210 246 221 234 230 220 236 204 239 188 242 171 244 155 138 140 146 134 157 133 167 134 178 137 197 137 207 133 217 132 227 133 235 140 187 152 187 162 187 172 187 182 176 193 181 195 186 196 192 195 197 193 150 154 157 151 165 151 171 156 164 158 156 158 202 156 208 150 216 150 222 154 217 158 209 158 166 219 172 212 180 209 186 211 191 209 199 213 204 219 199 230 192 234 186 235 179 235 171 230 170 219 180 216 186 216 191 216 201 220 191 225 186 226 180 225
127 170 130 186 133 203 139 219 148 233 159 246 171 257 185 260 198 257 210 246 221 233 230 219 236 204 239 187 241 170 243 154 138 139 146 134 157 132 167 134 178 137 197 137 207 133 218 132 228 133 235 139 187 152 187 162 187 172 187 183 176 192 181 194 186 196 192 194 197 193 151 154 157 151 165 151 172 156 164 158 157 158 202 155 208 151 216 151 222 154 216 158 209 158 167 219 172 213 180 210 186 212 191 210 198 214 204 219 198 229 191 233 185 234 179 233 172 229 170 219 180 217 186 217 191 217 200 220 191 223 185 224 180 224
127 169 130 185 133 202 138 218 147 232 158 244 171 255 184 258 198 256 210 245 221 233 230 219 236 204 239 187 241 170 243 154 138 140 146 134 157 132 168 134 178 137 197 137 207 133 218 132 228 133 235 140 187 152 187 162 187 172 187 183 176 193 181 195 186 196 192 195 197 193 151 154 157 150 165 150 172 156 165 158 157 158 202 156 208 150 216 150 222 154 217 158 209 158 167 218 173 214 180 211 185 213 190 212 197 215 203 219 197 226 190 229 185 230 180 229 173 226 171 219 180 218 185 218 190 218 199 219 190 221 185 222 180 221
127 168 130 184 132 200 138 216 147 230 158 243 170 254 184 257 197 255 209 245 220 233 230 219 236 203 238 186 241 170 243 153 138 140 146 134 157 132 168 134 178 137 197 137 207 133 218 132 228 134 236 141 187 151 187 161 187 171 187 182 176 192 181 195 186 196 192 195 197 193 151 154 157 150 165 150 172 155 165 157 157 158 202 155 208 150 216 150 222 154 216 158 208 158 167 218 173 215 181 212 185 214 190 213 196 216 203 219 196 225 189 228 185 228 180 228 173 224 170 218 180 218 185 219 189 219 200 219 189 220 185 220 180 219
128 167 130 183 132 199 138 215 147 229 158 242 170 253 183 256 196 254 208 245 219 233 229 219 235 203 238 186 241 170 243 153 138 140 146 134 156 132 167 134 178 137 197 137 207 133 218 132 229 133 236 141 187 151 187 161 187 172 187 182 176 193 181 195 186 196 192 195 197 193 151 154 157 150 165 150 172 155 165 158 157 158 202 155 208 150 216 150 222 154 217 158 209 158 167 218 174 215 180 213 185 215 189 213 196 216 203 219 195 225 189 228 184 228 179 227 173 224 170 218 180 218 185 219 189 218 199 219 189 220 185 220 180 219
128 167 129 183 132 200 138 216 147 229 158 242 170 253 183 256 197 254 209 244 220 232 230 218 236 203 239 186 242 169 243 153 138 140 146 133 156 132 167 134 178 137 196 137 207 133 218 132 228 133 235 141 187 151 187 162 187 172 187 183 176 193 181 195 186 196 192 195 197 193 151 154 158 150 165 150 172 155 165 157 157 157 202 155 208 151 216 150 222 154 216 158 208 158 167 218 173 215 180 213 185 215 189 213 196 216 203 219 196 226 189 228 184 229 180 228 173 225 170 218 180 218 185 219 189 219 199 219 189 220 185 221 180 220
128 167 129 183 132 200 138 216 147 230 158 242 170 253 184 256 198 254 210 244 221 232 231 218 237 203 240 186 242 169 244 153 138 140 146 133 157 132 168 134 178 137 197 136 207 133 218 132 228 133 235 140 187 151 187 161 187 171 187 182 176 193 181 195 186 196 192 195 197 193 151 154 158 150 165 150 172 155 165 157 157 158 202 155 208 150 216 150 222 154 216 158 208 158 166 218 173 214 180 212 185 214 190 212 197 215 203 219 196 226 190 229 184 229 179 229 172 225 170 218 180 218 185 219 189 218 200 219 189 220 185 221 180 220
128 167 130 183 133 200 138 216 147 230 159 243 171 254 184 257 197 254 209 244 220 232 230 218 235 202 239 185 242 169 244 152 138 139 146 133 157 132 168 134 178 137 196 137 207 133 217 132 228 133 235 139 187 152 187 162 187 172 187 183 175 192 181 194 186 196 192 195 197 193 151 154 157 150 165 150 172 155 164 158 157 158 201 155 208 150 216 150 222 153 216 158 208 158 166 218 172 213 180 210 185 212 190 210 198 213 204 219 198 227 191 231 185 232 179 232 171 227 170 218 180 216 185 217 190 216 200 219 190 222 185 223 179 223
127 168 129 184 132 201 138 217 147 231 158 243 170 254 184 257 197 254 209 244 220 232 229 218 235 202 238 186 241 169 244 153 137 140 145 134 156 132 167 134 178 137 196 137 207 133 217 132 228 133 235 140 187 152 187 162 187 172 187 182 175 192 180 194 186 196 191 194 197 192 151 153 157 150 165 150 171 155 164 157 156 157 201 155 208 150 215 150 222 153 216 157 208 157 165 217 171 212 179 209 185 211 191 209 198 213 204 218 198 227 191 232 184 232 178 232 170 227 169 218 179 215 185 216 191 215 200 218 190 222 185 223 179 222
127 168 129 184 132 201 137 217 146 230 158 243 170 254 184 257 198 254 210 244 222 232 231 218 236 202 239 186 242 169 244 152 137 139 146 133 156 132 167 134 178 137 196 136 206 133 217 132 227 133 235 139 187 151 187 161 187 171 187 182 175 192 180 194 186 195 191 194 197 192 150 154 157 150 165 150 171 155 164 158 156 158 201 155 208 150 215 150 222 153 216 157 208 158 164 216 171 211 179 208 185 210 191 208 198 212 205 217 198 226 191 230 184 230 178 230 170 226 168 217 179 215 185 216 191 215 201 218 190 219 185 220 179 219
127 168 129 184 132 200 137 216 146 229 157 242 170 253 184 255 198 253 211 243 222 231 231 218 236 202 238 185 241 169 243 152 137 139 146 134 156 133 167 134 178 137 196 136 206 133 217 132 227 133 234 139 186 151 186 161 186 171 186 182 175 191 180 193 186 195 191 194 197 192 150 153 157 150 165 150 171 155 164 157 156 157 201 155 207 150 215 150 222 153 216 157 208 157 163 215 170 210 179 208 185 210 190 208 198 211 206 216 198 224 191 228 184 229 178 228 170 224 167 216 178 215 185 215 190 215 201 216 190 218 184 219 178 218
128 169 130 185 133 201 138 217 147 230 158 242 170 251 185 254 199 251 211 242 223 230 232 217 236 201 239 185 241 169 243 152 137 139 145 133 156 132 167 134 177 137 196 136 206 133 217 131 227 133 234 139 186 151 186 161 186 171 186 182 175 191 180 193 186 195 192 194 197 192 150 153 157 150 165 150 171 155 164 157 156 157 201 155 207 150 215 150 222 153 216 157 208 157 163 214 171 210 179 207 185 209 191 207 198 210 206 215 198 223 190 227 184 228 178 227 170 223 167 215 179 212 185 213 190 213 202 215 190 219 184 220 178 220
127 168 130 184 132 200 138 216 147 229 158 240 171 250 185 253 199 250 212 240 224 229 233 215 238 200 240 183 242 167 243 151 137 140 145 133 156 132 167 134 178 137 195 136 206 133 217 131 227 132 234 139 186 151 186 161 186 171 186 182 175 191 180 193 186 194 191 193 197 191 150 153 156 150 164 150 171 155 164 157 156 157 201 154 207 150 215 149 222 153 216 157 208 157 164 214 172 210 179 207 185 209 191 207 198 210 205 214 198 221 191 224 185 225 179 224 171 221 168 214 179 212 185 213 191 212 201 215 190 216 185 217 179 216
127 168 129 183 132 199 137 215 146 228 158 239 171 249 185 252 199 249 211 240 223 229 232 216 237 201 239 184 241 168 243 152 137 139 145 133 156 132 167 133 177 137 196 136 206 133 217 131 227 132 235 139 186 151 186 161 186 171 186 181 175 191 180 193 186 194 191 193 196 191 150 153 156 150 164 149 171 155 163 157 155 157 201 155 207 150 215 149 222 153 216 157 208 157 164 213 171 210 179 207 185 209 191 207 198 210 206 214 198 219 191 222 185 222 178 222 171 219 167 213 179 213 185 214 191 213 202 214 191 214 185 215 179 214
127 168 129 183 132 199 137 215 146 228 158 239 170 249 185 252 199 249 211 240 223 229 232 215 237 200 239 184 241 168 243 152 136 139 144 133 155 132 166 133 177 137 196 136 206 132 217 131 227 132 235 139 186 150 186 161 186 171 186 181 175 191 180 193 186 194 191 193 197 191 149 153 156 150 164 149 170 155 163 157 155 157 201 154 207 149 215 149 222 152 216 156 208 157 163 213 171 209 179 207 185 209 191 207 198 210 206 214 198 219 191 221 185 222 179 221 171 218 167 213 179 212 185 213 191 213 202 214 190 213 185 214 179 213
127 167 129 183 132 199 137 215 146 228 157 240 170 249 185 252 199 249 211 240 223 229 232 215 237 200 239 184 242 168 244 152 137 139 145 133 155 131 166 133 177 137 196 136 206 132 217 131 227 132 235 139 186 151 186 161 186 171 186 181 175 191 180 193 185 194 191 193 196 191 149 153 156 149 164 149 170 155 163 157 155 157 201 155 207 149 215 149 221 153 216 157 208 157 164 214 171 210 179 207 185 209 190 207 197 210 205 214 197 219 191 222 185 223 179 222 171 219 167 214 179 213 185 214 190 213 201 214 190 214 185 215 179 214
127 169 129 185 132 201 137 217 147 230 158 242 170 252 184 254 198 252 211 242 222 230 231 217 236 201 239 185 241 168 243 152 137 139 145 133 155 132 166 133 177 136 195 136 205 132 216 131 226 132 234 138 186 151 186 161 186 171 186 182 175 191 180 193 185 195 191 193 196 191 149 153 156 149 164 149 170 155 163 157 155 157 201 154 207 149 215 149 221 153 216 157 208 157 164 215 171 210 179 207 185 209 190 208 197 211 205 216 197 222 190 225 184 226 179 226 171 222 168 216 179 214 185 215 190 214 200 216 190 217 185 218 179 217
126 169 129 186 132 202 138 218 147 232 158 244 170 255 184 257 198 255 210 244 221 232 231 218 236 202 239 186 241 169 243 153 137 139 145 133 156 131 166 133 177 136 196 136 206 132 217 131 227 132 234 139 186 151 186 161 186 171 186 181 175 191 180 193 185 195 191 193 197 192 149 153 156 149 164 149 171 155 163 157 155 157 201 155 207 149 215 149 221 153 216 157 208 157 165 217 171 210 179 207 185 209 191 207 198 211 204 217 198 226 191 230 184 231 178 231 170 227 169 217 179 214 185 215 190 214 200 218 190 220 185 221 179 220
127 169 129 185 132 202 138 218 147 231 158 244 171 254 184 257 198 254 210 244 221 232 230 218 235 203 238 186 241 170 243 153 137 139 145 133 155 132 166 133 177 137 196 136 206 132 217 131 227 133 235 139 186 151 186 161 186 171 186 181 175 191 180 193 185 195 191 194 196 192 150 153 156 150 164 150 170 155 163 157 155 157 201 155 207 149 215 149 221 153 215 157 207 157 164 217 170 211 179 207 185 209 190 208 198 211 204 217 198 226 191 231 184 231 178 231 170 226 168 217 178 214 185 215 190 214 201 218 190 220 184 221 178 220
127 169 129 185 132 201 137 216 146 230 158 242 170 252 184 255 198 252 210 242 221 231 230 217 235 202 238 186 241 169 243 153 137 139 145 133 155 132 166 133 177 137 195 136 206 133 217 131 227 133 234 139 186 151 186 161 186 171 186 182 174 191 179 193 185 195 190 194 196 192 149 153 156 150 164 150 170 155 163 157 155 157 200 155 207 150 215 150 221 153 215 157 207 157 165 216 171 211 178 208 184 210 190 209 197 212 204 217 197 225 190 229 184 230 178 229 170 225 169 216 178 215 184 215 190 215 200 217 190 220 184 221 178 220
127 167 129 184 132 200 137 215 146 229 158 240 170 251 183 254 197 251 209 242 220 231 230 217 235 202 238 186 241 169 243 153 137 139 145 133 155 132 166 134 176 137 195 136 206 133 216 131 227 133 234 140 186 151 185 161 185 171 185 182 174 192 179 194 184 195 190 194 195 192 149 153 156 150 164 150 170 155 163 157 155 157 200 155 207 150 215 150 221 153 215 157 207 157 165 217 172 212 179 209 184 211 189 209 195 213 202 217 196 223 189 226 184 227 178 226 172 223 169 217 179 216 184 217 189 216 199 217 189 218 184 219 179 218
126 168 128 184 131 200 137 216 146 229 158 241 170 251 184 254 197 251 209 242 220 231 229 218 235 203 238 187 240 171 242 155 137 140 144 133 155 132 166 133 177 137 195 136 205 133 216 131 227 133 234 140 186 151 186 161 185 171 185 182 174 192 179 194 185 195 190 194 196 192 149 153 156 150 163 150 170 155 163 157 155 158 200 155 207 150 214 150 221 153 215 157 207 157 167 217 172 213 179 210 184 212 188 210 195 213 201 217 195 224 189 227 184 227 179 227 172 224 170 217 179 217 184 217 188 216 198 217 188 218 184 218 179 218
126 168 128 183 131 200 136 215 146 229 158 241 170 251 183 254 196 252 208 242 220 231 229 217 235 202 238 186 241 170 243 154 137 139 144 133 155 132 166 133 176 137 195 136 205 132 216 131 226 132 234 139 185 151 185 161 185 171 185 182 174 192 179 194 184 196 190 194 195 192 149 153 156 150 164 150 170 155 163 157 155 157 200 155 206 150 214 150 221 153 215 157 207 157 167 217 172 213 179 210 183 212 188 210 194 214 201 217 194 224 188 227 183 227 179 227 172 223 170 217 179 217 183 217 188 217 197 218 188 218 184 219 179 218
126 168 128 184 131 200 137 215 146 229 157 241 169 251 183 254 197 252 209 242 220 230 229 217 234 202 237 186 240 170 242 154 137 139 145 133 155 132 166 133 177 137 195 136 205 133 216 131 226 133 234 139 186 151 186 161 185 171 185 182 174 192 179 194 184 196 190 194 195 192 149 154 156 150 163 150 170 155 163 157 155 157 200 155 206 150 214 150 221 153 215 157 207 157 165 217 171 212 178 209 184 211 189 210 195 213 202 217 195 224 189 227 183 228 178 227 171 223 169 217 178 216 184 217 188 216 198 217 188 218 184 219 178 218
126 168 128 184 131 200 137 216 146 229 158 241 170 252 184 254 198 251 210 242 221 230 231 217 236 201 238 185 241 169 243 153 137 139 145 133 155 132 165 133 176 137 195 136 205 132 216 131 226 132 234 139 185 151 185 161 185 171 185 182 174 192 179 194 185 195 190 194 196 192 149 153 156 150 164 150 170 155 163 157 155 157 200 155 206 150 214 150 221 153 215 157 207 157 164 216 170 211 178 208 184 210 189 208 197 211 203 217 197 223 189 227 184 228 178 227 170 223 168 216 178 215 184 215 189 215 199 217 189 218 184 219 178 219
126 168 128 184 131 201 137 216 146 229 158 241 170 251 184 254 198 251 210 241 222 230 231 216 237 201 239 184 241 168 243 152 137 139 145 133 155 132 166 133 176 137 195 136 205 132 216 131 226 132 234 139 185 151 185 161 185 171 186 182 174 191 179 193 185 195 191 193 196 192 149 154 156 150 164 150 170 155 163 157 155 157 200 155 206 150 214 150 221 153 215 157 207 157 163 215 171 210 179 207 185 209 190 207 197 211 205 215 197 221 190 224 184 225 178 225 170 222 167 215 179 214 184 214 190 214 201 215 190 216 184 217 178 217
126 167 128 183 131 200 136 215 146 229 158 240 170 250 184 253 198 251 211 241 222 229 231 216 237 201 239 185 241 168 242 153 137 139 145 133 155 132 166 133 176 137 195 136 205 132 216 131 226 132 234 139 185 151 185 161 185 171 185 182 174 191 179 193 185 195 190 193 196 192 149 153 156 150 164 150 170 155 163 157 155 157 200 155 207 150 214 150 221 153 215 157 207 157 164 214 171 210 179 207 184 209 190 208 197 210 205 215 197 221 190 223 184 224 178 223 171 220 167 214 178 213 184 214 190 214 201 215 190 216 184 216 178 215
126 168 127 184 130 200 136 216 146 229 158 241 170 251 184 254 198 251 210 241 221 230 231 217 236 201 239 185 241 168 243 152 136 139 144 133 155 131 166 133 176 137 195 136 206 132 217 131 227 133 235 140 186 151 186 161 186 171 186 182 174 191 179 193 185 195 191 193 196 192 149 153 156 150 163 150 170 155 163 157 155 157 200 155 207 150 214 150 221 153 215 157 207 157 164 214 171 210 179 207 185 209 190 208 197 210 205 214 197 220 190 223 184 223 178 223 171 220 167 214 179 213 184 214 190 213 201 215 190 215 184 216 179 215
126 167 127 184 130 200 136 216 146 229 158 241 171 251 185 254 198 251 210 241 221 230 231 216 237 201 239 185 241 168 242 152 137 139 145 133 155 131 166 133 177 137 195 136 205 132 216 131 227 132 234 139 186 151 186 161 186 171 186 182 174 191 179 193 185 195 191 193 196 192 149 153 156 150 164 150 170 155 163 157 155 157 200 155 207 150 214 150 221 153 215 157 207 157 163 214 171 210 178 207 184 209 190 208 197 210 205 215 197 221 190 223 184 224 178 223 170 220 167 214 178 213 184 214 190 213 201 215 190 216 184 217 178 216
126 168 128 184 131 200 137 216 147 229 158 241 170 251 184 254 198 251 210 241 222 230 231 216 236 201 239 185 241 168 243 152 137 139 145 133 155 132 166 133 176 136 195 136 206 132 216 131 227 132 234 139 186 151 186 161 186 171 186 181 174 191 179 193 185 195 191 193 196 191 149 153 156 150 164 150 170 155 163 157 155 157 200 155 207 150 215 150 221 153 215 157 207 157 164 215 171 210 179 207 184 209 190 207 197 211 205 215 197 222 190 226 184 226 178 226 170 222 168 215 178 213 184 213 190 213 201 216 190 218 184 219 178 218
126 168 128 184 131 200 137 216 146 230 158 242 170 252 184 255 198 252 210 242 221 230 231 216 236 201 239 184 241 168 243 152 137 139 145 133 155 132 166 133 177 136 195 136 206 132 216 131 227 132 234 139 186 151 186 161 186 172 186 182 174 191 179 193 185 195 191 194 196 192 150 153 156 150 164 150 170 155 163 157 155 157 200 155 207 150 214 150 221 153 215 157 207 157 164 215 170 210 178 207 184 209 190 207 198 211 205 216 198 224 190 228 184 228 178 228 170 224 168 216 178 212 184 213 190 213 201 216 190 220 184 221 178 220
127 168 129 183 132 200 137 215 146 229 158 241 170 252 184 254 198 252 210 242 222 230 231 217 236 201 238 185 241 169 243 153 137 139 145 133 155 131 166 133 177 136 195 136 206 132 216 131 227 132 234 139 186 151 186 161 186 171 185 182 174 191 179 193 185 195 190 194 196 192 150 153 156 150 164 150 170 155 163 157 155 157 200 155 207 150 214 150 221 153 215 157 207 157 165 216 171 211 178 208 184 210 189 208 197 211 204 216 197 224 190 227 184 228 178 228 171 224 169 216 178 214 184 215 189 214 200 217 189 219 184 220 178 219
126 168 128 184 131 200 136 215 146 229 157 241 170 251 183 254 197 252 209 242 220 231 229 217 235 202 238 186 240 170 243 154 137 139 145 133 155 132 166 133 177 137 195 136 205 132 216 131 227 133 234 139 186 151 186 161 186 171 186 181 174 191 179 193 185 195 190 194 196 192 149 153 156 150 164 150 170 155 163 157 155 157 200 155 206 150 214 150 221 153 215 157 207 157 166 217 172 212 179 210 184 211 189 210 196 213 202 217 196 223 189 226 184 227 179 226 172 223 170 217 179 216 184 217 189 216 199 217 189 217 184 218 179 217
126 169 128 185 131 201 137 216 147 230 158 242 170 252 184 255 197 252 209 242 220 231 229 218 235 202 238 186 241 170 243 154 137 139 145 133 155 132 166 133 177 136 195 136 206 132 216 131 227 133 234 139 186 151 186 161 186 171 186 182 174 192 179 194 185 195 191 194 196 192 150 153 156 150 164 150 170 155 163 157 155 157 200 154 207 149 215 149 221 153 215 157 207 157 167 217 173 213 180 210 184 212 189 211 195 214 202 218 195 224 189 226 184 227 179 227 173 224 171 217 180 217 184 217 189 217 198 218 189 218 184 219 180 218
126 168 128 184 131 200 137 216 146 229 158 241 170 252 183 255 197 252 209 243 220 231 229 218 235 202 238 186 241 170 243 153 137 139 144 133 155 132 166 133 177 137 195 136 205 132 216 131 227 132 234 139 186 151 186 161 186 171 186 182 175 192 180 194 185 195 191 194 196 192 149 153 156 150 164 150 170 155 163 157 155 157 200 155 207 150 214 150 221 153 215 157 207 157 168 218 173 213 180 210 185 212 189 210 195 214 202 218 195 225 189 228 184 229 179 228 173 225 172 218 180 217 184 217 189 217 198 218 189 219 185 219 180 219
126 167 128 183 131 200 137 215 146 229 158 242 170 252 184 256 197 253 209 243 220 231 229 218 235 202 238 186 240 169 243 153 137 139 144 133 155 132 166 133 177 137 195 136 206 132 216 131 227 132 234 139 186 151 186 161 186 171 186 182 174 192 179 194 185 195 191 194 196 192 150 153 156 150 164 150 170 155 163 157 155 157 200 155 207 149 214 149 221 153 215 157 207 157 166 218 172 213 179 209 185 211 190 209 196 213 203 218 196 225 190 228 184 229 179 229 172 225 170 218 179 216 185 217 189 216 199 218 189 220 185 220 179 220
126 168 129 184 132 200 138 216 147 230 159 242 171 253 184 256 197 252 209 242 220 230 230 217 235 201 238 185 241 169 243 153 137 139 145 133 155 132 166 133 177 137 195 136 206 132 216 131 227 132 234 139 186 151 186 161 186 171 186 182 174 192 179 194 185 195 191 194 196 192 150 153 156 150 164 150 170 155 163 157 155 157 200 155 207 150 214 150 221 153 215 157 207 157 166 217 171 212 179 208 185 210 190 209 197 212 203 218 197 226 190 230 184 231 178 230 171 226 170 218 179 215 184 215 190 215 199 218 190 221 184 222 179 221
126 168 128 184 131 200 137 216 146 229 158 242 170 252 183 255 197 252 209 242 220 231 229 218 234 202 237 186 240 170 243 154 137 139 145 133 156 132 166 133 177 137 195 136 205 132 216 131 226 132 234 139 186 151 186 161 186 171 186 182 174 192 179 194 185 195 190 194 196 192 149 154 156 150 164 150 170 155 163 157 155 157 200 155 207 150 215 150 221 153 215 157 207 157 165 217 171 212 178 208 184 210 189 209 197 212 203 218 197 226 190 230 184 231 178 230 170 226 169 217 178 215 184 215 189 215 199 218 189 221 184 222 178 221
126 168 128 184 131 200 137 216 146 229 158 242 170 252 183 255 197 253 210 243 221 231 230 217 235 202 238 185 241 169 243 153 137 139 145 133 156 131 166 133 177 136 195 136 205 132 216 131 225 132 233 138 186 151 186 161 186 171 186 182 174 192 179 194 185 195 190 194 196 192 150 153 156 150 164 150 170 155 163 157 155 157 200 155 206 150 214 150 220 153 215 157 207 157 164 216 170 211 178 208 184 210 189 208 197 212 204 217 197 225 189 229 184 229 178 229 170 225 168 216 178 215 184 215 189 215 200 217 189 220 184 221 178 220
125 168 128 184 131 201 137 216 146 229 158 241 170 252 183 255 197 252 209 242 220 231 230 217 236 202 239 186 241 169 243 153 137 139 145 133 155 132 166 133 176 137 195 136 205 133 216 131 226 133 233 138 186 151 186 161 186 172 186 182 174 192 179 194 185 195 190 194 196 192 149 154 156 150 164 150 170 155 163 157 155 157 200 155 207 150 215 150 221 153 215 157 207 157 164 216 170 211 178 208 184 210 189 208 197 212 204 217 197 225 189 229 183 230 177 229 169 225 167 216 178 214 184 215 189 215 200 217 189 220 184 221 178 220
126 169 128 185 131 201 136 216 146 229 157 242 170 252 183 255 197 253 209 243 220 232 229 218 235 203 238 187 240 170 242 154 137 140 144 133 155 132 166 134 177 137 195 136 205 133 216 131 226 133 234 139 185 151 186 161 185 172 185 182 174 192 179 194 185 195 190 194 196 192 149 154 156 150 163 150 170 155 163 158 155 158 200 155 207 150 214 150 221 153 215 157 207 157 163 216 170 211 178 208 184 210 190 208 197 212 204 217 197 225 190 229 183 230 177 230 169 225 167 216 178 214 184 215 189 215 200 217 189 221 184 222 177 221
126 168 128 184 131 200 137 216 146 229 157 242 170 252 183 255 197 253 209 243 220 231 230 217 235 202 238 185 241 169 243 153 137 139 145 133 155 132 166 134 177 137 195 136 205 133 216 131 226 133 234 139 185 151 185 162 185 172 185 182 174 192 179 194 184 195 190 194 195 192 149 154 155 150 163 150 170 155 163 158 155 158 200 155 206 150 214 150 221 153 215 157 207 157 163 216 170 211 178 209 184 210 189 209 197 212 203 217 197 226 189 230 183 231 177 230 169 226 167 217 178 215 184 215 189 215 199 217 189 221 183 222 177 221
126 167 128 183 131 200 137 215 145 229 157 242 169 253 183 256 197 253 209 243 220 231 229 217 235 201 237 185 240 168 242 152 136 140 144 133 155 132 166 134 176 137 195 136 205 133 216 131 226 133 233 139 185 151 185 161 185 172 185 182 174 192 179 194 184 195 190 194 195 192 149 154 156 150 163 150 170 155 163 157 155 157 200 155 206 150 214 150 221 153 215 157 207 157 163 216 170 211 178 208 184 210 189 209 197 212 204 217 197 226 190 230 183 231 177 230 169 226 167 216 178 215 184 215 189 215 200 217 189 221 184 222 178 221
126 168 128 184 131 200 137 216 146 230 157 242 169 252 183 255 197 252 209 242 221 231 230 217 236 202 239 186 241 169 243 153 136 140 144 133 155 132 166 133 177 137 195 136 205 133 216 131 226 133 234 139 185 151 185 161 185 171 185 182 174 192 179 194 184 195 190 194 195 192 149 154 156 150 163 150 170 155 163 158 155 158 200 155 206 150 214 150 221 153 215 157 207 157 163 216 169 211 178 208 184 210 189 209 197 212 204 216 197 225 189 229 183 230 177 229 169 225 166 216 177 214 183 215 189 214 200 217 189 221 183 222 177 221
125 168 128 184 131 200 137 216 146 229 157 241 169 252 183 254 197 252 209 242 221 231 231 217 236 202 239 186 241 169 243 153 136 140 144 133 155 132 166 133 176 137 194 137 205 133 216 131 226 133 234 139 185 151 185 162 185 172 185 182 173 192 178 194 184 195 190 194 196 192 149 154 155 150 163 150 170 155 163 158 155 158 200 155 206 150 214 150 221 153 215 157 207 157 163 215 170 211 178 208 184 210 189 208 197 211 204 216 197 225 189 229 183 230 177 229 169 225 166 216 178 214 183 215 189 214 200 216 189 221 183 222 177 221
126 169 128 185 131 201 137 216 146 230 157 242 169 252 183 255 197 253 209 243 221 232 230 218 236 203 239 187 241 170 243 154 136 140 144 134 154 132 165 134 176 137 194 136 204 133 215 132 225 133 233 139 185 151 185 162 185 172 185 182 173 192 179 194 184 196 190 194 195 192 148 154 155 150 163 150 170 156 162 158 154 158 200 155 206 150 214 150 221 153 214 157 207 157 162 215 169 211 178 208 183 210 189 208 197 212 204 216 197 225 189 229 183 230 177 230 169 225 166 216 177 214 183 215 189 214 200 216 189 221 183 222 177 222
126 168 128 184 131 201 137 216 146 230 157 243 170 254 183 256 197 253 209 243 221 232 230 218 236 202 239 186 241 169 242 153 136 140 144 134 154 132 165 134 176 138 194 137 205 133 215 132 226 133 233 140 185 152 185 162 185 172 185 183 173 192 179 194 184 196 190 194 195 193 149 154 155 150 163 150 169 155 162 158 154 158 200 155 206 150 214 150 220 154 214 157 207 157 162 216 169 211 177 208 183 210 189 208 197 212 204 217 197 225 189 229 183 230 176 230 168 225 166 216 177 215 183 216 189 215 200 217 189 220 183 221 177 220
126 169 128 186 131 202 137 218 147 232 158 244 169 255 183 258 197 256 209 245 220 233 230 219 236 203 239 186 241 170 242 153 136 140 144 134 154 132 165 134 175 137 194 137 205 133 215 132 226 134 233 140 184 152 184 162 184 172 184 183 173 192 178 195 184 196 189 195 195 193 149 154 155 151 163 151 169 156 162 158 154 158 199 156 206 151 214 151 220 154 214 158 206 158 162 217 169 211 177 209 183 211 188 209 197 212 204 218 197 228 188 233 182 234 176 233 168 228 166 217 177 215 183 216 188 215 200 218 188 224 183 225 176 224
126 170 128 186 131 203 137 218 147 232 158 245 170 256 183 259 197 257 209 246 220 234 230 220 236 204 239 187 241 171 242 154 136 140 144 134 154 133 164 134 175 138 195 137 205 134 215 132 225 134 233 140 185 153 184 163 184 173 184 183 173 193 178 195 184 196 190 195 195 193 149 154 155 151 163 151 169 156 162 158 154 158 199 156 206 151 214 151 220 154 214 158 206 158 163 218 169 212 177 209 183 211 189 209 197 213 204 218 197 229 189 234 183 235 176 234 168 229 166 218 177 215 183 216 189 215 200 219 189 225 183 226 177 226
126 171 128 187 131 204 137 219 147 233 158 246 170 256 184 260 197 257 209 246 220 234 230 220 235 204 238 187 240 171 242 154 136 140 144 134 154 133 165 135 175 138 194 137 204 134 215 133 225 134 233 141 184 152 184 163 184 173 184 183 173 193 178 195 184 196 189 195 195 193 149 154 155 151 163 151 169 156 162 158 154 158 199 156 205 151 213 151 220 154 214 158 206 158 163 218 169 212 177 209 183 211 189 209 197 213 203 218 197 229 189 234 183 235 176 234 168 228 166 218 177 215 183 216 189 215 200 218 188 225 183 226 177 225
125 170 128 187 131 203 137 219 147 233 158 246 170 256 183 260 197 257 209 246 220 234 230 219 236 203 238 186 240 169 242 153 136 140 144 134 154 133 165 135 175 138 194 137 205 134 215 132 225 134 233 140 184 152 184 163 184 173 184 183 173 193 178 195 184 197 189 195 195 193 148 155 155 151 163 151 169 156 162 159 154 158 199 156 205 151 213 151 220 154 214 158 206 158 163 218 169 212 177 209 183 211 189 209 197 213 203 218 197 229 189 234 183 235 176 234 168 229 166 218 177 215 183 216 189 215 199 219 188 225 183 226 177 225
125 170 128 187 131 203 137 219 147 233 158 245 170 256 183 259 197 256 209 245 220 233 230 219 236 203 238 187 240 170 242 153 136 140 144 134 154 133 165 135 176 139 194 138 204 134 215 132 225 134 233 140 184 153 184 163 184 173 184 183 173 193 178 195 184 197 189 195 195 193 148 155 155 151 163 151 169 156 162 159 154 159 199 156 205 151 213 151 220 154 214 158 206 158 163 218 169 212 177 209 183 211 189 209 196 213 203 218 196 228 189 233 183 234 176 233 168 228 166 218 177 215 183 216 188 216 199 218 188 224 183 225 177 224
126 170 128 186 131 202 137 218 147 231 158 244 170 254 183 257 197 255 209 245 220 233 230 219 236 204 238 187 240 171 242 154 136 140 144 134 154 133 165 135 175 138 194 138 204 134 215 133 225 134 233 140 184 153 184 163 184 173 184 183 173 193 178 195 183 196 189 195 195 193 149 155 155 151 163 151 169 156 162 159 154 159 199 156 205 151 213 151 220 154 214 158 206 158 163 217 169 212 177 209 183 211 189 209 196 213 204 218 197 228 189 232 183 233 176 232 169 227 166 218 177 215 183 216 188 215 200 218 188 223 183 224 177 224
126 169 128 185 131 202 137 217 146 231 158 243 170 254 183 257 197 254 209 244 221 232 230 219 235 203 238 187 240 170 242 153 136 140 144 134 154 133 165 135 175 139 194 138 204 134 215 133 226 134 233 141 184 152 184 162 184 173 184 183 173 193 178 195 183 196 189 195 195 193 148 155 155 151 163 151 169 156 162 159 154 159 199 156 206 151 214 151 220 154 214 158 206 158 163 217 169 212 177 209 183 211 189 209 196 213 204 218 197 227 189 231 183 232 177 231 169 227 166 218 177 216 183 216 189 216 200 218 189 222 183 223 177 222
125 170 128 186 131 202 137 218 146 231 158 243 170 253 183 256 197 253 209 243 221 231 230 218 236 203 238 186 240 170 242 154 136 140 144 134 154 133 165 135 175 138 194 138 204 134 215 132 226 134 233 140 184 153 184 163 184 173 184 183 173 193 178 195 184 196 189 195 195 193 148 155 155 151 163 151 169 156 162 159 154 159 199 156 206 151 214 151 220 154 214 158 206 158 163 217 170 212 177 209 183 211 189 209 196 213 204 217 197 225 189 229 183 230 177 229 169 225 167 218 177 215 183 216 189 215 199 218 189 221 183 221 177 221
125 169 127 185 130 201 136 216 146 230 157 242 169 252 183 255 197 252 210 242 221 231 230 218 235 202 238 186 240 170 242 154 136 140 143 134 154 133 165 135 175 138 194 138 205 134 215 133 226 134 233 140 184 152 185 163 184 173 184 184 173 193 178 195 184 197 190 195 195 193 148 155 155 151 163 151 169 156 162 158 154 158 199 156 206 151 213 151 220 154 214 158 206 158 163 217 170 212 178 209 183 211 189 210 196 213 203 217 196 224 189 228 183 228 177 228 170 224 167 217 177 216 183 217 189 216 199 217 189 219 183 220 178 219
125 169 128 185 131 201 136 216 146 229 157 241 169 252 183 255 197 252 210 242 221 231 230 217 235 202 238 186 240 170 242 154 136 140 144 134 155 133 165 135 176 138 194 138 204 134 215 133 225 134 233 140 184 152 184 163 184 173 184 184 173 193 178 195 184 197 190 195 195 193 148 155 155 151 162 151 169 156 162 158 154 158 199 156 206 151 213 151 220 154 214 158 206 158 163 216 170 212 177 210 183 212 189 210 196 213 203 217 196 223 189 226 183 227 177 226 170 223 167 217 177 216 183 217 189 216 199 217 189 217 183 218 178 218
126 170 127 186 130 202 136 217 145 230 157 241 169 251 183 254 197 252 209 242 221 231 230 218 235 203 238 186 240 170 242 154 136 140 144 134 154 133 165 135 175 138 194 137 205 134 215 132 226 134 233 140 185 152 185 162 185 172 185 183 174 193 179 195 184 196 190 195 195 193 148 155 155 151 163 151 169 156 162 159 154 158 199 156 206 151 214 151 220 154 214 158 206 158 163 216 170 212 178 210 184 212 189 210 196 213 204 216 196 223 189 225 183 226 178 226 170 222 167 216 178 216 184 217 189 216 200 217 189 217 184 218 178 217
126 169 128 185 130 201 136 216 145 229 156 241 169 251 183 254 197 251 210 241 221 230 231 217 236 202 238 186 240 169 242 153 136 140 144 134 154 133 165 135 175 138 195 138 205 134 215 133 226 134 233 140 185 152 185 163 185 173 185 184 174 193 179 195 184 197 190 195 195 193 148 155 155 151 163 151 169 156 162 159 154 159 199 156 206 151 214 151 220 154 214 158 206 158 163 216 171 213 178 210 184 212 189 210 196 213 203 216 196 222 189 225 183 225 178 225 170 222 167 216 178 216 184 217 189 216 200 217 189 216 184 217 178 217
126 170 128 185 131 201 136 216 145 229 156 241 168 251 183 254 197 251 209 242 221 231 230 217 235 202 238 186 240 170 242 154 136 140 144 134 154 133 165 135 175 138 194 138 204 134 215 133 225 134 233 140 185 152 185 163 184 173 184 184 173 193 178 195 184 197 190 195 195 194 148 155 155 151 163 151 169 156 162 159 154 159 199 156 206 151 214 151 220 154 214 159 206 159 163 216 170 212 178 210 183 212 189 210 196 213 203 216 196 222 189 224 183 225 177 224 170 221 167 216 178 216 183 217 189 216 200 217 189 216 183 217 178 216
126 169 128 185 131 201 136 216 145 229 156 241 169 251 183 254 197 251 210 242 221 230 230 217 235 202 238 186 240 170 242 154 136 140 144 134 154 133 165 135 175 138 194 138 205 134 215 133 226 134 233 140 185 153 185 163 185 173 185 184 174 193 179 195 184 197 190 195 195 194 148 155 155 151 163 151 169 156 162 159 154 159 199 156 206 151 214 151 220 154 214 158 206 158 163 216 170 212 178 210 183 212 188 210 195 213 203 216 195 222 189 224 183 225 177 224 170 222 166 216 178 216 183 217 188 216 199 217 188 216 183 217 178 216
