120 187 121 203 124 219 129 234 138 246 150 257 163 264 178 267 192 264 205 256 216 246 224 234 229 220 232 205 234 189 235 174 135 158 143 153 153 152 162 154 171 160 188 160 197 156 207 154 216 155 223 162 180 175 180 187 180 199 180 211 168 217 174 219 179 221 185 219 190 217 144 174 151 171 159 172 165 178 158 179 150 179 193 179 200 174 207 174 213 177 208 181 200 181 158 231 167 232 174 231 178 232 183 231 189 231 197 231 190 237 184 241 179 241 174 241 167 238 161 233 174 235 178 236 183 235 194 232 183 235 179 236 174 235
120 187 122 203 124 219 129 233 138 246 150 257 163 265 177 267 192 264 204 256 215 246 223 233 229 219 232 204 234 189 235 173 134 158 142 153 152 152 162 154 171 160 187 160 197 156 206 154 216 155 224 161 179 174 180 187 180 198 180 210 168 217 173 219 179 220 185 219 190 217 144 174 150 171 158 172 165 178 158 179 149 179 192 179 199 174 207 174 213 177 208 181 200 181 158 232 167 232 174 231 178 232 183 230 189 231 197 231 189 238 183 241 178 242 173 241 166 239 161 233 174 235 178 236 183 235 193 232 183 235 178 236 174 235
120 188 122 204 124 220 130 234 139 247 150 257 164 265 178 267 193 264 205 256 216 246 224 234 229 220 232 204 234 189 235 174 134 159 142 153 152 152 162 154 170 160 187 160 197 156 207 154 216 155 224 162 179 174 179 186 180 198 180 210 167 217 173 219 179 220 185 219 190 217 144 174 150 171 158 172 165 178 158 179 150 178 192 179 199 174 207 174 213 177 208 181 199 181 158 231 167 231 174 231 179 232 183 230 189 231 197 230 190 237 184 240 179 241 174 241 167 238 161 232 174 235 178 235 183 234 194 231 184 234 179 236 174 235
120 187 122 203 124 219 130 233 139 246 150 256 163 264 178 266 192 263 204 255 215 245 224 232 229 219 232 203 234 188 235 173 134 159 142 153 152 152 162 154 170 159 187 160 197 156 207 154 216 155 223 161 179 174 179 186 180 198 180 210 167 217 173 219 179 220 184 219 190 216 144 174 150 171 158 172 165 178 158 179 149 178 192 179 199 174 207 173 213 177 207 181 199 181 158 231 167 231 174 230 178 231 183 230 189 231 196 230 189 237 183 240 178 241 174 241 167 238 161 232 174 235 178 235 183 234 193 231 183 234 178 235 174 235
120 186 122 203 124 219 130 233 138 246 150 256 163 263 177 266 191 263 203 255 214 245 223 233 228 219 231 203 234 188 235 172 134 158 142 152 152 151 162 154 170 159 188 160 197 155 206 153 216 155 223 161 179 174 179 186 180 198 180 210 167 217 173 219 179 220 184 218 190 216 144 174 150 171 158 172 165 178 158 179 149 178 192 179 199 174 207 173 213 177 207 181 200 181 158 231 167 231 174 230 178 232 183 230 189 231 196 230 189 237 183 240 178 241 173 241 166 238 161 232 174 235 178 235 183 234 193 231 183 234 178 236 174 235
121 187 122 204 124 220 130 234 139 246 151 257 164 265 178 267 192 264 205 256 215 246 224 233 229 219 232 204 234 189 235 174 135 158 143 152 152 151 162 153 171 159 188 160 197 155 207 153 216 155 224 161 179 174 180 186 180 198 180 210 168 217 173 218 179 220 185 218 190 216 144 174 150 171 158 172 165 177 158 179 150 178 192 179 199 173 207 173 213 176 207 181 199 181 158 231 167 231 174 230 178 232 183 230 190 231 197 230 190 237 184 240 178 241 174 241 167 238 162 232 174 235 178 235 183 234 194 231 183 234 179 235 174 235
121 187 122 203 124 220 130 235 140 247 151 258 164 266 178 268 192 265 204 257 215 246 224 234 229 220 232 204 234 188 236 173 135 158 143 152 153 151 162 153 171 159 188 159 197 155 207 153 217 154 224 161 179 173 180 186 180 198 181 210 168 216 174 218 179 220 185 218 190 216 144 173 151 171 159 171 165 177 158 178 150 178 192 178 199 173 207 173 213 176 208 180 200 181 158 232 167 232 174 231 179 232 184 230 190 232 197 232 190 239 184 242 178 243 173 242 166 239 161 233 174 235 178 236 183 235 194 233 183 235 178 236 174 236
121 187 122 204 125 220 130 235 140 248 151 259 164 267 178 270 192 266 204 257 214 247 223 234 229 220 232 205 234 189 236 174 135 157 143 152 153 151 163 153 171 159 188 159 197 155 207 153 217 154 224 161 180 174 180 186 180 198 180 210 168 216 174 218 179 220 185 218 190 216 144 173 151 170 159 171 165 177 158 178 150 178 193 178 200 173 207 173 213 176 208 180 200 180 159 233 167 231 174 230 179 231 184 230 189 231 196 233 189 240 184 244 178 245 173 245 166 241 162 234 174 234 178 235 183 234 192 233 183 237 178 238 174 237
121 188 122 204 125 220 131 235 140 248 152 258 164 267 178 269 192 266 204 258 215 248 223 235 229 221 232 205 235 190 236 174 136 158 143 152 153 151 163 153 171 159 188 159 198 155 207 153 217 155 224 161 180 173 180 185 181 197 181 209 168 216 174 218 180 220 185 218 191 216 145 173 151 170 159 171 166 177 159 178 151 178 193 178 200 173 208 173 214 176 208 180 200 180 159 233 167 231 174 229 179 231 184 229 190 231 196 233 190 241 184 244 178 245 173 245 166 242 162 234 174 234 179 234 184 233 193 234 184 237 179 238 174 238
121 187 122 203 125 220 131 235 141 247 152 258 164 266 178 269 192 266 204 257 215 247 224 235 230 221 233 205 235 190 236 174 136 158 144 152 154 151 163 153 172 159 189 159 198 155 208 153 218 155 225 162 181 174 181 186 181 198 181 210 169 216 175 218 180 219 186 218 191 216 145 173 152 170 160 171 166 177 159 178 151 178 193 178 200 173 208 173 214 177 208 180 201 180 160 232 168 231 175 230 179 231 184 230 190 231 197 232 190 240 184 243 179 244 174 244 167 241 163 234 175 234 179 235 184 234 193 233 184 236 179 237 175 237
122 186 122 203 125 219 130 235 139 247 151 257 164 265 178 268 193 265 205 257 216 247 225 235 230 221 233 205 236 190 237 174 137 158 144 152 154 151 164 154 173 159 189 159 199 155 209 153 218 155 225 161 181 174 182 186 182 198 182 210 169 216 175 218 180 220 186 219 192 216 145 174 152 171 160 172 166 177 159 179 151 178 194 179 201 174 209 173 215 177 209 181 201 181 160 232 168 232 175 231 179 232 184 231 190 232 197 232 190 239 184 242 179 242 174 242 167 239 163 233 175 235 179 236 184 235 194 233 184 235 179 236 175 236
122 186 123 202 125 218 131 233 140 246 152 256 164 263 178 266 192 263 205 255 216 245 224 233 230 219 233 204 236 189 237 173 136 157 144 151 154 151 164 153 172 159 190 159 199 155 208 153 218 154 225 161 181 174 182 186 182 198 182 210 170 217 175 218 181 220 186 218 191 217 145 173 152 171 160 172 166 177 159 178 151 178 194 178 201 174 209 174 215 177 209 181 201 181 160 231 169 231 175 231 180 232 184 230 190 232 197 232 190 238 184 241 179 241 175 241 168 238 163 232 175 235 179 236 184 235 195 232 184 235 179 236 175 235
122 185 123 202 125 218 131 233 140 245 151 256 164 264 178 267 192 264 205 256 216 246 225 233 230 219 234 204 236 189 237 173 137 156 145 151 155 151 164 153 173 159 190 159 199 155 209 153 218 154 225 161 182 174 182 186 182 198 182 209 169 216 175 218 181 220 186 219 192 217 146 173 153 170 161 171 167 177 160 179 152 178 194 179 201 174 209 173 215 177 209 181 202 181 160 231 168 231 175 230 180 232 185 230 190 232 198 232 190 238 184 241 179 242 174 241 167 238 163 232 175 234 179 235 184 235 195 233 184 235 179 236 175 235
122 186 123 203 126 219 132 234 141 246 152 256 165 265 178 268 192 265 204 256 215 246 224 234 230 220 233 205 236 189 237 174 137 157 145 151 155 151 165 153 173 159 191 159 200 155 209 153 219 155 226 161 182 173 182 185 182 197 182 210 170 216 175 218 181 220 186 218 192 216 146 173 153 170 161 171 167 177 160 178 152 177 194 178 201 174 209 174 215 177 209 181 202 181 160 232 169 232 176 230 180 232 184 231 190 232 197 233 190 239 184 242 179 243 174 242 168 239 163 233 175 234 180 235 184 235 193 234 184 235 179 236 175 235
122 187 123 203 126 220 132 234 141 247 153 257 165 265 179 268 192 265 205 256 216 246 224 234 230 220 233 205 236 189 237 174 137 157 145 152 155 151 165 153 173 158 191 159 200 155 210 153 219 155 226 161 182 173 182 185 182 197 182 209 170 216 176 218 181 220 187 218 192 216 146 173 153 170 161 171 167 177 160 178 152 178 195 178 202 173 209 173 215 177 210 181 202 181 161 232 169 232 176 231 180 232 185 231 191 232 197 233 190 240 185 243 179 244 175 243 168 240 164 233 176 234 180 235 185 235 194 234 185 236 180 236 175 236
122 186 123 203 125 220 131 235 140 248 152 258 165 266 179 268 193 265 205 257 216 247 225 235 230 221 234 205 236 190 238 175 138 157 146 152 155 151 165 154 173 159 191 159 200 155 210 153 219 155 226 161 182 173 182 186 182 198 182 210 170 216 175 218 181 220 187 219 192 217 147 173 153 170 161 171 167 177 160 178 152 178 195 178 202 174 209 173 215 177 210 181 202 181 161 233 169 232 176 231 180 232 185 231 191 232 197 234 190 240 185 243 180 244 175 243 169 240 164 234 176 234 180 235 185 234 194 234 185 236 180 237 175 236
123 186 124 203 126 219 132 234 141 247 152 257 165 266 179 269 193 266 205 258 216 248 225 235 230 221 234 205 236 190 238 174 138 157 146 152 155 151 165 154 173 159 191 159 200 155 210 153 219 155 226 162 182 174 183 186 183 198 183 210 170 216 176 218 181 220 187 218 192 216 147 173 153 171 161 171 167 177 160 178 153 178 195 179 202 174 209 174 215 177 210 181 202 181 162 233 170 232 176 231 180 232 185 231 191 232 197 233 191 240 185 243 180 244 175 243 169 240 165 234 176 234 180 235 185 234 194 234 185 236 180 237 176 236
123 186 124 203 126 219 132 234 141 246 152 256 165 265 179 268 192 265 204 257 216 247 224 235 230 221 234 206 236 190 238 175 138 157 146 152 155 151 165 153 173 159 191 159 200 155 210 153 219 155 226 161 182 173 182 186 182 198 183 210 170 216 176 218 181 220 187 218 192 217 146 173 153 171 161 172 167 177 160 178 152 178 195 178 202 174 209 173 215 177 210 180 202 181 161 232 169 232 176 231 180 232 185 231 191 232 198 233 191 239 185 242 180 243 175 242 168 239 164 233 175 234 180 235 185 234 195 233 185 235 180 236 175 235
123 187 124 204 126 220 132 234 141 247 152 257 165 265 179 268 193 265 205 258 216 248 225 235 230 221 234 206 236 190 238 175 137 157 146 151 155 151 165 153 173 159 191 159 200 155 210 153 219 155 226 161 182 174 182 186 182 198 182 210 170 216 176 218 181 220 187 219 192 217 146 173 153 170 161 171 167 177 160 178 152 178 195 179 202 174 209 174 215 177 210 181 202 181 161 232 169 232 176 231 180 232 185 231 191 232 198 233 190 239 185 242 179 243 175 242 168 239 164 233 176 235 180 236 185 235 195 234 184 235 180 236 175 235
122 185 123 202 126 219 132 234 141 246 152 257 165 266 179 269 193 266 205 257 216 246 225 234 230 219 234 204 236 188 238 173 137 157 145 152 155 151 165 153 173 159 191 159 200 155 209 153 219 155 226 161 182 174 182 186 183 198 183 210 170 216 176 218 181 220 187 218 192 216 146 173 153 170 161 171 167 177 160 178 152 177 195 178 202 174 209 174 215 177 210 181 202 181 161 232 169 232 176 231 180 232 185 231 191 232 198 233 191 240 185 243 180 244 175 243 168 240 164 233 176 235 180 236 185 235 195 233 185 236 180 237 176 236
123 186 124 203 126 220 132 235 141 248 153 259 166 267 179 270 193 267 206 258 217 248 225 235 231 221 234 205 236 190 238 174 138 157 145 151 155 151 165 153 174 159 191 159 200 155 209 153 219 155 226 161 182 173 182 186 183 198 183 210 170 216 176 218 182 220 187 218 192 216 147 173 153 170 161 171 167 177 160 178 152 177 195 179 202 174 209 173 215 177 210 181 202 181 161 233 169 232 176 230 180 232 185 231 191 232 197 233 191 241 185 245 180 246 175 245 168 242 164 234 176 235 180 236 185 235 194 234 185 238 180 239 176 238
122 186 124 203 126 220 132 235 141 248 153 259 166 267 180 270 194 267 206 258 217 248 226 235 231 221 234 205 237 189 238 174 137 158 145 152 155 151 165 153 174 159 191 159 200 155 210 153 219 155 226 161 182 173 182 186 183 198 183 210 170 216 176 218 182 220 187 218 192 216 147 173 153 170 161 171 167 177 160 178 152 177 195 178 202 174 210 174 216 177 210 181 202 181 161 233 169 232 176 231 180 232 185 231 191 232 198 233 191 241 185 244 180 245 175 244 169 241 164 234 176 235 180 236 185 235 195 234 185 237 180 238 176 238
122 186 123 202 126 219 131 234 141 247 152 257 165 266 179 269 193 266 206 257 217 247 225 234 231 220 234 205 236 189 238 174 137 158 145 152 155 151 165 154 174 159 190 159 200 155 209 153 219 155 226 161 182 174 182 186 183 198 183 210 170 217 176 219 181 220 187 219 192 217 146 173 153 171 161 172 167 177 160 178 152 178 195 179 202 174 209 174 216 177 210 181 202 181 161 232 169 232 176 231 180 233 185 231 191 232 198 232 191 239 185 242 180 243 175 242 169 240 164 233 176 236 180 236 185 235 195 233 185 236 180 237 176 237
123 185 123 202 126 218 132 233 141 246 153 257 165 265 180 268 194 265 206 257 216 246 225 233 230 219 234 204 236 189 237 173 138 157 146 152 155 151 165 154 174 159 191 159 200 155 210 153 219 155 226 161 182 174 183 186 183 198 184 210 170 217 176 219 182 220 187 219 192 217 146 173 153 171 161 172 167 177 160 178 152 178 195 179 202 174 210 173 216 177 210 181 202 181 161 232 170 232 176 231 181 232 185 231 191 232 198 232 191 239 186 242 181 243 176 243 169 240 164 233 176 236 180 236 185 235 195 233 185 236 181 237 176 236
123 186 124 203 126 219 132 234 141 247 153 257 166 266 180 268 194 265 206 257 216 246 225 234 230 220 234 204 236 189 237 173 137 158 145 152 155 151 165 154 173 159 191 159 200 155 210 153 219 155 226 161 182 174 182 186 183 198 183 210 170 217 176 219 181 220 187 219 192 217 146 174 153 171 161 172 167 177 160 178 152 178 195 179 202 174 209 174 215 177 210 181 202 181 161 232 169 232 176 231 180 232 185 231 191 232 198 232 191 239 186 243 180 244 175 243 168 240 164 233 176 235 180 236 185 235 195 233 185 236 180 237 176 236
123 187 124 204 126 220 132 235 142 247 153 258 166 266 180 269 193 266 205 258 216 247 225 235 230 221 234 206 236 190 238 175 138 157 145 152 155 151 165 153 174 159 191 159 200 155 210 153 219 155 226 161 182 174 183 186 183 198 183 210 170 216 176 218 182 220 187 218 192 217 147 174 153 171 161 172 167 177 160 178 152 178 195 179 202 174 209 174 215 177 210 181 202 181 161 232 169 231 176 230 180 231 185 230 191 232 198 232 191 240 185 244 180 245 175 244 168 241 164 233 176 234 180 235 185 235 195 233 185 236 180 237 175 237
122 187 123 204 126 221 133 235 142 248 154 258 166 267 180 270 193 267 205 258 216 247 224 235 230 221 234 205 236 190 238 175 137 158 145 152 155 151 165 154 173 159 191 159 200 155 210 154 219 155 226 161 182 174 183 186 183 198 183 210 170 216 176 218 182 220 187 218 192 216 146 174 153 171 161 172 167 177 160 178 152 178 195 179 202 174 209 174 216 177 210 181 202 181 161 233 169 231 176 230 181 231 186 230 191 232 198 233 191 241 186 245 180 245 175 245 168 241 164 234 176 234 180 234 186 234 195 234 185 237 180 239 176 238
123 187 124 204 127 220 133 235 142 248 154 258 166 267 180 269 194 266 206 257 217 246 226 234 231 220 234 205 236 190 238 174 137 158 145 152 155 151 165 154 174 159 191 159 200 155 210 154 219 155 226 162 182 174 183 186 183 198 183 210 170 216 176 218 182 220 187 218 192 216 146 174 153 171 161 172 167 177 160 178 152 178 195 179 202 174 209 173 215 177 210 181 202 181 161 233 169 231 176 229 180 231 185 230 191 231 198 233 191 240 185 244 180 245 175 244 168 241 164 233 176 233 180 234 185 233 194 234 185 237 180 238 175 238
123 186 124 203 126 220 132 235 142 247 154 257 166 266 180 268 193 265 205 256 216 246 225 234 231 220 234 205 236 189 238 174 137 158 145 152 155 151 165 153 174 159 191 159 200 155 210 154 219 155 226 161 183 174 183 186 183 198 183 210 171 216 176 218 182 220 187 218 192 216 147 174 154 171 161 172 167 177 161 178 153 178 195 179 202 174 209 174 215 177 210 181 202 181 161 232 170 231 176 230 180 231 185 230 191 231 197 232 190 239 185 242 180 243 175 242 169 239 164 233 176 233 180 234 185 233 194 233 185 236 180 237 176 236
123 187 124 204 126 220 132 235 141 247 153 257 166 265 180 268 194 265 206 257 217 247 225 234 231 221 234 205 237 190 238 175 138 157 146 152 155 151 165 153 174 159 191 159 200 155 210 153 219 155 226 161 182 174 183 186 183 197 183 209 171 216 176 218 182 220 187 218 192 216 147 173 154 171 161 172 167 177 161 178 153 178 195 179 202 174 209 174 215 177 210 181 202 181 161 231 170 231 176 230 181 231 186 230 191 231 198 232 191 238 185 240 180 241 175 240 169 238 164 232 176 233 180 234 185 233 195 233 185 234 180 235 176 235
123 186 123 202 125 219 131 234 141 246 152 256 165 264 180 267 193 264 205 256 216 246 225 234 231 220 234 205 237 190 238 175 138 157 146 151 156 151 165 153 174 159 190 159 200 155 210 153 220 155 226 161 183 174 183 186 183 198 184 209 170 216 176 218 182 219 188 218 193 216 147 174 153 171 161 172 168 177 161 178 153 178 195 179 202 174 209 174 215 177 210 181 202 181 160 231 169 231 176 230 180 231 185 230 191 231 198 231 190 237 185 239 180 240 175 239 168 237 163 232 176 233 180 234 185 234 195 232 185 234 180 235 176 234
122 186 123 202 126 219 132 234 141 246 152 256 166 264 180 267 194 264 206 255 216 245 225 233 230 220 234 205 236 189 238 174 138 157 145 151 155 151 165 153 174 159 191 159 200 155 210 153 220 155 226 161 183 174 183 186 183 198 184 209 171 216 176 218 182 219 188 218 193 216 147 173 154 171 161 172 167 177 161 178 153 178 195 179 202 174 209 174 215 177 210 181 202 181 160 231 169 231 176 230 181 231 185 230 191 231 198 232 191 237 185 239 180 240 175 239 168 237 163 232 176 233 180 234 185 234 195 232 185 234 180 235 176 234
123 186 124 203 126 219 132 234 142 247 153 257 166 265 180 268 193 265 205 256 216 245 224 233 230 220 234 205 236 189 237 174 138 157 145 152 155 151 165 153 174 159 191 159 200 155 210 153 220 155 226 161 183 174 183 186 183 198 183 210 171 215 176 218 182 219 187 218 192 216 147 174 154 171 161 172 167 177 161 178 153 178 195 179 202 174 209 174 215 177 210 181 202 181 160 231 169 231 176 230 181 231 186 230 191 231 198 232 191 238 185 240 180 241 175 240 169 238 164 232 176 233 180 234 185 233 195 233 185 234 180 235 176 235
122 186 123 204 126 220 132 235 142 248 153 258 166 266 179 269 193 266 205 257 215 246 224 234 230 220 234 205 236 189 238 174 138 157 146 152 155 151 165 153 173 158 191 159 200 155 210 153 219 155 226 161 183 173 183 186 183 197 184 210 171 215 176 217 182 219 187 218 192 216 147 173 154 171 161 172 167 177 161 178 153 177 195 178 202 174 209 174 215 177 210 180 202 181 161 232 169 231 176 230 180 231 185 230 191 231 197 233 190 239 185 243 180 243 175 243 169 240 164 233 176 233 180 234 185 233 193 233 185 236 180 237 176 237
123 187 124 204 126 221 132 236 142 249 154 259 166 267 179 270 193 267 204 258 215 247 224 235 230 220 234 205 236 189 237 174 138 157 146 152 155 151 165 153 173 159 191 159 200 155 210 153 219 155 225 161 183 174 183 186 183 198 184 210 170 215 176 218 182 219 187 218 192 216 147 173 154 171 161 172 167 177 161 178 153 177 195 178 202 174 209 174 215 177 210 180 202 181 161 233 169 231 176 230 180 231 186 230 191 231 197 233 191 241 185 245 180 246 175 245 168 242 164 234 176 233 180 234 186 233 194 234 185 239 180 240 175 239
122 186 123 203 126 220 132 235 141 248 153 259 165 267 179 270 193 267 205 257 216 247 224 234 230 220 233 205 236 190 237 175 137 157 145 152 155 151 165 153 173 158 191 159 200 155 209 153 219 155 225 161 182 173 182 186 183 198 183 210 170 216 176 218 182 219 187 218 192 216 147 173 153 171 161 171 167 177 160 178 153 177 195 178 202 174 209 174 215 177 209 180 202 180 161 233 169 231 176 229 181 230 186 229 192 230 197 232 191 241 186 245 180 246 175 245 168 242 164 233 176 233 181 234 186 233 194 233 186 238 180 239 175 239
122 186 123 203 126 220 132 235 142 247 153 257 166 266 179 269 193 266 205 257 216 247 224 234 230 220 234 205 236 190 238 175 137 157 145 152 155 151 165 153 174 158 191 159 200 155 210 153 219 155 226 161 182 173 183 186 183 198 183 210 171 216 176 218 182 219 187 218 192 216 147 173 153 171 161 172 167 177 160 178 152 177 195 178 202 174 209 173 215 177 210 180 202 180 161 232 169 231 176 229 181 230 186 229 191 230 197 232 191 240 186 244 180 245 175 244 168 241 164 233 176 233 180 233 186 232 194 233 186 237 180 238 176 238
122 186 123 203 126 220 132 235 141 247 153 257 166 265 180 267 193 265 205 256 215 246 224 234 230 220 234 205 236 190 238 175 137 157 145 151 155 151 165 153 173 158 191 159 200 155 209 153 219 155 225 161 182 173 183 186 183 198 184 209 170 215 176 218 182 219 187 218 193 215 147 173 153 171 161 172 167 177 160 178 152 177 195 178 202 174 209 173 215 177 210 180 202 180 161 232 170 231 177 230 181 231 186 230 191 231 197 232 190 238 185 241 180 242 176 242 169 239 164 233 176 233 181 234 185 233 194 232 185 235 180 237 176 236
122 187 123 204 126 220 132 235 142 247 153 257 167 265 181 267 194 264 206 256 217 245 225 233 231 220 234 204 236 189 237 174 137 158 145 152 155 151 165 153 173 159 191 159 200 155 210 153 219 155 226 161 183 174 183 186 183 198 184 210 171 216 176 218 182 220 188 218 193 216 146 174 153 171 161 172 167 177 160 178 152 178 195 178 202 174 209 174 215 177 210 180 202 181 160 231 169 231 176 230 181 231 186 230 192 231 199 231 191 237 186 240 181 240 176 240 169 237 164 232 176 233 181 234 186 233 196 232 186 234 181 235 176 234
123 186 124 203 126 220 132 235 142 247 153 257 167 264 181 266 195 263 207 255 217 245 226 233 231 219 234 204 236 189 237 173 137 158 145 152 155 151 165 153 173 159 191 159 200 155 209 153 219 155 225 161 183 174 183 186 183 198 184 210 170 216 176 218 182 219 188 218 193 216 147 174 153 171 161 172 167 177 160 178 152 178 195 179 202 174 209 174 215 177 210 181 202 181 160 231 169 231 176 230 181 231 186 230 192 231 199 231 191 237 186 239 180 240 175 239 169 236 163 232 176 233 181 234 186 233 196 232 186 234 181 234 176 234
123 186 124 203 126 220 132 234 142 247 154 256 167 264 181 266 195 263 207 255 217 245 225 233 231 219 234 204 236 189 238 174 137 158 145 152 155 151 165 153 174 159 191 159 200 155 210 153 220 155 226 161 183 174 183 186 183 198 184 210 170 216 176 218 182 220 188 218 193 216 146 174 153 171 161 172 167 177 160 178 153 178 195 178 202 174 209 174 215 177 210 181 202 181 160 231 169 231 176 230 181 231 186 230 192 231 199 230 192 236 186 239 181 240 176 239 169 237 163 232 176 233 181 234 186 233 196 231 186 233 181 234 176 234
123 186 124 203 127 219 133 234 143 246 155 256 167 264 181 266 194 263 206 255 216 245 225 233 231 219 234 204 237 189 238 174 138 158 146 152 155 151 165 154 174 159 191 160 200 155 210 154 219 155 226 161 183 174 183 186 183 198 184 210 171 216 177 218 182 219 188 218 193 215 147 173 154 171 161 172 167 177 161 178 153 178 195 178 202 174 209 174 215 177 210 180 202 181 161 231 170 231 177 230 181 231 186 230 192 231 198 231 192 237 186 240 181 241 176 240 169 238 164 232 177 233 181 234 186 233 195 232 186 234 181 235 177 234
123 187 123 203 126 220 132 235 142 247 153 257 166 266 180 268 194 265 205 256 216 246 225 234 230 220 234 205 236 189 238 174 138 157 146 152 155 151 165 153 174 159 191 159 200 155 210 153 219 155 226 161 183 174 183 186 183 198 184 210 171 216 177 218 182 220 188 218 193 216 147 173 154 171 161 172 168 177 161 178 153 177 195 178 202 174 210 174 216 177 210 180 202 180 161 232 170 230 177 229 181 231 187 229 192 231 199 231 192 239 187 243 181 244 176 243 169 240 164 233 177 233 181 234 187 233 195 232 187 236 181 238 176 237
122 188 124 205 127 222 133 236 143 249 154 259 167 267 181 270 194 266 205 257 216 247 225 234 230 221 234 206 236 190 238 175 138 158 146 152 156 151 165 154 174 159 191 159 200 155 210 153 219 155 226 161 183 173 183 186 184 198 184 210 171 216 177 218 183 220 188 218 193 216 147 174 154 171 161 172 168 177 161 178 153 178 195 179 202 174 210 173 216 177 210 181 203 181 161 233 169 231 177 229 181 231 187 229 193 230 199 232 193 241 187 245 181 247 176 246 168 242 164 234 176 233 181 234 187 233 196 233 187 239 181 240 176 239
123 188 125 205 128 221 135 236 144 249 155 259 167 267 180 270 193 267 205 258 216 248 224 235 230 222 234 206 237 191 238 175 137 158 145 152 155 151 165 153 174 159 191 159 201 155 211 153 221 155 227 162 183 174 183 186 183 198 184 210 171 216 177 218 182 219 188 218 193 216 147 174 154 171 161 172 168 177 161 178 153 177 196 178 202 174 210 173 216 177 210 180 203 180 160 233 169 231 176 229 181 231 187 229 193 230 199 232 193 242 187 247 181 248 175 247 168 243 164 234 176 233 181 234 187 233 196 233 187 240 181 241 176 240
122 187 123 204 126 221 132 236 142 249 153 260 166 268 180 271 194 267 205 258 216 248 225 235 231 221 234 206 237 190 238 175 138 158 146 152 156 151 166 153 175 159 191 159 201 155 210 153 220 155 227 161 183 174 183 186 184 198 184 210 171 216 177 218 182 220 188 218 193 216 147 174 154 171 162 172 168 177 161 178 153 178 196 178 203 174 210 174 216 177 211 180 203 181 161 234 169 231 176 230 181 231 187 229 192 231 198 233 192 242 187 247 181 248 175 247 168 243 164 235 176 233 181 234 187 233 195 234 187 240 181 241 176 240
123 188 125 204 129 220 135 235 144 248 155 259 167 267 180 270 193 267 205 257 216 247 224 235 230 221 234 206 237 191 238 175 137 158 145 152 155 151 165 153 174 158 192 159 201 155 211 153 221 155 227 162 183 174 183 186 183 198 183 210 171 216 177 218 182 220 188 218 193 216 147 174 154 171 162 172 168 177 161 178 153 177 196 178 202 174 210 173 216 177 210 180 203 180 162 234 170 232 177 230 181 231 186 230 192 231 197 234 191 242 186 246 181 247 175 246 169 243 165 235 176 234 181 234 186 234 194 234 186 239 181 240 176 240
123 188 124 204 126 221 132 236 141 249 153 259 166 267 180 269 193 267 205 258 216 248 224 235 230 221 234 206 237 190 238 175 138 158 146 152 156 151 166 154 175 159 192 159 201 155 211 153 220 155 227 161 183 174 183 186 184 198 184 210 171 216 177 218 182 220 188 219 193 216 147 174 154 172 162 172 168 177 161 179 153 178 196 179 203 175 210 174 216 177 211 181 203 181 163 234 170 232 177 231 181 232 187 231 192 232 198 234 191 241 186 245 181 246 176 245 169 242 166 235 177 235 181 236 186 235 194 235 186 237 181 238 176 238
123 187 124 204 127 220 132 235 142 248 153 258 166 266 180 269 194 266 206 258 217 247 226 235 231 221 235 205 237 189 239 174 138 157 146 152 156 151 165 154 174 159 192 159 201 155 211 154 220 155 227 161 183 174 183 186 184 198 184 210 171 217 177 219 183 220 188 219 193 217 148 174 154 172 162 173 168 177 161 179 154 178 196 179 203 175 210 175 216 177 211 181 203 181 163 234 171 233 177 231 182 233 186 231 192 233 198 234 192 241 186 244 181 245 176 244 170 241 166 235 177 235 181 236 186 235 195 235 186 237 181 238 177 237
123 186 125 203 129 219 135 234 144 246 155 257 167 265 180 268 193 265 205 257 216 247 225 234 231 221 234 205 237 190 238 174 138 158 146 152 156 151 165 153 174 158 192 159 201 155 211 154 220 155 226 162 183 174 183 186 183 198 183 210 171 217 177 218 182 220 188 219 193 217 148 174 154 172 162 172 168 177 161 179 153 178 196 179 203 175 210 174 216 177 210 181 203 181 163 234 171 233 177 231 182 233 186 231 192 233 198 234 192 241 186 244 181 245 176 244 170 241 166 235 177 236 181 236 186 236 195 235 186 236 182 237 177 236
123 185 125 202 129 219 135 233 144 246 155 256 167 265 180 268 193 265 205 256 215 246 224 234 230 220 234 205 236 189 237 173 138 158 146 152 156 151 165 154 174 159 192 159 201 155 211 154 220 155 227 162 183 174 183 186 183 198 183 211 171 217 177 219 182 220 188 219 193 217 147 174 154 172 162 173 168 177 161 179 153 178 196 179 203 175 210 174 216 177 210 181 203 181 163 234 171 233 177 231 182 232 186 231 192 233 198 234 192 241 186 244 181 245 176 244 170 241 166 235 177 235 181 236 186 235 195 235 186 236 182 237 177 236
123 187 124 204 127 220 133 234 142 247 153 257 166 265 180 268 194 265 207 257 218 247 226 234 232 220 235 205 237 190 238 174 138 158 146 152 156 151 166 154 174 159 192 159 201 155 211 154 220 155 227 161 183 174 183 186 184 198 184 210 171 217 177 219 183 220 188 219 193 217 148 175 155 172 162 173 168 178 161 179 154 179 196 179 203 175 210 175 216 178 211 181 203 181 163 234 171 232 177 231 182 232 187 231 192 233 198 234 192 240 186 243 181 244 176 243 170 240 166 234 177 235 181 236 186 235 195 235 186 236 181 237 177 236
123 185 125 202 129 219 135 233 144 246 155 256 167 264 180 267 194 265 206 256 216 246 225 234 230 220 234 205 237 190 238 174 138 158 146 152 155 151 165 154 174 159 192 159 201 155 211 154 220 155 227 161 183 174 183 186 183 198 183 210 171 217 177 219 182 220 188 219 193 217 148 175 154 173 162 173 168 178 161 179 154 179 196 179 203 175 210 175 216 178 210 181 203 181 163 234 171 232 177 231 182 232 186 231 192 232 198 234 191 240 186 243 181 244 176 243 170 240 166 234 177 235 181 236 186 235 195 234 186 236 181 237 177 236
123 187 124 204 127 220 133 234 142 247 153 257 166 265 180 267 195 264 207 256 217 246 226 234 231 220 235 205 237 190 238 175 138 158 146 152 156 151 166 154 174 159 192 159 201 155 211 154 220 155 227 161 183 174 183 186 184 198 184 210 171 217 177 219 183 220 188 219 193 217 148 175 154 173 162 174 168 178 161 179 154 179 196 179 203 176 210 176 216 178 210 182 203 182 163 233 171 232 178 231 182 233 186 231 192 233 198 233 191 240 186 242 181 243 176 242 170 239 166 234 177 235 181 236 186 235 195 234 186 236 181 237 177 236
123 187 124 203 127 219 133 233 142 245 153 255 166 263 180 266 194 263 206 255 216 245 225 233 231 219 234 204 237 189 238 174 139 157 146 152 156 151 166 154 174 159 191 159 200 155 210 154 219 155 226 161 183 174 183 186 184 198 184 210 171 217 177 219 182 220 188 219 193 217 148 175 155 173 162 174 168 178 161 179 154 179 196 179 203 176 210 176 216 178 210 181 203 182 162 232 171 232 177 231 181 232 186 231 192 232 198 232 191 239 186 241 181 242 177 241 170 239 165 233 177 235 181 236 186 235 195 233 186 235 181 236 177 235
123 185 124 201 126 217 132 232 141 244 153 255 166 262 180 265 195 262 207 254 217 244 225 232 231 218 234 203 237 188 238 173 138 158 146 152 156 151 166 154 174 159 191 159 201 155 210 154 220 155 227 161 183 174 183 186 183 198 184 210 171 217 177 218 182 220 188 219 193 217 148 175 154 173 162 174 168 178 161 179 154 179 196 179 203 175 210 175 216 178 210 181 203 182 162 231 171 232 177 231 181 232 186 231 191 232 199 232 191 238 186 240 181 241 176 240 170 238 165 232 177 235 181 235 186 235 196 232 186 235 181 235 177 235
123 186 124 203 126 219 132 233 141 246 153 256 166 263 180 265 195 263 207 255 218 245 226 233 232 219 234 203 237 188 238 173 138 158 146 152 156 151 165 153 174 159 191 160 200 155 210 153 220 155 227 161 183 174 183 186 183 198 184 210 171 217 177 219 182 220 188 219 193 217 147 175 154 173 162 174 168 178 161 180 154 179 196 179 203 176 210 175 216 178 210 182 203 182 162 231 171 231 177 230 182 232 187 230 192 231 199 231 192 237 186 239 181 240 176 240 170 237 164 232 177 234 181 235 186 234 196 232 186 234 181 235 177 234
123 187 124 203 127 219 133 233 142 245 153 255 166 262 180 264 194 262 207 254 217 244 226 232 231 219 235 204 237 189 238 174 139 158 147 152 156 151 166 154 174 159 192 160 201 155 210 153 219 155 226 160 183 174 183 186 184 198 184 210 171 217 177 219 182 220 188 219 193 217 148 175 155 173 162 174 168 178 161 180 154 179 196 179 203 176 210 175 216 178 210 182 203 182 162 231 171 231 177 230 182 232 186 230 192 231 199 231 192 237 186 239 181 240 177 239 170 237 165 232 177 234 181 235 186 234 196 232 186 234 181 235 177 234
123 187 124 203 127 219 132 234 142 246 153 255 166 262 181 265 195 262 207 254 218 244 226 232 231 218 234 203 237 188 238 173 138 158 146 152 156 151 165 153 174 159 191 159 201 155 210 153 220 155 227 161 183 174 183 186 184 198 184 210 171 217 177 218 183 220 188 218 193 216 147 175 154 173 162 174 168 178 161 180 154 179 196 179 203 176 210 175 216 178 211 182 203 182 162 231 170 231 177 230 181 231 186 230 192 231 199 231 192 236 186 239 181 239 177 239 170 237 165 232 177 234 181 235 186 234 196 232 186 234 181 234 177 234
123 185 125 201 128 217 134 232 143 244 154 254 166 262 181 264 194 262 206 253 217 243 226 232 231 218 234 203 237 188 238 173 137 158 145 152 155 151 165 154 174 159 191 159 200 155 210 154 220 155 226 161 183 175 183 187 183 198 183 210 171 216 177 218 182 219 188 218 193 216 147 175 154 173 162 173 168 178 161 179 153 179 196 179 203 175 210 175 216 178 210 181 203 181 161 231 170 231 177 230 181 231 186 230 192 231 199 231 192 237 186 239 182 240 177 239 170 237 164 232 177 234 181 235 186 234 196 232 186 234 182 234 177 234
123 185 125 201 128 217 134 232 143 244 154 254 166 262 180 264 194 262 206 253 217 244 225 232 231 218 234 204 237 188 238 173 138 158 146 152 155 151 165 154 174 159 191 160 200 156 210 154 220 155 226 161 183 174 183 187 183 198 183 211 171 216 176 218 182 220 187 218 192 216 147 175 154 173 162 173 168 178 161 179 153 179 196 179 202 176 210 175 216 178 210 181 203 181 161 231 170 231 177 230 181 231 186 230 191 231 199 231 191 236 186 239 181 239 176 239 170 237 164 232 176 233 181 234 186 234 196 232 186 233 181 234 177 234
123 187 124 204 127 219 132 234 141 246 153 255 166 263 181 265 195 262 207 254 218 244 226 232 231 219 234 204 237 189 238 174 138 158 146 152 156 151 166 154 174 159 191 159 200 155 210 153 219 155 226 160 183 174 183 186 184 198 184 210 171 216 177 218 182 220 188 218 193 216 147 175 154 173 162 174 168 178 161 179 153 179 195 179 203 176 210 175 216 178 210 182 203 182 161 231 170 231 177 230 181 231 186 230 192 231 200 231 192 236 186 238 181 239 176 239 169 236 164 232 177 234 181 234 186 234 197 231 186 233 181 234 177 233
123 186 124 203 126 218 132 233 142 245 153 255 166 262 181 265 195 262 207 254 218 244 226 232 231 219 234 204 237 188 238 173 138 158 146 152 156 151 166 154 174 159 191 159 200 155 210 154 219 155 226 160 183 174 183 186 183 198 184 210 171 217 177 218 182 220 188 218 193 217 147 175 154 173 162 174 168 178 161 179 153 179 195 179 203 176 210 175 216 178 210 182 203 182 161 231 170 231 177 230 181 231 186 230 192 231 200 230 192 236 186 238 181 239 176 238 170 236 164 232 177 233 181 234 186 233 197 231 186 233 181 234 177 233
123 186 124 203 126 218 132 233 141 245 153 255 166 262 181 265 195 262 207 254 217 244 226 232 231 218 234 203 236 188 238 172 138 157 146 152 156 152 166 154 174 159 190 160 200 156 209 154 219 155 226 161 183 174 183 186 183 198 184 210 171 216 177 218 182 220 188 218 193 217 147 175 154 173 161 174 168 178 161 179 153 179 195 179 202 175 210 175 216 178 210 181 203 181 161 231 170 231 177 230 181 231 186 230 192 231 200 230 192 236 186 238 181 239 176 239 170 236 164 231 177 233 181 234 186 233 197 231 186 233 181 234 177 234
123 185 124 202 126 217 132 232 141 244 153 254 166 261 180 264 194 261 206 253 217 244 226 232 231 218 234 203 236 188 237 172 138 158 146 152 156 152 166 154 174 159 190 160 199 156 209 154 218 155 225 161 182 174 183 186 183 198 184 210 171 217 177 218 182 220 187 218 193 217 147 175 154 173 161 174 168 178 161 179 153 179 195 179 202 176 209 176 215 178 210 181 202 181 161 230 170 231 177 230 181 231 186 230 192 231 199 230 192 236 186 238 181 239 176 238 169 236 164 231 176 233 181 234 186 233 197 231 186 233 181 234 176 233
123 187 124 203 127 219 132 233 142 245 153 254 166 262 180 264 194 261 206 253 217 244 226 232 231 218 235 203 237 188 238 173 139 158 147 152 156 152 166 154 175 160 190 160 199 156 209 154 218 155 225 161 182 174 183 186 183 198 183 210 171 217 176 218 182 220 187 219 193 217 147 175 154 173 161 174 168 178 161 179 153 179 195 179 202 176 210 176 215 178 210 181 203 181 161 230 170 231 177 230 181 231 186 230 192 231 199 230 192 236 186 238 180 239 176 238 169 236 164 231 176 233 181 234 186 233 197 231 186 233 181 234 176 233
123 188 124 204 127 220 133 234 142 246 154 256 167 262 181 265 195 262 207 255 218 245 226 233 231 219 234 204 237 189 238 173 139 158 147 153 156 152 166 155 175 160 190 160 199 156 209 155 218 156 225 162 183 174 183 186 183 198 184 210 171 217 177 219 182 220 188 219 193 217 148 175 154 173 162 174 168 178 161 179 154 179 195 179 202 176 210 176 216 178 210 181 203 181 161 230 170 231 177 230 181 231 186 230 192 231 200 230 192 236 186 238 181 239 176 238 169 236 164 231 176 233 181 234 186 233 197 231 186 233 181 234 176 233
123 186 125 202 128 218 134 233 143 244 154 254 167 262 180 264 194 262 206 254 217 244 225 233 231 219 234 205 237 189 238 174 138 158 146 153 156 152 165 155 174 160 191 160 200 156 210 155 219 156 226 162 183 175 183 187 183 199 183 211 171 216 176 218 182 220 187 218 192 216 147 175 154 173 161 174 168 178 161 179 153 179 196 179 203 176 210 176 216 178 210 181 203 181 161 231 170 231 177 230 181 231 186 230 192 231 200 231 192 236 186 238 181 239 176 239 170 237 164 232 177 233 181 234 186 233 197 232 186 233 181 234 177 233
123 187 124 204 126 220 132 234 142 246 153 256 166 263 180 265 195 262 207 255 218 245 226 233 232 219 235 204 237 189 238 173 139 158 146 152 156 152 166 155 175 160 191 160 200 156 209 155 219 156 226 161 183 174 183 186 183 198 184 210 171 217 177 219 182 220 188 219 193 217 147 175 154 173 162 174 168 178 161 179 154 179 196 179 203 176 210 176 216 178 210 182 203 182 161 231 170 231 177 230 181 231 186 230 192 231 200 231 192 236 186 238 181 238 176 238 169 236 164 231 176 233 181 234 186 233 197 231 186 233 181 234 176 233
123 187 124 203 126 219 132 234 142 246 154 255 167 262 181 265 195 262 207 254 218 244 226 232 232 218 235 203 237 188 238 172 138 158 146 153 156 152 166 155 175 160 191 160 200 156 210 155 219 156 226 161 183 174 183 186 184 198 184 210 171 217 177 218 183 220 188 219 193 217 147 175 154 173 162 174 168 178 161 179 153 179 196 179 203 176 210 176 216 178 211 181 203 181 161 231 170 231 177 230 182 231 187 230 193 231 200 230 192 235 187 238 181 238 176 238 169 236 164 231 177 233 181 234 187 233 197 231 187 233 181 234 177 233
122 186 123 202 126 218 132 233 141 245 153 255 166 262 181 264 195 262 207 253 218 244 226 232 232 218 235 203 237 188 238 172 139 158 146 152 156 152 166 154 175 159 191 160 200 156 210 154 219 155 226 161 183 174 183 186 184 198 184 210 171 217 177 218 183 220 188 218 193 217 148 175 154 173 162 174 168 178 161 179 154 179 196 179 203 176 210 176 216 178 210 181 203 181 161 231 170 231 177 230 181 231 186 230 192 231 200 231 192 236 186 238 181 238 176 238 170 236 164 231 177 233 181 234 186 233 197 231 186 233 181 234 177 233
123 185 124 201 127 217 133 232 143 244 154 254 167 261 181 264 194 261 206 253 217 243 226 232 232 218 235 203 237 188 238 173 138 158 146 152 156 152 166 154 174 159 191 160 200 156 210 154 219 155 226 161 183 174 183 186 183 198 183 210 171 216 177 218 182 219 188 218 193 216 147 175 154 173 162 173 168 178 161 179 154 178 196 179 203 176 210 175 216 177 210 181 203 181 161 230 170 230 177 229 182 231 186 229 192 230 200 230 192 236 186 238 181 239 176 238 170 236 165 231 177 233 182 234 186 233 197 231 186 233 182 233 177 233
123 187 124 204 126 220 133 234 142 246 154 255 167 262 182 264 195 261 208 253 218 244 227 232 232 218 235 204 237 189 238 174 139 158 147 152 156 152 166 154 175 159 191 160 200 156 210 154 219 155 226 161 183 174 184 186 184 198 184 209 171 216 177 218 183 220 188 218 193 216 148 175 155 173 162 174 168 178 161 179 154 179 196 179 203 175 210 175 216 177 210 181 203 181 162 230 171 230 177 230 182 231 186 230 192 230 200 230 192 235 186 237 181 238 177 237 170 236 164 231 177 233 181 234 186 233 197 231 186 232 181 233 177 233
124 185 125 201 128 217 134 231 144 243 155 253 167 261 181 263 194 261 206 253 217 243 226 232 232 219 235 205 237 190 237 175 138 158 146 152 156 151 166 154 174 159 191 160 200 156 210 154 220 155 227 162 183 174 183 186 183 198 183 210 171 216 176 218 182 219 188 218 193 216 147 175 154 173 161 173 168 177 161 179 153 178 196 179 203 175 210 175 216 177 210 181 203 181 161 230 169 230 176 229 181 231 186 229 192 230 199 230 192 236 186 238 181 239 176 238 169 236 164 231 176 233 181 234 186 233 196 231 185 233 181 233 176 233
