125 175 127 191 130 206 136 220 145 231 155 241 168 248 182 251 195 248 207 240 218 230 226 219 231 206 234 192 236 178 236 163 139 148 146 142 155 140 165 141 174 146 190 146 199 142 208 141 217 143 224 149 182 161 182 173 182 184 182 195 171 202 176 204 182 205 187 204 192 202 148 163 154 160 162 161 168 166 161 167 154 166 195 166 201 162 209 161 214 164 209 168 202 168 161 217 170 217 177 215 181 217 186 215 192 216 200 216 192 222 186 224 181 225 176 224 170 222 164 218 177 219 181 220 186 219 197 217 186 219 181 220 177 219
126 176 128 191 130 207 136 221 144 232 155 242 168 249 182 251 196 249 208 241 219 232 227 220 232 207 234 193 236 179 236 164 139 148 146 141 156 140 165 141 174 146 190 146 199 142 209 140 218 142 224 149 182 161 182 172 182 183 182 195 171 202 177 204 182 205 187 203 193 202 148 163 155 160 162 161 168 165 161 167 154 166 195 166 202 161 209 161 215 164 209 167 202 167 162 217 171 217 177 216 182 217 186 215 193 216 200 216 193 222 187 224 182 225 177 225 170 223 165 218 177 220 182 220 186 219 198 217 187 219 182 220 177 220
126 177 128 193 131 208 136 222 145 233 156 243 168 250 182 253 195 250 207 242 218 232 226 221 231 208 234 193 236 178 237 164 140 147 147 141 156 140 166 141 174 146 190 146 199 142 208 140 217 142 224 149 182 161 182 172 183 183 183 194 171 202 177 203 182 204 188 203 193 201 149 162 155 160 162 160 168 165 162 166 154 166 195 166 202 161 209 161 215 164 209 167 202 167 163 218 171 217 178 215 182 216 187 215 193 216 200 218 193 224 187 226 182 227 177 227 171 224 166 219 177 220 182 220 186 219 197 218 187 220 182 221 178 220
126 176 128 191 131 206 136 221 145 233 155 242 168 250 181 253 195 250 207 242 218 232 226 221 231 207 234 193 236 178 237 163 140 147 147 141 157 140 166 141 174 146 190 146 199 142 209 141 218 143 225 149 182 161 182 172 183 183 183 195 172 202 177 203 182 204 187 203 193 201 149 162 155 160 162 160 168 165 162 166 154 166 195 166 202 161 209 161 215 164 209 167 202 167 163 219 171 217 178 215 182 216 186 215 192 216 199 218 192 225 187 228 182 229 177 228 171 226 166 219 177 219 182 219 186 219 196 219 186 222 182 222 178 222
126 177 128 192 131 208 137 222 145 234 156 243 168 251 182 253 195 250 207 242 218 233 226 221 232 208 235 193 237 179 238 164 140 147 147 141 157 140 166 141 175 146 190 146 199 142 209 141 219 143 225 149 183 161 183 172 183 183 183 194 172 202 177 203 182 204 188 203 193 201 149 162 155 160 163 160 169 165 162 166 155 166 196 166 202 161 209 161 215 164 209 167 202 167 163 219 171 217 178 215 182 216 187 215 192 216 199 219 192 225 187 229 182 229 177 229 171 226 167 220 177 219 182 219 186 218 195 219 187 222 182 223 177 222
127 177 129 192 132 207 137 221 146 233 157 243 168 250 182 253 195 250 207 242 218 232 226 220 231 207 235 193 237 178 238 163 140 147 147 141 157 140 166 141 175 146 190 146 199 142 209 141 218 143 225 149 183 161 183 172 183 183 183 194 172 201 177 203 182 204 188 203 193 201 149 162 155 160 163 160 169 165 162 166 155 166 196 166 202 161 209 161 215 164 210 167 203 167 164 219 172 216 178 215 182 216 187 214 193 216 199 218 193 225 187 228 182 229 177 228 171 226 167 219 178 218 182 219 187 218 196 219 187 222 182 222 178 222
127 176 129 192 132 207 138 221 147 232 157 242 169 250 182 252 195 250 207 242 218 232 226 221 232 208 235 193 237 179 238 164 140 147 147 141 156 140 166 141 174 146 190 146 200 142 209 141 219 143 225 149 183 161 183 172 183 183 183 194 171 201 177 203 182 204 188 203 193 201 149 162 155 160 163 160 169 165 162 166 155 166 196 166 202 161 209 161 215 164 210 167 202 168 164 219 171 216 178 215 182 216 187 214 192 216 199 218 192 224 187 227 182 228 177 228 171 225 167 219 178 218 182 219 187 218 196 219 187 221 182 222 178 221
127 176 129 191 132 206 137 220 146 232 157 241 168 249 182 252 196 249 208 241 218 231 227 220 232 207 236 192 238 178 238 163 140 147 147 141 157 139 166 141 174 146 191 146 200 142 209 140 218 143 225 149 183 161 182 172 183 183 183 194 172 201 177 203 182 204 188 203 193 201 149 162 156 160 163 160 169 165 162 166 155 166 196 166 202 161 209 161 215 164 210 168 202 168 164 218 171 216 178 215 182 216 187 214 193 216 200 217 192 223 187 226 182 227 177 226 171 224 167 219 177 218 182 219 187 218 196 218 187 220 182 220 177 220
127 176 129 192 132 207 138 221 146 232 157 241 168 249 182 252 195 249 207 241 218 232 227 221 232 208 236 193 238 179 238 164 140 147 147 141 157 139 166 141 175 146 191 146 200 142 210 140 219 143 226 149 183 160 183 172 183 183 183 194 172 201 177 203 182 204 188 203 193 201 149 162 156 159 163 160 169 165 162 166 155 166 196 166 202 161 209 161 215 164 210 167 203 167 164 218 171 216 178 214 182 215 187 214 193 216 200 217 192 222 187 225 182 226 177 225 171 223 167 218 177 218 182 219 186 218 197 218 187 219 182 220 177 219
127 176 129 191 132 206 137 220 146 231 157 241 169 249 182 252 196 249 208 241 218 232 227 220 232 207 235 193 237 178 238 164 140 147 147 141 157 139 166 141 175 146 190 146 200 142 210 140 219 143 226 149 183 160 183 172 183 183 183 194 172 201 177 202 182 204 188 202 193 201 149 162 156 159 163 160 169 165 162 166 155 166 196 166 202 161 209 161 215 164 210 167 203 167 164 218 171 216 178 214 182 215 187 214 193 216 200 217 193 222 187 225 182 226 177 225 171 223 167 218 178 218 182 219 187 218 197 218 187 219 182 220 178 219
127 176 129 191 132 207 138 220 146 232 157 242 169 249 182 252 195 249 207 242 218 232 227 221 232 208 235 193 237 179 238 164 140 147 147 141 156 139 166 141 175 146 190 146 199 141 209 140 219 142 225 149 182 160 182 171 183 182 183 194 172 201 177 202 182 204 188 202 193 201 149 162 156 159 163 160 169 164 162 166 155 165 196 165 202 161 209 161 215 164 210 167 203 167 163 218 171 216 178 214 182 215 187 214 192 216 199 217 192 223 187 226 182 227 177 226 171 224 167 218 178 218 182 219 187 218 196 218 187 219 182 220 177 220
127 176 129 192 132 207 138 220 146 232 157 242 168 250 182 252 195 250 207 242 218 232 227 221 232 208 236 193 238 179 239 164 140 146 147 140 157 139 166 140 175 145 190 145 200 141 209 140 219 142 225 148 182 160 182 171 182 182 182 194 171 200 177 202 182 203 187 202 193 200 149 162 155 159 163 159 169 164 162 166 155 165 196 165 202 161 209 161 215 164 210 167 202 167 164 218 171 215 178 214 182 215 186 213 192 216 199 218 192 224 186 227 181 228 177 228 171 225 167 219 177 218 182 218 186 218 196 218 186 221 182 221 177 221
127 175 129 191 132 206 138 220 147 232 157 242 168 250 181 252 195 250 206 242 217 232 226 220 232 207 236 193 238 178 239 163 140 147 147 140 156 139 166 140 174 145 190 145 199 141 209 139 219 142 225 148 182 160 182 171 182 182 182 194 171 200 176 202 182 203 187 202 193 200 149 162 155 159 163 160 169 164 162 166 155 165 196 165 202 161 209 160 215 163 210 167 202 167 164 218 171 215 177 213 181 215 186 213 192 215 199 218 192 224 186 228 181 228 177 228 171 225 167 219 177 218 181 218 186 217 195 218 186 221 181 221 177 221
128 175 129 190 132 205 138 219 146 231 157 241 168 249 181 252 195 249 207 241 218 232 227 220 233 207 236 193 238 178 239 163 140 146 147 141 156 139 165 140 174 145 190 145 199 141 209 140 218 142 225 148 182 160 182 171 182 182 181 193 171 201 176 202 181 203 187 202 192 200 149 162 155 159 162 160 168 164 162 166 155 165 195 165 202 161 209 161 215 163 209 167 202 167 164 218 171 216 177 214 181 216 186 214 191 216 198 218 191 224 186 227 181 228 177 227 171 224 167 219 177 219 181 219 186 218 195 218 186 220 181 221 177 220
128 176 129 191 132 206 138 220 147 231 157 241 168 249 181 252 195 249 207 241 218 232 227 221 233 208 236 193 238 178 239 163 140 146 147 140 156 139 165 140 174 145 190 145 199 141 209 139 218 142 225 148 182 160 182 171 182 182 182 193 171 201 176 203 181 204 187 203 192 201 149 162 155 159 162 160 168 164 162 166 154 165 195 165 202 161 209 161 215 164 209 167 202 167 164 219 171 217 177 216 181 217 185 216 191 217 198 218 191 224 185 226 181 227 177 227 171 224 167 219 177 220 181 220 185 220 195 219 185 220 181 221 177 220
128 174 129 190 132 205 138 219 146 231 156 241 167 249 181 252 195 249 207 241 218 232 227 220 233 207 237 193 238 178 239 163 140 147 146 141 156 139 165 141 174 145 189 145 199 141 209 140 218 142 225 149 181 160 181 172 181 183 181 194 170 201 175 203 181 205 186 203 192 201 149 162 155 159 162 160 168 164 162 166 154 165 195 165 202 161 209 161 215 164 209 167 202 167 164 219 171 217 177 216 181 217 185 216 191 217 198 219 191 224 185 227 180 228 176 227 170 225 167 219 176 220 180 221 185 220 195 219 185 220 180 221 176 221
128 176 129 191 132 206 138 220 147 232 157 242 168 250 181 252 195 249 207 241 218 232 227 221 233 207 236 193 238 178 239 163 139 147 146 141 156 139 165 141 173 145 189 145 199 141 208 140 218 142 225 149 181 160 181 172 181 183 181 194 171 201 176 203 181 204 186 203 192 201 148 162 155 159 162 160 168 165 161 166 154 166 195 165 201 161 209 161 215 164 209 167 202 167 163 219 171 217 177 216 181 217 185 215 191 217 198 218 191 224 185 227 181 228 176 227 170 225 166 219 177 220 181 221 185 220 195 219 185 220 181 221 176 221
128 175 129 191 132 206 138 220 146 232 157 242 168 250 181 253 195 250 207 242 218 232 227 220 233 207 236 193 238 178 239 163 140 147 146 141 155 139 165 141 173 146 189 145 198 141 208 140 217 142 224 148 181 161 181 172 181 183 181 194 170 201 175 203 181 204 186 203 192 201 148 162 154 160 162 160 168 165 161 166 154 166 195 165 201 161 208 161 214 164 209 167 201 167 163 219 170 217 176 215 180 216 185 215 191 217 198 218 191 225 185 228 180 228 175 228 170 225 166 219 176 219 180 220 185 219 195 219 185 221 180 222 176 221
128 176 130 192 133 206 138 220 146 232 156 242 167 250 181 253 194 250 207 242 218 232 227 221 232 208 236 193 238 178 239 163 139 147 146 141 155 139 164 141 172 146 189 145 198 141 207 140 217 142 224 149 181 161 180 172 180 183 180 195 170 201 175 203 180 204 186 203 191 201 148 162 154 160 161 160 167 165 161 166 154 166 194 165 201 161 208 161 214 164 209 167 201 167 162 218 169 216 176 214 180 216 185 214 191 216 198 218 191 224 185 227 180 228 175 227 169 225 165 218 176 218 180 219 185 218 195 218 185 221 180 221 175 221
129 176 130 191 133 206 137 220 146 232 156 242 167 250 181 253 195 250 207 242 219 232 227 220 233 207 236 192 238 177 239 162 139 147 146 141 155 139 164 141 172 146 189 145 198 141 208 140 217 142 224 149 181 161 180 172 180 183 180 195 170 201 175 203 180 204 186 203 191 201 148 162 154 160 161 160 167 165 161 166 154 166 194 165 201 161 208 161 214 164 208 167 201 167 162 217 169 216 176 214 180 216 185 214 191 216 198 217 191 224 185 226 180 227 175 227 169 224 165 218 175 218 180 219 185 218 195 218 185 220 180 221 176 220
128 177 130 192 132 207 137 221 146 232 156 243 167 251 180 253 194 251 206 243 217 233 227 222 233 209 236 194 238 178 239 163 139 147 146 141 154 139 164 141 172 146 188 146 197 141 207 140 217 142 224 149 180 161 180 172 180 183 180 195 169 201 175 203 180 204 185 203 191 201 148 162 154 160 161 160 167 165 161 166 153 166 194 166 201 161 208 161 214 164 208 167 201 167 161 217 169 216 176 214 180 216 185 214 191 216 199 217 191 224 185 226 180 227 175 227 168 224 164 218 175 218 180 219 185 218 196 218 185 220 180 220 175 220
129 177 130 192 133 208 138 221 146 233 155 244 167 252 181 255 195 252 207 243 218 233 227 222 233 208 236 193 238 178 239 163 139 147 146 141 155 139 164 141 172 146 188 146 197 142 207 140 217 142 224 149 180 161 180 172 180 183 179 194 169 201 174 203 180 204 185 203 191 201 148 162 154 160 161 160 167 165 161 166 153 166 194 165 201 161 208 161 214 164 208 167 201 167 161 217 169 216 175 214 180 215 185 214 191 216 199 217 191 225 185 228 180 229 175 229 168 226 164 218 175 219 180 219 184 218 196 218 185 221 180 222 175 221
128 177 130 192 133 208 138 222 146 234 156 244 167 252 181 255 195 253 207 244 218 234 227 222 233 209 236 194 238 178 239 163 139 148 145 141 154 139 163 141 172 146 188 146 197 141 207 140 217 142 224 149 180 161 179 172 179 183 179 194 169 201 174 203 179 204 185 203 190 201 148 162 154 160 161 160 167 165 160 166 153 166 194 166 201 161 208 161 214 164 208 167 201 167 161 218 169 216 175 215 180 216 184 214 191 216 199 217 191 225 185 229 180 230 175 229 169 227 164 219 175 219 180 220 184 219 196 218 185 221 180 222 175 222
129 176 130 191 133 207 138 221 146 233 156 243 167 251 181 254 195 251 207 243 219 233 228 221 234 208 237 193 239 178 240 163 139 148 146 141 155 140 164 141 172 146 188 146 197 142 207 140 217 142 224 149 180 161 179 172 179 183 179 195 169 201 174 203 179 204 185 203 190 201 148 163 154 160 161 161 167 165 161 166 153 166 194 166 201 162 208 161 214 164 208 167 201 167 162 218 169 217 175 215 180 216 184 215 190 216 198 217 191 224 185 228 180 228 175 228 169 225 165 219 175 219 180 220 184 219 195 218 184 221 180 222 175 221
129 177 131 192 133 207 138 221 146 232 156 243 168 251 182 253 196 251 209 243 220 233 229 221 235 208 237 193 239 178 240 163 140 147 146 141 155 139 164 141 172 146 188 146 197 142 207 140 217 142 224 149 180 161 180 172 179 183 179 195 169 201 174 203 180 205 185 203 191 201 148 163 154 160 161 160 167 165 161 166 153 166 195 166 201 161 208 161 214 164 208 167 201 167 162 218 169 217 176 215 180 216 185 215 191 216 200 217 191 223 185 226 180 227 175 226 169 224 165 219 175 219 180 220 185 219 196 218 185 220 180 221 176 220
129 177 131 192 133 207 138 220 146 232 156 243 168 251 182 254 196 251 209 243 220 233 229 221 235 208 238 193 239 178 240 163 140 147 146 141 155 139 164 141 172 146 188 146 197 142 207 140 217 142 225 149 180 161 180 172 179 183 179 195 169 201 174 203 179 205 185 203 191 201 148 162 154 160 161 160 167 165 161 166 154 166 195 166 201 161 208 161 214 164 208 167 201 167 162 218 169 217 175 215 180 216 185 215 191 216 199 217 191 224 185 226 180 227 175 226 169 224 165 219 175 219 180 220 185 219 195 218 185 220 180 221 175 220
130 176 131 191 134 207 138 221 146 233 156 243 168 251 182 254 196 251 209 243 221 233 229 221 235 207 238 193 239 178 240 162 140 148 146 141 155 139 164 141 172 146 188 145 198 141 208 140 218 143 225 149 180 161 180 172 180 183 180 194 170 201 175 203 180 204 186 203 191 201 148 162 155 160 162 160 168 165 161 166 154 166 195 166 201 162 208 161 214 164 209 167 201 167 162 218 170 217 176 215 181 216 185 215 191 216 199 218 192 224 186 227 181 228 176 227 170 225 166 219 176 219 180 220 185 219 196 218 186 220 181 221 176 220
130 176 131 191 134 206 139 220 147 232 157 243 168 251 182 254 196 251 208 243 219 233 228 221 234 208 238 193 240 178 241 163 140 147 147 141 156 139 165 141 173 146 189 146 198 141 208 140 218 142 225 149 181 161 180 172 180 183 180 195 170 201 175 203 180 205 186 203 191 201 149 163 155 160 162 160 168 165 162 166 154 166 195 166 202 161 209 161 215 164 209 168 202 168 163 218 170 217 176 215 181 216 185 215 192 216 199 217 192 224 186 227 181 228 176 227 170 225 166 219 176 219 181 220 185 219 196 218 186 220 181 221 176 220
130 176 132 191 134 206 139 220 147 232 157 242 169 251 182 254 196 251 208 243 219 233 229 222 234 209 238 194 240 179 241 163 140 147 147 141 156 139 165 141 173 146 189 146 198 141 209 140 219 142 226 149 181 160 181 172 180 183 180 195 170 201 175 203 180 205 186 203 192 201 149 162 155 160 162 160 168 165 162 166 154 166 195 166 202 161 209 161 215 164 209 167 202 167 163 218 170 216 176 215 181 216 186 214 192 216 200 218 192 224 186 227 181 228 176 227 170 225 166 219 176 219 181 219 186 218 196 218 186 220 181 220 176 220
130 176 132 191 135 206 140 220 147 232 157 242 169 251 183 253 197 251 210 242 221 232 230 220 235 207 238 192 240 177 241 162 141 147 147 141 156 139 165 141 173 145 189 145 198 141 209 140 219 143 226 149 181 161 181 172 180 183 180 195 170 201 175 203 181 204 186 203 192 201 149 162 155 160 162 160 168 165 162 166 155 166 195 166 202 161 209 161 215 164 209 167 202 167 164 218 170 216 176 214 181 216 186 214 192 216 200 217 193 224 187 228 181 229 176 228 170 225 167 219 176 219 181 219 186 218 196 218 186 220 181 221 176 221
130 177 132 192 135 206 139 220 147 232 157 243 168 251 182 254 196 251 208 243 220 233 229 221 235 208 238 193 240 178 241 163 140 147 147 141 156 139 165 141 173 146 189 145 199 141 209 140 219 142 226 149 181 161 181 172 181 183 180 195 170 201 175 203 181 204 186 203 192 201 149 162 155 159 162 160 168 165 162 166 155 165 196 166 202 161 209 161 215 164 210 167 202 167 163 218 170 216 176 214 181 215 186 214 192 216 199 218 192 225 186 229 181 229 176 229 170 226 166 219 176 218 181 219 186 218 195 219 186 221 181 222 176 221
130 176 132 191 134 206 139 220 147 233 157 243 168 251 182 254 196 251 209 243 220 233 229 221 235 208 238 193 240 178 241 162 141 147 147 141 156 139 165 141 173 146 190 145 199 141 209 140 219 143 226 149 182 161 181 172 181 183 181 194 171 201 176 203 181 204 187 203 192 201 149 162 156 160 163 160 169 165 162 166 155 166 196 166 202 161 209 161 216 164 210 167 203 167 163 218 170 216 177 214 181 215 186 214 192 216 199 218 192 226 186 229 181 230 176 229 170 226 166 219 176 218 181 219 186 218 196 219 186 222 181 222 176 222
131 175 132 190 135 205 139 219 147 231 157 242 168 251 182 253 196 251 209 242 220 232 229 220 235 207 238 192 240 177 241 162 141 147 147 141 156 139 165 141 173 146 190 145 199 141 209 140 219 142 226 149 182 161 181 172 181 183 181 195 171 201 176 203 181 204 186 203 192 201 149 162 156 160 163 160 169 165 162 166 155 166 196 166 202 161 209 161 215 164 210 167 202 167 163 217 170 216 176 215 181 216 185 215 192 216 199 217 192 224 186 227 181 228 176 227 170 225 166 218 176 219 181 220 185 219 196 218 186 221 181 222 176 221
130 175 131 190 134 205 139 219 147 231 156 242 168 250 182 253 196 250 209 242 220 232 229 221 235 207 238 193 240 178 241 163 141 147 147 141 156 139 165 141 173 146 189 146 199 141 209 140 219 142 226 149 181 161 181 172 181 183 180 194 171 201 176 203 181 204 186 203 192 201 149 162 155 160 162 160 169 165 162 166 154 166 196 166 202 161 209 161 215 164 210 167 202 167 162 216 170 216 176 215 181 216 185 215 192 216 200 216 192 223 186 226 181 226 176 226 170 223 165 217 176 219 181 220 185 219 197 217 185 220 181 220 176 220
130 175 131 190 134 205 139 219 147 231 157 242 168 250 182 253 196 250 209 242 220 231 229 220 235 207 238 192 240 177 240 162 141 147 147 140 156 139 165 141 173 146 189 146 198 141 208 140 218 142 225 148 181 161 181 172 181 183 180 194 170 201 176 203 181 204 186 203 192 201 149 162 155 160 162 160 168 165 162 166 154 166 195 165 202 161 209 161 215 164 209 167 202 167 162 216 170 216 177 215 181 216 186 215 192 216 200 216 192 222 186 226 181 226 176 226 170 223 165 217 176 219 181 220 186 219 197 217 186 219 181 220 176 219
130 175 131 190 134 205 139 219 147 231 157 242 168 250 182 253 195 251 208 242 219 232 228 220 234 207 237 193 239 178 240 163 141 147 147 141 156 139 165 141 173 146 189 145 198 141 208 140 218 142 225 149 181 160 181 172 181 183 180 194 170 201 175 202 180 204 186 203 192 201 149 162 155 159 162 160 168 165 161 166 154 166 195 165 202 161 209 161 215 164 209 167 202 167 162 217 169 216 176 214 180 216 185 214 192 216 199 217 192 224 185 227 180 228 175 227 169 224 165 218 176 219 180 220 185 219 196 218 185 220 180 221 176 220
130 176 132 191 134 206 139 220 147 232 157 243 168 251 182 254 196 251 208 243 219 233 228 221 234 208 237 193 239 178 240 163 140 147 147 141 156 139 165 141 173 146 189 145 198 141 208 140 218 142 225 149 181 160 181 172 181 183 180 194 170 201 175 203 181 204 186 202 192 201 149 162 155 160 162 160 168 165 161 166 154 166 195 165 202 161 209 161 215 164 209 167 202 167 162 217 170 216 176 214 181 215 185 214 191 215 199 217 192 224 185 227 180 228 176 227 169 225 165 218 176 218 180 219 185 218 196 218 185 220 181 221 176 221
130 177 131 192 134 207 139 221 146 233 156 243 168 251 182 254 195 251 208 243 219 233 228 221 234 208 237 193 239 178 240 163 140 147 147 140 155 139 165 141 173 146 189 145 198 141 208 140 218 142 225 149 181 160 181 172 180 183 180 195 170 201 175 203 180 204 186 203 192 201 149 162 155 159 162 160 168 165 161 166 154 165 195 165 201 161 209 161 215 164 209 167 202 167 162 217 169 215 176 214 180 215 185 214 192 215 200 217 192 224 186 227 180 228 175 227 169 225 165 218 176 218 180 219 185 218 196 217 185 221 180 221 176 221
129 177 131 192 134 207 139 221 146 233 156 243 168 251 182 253 195 250 208 242 219 232 228 221 233 208 237 193 239 178 240 163 140 147 147 141 155 139 164 141 172 146 189 146 198 141 208 140 218 142 225 149 181 161 180 172 180 183 180 194 170 201 175 203 180 204 186 203 191 201 148 162 155 160 162 160 168 165 161 166 154 166 195 165 201 161 208 161 215 164 209 167 202 167 161 217 169 215 176 214 180 215 185 214 191 215 200 217 192 223 185 226 180 227 175 227 169 224 165 218 176 218 180 219 185 218 196 217 185 220 180 221 176 220
129 177 131 192 133 207 138 220 145 232 156 242 167 250 181 252 195 250 208 242 219 232 228 221 234 208 237 193 239 178 240 163 140 147 146 141 155 139 164 141 172 146 189 145 198 141 208 140 217 142 224 149 181 161 180 172 180 183 180 194 170 201 175 203 180 204 186 203 191 201 149 162 155 160 162 160 168 165 161 166 154 166 195 166 201 161 208 161 214 164 209 167 202 167 162 217 170 215 176 214 181 215 185 214 191 215 200 216 192 223 185 226 180 227 175 226 169 224 165 217 176 218 180 219 185 218 196 217 185 219 181 220 176 220
129 177 131 192 133 207 138 220 146 232 156 242 167 250 181 253 195 250 207 242 219 232 228 221 234 208 237 193 239 178 240 163 140 147 146 141 155 139 164 141 172 146 189 146 198 142 207 140 217 142 224 149 180 161 180 172 180 183 180 195 170 201 175 203 180 204 186 203 191 201 148 162 154 160 161 161 168 165 161 167 154 166 194 166 201 161 208 161 214 164 208 167 201 168 161 217 169 215 176 214 180 215 185 214 192 215 200 217 192 224 185 227 180 227 175 227 169 224 164 218 176 218 180 219 185 218 196 217 185 220 180 221 176 220
129 177 131 192 134 207 139 221 147 233 157 243 168 251 181 254 195 251 207 242 219 233 228 221 233 208 237 194 239 179 240 163 140 148 146 141 155 139 164 141 172 146 188 146 198 141 208 140 217 143 224 149 180 161 180 172 180 183 180 195 170 202 175 203 180 204 186 203 191 201 148 163 154 160 161 161 168 165 161 167 154 166 195 166 201 162 208 161 214 164 208 167 201 168 161 217 169 216 176 214 180 215 185 214 191 216 199 217 192 224 185 227 180 228 175 227 169 225 165 218 175 218 180 219 185 218 196 217 185 220 180 221 175 221
129 177 131 192 133 207 138 221 146 233 156 243 168 251 181 253 195 251 208 243 219 233 228 221 234 208 237 194 239 179 240 164 140 147 147 141 155 139 164 141 172 146 188 146 198 142 208 140 217 143 225 149 180 161 180 172 180 183 180 195 170 202 175 203 180 204 186 203 191 201 148 163 154 160 161 161 167 165 161 167 154 166 195 166 201 162 208 161 214 164 208 167 201 167 162 217 169 216 176 215 180 216 185 214 191 216 200 217 192 223 185 226 180 227 175 227 169 225 165 218 176 219 180 219 185 218 196 218 185 220 180 221 176 221
129 176 131 191 133 206 138 220 146 232 156 242 167 250 181 253 196 250 209 242 220 232 229 220 234 207 237 193 239 178 240 163 140 147 146 141 155 139 164 141 172 146 188 146 198 142 208 140 218 143 225 149 180 161 180 172 180 184 180 195 170 202 175 203 180 204 186 203 191 201 148 163 154 160 161 161 168 165 161 167 154 166 195 166 201 162 208 161 215 164 209 167 202 168 162 217 170 216 176 215 180 216 185 215 191 216 200 216 191 223 185 225 180 226 176 226 169 224 165 218 176 219 180 220 185 219 196 217 185 220 180 220 176 220
129 176 131 191 133 206 138 219 146 231 156 241 167 249 181 252 196 250 209 242 220 232 229 220 235 207 237 193 239 178 240 163 140 147 147 141 155 140 164 141 172 146 189 146 198 142 208 140 218 143 225 149 181 161 180 173 180 184 180 195 170 202 175 203 180 205 186 203 191 202 149 163 155 160 162 161 168 165 161 167 154 166 195 166 201 162 208 161 215 164 209 168 202 168 161 217 169 216 176 215 180 216 185 215 191 216 200 216 192 222 185 224 180 225 175 225 169 223 164 217 176 219 180 220 185 219 197 217 185 219 180 220 176 219
129 176 131 191 133 206 138 219 145 231 156 241 167 249 181 251 196 249 209 241 220 232 229 220 234 207 237 193 239 178 240 163 140 147 147 141 155 139 164 141 173 146 189 146 198 142 208 140 218 143 225 149 181 161 181 172 180 183 180 195 170 202 175 203 181 205 186 203 191 202 149 163 155 160 162 161 168 165 161 167 154 166 195 166 201 162 209 162 215 165 209 168 202 168 161 216 170 216 176 215 181 216 186 215 192 215 201 216 192 221 186 224 181 224 176 224 169 222 164 217 176 219 181 220 186 219 198 216 186 219 181 220 176 219
130 176 131 191 133 206 138 219 146 231 156 241 168 248 182 251 196 249 209 241 220 232 229 220 234 207 237 193 239 178 240 163 140 147 147 141 156 140 165 141 173 146 189 146 198 142 208 140 218 143 225 149 181 161 181 173 181 184 181 195 171 202 176 203 181 205 186 203 192 202 149 163 155 160 162 161 168 166 162 167 154 166 195 166 202 162 209 162 215 165 209 168 202 168 161 216 170 216 177 215 181 216 186 215 192 215 201 215 192 221 186 223 181 224 176 224 170 222 164 217 176 219 181 220 186 219 198 216 186 219 181 219 176 219
130 175 131 190 134 205 138 219 146 230 156 240 168 248 182 251 196 248 209 241 220 231 229 220 235 207 238 193 240 178 241 163 141 147 147 141 156 140 165 141 173 146 190 146 199 142 209 140 219 143 225 149 181 161 181 173 181 184 181 195 171 202 176 204 181 205 187 203 192 202 149 163 155 160 163 161 169 166 162 167 155 166 196 166 202 162 209 162 215 165 210 168 202 168 162 215 170 216 177 215 181 216 186 215 192 215 201 215 192 221 186 223 181 224 176 224 170 221 164 216 177 219 181 220 186 219 198 216 186 218 181 219 176 219
130 175 132 190 134 205 138 219 146 231 156 241 168 248 182 251 197 248 210 241 221 231 230 220 235 206 238 192 240 177 241 162 141 147 148 141 157 140 166 142 174 146 190 146 199 142 209 141 219 143 225 149 182 162 182 173 182 184 182 195 171 202 176 204 182 205 187 203 193 202 149 163 156 161 163 161 169 166 162 167 155 167 196 167 202 162 209 162 216 165 210 168 203 168 161 216 170 215 177 214 182 215 187 214 193 215 202 215 194 221 187 223 182 224 176 224 170 222 164 217 177 219 182 219 187 218 199 216 187 218 182 219 177 219
131 175 132 190 134 205 139 219 146 230 157 240 169 248 183 251 197 248 211 241 222 231 230 220 235 206 238 192 240 178 241 163 142 147 148 141 157 140 166 142 174 147 190 147 199 142 210 141 219 143 226 150 182 162 182 173 182 184 181 196 171 202 176 204 182 205 187 204 193 202 150 163 156 160 163 161 169 166 163 167 155 166 196 167 203 162 210 162 216 165 210 168 203 168 162 216 170 215 177 215 182 216 187 214 193 215 202 215 193 221 187 223 182 224 177 224 170 222 165 217 177 219 182 219 187 218 199 216 187 218 182 219 177 219
131 175 132 190 134 205 139 218 146 230 156 240 169 248 183 250 197 248 210 240 221 231 230 219 235 206 238 192 240 177 241 162 141 147 148 141 157 140 166 142 174 147 191 146 200 142 210 141 220 143 227 150 182 162 182 173 182 184 182 196 172 202 177 204 182 205 188 203 193 202 150 163 156 161 163 161 169 166 163 167 155 167 197 167 203 162 210 162 216 165 210 168 203 168 162 216 170 215 177 215 182 216 187 214 194 215 202 215 194 221 187 223 182 224 177 223 170 221 164 216 177 219 182 219 187 218 199 216 187 218 182 219 177 219
131 176 132 191 135 205 139 219 147 231 157 241 169 248 183 251 197 248 210 241 222 231 230 220 235 207 238 193 240 178 241 163 142 148 148 141 157 140 166 142 175 146 191 146 200 142 210 141 220 143 227 150 183 162 183 173 182 184 182 195 172 202 177 204 182 205 188 204 193 202 150 163 156 161 163 162 169 166 163 168 156 167 197 167 203 163 210 163 216 165 211 169 204 169 162 216 171 215 178 215 182 216 187 214 194 215 203 215 194 221 188 223 182 224 177 223 171 221 165 217 177 219 182 219 187 218 200 216 188 218 182 219 178 219
131 175 132 190 134 204 139 218 146 230 157 240 169 248 183 250 197 248 211 241 222 231 230 220 236 206 239 192 241 178 242 163 142 147 149 141 158 140 166 142 174 146 191 147 200 142 210 141 220 143 227 149 183 162 183 173 183 184 182 195 172 202 177 204 183 205 188 203 193 202 150 163 157 161 164 162 170 166 163 167 156 167 197 167 203 163 210 163 217 165 211 169 204 169 162 215 171 216 178 215 182 216 187 215 194 215 203 215 194 221 187 223 182 224 177 223 170 221 165 216 177 219 182 220 187 219 200 216 187 218 182 219 177 219
131 175 132 190 135 205 139 218 147 230 157 240 169 248 183 251 198 248 211 241 222 231 230 219 236 206 239 192 241 177 241 162 142 147 149 141 158 140 167 142 175 146 191 146 200 142 210 141 220 143 227 149 183 162 183 173 183 184 182 195 172 202 177 204 183 205 188 204 194 202 150 163 157 161 164 162 170 166 163 168 156 167 197 167 204 163 211 163 217 165 211 169 204 169 162 216 171 215 178 214 182 216 188 214 194 215 203 215 194 221 188 223 182 224 177 224 171 222 165 216 178 219 182 220 188 218 200 216 188 218 182 219 178 219
131 175 132 189 134 204 139 218 146 230 157 240 169 248 183 251 198 248 211 241 222 231 231 219 236 206 239 192 241 178 242 163 142 147 148 141 157 140 167 142 175 147 191 146 201 142 211 141 221 143 227 150 183 162 183 173 183 184 182 196 172 202 177 204 182 205 188 204 193 202 151 163 157 161 164 162 170 166 163 167 156 167 197 167 204 163 211 163 217 165 211 169 204 169 162 215 171 216 177 215 182 216 187 215 194 215 202 215 194 221 187 223 182 224 177 223 170 221 165 216 177 219 182 220 187 219 199 216 187 218 182 219 177 218
131 175 132 190 134 205 139 219 146 231 157 241 169 248 183 251 198 248 211 241 222 231 231 220 236 207 239 193 241 178 242 163 142 147 149 141 158 140 167 142 175 146 191 146 201 142 210 141 220 143 227 150 183 162 183 173 183 184 183 196 172 202 177 204 183 205 188 204 194 202 150 163 157 161 164 162 170 166 163 167 156 167 197 167 204 163 211 163 217 165 211 169 204 169 163 216 171 216 178 215 182 216 188 215 194 215 202 215 194 221 188 223 182 224 177 223 171 221 165 217 178 219 182 220 188 219 199 216 188 218 182 219 178 219
131 175 132 190 134 205 139 219 146 230 157 240 169 248 183 251 198 248 211 241 222 231 231 220 236 206 239 192 241 178 242 163 142 147 148 141 157 140 167 142 175 146 191 146 201 142 211 141 220 143 227 150 183 162 183 173 183 184 183 196 172 202 178 204 183 205 188 204 194 202 151 163 157 161 164 162 170 166 163 167 156 167 197 167 204 163 211 163 217 165 211 169 204 169 163 216 172 216 178 215 182 216 187 215 193 216 202 215 194 221 187 223 182 224 178 223 171 221 166 217 178 219 182 220 187 219 199 216 187 218 182 219 178 219
131 175 132 190 135 205 139 218 147 230 157 241 169 248 183 251 197 249 211 241 222 231 230 220 236 207 239 192 241 178 242 163 142 147 149 141 158 140 167 142 175 146 191 147 201 142 211 141 220 143 227 150 183 162 183 173 183 184 183 196 172 202 177 204 183 205 188 204 194 202 151 163 157 161 164 162 170 166 164 168 156 167 197 167 204 163 211 163 217 166 211 169 204 169 163 216 171 216 178 215 182 216 187 215 194 216 202 215 194 221 187 223 182 224 177 223 171 222 166 217 178 219 182 220 187 219 199 216 187 218 182 219 178 219
131 175 132 190 134 205 138 219 146 231 157 241 169 248 183 251 198 248 211 241 223 231 231 219 236 206 239 192 241 177 242 162 142 147 148 141 157 140 167 142 175 146 192 146 201 142 211 141 221 143 228 150 183 162 183 173 183 184 183 195 172 202 178 204 183 205 188 204 194 202 150 164 157 161 164 162 170 166 163 168 156 167 197 167 204 163 211 163 217 166 211 169 204 169 163 216 171 216 178 215 183 216 188 215 194 215 202 215 194 221 188 223 183 224 177 223 171 222 165 217 178 219 182 220 187 219 199 216 188 218 183 219 178 219
131 176 132 191 134 205 139 219 146 231 157 241 169 248 183 251 198 249 211 241 222 231 230 220 236 207 239 193 241 178 242 163 142 147 149 141 158 140 167 142 175 147 192 147 201 142 211 141 220 143 227 150 183 162 183 173 183 184 183 195 173 202 178 204 183 205 188 204 194 202 150 164 157 162 164 162 170 166 163 168 156 167 197 167 204 163 211 163 217 166 211 169 204 169 163 216 172 216 178 215 183 216 187 215 194 216 202 216 194 222 188 224 183 224 178 224 171 222 166 217 178 219 183 220 187 219 199 217 187 219 183 219 178 219
130 176 131 191 134 206 139 220 147 232 157 242 169 249 183 251 197 249 211 242 223 234 232 223 238 210 240 195 242 180 242 165 142 148 149 141 158 140 167 141 175 146 192 146 201 142 211 141 220 143 227 150 184 161 183 173 183 184 183 195 173 203 178 204 183 206 189 204 195 203 151 164 157 162 164 162 171 166 164 167 156 167 197 167 204 164 211 163 217 166 211 169 204 169 163 216 172 216 178 216 183 217 188 215 193 216 202 216 193 221 187 223 183 224 178 224 171 222 166 217 178 219 183 220 187 219 199 217 187 219 183 220 178 219
130 175 132 190 134 205 138 219 146 231 157 241 169 249 184 251 198 249 211 241 222 232 230 220 236 207 239 193 241 178 242 163 142 147 149 141 158 140 167 142 176 147 192 147 201 142 211 141 221 143 228 150 184 162 184 173 184 184 184 195 173 202 178 204 183 205 189 204 194 202 151 164 157 162 164 162 170 166 164 168 157 167 198 167 204 163 211 163 217 166 211 169 204 169 163 216 172 216 179 215 183 216 188 215 194 216 203 216 194 221 188 224 183 225 178 224 172 222 166 217 178 219 183 220 188 219 200 217 188 219 183 220 178 219
130 175 132 190 134 205 139 219 147 231 157 241 169 248 184 251 198 249 211 241 222 231 231 220 236 207 239 192 241 177 242 162 142 147 149 141 158 140 167 142 175 147 192 147 201 143 211 141 221 143 228 150 184 162 184 173 184 184 184 195 173 203 178 204 184 205 189 204 194 202 151 164 157 162 164 162 170 166 164 168 156 167 198 167 204 163 211 163 217 166 212 169 204 169 163 216 172 216 179 215 183 216 188 215 195 216 203 216 195 221 189 223 183 224 179 224 172 222 166 217 179 219 183 220 188 219 200 217 188 219 183 219 179 219
130 175 132 190 134 205 139 219 146 231 157 241 169 248 184 251 198 248 211 241 222 231 230 219 236 206 239 192 241 177 242 162 142 147 149 141 158 140 168 142 176 147 192 147 201 143 211 141 221 144 228 150 184 162 184 173 184 184 184 196 173 202 178 204 184 205 189 204 194 202 151 163 157 162 164 162 170 166 164 167 157 167 198 167 204 163 211 163 217 166 212 169 205 169 163 216 172 216 179 215 183 216 188 215 195 216 203 216 195 221 189 223 183 224 178 224 172 222 166 217 179 219 183 220 188 219 200 217 188 219 183 219 179 219
130 176 132 190 134 205 139 219 147 231 157 241 169 249 184 251 198 249 211 241 222 231 230 219 236 206 239 192 241 178 241 163 142 147 149 142 158 140 167 142 176 147 192 147 201 143 211 141 220 143 227 150 184 162 184 173 184 184 183 196 173 202 178 204 183 205 189 204 194 202 151 164 157 162 164 162 170 166 164 168 156 167 198 167 204 163 211 163 217 166 212 169 204 169 163 216 172 216 179 215 183 216 188 215 194 216 203 216 195 222 188 224 183 225 178 224 172 222 166 217 178 219 183 220 188 219 200 217 188 219 183 220 178 219
131 175 132 190 134 205 139 218 146 231 157 241 169 249 183 251 197 249 210 241 222 232 230 220 236 207 239 192 240 178 241 163 142 148 149 142 158 140 167 142 175 147 192 147 201 142 211 141 221 144 227 150 183 162 183 173 183 184 183 196 173 203 178 204 183 205 189 204 194 202 151 164 157 162 164 162 170 166 164 168 156 167 197 167 204 163 211 163 217 166 211 169 204 169 163 216 172 216 178 215 183 217 188 215 194 216 202 216 194 221 188 223 183 224 178 224 171 222 166 217 178 220 183 220 188 219 199 217 188 219 183 220 178 219
130 175 131 190 133 205 138 219 146 231 156 241 169 249 183 252 198 249 211 241 222 232 230 220 235 207 238 192 240 178 241 163 142 148 148 142 158 140 167 142 175 147 191 147 201 143 211 141 220 144 227 150 184 162 183 173 183 184 183 196 172 203 177 204 183 205 188 204 194 202 150 164 157 162 164 162 170 166 163 168 156 167 197 167 204 164 211 164 217 166 211 169 204 169 163 217 171 216 178 215 183 217 187 215 194 216 202 216 194 222 188 224 182 225 178 224 171 222 165 217 178 220 182 220 187 219 199 217 188 219 183 220 178 219
130 175 131 190 133 205 138 219 146 231 157 241 169 249 183 251 198 249 211 241 222 231 230 219 236 206 239 191 240 177 241 162 141 148 148 142 157 140 167 142 175 147 191 147 200 143 210 141 220 143 227 150 183 162 183 173 183 184 183 195 172 203 177 204 183 205 188 204 194 202 150 164 157 162 164 163 170 166 163 168 156 167 197 167 204 164 211 164 217 166 211 169 204 169 163 217 172 217 178 216 183 217 188 215 194 216 202 216 194 221 188 224 183 225 178 224 171 222 166 218 178 220 183 221 188 219 199 217 188 219 183 220 178 219
130 176 131 191 134 206 138 220 146 232 157 241 169 249 183 251 198 249 211 241 222 231 231 219 236 206 239 192 240 177 241 162 141 148 148 142 157 140 167 142 175 147 191 147 200 143 210 141 220 144 227 150 183 162 183 173 183 184 183 196 172 203 177 204 183 205 188 204 194 202 150 164 157 162 164 163 170 166 163 168 156 167 197 167 203 164 210 164 217 166 211 169 204 169 162 217 171 217 178 215 183 217 188 215 194 216 202 216 194 222 188 224 183 225 178 224 171 222 165 218 178 220 183 220 188 220 199 217 188 219 183 220 178 219
130 176 132 191 134 205 138 219 146 231 156 241 168 249 183 252 197 249 211 241 222 231 230 219 235 206 238 191 240 177 241 162 141 148 148 142 157 140 166 142 175 147 191 147 200 143 210 141 220 144 226 150 183 162 183 173 183 184 183 195 172 203 177 204 183 205 188 204 193 202 150 164 156 162 163 163 169 166 163 168 156 167 197 167 203 164 210 164 217 166 211 169 204 169 162 217 171 217 178 215 182 217 188 215 194 216 202 216 194 222 188 224 182 225 177 224 171 222 165 218 178 220 182 220 188 219 199 217 188 219 182 220 178 219
130 176 131 190 133 205 138 219 146 231 157 242 169 249 183 252 198 249 210 241 222 231 230 220 235 206 238 192 240 177 241 162 141 148 148 142 157 140 166 142 175 147 191 147 200 143 210 141 219 143 226 149 183 162 183 173 183 184 183 196 172 203 177 204 182 205 188 204 193 202 150 164 156 162 163 163 170 166 163 168 156 168 197 167 203 164 210 163 216 166 211 169 203 169 163 217 171 217 178 216 182 217 187 215 193 216 202 216 194 222 188 224 182 225 178 224 171 222 166 218 178 220 182 221 187 219 199 217 187 219 182 220 178 219
130 175 131 190 133 205 138 219 146 231 156 241 169 249 183 252 198 249 211 241 222 231 230 220 235 206 238 192 240 177 241 162 141 148 148 142 157 140 166 142 174 147 191 147 200 143 210 141 219 143 226 150 183 162 183 173 183 184 183 196 172 203 177 204 182 205 188 204 193 202 150 164 156 162 163 163 169 167 163 168 156 168 196 167 203 164 210 163 216 166 210 169 203 169 163 217 171 217 178 216 182 217 187 215 193 216 202 216 193 222 187 224 182 225 177 224 171 223 166 218 178 220 182 220 187 219 198 217 187 219 182 220 178 220
130 176 131 190 133 205 138 220 146 232 157 242 169 249 183 252 198 249 211 241 222 232 230 220 235 207 238 192 240 177 241 162 141 148 148 142 157 140 166 142 174 147 191 147 200 143 210 141 220 143 227 150 183 162 183 173 183 184 183 196 172 203 177 204 183 205 188 204 193 202 150 164 156 162 163 163 170 167 163 168 156 168 197 167 203 164 210 163 216 166 211 169 204 169 163 217 171 217 178 216 182 217 187 215 194 216 202 216 194 222 188 224 182 225 178 224 171 222 165 218 178 220 182 221 187 220 199 217 187 219 182 220 178 220
130 175 131 190 133 205 138 219 146 231 156 242 169 249 183 252 198 249 211 241 222 232 230 220 236 206 238 192 240 177 241 162 141 148 148 142 157 140 166 142 174 147 191 147 200 143 210 141 219 143 226 149 183 162 183 173 183 184 183 196 172 203 177 204 182 205 188 204 193 202 150 164 156 162 163 163 169 167 163 168 155 168 196 167 203 164 210 163 216 166 210 169 203 169 163 217 171 217 178 215 182 217 187 215 194 216 202 216 194 222 187 224 182 225 177 225 171 223 165 218 178 220 182 221 187 219 199 217 187 219 182 220 178 220
