100 168 102 186 105 203 112 219 122 233 135 244 149 252 165 255 181 252 196 243 208 232 219 218 225 203 228 186 230 169 231 152 114 132 122 125 133 123 144 126 154 132 173 132 184 126 195 125 207 127 215 134 164 149 164 162 164 175 165 188 152 197 158 199 165 200 171 198 177 196 125 151 132 148 141 148 148 154 140 156 131 155 180 155 187 150 196 149 203 153 196 157 188 157 142 215 151 214 159 213 164 214 169 212 177 213 186 214 177 220 170 223 165 224 159 223 151 221 145 216 159 218 164 218 170 217 182 214 170 217 165 218 159 217
100 167 102 185 105 203 111 219 122 232 134 244 149 253 165 256 181 253 195 243 208 232 218 219 225 203 228 186 230 169 231 151 115 132 123 125 134 123 145 126 155 132 174 132 185 126 197 124 208 127 216 135 165 149 165 162 165 174 166 187 152 197 159 199 165 200 171 198 178 196 126 151 133 148 142 148 149 154 141 156 132 155 180 155 188 149 197 149 204 153 197 157 189 157 142 215 152 214 160 213 165 214 170 212 177 213 186 214 177 220 171 223 165 224 160 224 152 221 146 216 160 218 165 219 170 217 183 214 170 216 165 218 160 217
100 167 102 185 105 203 112 219 122 233 134 245 149 253 165 257 181 254 195 244 208 232 218 219 224 203 228 186 231 169 232 151 115 132 123 125 134 123 145 126 155 131 174 131 185 126 197 124 208 126 216 134 165 148 166 161 166 174 166 187 153 197 159 198 166 199 172 198 178 196 126 151 133 147 142 148 149 154 141 155 133 155 181 154 189 149 197 149 204 152 198 156 189 157 143 216 153 215 160 213 165 214 170 212 177 214 186 214 178 221 171 224 165 225 160 225 153 222 147 217 160 218 165 219 170 218 182 215 170 217 165 218 160 218
100 167 102 186 105 204 112 220 122 234 135 246 149 255 165 258 181 255 195 245 208 233 218 219 224 204 228 186 231 169 232 151 115 132 123 125 134 123 145 125 156 131 174 131 185 126 197 124 208 126 216 134 165 148 165 161 166 174 166 187 153 197 159 198 166 199 172 198 178 196 126 151 133 147 142 148 149 153 141 155 133 155 181 154 189 149 197 149 204 152 198 156 189 156 143 216 153 215 160 213 165 214 170 212 177 214 186 215 177 222 171 226 165 227 160 226 152 223 147 217 160 218 165 219 170 218 182 216 170 218 165 219 160 219
100 167 102 185 105 203 112 220 122 234 134 246 149 255 165 258 181 255 194 245 207 233 217 219 224 203 228 186 231 168 232 151 115 132 123 125 134 123 145 125 156 131 174 131 185 126 197 124 208 126 216 134 165 148 165 161 166 173 166 186 153 196 159 198 165 199 172 197 178 196 126 150 133 147 142 147 149 153 141 155 132 155 181 154 188 149 197 149 204 152 197 156 189 156 143 216 153 215 161 212 165 214 170 212 177 214 186 215 178 223 171 226 165 227 160 227 153 224 147 217 160 218 165 218 170 217 182 216 171 219 165 219 160 219
100 168 102 186 105 204 112 220 122 234 135 245 149 254 165 257 181 254 195 244 207 233 217 219 224 203 227 186 230 168 231 150 114 132 122 124 133 122 144 125 155 131 174 131 185 126 196 124 208 126 215 134 165 148 165 161 165 173 166 186 152 196 159 198 165 199 171 197 177 195 125 150 132 147 141 147 148 153 141 155 132 154 180 154 188 149 196 149 203 152 197 156 188 156 143 217 152 215 160 212 165 214 170 212 177 214 186 215 177 223 171 226 165 227 160 227 152 224 147 217 160 218 165 218 170 217 182 216 170 219 165 220 160 219
100 168 102 187 105 205 112 221 123 234 135 245 149 254 165 257 181 254 194 244 207 233 217 219 224 204 227 186 230 169 231 151 114 132 122 125 133 122 144 125 155 131 173 131 184 126 196 124 207 126 215 134 164 148 165 161 165 173 166 186 152 196 159 198 165 199 171 197 177 195 125 151 132 147 141 147 148 153 140 155 132 155 180 154 188 149 196 149 203 152 196 156 188 156 143 217 152 215 160 212 165 214 170 212 177 214 185 216 177 223 171 226 165 227 160 226 152 224 147 217 160 218 165 218 170 217 181 216 170 218 165 219 160 219
100 167 102 185 105 203 112 220 122 234 135 245 149 254 165 256 181 253 195 243 207 232 217 218 224 203 227 186 230 168 231 151 114 132 122 125 133 123 144 125 154 131 173 131 184 126 196 124 207 126 215 134 164 148 164 161 165 173 165 186 152 196 158 198 164 199 171 197 177 195 125 150 132 147 141 148 148 153 140 155 132 154 180 154 188 149 196 149 203 152 197 156 188 156 142 217 152 215 159 212 164 214 169 212 176 214 185 215 177 223 170 226 165 227 159 226 152 224 146 217 159 217 164 218 170 217 181 216 170 218 165 219 160 219
100 168 102 186 105 204 112 221 122 234 135 245 149 254 165 257 181 253 194 244 207 233 217 219 224 203 227 186 229 169 230 151 113 132 122 125 133 123 144 125 154 131 173 131 184 126 196 124 207 126 215 134 164 148 164 161 165 173 165 186 152 196 158 198 165 199 171 197 177 196 125 150 132 147 141 148 148 153 140 155 131 155 180 154 188 149 196 148 203 152 196 156 188 156 143 217 152 215 160 212 164 214 169 212 176 214 185 216 177 222 170 226 164 227 159 226 152 224 146 217 159 217 164 218 170 217 181 216 170 218 164 219 159 219
100 169 102 187 105 204 112 220 122 234 134 245 148 253 164 256 180 253 194 244 206 232 216 219 223 203 227 186 229 169 230 151 114 132 122 125 133 123 144 125 154 131 173 131 184 126 195 124 207 126 215 134 164 148 164 161 165 174 165 186 152 196 158 198 165 199 171 198 177 196 124 151 132 147 141 148 148 153 140 155 131 155 180 154 187 149 196 149 203 152 196 156 188 156 142 217 152 215 160 213 164 214 169 212 176 214 185 215 177 222 170 225 165 226 159 226 152 223 146 217 160 218 164 219 169 217 181 216 170 218 164 219 160 219
100 168 101 186 105 204 111 219 121 233 134 244 148 253 164 256 180 253 194 244 207 233 217 219 224 204 228 186 230 169 230 152 114 132 122 125 133 123 144 125 154 131 172 131 183 126 195 124 206 126 215 134 164 149 164 161 164 174 165 187 152 197 158 198 164 200 171 198 177 196 125 151 132 147 141 148 148 154 140 155 131 155 179 154 187 149 196 149 203 152 196 156 188 156 142 216 151 215 159 213 164 214 169 213 176 214 185 215 176 222 170 225 164 225 159 225 151 222 145 217 159 218 164 219 169 218 181 216 169 218 164 219 159 218
100 168 102 186 105 204 111 220 122 233 134 244 148 253 164 256 180 253 194 244 207 233 217 219 224 204 228 187 230 169 231 152 114 132 122 125 133 123 144 126 154 131 173 131 184 126 195 124 206 126 215 134 164 149 164 162 164 174 165 187 152 197 158 198 164 200 171 198 177 196 125 151 132 147 141 148 148 154 140 155 131 155 180 155 187 149 196 149 203 152 196 156 188 157 142 216 151 215 159 213 164 214 169 213 176 214 185 215 177 221 170 224 164 225 159 225 151 222 145 217 159 218 164 219 169 218 182 215 169 218 164 219 159 218
100 168 101 186 105 203 111 219 121 233 134 244 148 253 164 256 180 253 194 244 207 232 217 219 224 203 227 186 230 169 231 152 114 132 122 125 133 123 144 125 154 131 173 131 184 126 196 124 207 126 215 134 164 148 164 161 165 174 165 187 152 197 158 198 164 199 171 198 176 196 125 151 132 147 141 148 148 154 140 155 131 155 180 154 187 149 196 149 203 152 196 156 188 156 142 216 152 215 159 213 164 214 169 212 176 214 185 215 176 221 170 224 164 225 159 225 151 222 146 217 159 218 164 219 169 218 181 216 169 218 164 219 159 218
100 168 102 186 105 203 111 220 121 233 134 244 148 253 164 255 180 252 194 243 207 232 217 219 223 203 227 186 230 169 231 152 114 132 122 125 133 123 144 126 154 131 173 131 184 126 195 124 207 126 215 134 164 148 164 161 165 174 165 187 152 197 158 198 164 199 171 198 176 196 124 151 132 147 140 148 148 154 140 155 131 155 179 154 187 149 196 149 203 152 196 156 187 156 142 216 152 215 159 213 164 214 169 213 176 214 185 215 176 221 170 224 164 225 159 224 151 222 146 217 159 218 164 219 169 218 181 216 169 217 164 218 159 218
100 168 102 186 105 204 111 220 122 233 134 244 148 253 165 256 181 253 195 244 207 233 217 219 224 203 228 186 230 169 231 151 114 132 122 125 133 123 144 126 154 131 173 131 184 126 195 124 207 126 215 133 164 149 164 161 165 174 165 187 152 197 158 198 164 200 171 198 177 196 124 151 132 147 141 148 148 154 140 156 131 155 180 154 187 149 196 149 203 152 196 156 188 156 143 216 152 215 159 213 164 214 169 212 176 214 185 215 177 221 170 224 164 225 159 224 152 222 146 217 159 218 164 219 169 218 182 216 169 218 164 219 159 218
100 169 102 186 105 204 111 220 121 233 134 245 148 254 164 257 180 254 194 245 207 233 217 219 223 204 227 187 230 170 231 152 114 132 122 125 133 123 144 125 154 131 173 131 184 126 196 124 207 126 215 134 164 148 164 161 164 174 165 187 152 197 158 198 164 200 170 198 176 196 124 151 132 147 141 148 148 154 140 155 131 155 179 154 187 149 196 149 203 152 196 156 188 156 142 217 151 215 159 213 164 214 169 213 176 215 185 216 177 222 170 225 164 226 159 225 151 223 145 217 159 218 164 219 169 218 182 217 169 218 164 219 159 219
100 168 102 187 105 204 112 220 122 234 134 245 148 254 164 258 180 255 194 245 206 234 217 220 223 204 227 187 230 169 231 152 114 132 122 125 133 123 144 125 154 131 173 131 184 126 195 124 207 126 215 134 164 148 164 161 165 174 165 187 152 196 158 198 165 199 171 198 177 196 125 151 132 147 141 148 148 154 140 155 131 155 180 154 187 149 196 149 203 152 196 156 188 156 143 217 152 215 160 212 165 214 170 212 177 214 185 216 177 224 170 227 165 228 159 227 152 224 147 218 160 218 165 218 170 217 181 217 170 219 165 220 160 219
100 169 102 187 106 206 113 222 123 236 136 247 149 257 165 260 180 256 193 246 206 234 216 220 223 204 228 187 230 169 231 151 114 133 122 125 133 123 144 125 155 131 173 131 184 126 196 124 207 126 215 134 164 148 165 161 165 174 165 187 152 196 159 198 165 199 171 198 177 196 125 151 132 147 141 148 148 154 141 155 132 155 180 154 188 149 196 149 203 152 197 156 188 156 143 218 152 215 160 212 165 213 170 212 177 214 185 217 177 226 170 230 165 231 159 231 152 227 147 218 160 217 165 218 170 217 181 217 170 222 165 223 160 222
100 169 102 188 106 206 113 223 124 237 136 248 150 258 165 260 180 257 193 247 206 234 216 221 223 205 228 187 230 169 231 151 114 132 122 125 133 123 145 125 155 131 173 131 185 126 196 124 208 127 216 134 165 148 165 161 165 173 166 186 152 196 159 198 165 199 171 197 177 195 125 151 132 147 141 148 148 153 141 155 132 155 180 154 188 149 196 148 203 152 197 156 188 156 143 218 152 215 160 212 165 213 170 212 177 214 185 217 178 226 171 231 165 232 160 231 152 228 147 219 160 217 165 218 170 217 181 218 170 222 165 223 160 223
100 169 102 187 106 206 113 222 124 236 136 248 149 257 164 260 180 257 193 246 205 234 215 220 223 204 227 186 230 169 231 151 114 133 122 125 133 123 144 125 155 131 174 131 185 126 196 124 208 127 215 135 165 148 165 161 165 173 166 186 152 196 159 197 165 199 171 197 177 195 125 151 132 147 141 148 148 153 141 155 132 155 180 154 188 149 196 149 203 152 197 156 188 156 143 218 152 215 160 212 165 213 170 212 177 214 185 217 177 226 171 231 165 232 159 232 152 228 147 219 160 217 165 217 170 216 181 217 170 223 165 224 160 223
101 169 102 187 106 205 113 222 123 235 136 246 149 255 164 258 180 255 193 245 206 234 216 220 223 204 227 187 230 169 231 151 114 133 122 125 133 123 144 125 155 131 173 131 184 126 196 124 208 126 215 134 165 148 165 161 165 173 166 186 152 196 159 197 165 199 171 197 177 195 125 150 132 147 141 147 148 153 140 155 131 155 180 154 188 149 196 148 204 152 197 156 188 156 143 218 152 214 160 212 165 213 170 211 177 214 185 216 177 225 171 229 165 230 159 229 152 226 147 218 160 216 165 216 170 216 181 217 170 220 165 221 160 221
100 168 102 187 106 204 112 220 123 233 136 244 149 253 165 256 181 253 194 243 207 232 217 219 224 203 228 186 230 169 231 152 114 132 122 125 133 123 144 125 155 130 174 130 185 125 196 123 208 126 215 133 165 148 165 160 165 173 166 186 152 195 159 197 165 198 171 196 177 194 125 150 132 147 141 147 148 153 140 154 132 154 180 154 188 148 196 148 203 152 197 155 188 156 144 216 153 214 160 211 165 213 170 211 176 213 184 215 177 222 170 226 165 227 160 226 152 224 148 217 160 216 165 216 170 215 181 216 170 218 165 219 160 219
100 167 102 185 106 203 112 219 122 233 135 244 149 253 165 256 181 252 195 243 207 232 217 218 224 203 228 186 230 168 231 151 114 131 122 124 133 122 144 125 155 130 174 130 185 125 196 123 207 125 215 133 165 147 165 160 165 173 166 186 152 195 158 197 165 198 171 196 177 194 125 150 133 147 141 147 148 153 141 154 132 154 180 153 188 148 196 148 203 151 196 155 188 155 144 215 153 213 160 211 165 212 170 211 177 212 185 214 177 220 170 223 165 224 159 224 152 222 147 216 160 215 165 216 170 215 181 215 170 216 165 217 160 217
100 168 102 186 106 204 112 219 122 233 135 244 149 253 165 255 181 252 195 243 208 231 218 218 224 203 228 186 231 168 232 151 114 131 122 124 133 122 144 124 154 130 174 130 185 125 197 123 208 125 216 133 165 147 165 160 165 172 166 185 152 195 159 196 165 198 171 196 177 194 125 150 132 146 141 147 148 153 140 154 132 154 180 153 188 148 196 148 204 151 197 155 188 155 144 215 153 213 160 210 165 211 170 210 177 212 185 214 177 220 171 223 165 224 160 224 153 221 147 216 160 215 165 215 170 214 181 214 170 216 165 217 160 217
101 169 103 187 106 204 113 220 124 233 136 244 150 253 165 256 181 253 195 243 207 232 217 218 224 203 228 186 230 169 231 151 115 131 123 124 133 122 145 124 155 130 174 129 185 124 196 122 208 125 215 133 165 147 165 160 165 172 166 185 152 194 159 196 165 197 172 196 178 194 125 150 132 146 141 147 148 152 141 154 132 154 180 153 188 148 196 147 203 151 197 155 188 155 144 216 153 213 160 210 165 211 170 210 177 212 185 214 177 221 171 225 165 226 160 226 152 223 148 216 160 215 165 215 170 214 181 215 170 217 165 218 160 218
101 168 103 186 106 204 113 220 124 234 136 245 150 254 165 257 181 253 194 244 206 232 217 219 224 203 228 186 230 168 232 151 115 131 122 124 133 122 145 124 155 130 174 129 185 124 197 122 208 125 216 133 165 147 165 160 166 172 166 185 152 194 159 196 165 197 172 196 178 194 126 150 133 146 142 146 149 152 141 154 132 154 180 153 188 147 197 147 203 151 197 155 189 155 144 216 153 212 160 209 165 211 170 209 177 212 185 215 177 223 171 227 165 228 160 227 152 224 148 216 160 214 165 215 170 214 181 215 170 218 165 219 160 219
101 168 102 186 106 204 113 220 124 234 136 245 150 254 165 257 181 254 194 244 206 232 217 219 224 203 228 186 230 169 232 151 115 131 123 124 134 122 145 124 155 130 174 129 185 124 197 122 208 125 216 133 165 147 165 160 165 172 166 185 152 194 159 196 165 197 171 196 178 194 126 149 133 146 142 146 149 152 141 154 132 154 180 153 188 147 196 147 203 151 197 155 188 155 144 216 152 212 160 209 165 211 170 209 177 212 185 215 177 223 171 228 165 229 159 228 152 224 148 216 160 214 165 215 170 214 181 216 170 219 165 220 160 220
100 167 102 185 106 203 112 219 123 232 135 244 149 253 165 256 181 252 195 243 207 231 217 217 224 202 228 185 230 168 231 150 114 131 122 124 133 121 145 124 155 130 174 129 185 124 197 122 208 125 216 133 165 146 165 159 165 172 166 185 152 194 159 196 165 197 171 196 177 194 125 149 133 146 141 146 148 152 141 154 132 153 180 153 188 147 197 147 203 151 197 155 188 155 144 215 152 212 160 210 165 211 170 210 177 212 185 215 177 222 170 226 165 227 159 226 152 223 147 216 160 215 165 216 170 215 180 215 170 218 165 219 160 218
101 168 103 186 106 203 112 219 122 233 135 244 149 252 165 255 181 252 195 243 208 231 218 218 224 203 228 186 230 169 232 151 115 131 123 124 133 121 144 124 155 129 174 129 185 124 197 122 208 125 215 133 165 146 165 159 165 172 166 185 153 195 159 196 165 198 171 196 177 194 125 149 132 146 141 146 148 152 141 154 132 154 180 153 188 147 196 147 203 151 197 155 188 155 144 215 153 213 160 211 165 212 170 211 177 213 186 214 177 220 170 224 165 224 160 224 152 221 147 215 160 216 165 217 170 216 182 215 170 216 165 217 160 217
101 167 102 185 105 203 112 219 122 232 135 243 149 252 166 254 182 251 196 242 208 231 218 218 224 202 228 185 230 168 231 151 114 131 122 124 133 121 145 124 155 129 174 129 185 124 197 122 208 125 216 133 165 147 165 159 165 172 166 185 152 195 159 196 165 198 171 196 177 194 125 149 132 146 141 146 148 152 141 154 132 154 180 153 188 147 197 147 204 151 197 155 188 155 143 214 152 213 160 211 165 212 169 211 177 212 186 213 177 220 170 223 165 224 160 223 152 221 146 215 160 216 164 217 170 216 182 214 170 216 165 217 160 217
100 167 102 185 105 202 111 218 122 232 135 243 149 252 165 255 181 252 195 242 208 231 218 217 224 202 228 185 230 168 231 151 115 131 123 124 133 122 144 124 155 129 174 129 185 124 196 122 208 125 215 133 165 147 165 160 165 172 165 185 153 195 159 196 165 198 171 196 177 194 125 149 133 146 141 146 148 152 141 154 132 153 180 153 188 147 196 147 203 151 197 155 188 155 143 215 152 213 160 211 165 213 170 211 177 213 186 214 177 220 170 223 165 224 159 223 152 221 147 216 160 217 164 217 170 216 182 215 170 217 165 217 160 217
100 166 102 184 105 202 112 218 122 232 135 244 149 253 165 256 181 252 195 243 208 231 218 218 224 202 228 185 230 167 231 150 114 131 123 123 134 121 145 124 155 129 174 129 185 124 197 122 208 125 216 133 165 147 165 159 165 172 165 185 153 195 159 196 165 198 171 196 177 194 125 149 133 146 141 146 149 152 141 154 132 153 180 153 188 147 196 147 203 151 197 155 188 155 143 216 152 213 160 211 165 212 170 211 177 213 185 214 177 221 170 225 165 226 159 225 152 222 147 216 160 217 164 217 170 216 181 215 170 217 165 218 160 217
100 167 102 185 105 203 112 219 122 233 135 245 148 254 164 257 180 254 194 244 207 233 217 219 224 203 228 185 230 168 231 150 114 131 122 124 133 121 144 124 155 129 174 129 185 125 196 123 207 125 216 132 164 147 165 159 165 172 165 185 152 195 158 196 165 198 171 196 177 194 125 149 133 146 141 146 148 152 141 154 132 153 180 153 188 147 196 147 203 151 197 155 188 155 144 216 152 214 160 211 165 213 170 211 177 213 185 215 177 223 170 227 165 228 159 227 152 224 147 217 160 217 165 217 170 216 181 216 170 219 165 219 160 219
101 168 103 186 106 204 113 220 123 233 136 245 149 254 165 258 181 254 194 244 207 233 217 219 224 203 228 186 230 168 231 150 115 131 123 124 134 122 145 124 155 130 174 130 185 125 196 123 208 126 215 133 165 147 165 160 165 172 166 185 153 195 159 197 165 198 171 197 177 195 125 150 133 146 141 147 149 153 141 154 132 154 180 153 188 148 197 148 203 151 197 155 188 155 144 216 153 214 160 211 165 213 170 211 177 213 185 216 177 224 171 228 165 229 160 228 152 225 148 217 160 217 165 217 170 216 181 216 170 219 165 220 160 220
101 169 103 187 106 205 113 221 124 234 137 246 150 254 165 257 181 254 194 244 207 232 217 219 224 204 228 187 230 169 231 151 114 132 122 125 133 123 145 125 155 131 174 131 185 126 196 123 208 126 216 134 165 147 165 160 165 173 166 186 153 196 159 197 165 199 171 197 177 195 125 150 133 147 141 147 149 153 141 155 132 154 180 154 188 149 196 148 203 152 197 156 189 156 144 217 153 214 160 211 165 213 170 211 177 213 185 216 178 223 171 227 165 228 160 228 153 224 148 217 160 216 165 217 171 216 181 216 171 219 165 220 160 220
101 169 103 187 106 205 113 221 124 234 136 245 150 254 166 257 182 253 195 244 207 232 218 219 224 203 228 186 231 169 232 151 114 132 123 125 134 123 145 126 155 131 174 131 185 126 197 124 208 126 215 134 165 148 165 161 166 174 166 187 153 196 159 198 165 199 172 197 178 196 125 151 133 147 141 148 149 153 141 155 132 155 180 154 188 149 196 149 204 152 197 156 188 156 144 217 153 214 160 211 165 213 170 211 177 213 185 216 177 223 171 226 165 227 160 227 153 224 148 217 160 216 165 217 170 216 181 216 170 218 165 219 160 219
101 169 103 188 107 205 113 221 124 234 137 245 150 254 166 256 182 253 195 244 207 232 217 219 223 204 227 187 230 170 231 152 114 133 122 125 133 124 145 126 155 132 174 132 185 127 196 124 208 127 216 135 165 148 165 161 165 174 166 187 153 196 159 198 165 199 172 197 178 196 126 151 133 148 141 148 149 154 141 155 132 155 180 154 188 149 196 149 203 153 197 156 188 157 144 216 153 214 160 211 165 213 170 211 177 214 186 216 178 223 171 227 165 227 160 227 153 224 148 217 160 216 165 216 170 216 182 216 171 218 165 219 160 219
101 170 103 188 106 206 114 222 125 235 137 246 151 254 166 257 182 254 195 244 207 233 217 219 224 204 228 187 230 169 231 152 114 133 122 126 133 124 145 126 155 132 174 132 185 127 196 124 208 127 215 135 165 149 165 162 166 174 166 188 153 196 159 198 166 199 172 198 178 196 125 151 133 148 141 148 149 154 141 155 132 155 180 155 188 149 196 149 204 153 197 157 188 157 144 217 153 214 160 212 165 213 170 211 177 214 185 216 177 223 171 227 165 228 160 228 153 224 148 217 160 216 165 217 171 216 181 217 171 219 165 220 160 219
101 170 103 188 107 206 114 222 124 236 137 247 150 256 166 259 182 255 194 245 206 234 217 220 224 205 228 188 230 170 231 152 114 133 123 126 134 124 145 126 155 132 174 132 185 127 196 125 207 127 215 135 164 149 165 162 165 175 166 188 152 197 159 198 165 200 172 198 178 196 125 151 132 148 141 148 148 154 141 156 132 155 180 155 188 149 196 149 203 153 197 157 188 157 144 218 153 214 160 212 165 213 170 211 177 214 185 217 178 226 171 230 165 231 160 230 152 227 148 219 160 217 165 217 170 216 181 218 171 221 165 222 160 222
101 169 103 188 106 206 113 222 124 236 137 247 150 257 165 260 181 256 194 246 206 234 217 220 224 204 228 187 230 169 231 151 114 133 123 126 134 124 145 126 155 132 174 132 185 127 196 125 208 127 216 135 165 149 165 162 165 175 166 188 153 197 159 198 165 200 172 198 178 196 126 151 133 148 141 148 149 154 141 156 132 156 180 155 188 149 196 149 203 153 197 157 188 157 144 218 153 215 160 212 165 213 170 212 177 214 185 217 178 226 171 230 165 231 160 230 152 227 148 219 160 217 165 217 170 216 181 218 171 221 165 222 160 222
101 170 103 188 106 206 114 222 124 235 137 247 150 256 166 259 181 256 195 246 207 234 217 220 224 205 228 187 230 170 232 152 114 133 123 126 133 124 145 127 155 132 173 132 184 127 196 125 207 127 216 135 165 149 165 162 165 175 166 188 153 197 159 198 165 200 171 198 177 196 125 151 132 148 141 148 148 154 141 156 132 155 180 155 188 149 196 149 203 153 197 157 188 157 144 218 153 215 160 212 165 213 170 212 177 214 185 217 178 225 171 230 165 231 160 230 152 227 148 219 160 217 165 217 170 216 181 218 171 221 165 222 160 222
101 169 103 188 106 206 113 222 124 235 137 246 150 255 166 258 181 255 194 245 207 233 217 220 224 204 228 187 230 170 231 152 115 133 123 126 134 124 145 126 155 132 174 132 184 127 196 125 207 127 215 135 165 149 165 162 165 175 166 188 152 197 159 198 165 200 171 198 177 196 125 151 132 148 141 148 148 154 141 156 132 155 180 155 188 149 196 149 203 153 197 157 188 157 144 218 153 215 160 212 165 213 170 212 177 214 185 216 177 224 171 228 165 229 160 228 153 225 148 218 160 217 165 217 170 216 181 217 170 220 165 221 160 221
100 169 102 187 106 205 112 222 123 235 136 246 150 255 166 258 182 254 195 245 208 233 218 220 224 204 228 187 230 170 231 153 115 133 123 126 134 124 145 127 155 132 174 132 185 127 196 125 207 127 215 135 165 149 165 162 165 175 166 188 152 197 159 198 165 200 172 198 178 196 125 151 133 148 141 149 148 154 141 156 132 155 180 155 188 150 196 149 203 153 197 157 188 157 143 217 153 215 160 213 165 214 170 212 177 214 186 215 177 222 171 225 165 225 160 225 153 223 147 217 160 217 165 218 170 217 182 216 170 218 165 219 160 218
100 170 103 188 106 206 113 222 124 235 137 246 150 254 167 257 182 253 196 244 208 233 218 219 224 204 228 187 230 170 231 152 114 133 123 126 134 124 145 126 155 132 174 132 185 127 197 125 208 127 216 135 165 149 165 162 166 175 166 188 152 196 159 198 166 200 172 198 178 196 125 151 133 148 141 148 148 154 141 156 132 155 180 155 188 149 196 149 203 153 197 157 188 157 143 216 152 215 160 213 165 214 170 212 177 214 186 215 177 221 171 223 165 224 160 224 152 222 146 217 160 217 165 217 171 216 182 215 171 217 165 218 160 218
101 169 103 188 106 205 112 221 123 235 136 246 150 254 166 257 181 254 195 244 207 233 218 220 224 204 228 187 231 170 231 152 115 133 123 125 134 124 145 126 155 132 174 132 185 127 196 125 208 127 216 134 165 149 165 162 166 174 167 187 153 197 159 198 166 200 172 198 178 196 126 151 133 148 141 149 148 154 141 156 132 155 180 155 188 149 196 149 203 153 197 157 188 157 143 217 153 214 160 213 165 214 170 212 177 214 185 215 177 221 171 224 165 225 160 224 153 222 147 217 160 217 165 217 170 216 182 216 170 217 165 218 160 218
101 169 103 188 106 206 113 222 124 235 136 247 150 256 166 259 182 255 196 245 208 233 218 219 224 204 228 186 231 169 232 152 115 133 123 126 134 124 145 126 155 131 174 131 185 126 197 124 208 127 216 135 165 149 165 162 166 174 166 187 152 196 159 198 165 199 172 198 178 196 126 151 133 148 141 148 149 154 141 156 132 155 180 154 188 149 196 149 203 153 197 157 188 157 144 217 153 214 160 212 165 214 170 212 177 214 185 216 177 223 171 226 165 227 160 227 153 224 148 218 160 217 165 217 170 216 181 217 170 219 165 220 160 219
100 169 102 188 106 206 113 222 123 236 136 248 150 258 165 261 181 258 194 247 207 235 217 220 224 204 228 187 230 169 231 152 114 132 123 125 134 123 145 126 155 131 174 131 185 126 196 124 208 126 215 134 165 149 165 161 165 174 166 187 152 196 159 197 165 199 171 197 177 195 125 151 133 148 141 148 148 154 141 155 132 155 180 154 188 149 196 149 203 152 197 156 188 156 144 218 152 214 160 212 165 213 170 212 177 214 185 217 177 225 171 229 165 230 160 230 152 226 148 218 160 217 165 217 170 216 181 217 170 221 165 222 160 222
100 169 102 188 106 206 113 223 124 237 136 249 150 258 166 261 182 257 195 247 207 235 217 220 224 205 228 187 230 170 231 153 115 133 123 125 134 123 145 125 155 131 174 131 185 126 197 124 208 127 216 134 165 148 165 161 166 173 166 186 152 195 159 197 165 199 172 197 178 195 125 151 132 147 141 148 148 153 141 155 132 155 180 154 188 149 196 149 203 152 197 156 188 156 144 218 152 214 160 212 165 213 170 211 177 214 185 216 177 226 171 230 165 231 160 230 152 227 148 218 160 217 165 217 170 216 181 217 170 222 165 223 160 222
100 168 102 187 106 205 112 221 123 235 136 247 150 256 165 259 181 256 194 246 207 234 217 219 224 204 228 186 231 168 231 151 114 133 122 125 133 123 144 125 155 131 173 131 184 126 196 124 208 126 215 134 165 148 165 161 165 173 166 186 152 195 159 197 165 199 171 197 177 195 125 151 132 148 141 148 148 153 140 155 132 155 180 154 188 149 196 149 203 152 197 156 188 156 144 217 153 214 160 212 165 213 170 211 176 213 184 216 177 224 170 227 165 228 159 228 152 225 148 218 160 216 164 217 170 216 180 217 170 220 165 221 160 220
100 168 102 187 106 205 113 221 123 234 136 246 150 254 166 257 182 254 195 244 207 233 218 219 224 204 228 187 231 169 231 152 114 132 122 125 133 123 144 125 155 131 173 131 185 126 196 124 208 127 216 134 165 148 165 161 165 173 166 186 152 196 159 197 165 199 172 197 177 195 125 151 132 148 141 148 148 153 140 155 132 155 180 154 188 149 196 149 203 152 197 156 188 156 144 216 152 214 160 212 165 213 170 212 176 214 185 216 177 221 170 224 165 225 159 224 152 222 147 217 160 216 165 217 170 216 181 216 170 217 165 218 160 217
100 168 103 186 106 204 113 220 123 233 136 244 150 253 166 256 182 253 196 243 208 232 218 218 224 203 228 185 230 168 231 151 115 132 123 125 133 123 145 125 155 131 174 131 185 126 196 124 207 126 215 134 165 148 165 161 166 174 166 187 153 195 159 197 165 199 172 197 178 195 125 151 133 147 141 148 148 153 141 155 132 155 180 154 188 149 196 149 203 152 197 156 188 156 144 215 153 213 160 212 165 213 170 212 177 213 185 215 176 220 170 223 165 223 160 223 152 221 147 216 160 216 165 217 170 216 182 215 170 216 165 217 160 217
100 168 102 186 106 204 112 220 123 233 136 244 150 252 166 255 182 252 196 242 208 231 218 218 224 203 228 186 230 169 231 152 115 132 123 125 134 123 145 125 155 131 174 131 185 126 197 124 208 126 216 134 165 148 165 161 166 174 166 187 153 196 159 197 165 199 172 197 178 195 126 151 133 148 141 148 148 154 141 155 132 155 180 154 188 149 196 149 203 152 197 156 189 156 143 215 152 214 160 212 165 213 170 212 177 213 186 214 177 220 171 222 165 223 160 223 152 220 146 216 160 217 165 217 170 216 183 215 170 216 165 217 160 217
100 167 102 185 105 203 112 219 122 232 135 244 149 253 165 256 181 253 195 243 207 231 218 218 224 203 228 186 230 168 231 151 115 132 123 125 134 123 145 125 155 131 174 131 185 126 197 124 208 126 216 134 165 148 165 161 165 174 166 187 152 196 159 198 165 199 171 197 177 196 126 151 133 147 141 148 149 153 141 155 132 155 180 154 188 149 196 149 203 152 197 156 189 156 143 215 152 214 160 212 165 213 170 212 177 213 186 214 177 221 170 224 165 224 160 224 152 221 146 216 160 217 165 218 170 217 182 215 170 217 165 218 160 217
100 167 102 185 105 203 112 219 123 233 135 244 149 254 165 257 181 253 195 243 207 231 217 218 224 202 228 186 230 168 231 151 114 132 123 125 134 123 145 125 155 131 174 131 185 126 197 124 208 126 216 134 165 148 165 161 165 174 166 187 152 196 159 197 165 199 171 197 177 195 125 150 133 147 141 148 148 153 141 155 132 155 180 154 188 149 196 148 204 152 197 156 188 156 143 215 152 214 160 212 165 213 170 212 177 213 185 215 177 222 170 225 165 226 159 226 152 222 147 216 160 217 165 218 170 217 181 215 170 218 165 219 160 218
100 168 102 186 105 204 112 220 123 233 135 245 149 254 165 257 181 254 194 244 206 233 217 219 224 204 228 187 230 169 231 152 115 132 123 125 134 123 145 125 155 131 174 131 185 126 197 124 208 126 216 134 165 148 165 161 166 174 166 187 153 196 159 197 165 199 171 197 177 195 125 150 133 147 141 148 148 153 141 155 132 155 180 154 188 149 197 148 204 152 197 156 188 156 143 216 152 214 160 212 165 213 170 212 177 214 185 215 177 223 170 227 165 228 159 227 152 224 147 216 160 217 165 218 170 217 182 216 170 219 165 220 160 219
100 168 102 186 105 204 112 220 123 234 135 246 149 255 165 258 181 254 194 244 206 233 217 219 223 204 228 186 230 169 231 151 115 132 123 125 134 123 145 126 155 131 174 131 185 126 196 124 207 126 215 134 165 148 165 161 165 174 166 187 153 196 159 198 165 199 171 198 177 196 125 151 132 147 141 148 148 153 141 155 132 155 180 154 188 149 197 149 203 152 197 156 188 156 143 216 152 214 160 212 165 213 170 212 177 214 186 215 178 224 171 228 165 229 159 228 152 225 147 217 160 217 165 218 170 217 182 216 170 220 165 221 160 220
100 169 102 188 106 205 113 221 123 235 136 246 149 255 165 258 181 255 194 245 207 233 217 219 224 204 228 187 230 169 231 152 115 133 123 125 134 123 145 126 155 131 174 131 185 126 196 124 207 126 215 133 165 148 165 161 165 174 166 187 153 196 159 198 165 199 172 198 178 196 125 151 133 148 141 148 148 153 141 155 132 155 180 154 188 149 196 149 203 152 197 156 188 156 144 217 152 214 160 212 165 213 170 212 178 214 186 216 178 224 171 228 165 229 160 228 152 225 147 217 160 217 165 217 170 217 182 216 171 220 165 221 160 220
101 169 103 187 106 205 113 221 123 234 136 245 150 254 165 257 181 253 195 243 207 232 217 219 224 204 228 187 231 169 232 152 115 132 123 125 134 123 145 125 155 131 174 131 185 126 197 124 208 126 216 134 165 148 165 161 166 173 166 186 153 196 159 197 165 199 171 197 177 195 125 151 133 147 141 148 148 153 141 155 132 154 181 154 188 149 197 149 204 152 197 156 189 156 143 216 152 214 160 211 165 213 170 211 178 213 186 215 178 223 171 227 165 228 160 227 152 224 147 217 160 217 165 217 171 216 182 216 171 219 165 219 160 219
101 169 103 187 106 205 113 220 123 234 136 245 150 254 165 257 181 253 195 243 207 232 217 219 224 204 228 187 230 169 232 152 114 132 123 125 134 123 145 125 155 131 174 131 185 126 196 124 208 126 216 134 165 148 165 161 166 174 166 187 153 196 159 198 165 199 172 197 178 195 125 151 133 148 141 148 149 153 141 155 132 155 180 154 188 149 197 149 204 152 197 156 189 156 143 216 153 213 160 211 165 213 170 211 177 213 186 215 178 223 171 227 165 228 160 227 152 224 147 216 160 216 165 217 171 216 182 216 171 218 165 219 160 219
101 170 103 188 106 205 113 221 123 234 136 245 150 253 166 256 182 253 195 243 208 232 218 219 224 204 228 187 231 170 232 153 115 132 123 125 134 123 145 125 155 131 174 131 185 126 197 124 208 126 216 134 165 148 165 161 166 173 166 186 153 196 159 197 166 199 172 197 178 195 126 151 133 147 141 148 149 153 141 155 132 154 181 154 188 149 197 148 204 152 197 156 189 156 143 215 153 213 160 211 165 212 171 211 178 213 187 214 178 222 171 225 166 226 160 225 152 223 147 216 160 216 165 217 171 216 183 215 171 217 165 218 160 218
101 169 103 187 106 205 113 220 123 233 136 244 150 252 165 255 181 252 195 243 207 232 217 219 224 204 228 187 230 170 232 152 115 132 123 124 134 122 145 125 155 131 175 131 185 126 197 123 208 126 216 133 166 148 166 161 166 173 166 186 153 196 159 197 166 198 172 197 178 195 126 150 133 147 142 148 149 153 141 155 132 154 181 154 188 148 197 148 204 152 197 156 189 156 144 215 153 213 161 211 165 212 171 211 177 213 186 214 178 221 171 224 166 225 160 225 153 222 147 215 160 216 165 216 171 216 182 215 171 216 166 217 160 217
101 168 103 186 106 204 112 220 123 233 136 244 150 253 166 256 182 252 195 243 208 232 218 218 225 203 228 186 231 169 232 151 115 132 123 125 134 123 145 125 155 131 174 131 185 126 197 123 208 126 216 133 165 147 166 160 166 173 167 186 153 195 160 196 166 198 172 196 178 195 126 150 133 147 142 147 149 153 141 155 133 154 181 154 189 148 197 148 204 152 197 156 189 156 144 215 153 213 161 211 166 212 171 211 178 212 187 214 178 221 171 225 166 226 160 225 153 222 148 215 161 216 166 216 171 215 182 215 171 217 166 217 161 217
101 169 103 187 106 204 113 220 123 233 136 244 150 253 166 256 182 253 195 243 208 232 218 219 224 204 228 187 231 170 232 152 115 132 123 125 134 122 145 125 155 131 175 130 185 125 197 123 208 126 216 134 165 147 166 160 166 173 166 186 153 195 159 197 166 198 172 196 178 195 126 150 133 147 142 147 149 153 141 155 133 154 181 154 188 148 197 148 204 152 197 156 189 156 144 215 153 213 161 211 166 212 171 211 178 212 187 214 178 221 172 225 166 226 160 225 153 222 148 216 160 216 166 216 171 215 183 215 171 217 166 218 160 218
101 169 103 187 106 204 112 220 123 233 136 244 150 253 166 256 182 252 195 243 208 232 218 219 225 203 228 186 230 169 232 152 115 132 123 125 134 123 145 125 155 131 175 130 186 125 197 123 208 126 216 133 165 147 166 160 166 173 166 186 153 195 159 197 166 198 172 197 178 195 126 150 133 147 142 147 149 153 141 155 133 154 181 154 188 148 197 148 204 152 197 155 189 156 143 215 153 213 161 211 166 212 171 211 178 213 186 214 178 221 171 225 166 226 160 225 152 222 147 216 160 216 166 217 171 216 182 215 171 217 166 218 160 218
101 168 102 186 105 204 112 219 123 232 136 243 149 252 166 255 182 251 195 242 208 231 218 218 225 203 228 186 231 169 232 152 116 132 124 125 134 123 145 125 155 131 175 130 186 125 197 123 208 126 216 133 166 148 166 161 166 173 167 186 153 195 160 197 166 198 172 197 178 195 126 150 133 147 142 147 149 153 141 155 132 155 181 154 188 148 197 148 204 152 197 156 189 156 143 214 153 213 160 211 165 213 171 211 178 213 186 213 178 220 172 222 166 223 160 223 153 221 146 215 160 216 165 217 171 216 183 214 171 216 166 217 161 217
101 168 102 186 106 203 112 219 122 232 135 243 150 251 166 254 182 250 196 241 209 231 219 217 225 202 228 185 231 168 232 152 115 132 124 125 134 122 145 125 155 131 174 130 185 125 197 123 208 126 216 133 165 148 166 161 166 173 166 186 153 196 160 197 166 199 172 197 178 195 126 150 133 147 142 148 149 153 141 155 132 155 181 154 188 149 197 148 204 152 197 156 189 156 143 214 153 213 161 211 166 213 171 211 178 213 186 213 178 219 171 221 166 222 160 222 153 220 147 215 160 216 165 217 171 216 183 214 171 216 166 217 161 216
101 168 103 186 106 203 112 219 123 232 136 242 150 250 166 253 182 250 196 241 208 230 218 217 225 202 228 185 231 168 232 151 115 132 123 125 134 122 145 125 155 130 175 130 185 125 197 123 208 126 216 134 165 148 166 161 166 173 167 186 153 196 160 197 166 198 172 197 178 195 126 150 133 147 142 147 149 153 141 155 132 154 181 154 188 148 197 148 204 152 197 156 189 156 142 214 153 213 160 211 165 213 171 211 178 212 187 213 178 219 171 221 165 222 160 222 152 220 146 215 160 216 165 217 171 216 183 214 171 216 165 217 160 216
101 168 103 186 106 204 112 219 122 232 135 242 149 251 166 254 182 250 196 242 209 231 218 218 224 203 228 186 230 169 231 151 115 132 123 125 134 123 145 125 155 130 175 130 185 125 197 123 208 126 216 134 165 148 166 161 166 173 166 186 153 196 159 197 166 199 172 197 178 195 126 151 133 147 142 148 149 153 141 155 132 155 181 154 188 148 197 148 204 152 198 156 189 156 143 214 153 213 160 211 165 213 171 211 178 212 187 213 178 219 171 221 165 222 160 221 152 219 146 215 160 216 165 217 171 216 184 213 171 216 165 217 160 216
101 169 103 186 106 204 112 220 122 233 135 243 149 251 166 253 182 250 196 242 209 231 218 218 224 203 228 187 230 170 231 153 115 132 123 125 134 123 145 125 155 130 175 130 185 125 197 124 208 126 216 134 165 147 166 160 166 173 166 186 153 196 159 197 166 198 172 197 177 195 126 150 133 146 142 147 149 153 141 154 132 154 180 154 188 148 197 148 204 152 197 155 189 156 142 214 152 213 160 211 165 213 171 211 178 212 187 213 178 219 171 221 165 222 160 221 152 219 146 214 160 216 165 217 171 216 184 214 171 215 165 216 160 216
101 168 102 186 106 203 112 219 122 232 135 242 149 250 165 253 182 250 196 241 208 231 218 218 225 203 228 186 230 169 231 152 115 132 123 124 134 122 145 125 155 130 174 130 185 125 197 123 208 126 216 134 165 148 165 161 166 173 166 186 153 196 159 197 166 198 172 197 177 195 126 150 133 146 142 147 149 153 141 154 132 154 180 154 188 148 197 147 204 151 198 155 189 156 142 213 152 212 160 211 165 212 170 211 178 212 187 212 178 218 171 220 165 221 160 221 152 219 146 214 160 216 165 216 170 215 183 213 170 215 165 216 160 215
101 168 102 186 106 203 112 218 122 231 135 242 149 250 165 253 182 250 196 241 208 231 218 218 225 202 228 186 231 169 232 151 115 132 123 124 134 122 145 125 155 131 174 131 185 125 197 123 208 125 216 133 165 147 166 160 166 173 166 185 153 195 159 197 166 198 172 196 178 195 126 150 133 146 142 146 149 153 141 154 132 154 181 153 188 147 197 147 204 151 198 155 189 156 142 212 152 212 160 210 165 212 170 210 177 212 187 212 178 218 170 220 165 221 160 220 152 218 145 213 160 215 165 216 170 215 183 213 170 215 165 216 160 215
101 167 103 185 106 203 112 218 122 231 135 242 150 250 166 253 182 249 196 241 209 230 219 217 225 202 228 185 230 168 231 151 114 132 122 124 133 122 145 124 155 130 174 130 185 125 197 123 208 126 216 134 165 148 165 161 166 173 166 186 153 195 159 197 166 198 172 197 178 195 126 149 133 145 142 146 149 153 141 154 132 153 181 153 188 147 197 147 204 151 197 155 189 155 142 212 152 212 160 211 165 212 170 211 178 212 187 212 178 218 171 220 165 221 160 220 152 218 145 213 160 215 165 216 170 215 184 213 170 215 165 216 160 215
101 167 103 185 106 202 112 218 122 231 135 242 149 250 165 253 182 250 196 241 209 230 218 217 225 202 228 185 230 168 232 151 115 132 123 124 134 122 145 124 155 131 174 131 185 125 197 123 208 126 216 134 165 148 166 160 166 173 166 186 153 195 159 197 166 198 172 196 178 195 126 149 133 145 142 146 149 153 141 154 132 153 181 153 189 147 197 146 204 151 198 155 189 155 141 212 152 212 160 210 165 212 170 210 177 211 187 212 178 218 171 220 165 221 160 220 152 218 145 213 160 215 165 216 170 215 184 213 170 215 165 216 160 215
101 167 103 185 106 202 112 218 122 231 135 242 149 250 165 253 181 250 196 241 208 231 218 218 224 203 228 186 231 169 232 151 115 132 123 124 134 122 145 125 155 130 174 130 185 125 197 123 208 126 216 134 165 148 166 160 166 173 166 186 153 195 159 197 166 198 172 197 178 195 126 149 133 145 142 145 149 152 141 154 132 153 181 153 189 147 197 146 204 151 198 155 189 155 141 212 152 212 160 211 165 212 170 210 177 212 187 212 178 218 170 220 165 221 160 220 151 218 145 213 160 215 165 216 170 215 184 213 170 215 165 216 160 215
