97 167 99 186 102 204 108 221 118 235 131 247 145 256 160 259 176 256 190 247 203 235 213 221 220 206 225 189 228 171 229 153 113 134 122 127 133 125 145 128 155 134 173 134 184 130 196 128 207 131 215 139 164 151 164 165 164 178 164 192 150 199 157 201 163 203 169 201 175 199 123 151 131 147 140 148 147 155 139 156 130 156 179 157 187 151 196 151 203 155 196 159 187 159 140 219 149 217 157 216 162 217 168 216 174 217 182 219 174 226 167 229 162 230 156 229 149 226 144 220 157 220 162 221 167 220 178 220 167 222 162 223 157 222
97 167 98 186 102 204 108 221 118 235 131 247 145 257 160 260 177 257 191 247 203 236 213 222 220 206 225 188 228 171 230 153 113 133 122 126 134 125 145 128 156 134 173 134 184 130 196 129 207 131 215 138 165 151 165 165 165 178 165 191 151 199 157 201 164 203 170 201 176 199 124 151 131 147 140 148 147 155 139 157 130 156 180 157 187 151 196 151 203 155 197 159 188 159 140 219 150 217 157 216 163 217 168 216 175 217 183 219 175 226 168 229 162 230 157 229 149 227 144 220 157 221 162 221 168 220 179 220 168 222 163 223 157 222
97 167 99 185 101 204 108 221 118 235 131 247 145 256 161 260 176 257 190 247 203 236 213 222 220 206 225 188 228 170 229 153 113 133 122 126 134 125 146 128 156 134 173 134 184 130 196 129 207 131 215 138 165 151 165 164 165 178 165 191 151 199 158 201 164 203 170 201 176 199 124 151 132 147 141 148 148 155 140 156 131 155 180 156 187 151 196 150 203 155 197 159 188 159 140 218 150 217 158 216 163 217 168 215 175 217 183 219 175 226 168 229 163 230 157 229 149 226 144 219 157 221 163 221 168 220 179 219 168 222 163 223 158 222
97 166 98 185 101 203 108 220 118 234 131 246 145 256 161 260 177 257 191 247 204 235 214 221 221 205 225 188 228 170 229 152 113 133 122 126 134 125 146 128 156 134 173 134 184 130 196 129 208 131 215 139 165 151 165 164 165 177 165 191 151 199 157 201 164 203 170 201 176 199 124 151 132 147 141 148 148 155 140 156 131 156 179 157 187 150 196 150 203 155 197 159 188 159 141 219 150 217 158 215 162 217 168 215 174 217 182 219 174 226 168 229 162 230 157 229 150 226 144 220 157 220 162 221 168 220 178 219 168 222 163 223 158 222
97 167 99 185 102 204 108 221 119 235 131 246 145 256 161 260 177 257 191 247 203 236 214 222 220 206 225 189 228 171 229 153 113 133 122 126 134 125 145 128 156 134 173 134 184 130 196 128 208 131 215 139 164 151 164 164 165 177 165 191 151 199 157 201 164 203 170 201 176 199 124 151 132 147 141 148 148 155 140 156 130 155 179 156 187 150 196 150 203 155 197 159 188 159 140 218 150 217 157 215 162 217 168 215 174 217 182 219 174 226 168 229 162 230 157 229 149 226 144 219 157 220 162 221 167 220 179 219 168 222 162 223 157 222
97 167 99 186 102 205 108 221 119 235 132 247 145 256 161 260 177 257 190 247 203 236 213 222 220 206 224 189 228 171 229 153 113 133 122 126 134 125 146 128 156 134 173 134 185 130 196 128 208 131 216 139 165 151 165 164 165 177 165 191 151 199 157 201 164 203 170 201 176 199 124 151 132 147 141 148 148 155 140 156 131 155 179 156 188 150 196 150 203 155 197 159 188 159 140 219 150 217 157 216 162 217 168 216 174 217 182 219 174 226 168 229 162 230 157 229 149 227 144 220 157 220 162 221 167 220 178 219 167 222 162 223 157 222
97 167 99 186 102 204 109 221 119 235 131 246 145 256 161 259 176 256 190 247 203 235 214 221 220 206 225 188 228 170 229 153 113 133 122 126 134 125 145 128 155 134 173 134 184 130 196 128 208 131 215 138 164 151 164 164 165 178 165 191 151 199 157 201 164 203 170 201 176 199 124 151 132 147 141 148 148 155 140 156 130 156 179 156 187 150 196 150 203 155 197 159 188 159 140 219 150 217 158 216 162 217 168 216 174 217 182 219 174 226 168 229 162 230 157 229 149 226 144 220 157 220 162 221 168 220 178 219 168 222 162 223 157 222
97 167 99 186 103 204 109 221 119 235 131 246 145 256 161 259 176 256 190 247 204 235 214 222 221 206 225 188 228 171 229 153 113 133 122 126 134 125 145 128 156 134 173 134 184 130 196 128 208 131 216 139 164 151 164 164 164 177 164 190 151 199 157 201 163 202 169 201 175 199 124 151 132 147 141 148 148 155 140 156 131 155 179 156 187 150 196 150 203 155 197 159 188 159 140 218 150 217 157 215 162 217 167 215 174 217 182 219 174 226 168 229 162 230 157 230 149 227 144 219 157 220 162 221 167 220 178 220 167 222 162 223 157 222
97 167 99 185 102 204 108 220 118 234 131 246 144 256 160 260 176 257 190 247 203 236 213 222 220 206 224 188 227 171 229 153 113 133 122 126 134 125 145 128 155 134 173 134 184 130 196 128 207 130 215 138 164 151 164 164 165 177 165 190 151 199 157 201 163 202 170 201 175 199 124 151 131 147 140 148 147 155 139 157 130 156 179 156 187 150 196 150 202 155 196 159 187 159 140 218 149 217 157 215 162 217 168 215 174 217 182 219 174 226 168 229 162 230 156 229 149 226 144 219 157 220 162 221 168 220 179 219 168 222 162 223 157 222
98 167 99 186 102 204 109 220 119 234 132 246 145 256 161 259 177 256 190 246 203 235 213 221 220 205 224 188 227 170 229 152 113 133 122 126 134 125 145 128 155 134 173 134 184 130 196 128 207 131 215 138 164 151 164 164 165 177 165 190 150 199 157 201 164 202 170 201 176 199 124 151 131 147 140 148 147 155 139 156 130 156 179 156 187 150 196 150 203 154 196 159 187 159 140 217 149 216 157 215 162 216 168 215 174 217 183 218 175 225 168 229 162 230 156 229 149 226 144 218 157 220 162 221 168 220 179 219 168 221 162 222 157 222
97 167 99 186 102 204 109 220 119 234 132 246 145 255 161 258 177 255 190 246 203 234 213 221 220 205 224 188 227 170 229 153 113 133 122 126 134 125 145 128 155 134 173 134 184 130 196 128 207 130 215 138 164 151 164 164 164 177 165 190 150 198 157 200 163 202 170 201 175 199 123 151 131 147 140 148 147 155 139 156 130 156 179 157 187 150 196 150 203 155 196 159 187 159 140 217 149 216 157 214 162 216 168 214 174 216 183 217 175 225 168 228 162 229 157 229 149 226 144 218 157 219 162 220 168 219 179 218 168 221 162 222 157 221
97 167 99 187 102 205 109 221 119 234 132 246 145 255 161 258 177 255 190 246 203 235 213 221 220 206 225 189 228 171 229 153 112 133 122 126 133 125 145 128 155 134 172 134 184 130 196 128 207 131 215 139 164 151 164 164 164 177 164 190 150 198 157 200 163 202 170 200 176 198 123 151 131 147 140 148 147 155 139 156 130 155 179 156 187 150 196 150 203 155 196 159 187 159 140 217 149 216 157 214 162 216 168 214 174 216 182 217 174 225 168 228 162 229 156 228 149 225 144 218 157 219 162 219 168 219 179 218 168 221 162 222 157 221
97 167 99 186 102 205 109 221 120 234 132 246 146 256 161 259 176 256 190 247 202 235 213 222 220 206 225 189 227 172 229 154 113 133 122 126 133 125 145 128 155 134 172 134 184 130 196 128 207 131 215 139 164 151 164 164 164 177 164 190 150 198 157 200 163 202 170 201 176 199 124 150 131 147 140 148 147 155 139 156 130 155 179 156 187 150 196 150 203 154 196 159 187 159 139 217 149 216 157 214 162 216 167 214 174 216 183 217 174 226 168 230 162 231 156 230 148 226 143 218 157 218 162 219 167 218 179 218 167 222 162 223 157 222
98 168 99 187 102 205 109 222 119 236 132 248 145 257 161 261 176 258 189 248 202 236 212 222 220 206 224 189 227 171 228 153 113 133 122 127 134 125 145 128 155 134 172 134 184 130 196 128 207 131 215 139 164 151 164 164 164 177 165 190 150 198 157 200 163 202 170 200 176 198 123 151 131 147 140 148 147 155 139 156 130 156 178 156 186 150 195 150 202 154 196 159 187 159 140 218 149 216 157 214 162 215 168 214 175 216 182 218 175 228 168 232 162 233 156 232 148 228 143 219 157 218 162 219 168 218 178 219 168 224 162 226 157 225
97 167 99 187 102 205 109 222 119 236 132 248 145 257 161 261 176 258 189 248 202 236 212 222 220 206 224 189 227 171 229 153 113 133 122 126 134 125 145 128 155 134 172 135 184 130 195 129 207 131 214 139 164 151 164 165 164 178 165 191 150 199 157 201 163 203 170 201 176 199 124 151 131 147 140 148 147 155 139 157 130 156 179 157 187 151 195 151 202 155 196 159 187 159 139 219 149 216 157 214 162 216 168 214 175 217 182 219 175 228 168 233 162 234 156 233 148 229 143 220 157 219 162 220 168 219 178 220 168 225 162 226 157 226
97 168 99 187 103 205 109 222 120 236 132 247 146 257 161 260 176 257 190 247 203 236 213 222 220 206 225 189 228 171 229 153 113 134 122 127 133 126 145 128 155 134 173 135 184 131 196 129 207 131 215 139 164 151 164 165 164 178 165 192 150 199 157 201 163 203 170 201 176 199 124 151 131 147 140 148 147 155 139 157 130 156 179 157 187 151 196 150 203 155 196 159 187 159 140 219 149 217 157 215 162 216 168 215 174 217 182 219 174 228 167 232 162 233 156 232 148 228 144 220 157 219 162 220 167 219 178 220 167 225 162 226 157 225
97 167 99 186 102 204 108 221 118 235 131 246 144 256 160 259 176 256 190 247 203 236 213 222 220 206 224 189 228 171 229 154 113 134 122 127 133 126 145 129 155 135 173 135 184 131 196 129 208 131 216 139 164 151 164 165 164 178 164 192 150 199 157 201 163 203 170 201 175 199 124 151 131 147 140 148 147 155 139 157 130 156 179 157 187 151 195 151 203 155 196 159 187 159 140 219 149 217 156 215 162 217 167 215 174 217 182 219 174 226 167 229 161 230 156 229 148 226 143 220 156 220 161 221 167 220 178 220 167 222 162 223 156 223
97 166 99 185 102 204 108 220 119 234 131 246 145 255 160 258 177 255 190 246 203 235 213 221 220 206 225 188 228 171 230 153 113 134 122 127 133 126 145 129 155 135 173 135 184 131 196 129 207 131 215 139 164 151 164 165 164 178 164 192 150 199 156 201 163 203 169 201 175 199 124 151 131 148 140 149 147 155 139 157 130 156 179 157 187 151 195 151 202 155 196 160 187 160 140 218 150 217 157 215 162 217 167 215 174 217 182 218 174 225 167 228 162 228 156 228 149 226 144 219 157 220 162 220 167 220 178 219 167 221 162 222 157 221
97 167 99 186 102 204 109 221 119 234 131 246 145 255 160 258 177 255 191 246 204 235 214 221 220 206 225 188 228 171 229 153 113 134 122 127 133 126 145 129 155 135 173 135 184 131 196 129 207 131 215 139 164 151 164 165 164 178 164 192 150 199 157 201 163 203 169 201 175 199 123 151 131 147 140 149 147 155 139 157 130 156 179 157 187 151 195 151 202 155 196 160 187 160 140 218 150 217 157 215 162 217 167 215 174 217 182 218 174 224 167 227 162 227 156 227 149 224 144 219 157 219 162 220 167 219 179 219 167 220 162 221 157 220
97 168 99 186 102 205 109 221 120 235 132 246 145 256 161 259 177 256 190 247 203 235 213 222 220 206 225 189 228 172 229 155 113 134 122 127 133 126 144 128 155 134 173 135 184 130 196 129 207 131 215 139 164 151 164 165 164 178 164 191 150 199 157 201 163 203 170 201 176 199 124 151 131 147 140 148 147 155 139 157 130 156 179 157 187 151 195 151 202 155 196 159 187 160 140 218 149 216 157 215 162 216 167 215 174 217 182 218 173 225 167 228 161 229 156 228 149 225 144 219 157 219 162 220 167 219 178 219 167 221 162 222 157 221
97 167 99 186 102 205 109 221 120 235 132 246 145 256 161 259 176 257 190 247 202 235 213 222 220 206 225 189 228 172 229 154 113 134 121 127 133 125 144 128 155 134 172 134 184 130 196 129 207 131 215 139 164 151 164 164 164 178 164 191 150 199 156 201 163 203 169 201 176 199 124 151 131 147 140 148 147 155 139 156 130 156 178 157 186 150 195 150 202 155 196 159 187 159 140 218 149 216 157 214 162 216 167 215 174 217 182 219 173 226 167 230 161 230 156 230 148 226 144 219 156 219 161 220 167 219 178 219 167 222 161 223 156 222
97 167 99 186 102 204 109 221 119 235 131 247 145 256 160 260 176 257 190 247 203 235 214 221 220 205 225 188 228 170 229 153 113 133 122 126 133 125 145 128 155 134 172 135 184 130 196 128 207 131 215 139 164 151 164 164 164 177 164 191 150 198 156 200 163 202 170 201 175 198 123 151 131 147 140 148 147 155 139 156 130 156 179 156 187 150 195 150 202 155 196 159 187 159 140 219 149 216 157 214 162 216 167 214 174 217 181 219 173 227 167 230 161 231 156 231 148 228 144 220 156 219 162 219 167 219 177 220 167 223 162 225 156 224
97 166 99 185 102 203 108 220 118 234 130 246 144 256 160 259 176 256 190 246 203 235 214 221 220 205 224 187 227 170 229 152 112 133 122 126 133 126 145 128 155 134 172 135 184 130 195 129 207 131 215 138 164 151 164 165 164 178 164 191 150 199 157 201 163 202 169 201 175 199 123 151 131 147 140 148 147 155 139 156 130 156 179 156 186 150 195 150 202 155 196 159 187 159 140 219 149 217 157 215 162 217 167 215 173 217 181 219 173 226 167 230 161 231 156 230 148 227 144 220 156 220 161 220 167 220 177 220 167 223 161 224 156 224
97 166 98 185 101 204 107 220 117 235 130 246 143 256 159 259 175 256 189 247 203 235 213 221 220 206 225 188 228 170 229 152 112 134 121 127 133 126 144 129 155 135 172 135 184 131 195 129 207 131 215 138 164 152 164 165 164 178 164 191 150 199 156 201 162 203 169 202 175 199 123 151 131 148 140 149 147 155 139 157 130 156 178 157 186 151 195 151 202 155 196 159 187 159 141 220 149 218 157 216 161 218 167 216 173 218 181 220 173 226 167 229 161 230 156 230 149 227 144 221 156 221 161 222 167 221 177 220 167 222 161 223 156 223
97 167 99 186 102 204 108 221 118 235 130 246 143 255 159 259 175 256 190 247 202 236 213 222 220 206 224 189 227 171 229 153 112 134 121 127 133 126 144 129 155 135 172 135 183 131 195 129 207 132 215 139 163 152 163 166 163 179 163 193 149 200 156 202 162 204 169 202 175 200 123 152 130 148 140 149 147 156 139 158 130 157 178 158 186 151 195 151 202 155 196 160 187 160 141 220 149 219 156 217 161 219 166 217 173 219 180 220 172 227 166 229 161 230 156 230 149 227 144 221 156 222 161 223 166 222 177 221 166 223 161 224 156 223
97 167 98 186 102 205 108 221 118 235 130 247 143 256 159 259 175 256 189 247 202 236 213 223 220 207 224 189 227 171 229 153 112 135 121 128 133 127 144 130 154 136 172 136 183 132 195 130 206 132 215 139 163 152 163 166 163 179 163 193 149 200 156 202 162 204 168 203 174 201 123 152 130 148 139 149 147 156 138 158 129 157 178 158 186 151 195 151 202 156 195 160 186 160 140 220 149 219 156 217 161 219 166 217 173 219 180 220 173 227 166 230 161 231 155 230 148 228 144 221 156 222 161 223 166 222 177 221 166 223 161 224 156 223
97 167 99 187 102 205 108 222 118 236 130 247 144 256 159 260 175 257 189 247 202 236 212 223 219 207 224 189 227 171 229 153 112 135 121 128 133 127 144 130 154 136 171 136 183 132 194 130 206 132 214 140 163 152 163 166 163 179 163 193 149 201 155 202 162 204 168 203 174 201 123 152 130 149 139 150 146 156 138 158 129 157 178 158 186 152 194 152 201 156 195 160 186 160 140 221 149 219 156 217 161 219 166 217 173 219 180 221 172 227 166 230 161 231 155 231 148 228 144 221 156 222 161 223 166 222 176 221 166 223 161 224 156 223
97 168 99 187 102 206 108 222 118 236 131 247 144 256 160 259 176 257 189 247 202 236 213 223 220 207 224 189 227 171 229 153 112 134 121 128 133 127 144 130 155 136 171 136 183 132 195 130 206 132 214 140 163 152 163 166 163 179 163 193 149 200 156 202 162 204 169 203 175 201 123 152 130 149 139 150 146 156 138 158 129 157 178 158 186 152 194 152 202 156 195 160 186 160 140 221 149 219 156 217 161 219 166 217 172 219 180 221 172 228 166 231 161 232 155 231 148 228 144 222 156 222 161 223 166 222 176 222 166 223 161 224 156 224
97 168 98 187 102 206 108 222 118 236 131 248 144 257 159 260 175 257 189 248 202 237 212 223 220 207 224 190 227 172 229 154 112 135 121 128 133 127 144 130 155 136 172 136 183 132 195 130 207 132 215 140 163 152 163 166 163 179 164 193 149 201 156 202 162 204 169 203 175 201 122 152 130 149 139 150 146 156 138 158 129 157 178 158 186 152 195 152 202 156 195 160 186 160 139 220 148 219 156 217 161 218 167 217 173 219 181 221 173 228 167 231 161 232 155 232 148 229 143 221 155 222 161 223 167 222 177 221 167 224 161 225 155 224
97 168 99 187 102 205 108 222 118 236 130 247 144 257 159 260 175 257 189 247 202 236 212 222 219 206 224 189 227 171 229 153 112 135 121 128 133 127 144 130 155 136 172 136 183 132 195 130 207 132 215 139 163 152 163 166 163 179 164 193 149 200 156 202 162 204 169 202 175 200 123 152 130 148 139 149 146 156 138 158 129 157 178 157 186 152 195 151 202 156 195 160 186 160 139 220 148 218 156 216 161 218 167 216 173 218 181 220 173 228 166 231 160 232 155 232 147 228 143 221 155 221 161 222 166 221 177 221 166 224 161 225 155 224
97 167 98 186 101 204 108 221 118 235 130 247 144 256 159 260 175 257 189 247 202 236 213 222 220 206 224 189 227 171 229 153 112 135 121 128 133 127 145 130 155 136 172 136 183 132 195 130 206 132 214 139 163 152 163 166 164 179 164 192 149 200 156 202 162 204 169 202 175 200 122 152 130 148 139 149 147 156 138 157 129 157 178 158 186 152 195 151 202 156 195 160 186 160 139 219 148 217 156 216 161 217 167 216 173 218 181 219 173 227 166 231 160 232 155 231 147 228 142 220 156 221 161 222 167 221 178 220 166 223 161 224 155 224
97 167 99 186 102 205 108 221 118 235 131 247 144 256 159 260 175 257 189 247 202 236 213 222 220 206 224 188 227 170 229 152 112 135 121 128 133 126 145 129 155 136 172 136 183 131 195 130 207 132 215 140 164 152 164 165 164 178 164 192 150 200 156 202 163 203 169 202 175 200 123 152 130 148 139 149 147 156 139 157 129 157 178 158 186 151 195 151 202 155 196 160 186 160 138 218 148 217 156 215 161 217 167 215 174 217 182 219 173 227 167 231 161 232 155 231 147 228 142 219 156 220 161 221 167 220 178 220 167 224 161 225 155 224
97 168 99 187 102 205 108 222 118 235 131 247 144 257 160 261 176 258 189 248 202 237 213 223 220 207 224 189 228 172 229 154 112 134 122 127 133 127 145 130 155 136 172 136 183 132 195 130 207 132 215 140 164 152 164 165 164 178 164 192 150 200 157 201 163 203 169 202 175 200 123 152 131 148 140 149 147 156 139 157 130 156 179 157 186 151 195 151 202 155 196 160 187 160 139 218 148 217 156 215 162 217 167 216 174 218 182 219 174 227 167 231 161 232 155 231 148 228 143 219 156 220 161 221 167 220 178 220 167 224 161 225 156 224
97 168 99 187 102 206 108 223 119 236 131 248 145 257 161 261 176 258 190 248 203 236 213 222 220 206 225 189 227 171 229 153 112 135 122 128 133 127 145 129 155 136 172 136 184 131 195 130 207 132 215 140 164 152 164 166 164 179 165 192 150 200 157 202 163 204 170 202 176 200 123 152 131 148 140 149 147 156 139 157 130 157 179 158 187 152 195 152 202 156 196 160 187 160 139 218 149 217 157 215 162 217 168 216 175 217 183 219 175 228 168 232 162 233 156 232 148 228 143 219 156 220 162 221 168 220 179 220 168 225 162 226 156 225
98 168 99 187 102 206 109 222 119 236 131 248 145 258 161 261 177 258 190 248 203 237 214 223 221 207 225 189 228 171 229 154 113 135 122 128 133 127 145 130 155 136 173 136 184 132 196 130 207 132 215 140 164 152 164 166 164 179 165 193 150 200 157 202 163 204 170 202 176 200 123 152 131 148 140 149 147 156 139 157 130 157 179 158 187 152 196 152 203 156 196 160 187 160 139 218 148 217 157 215 162 217 168 216 175 217 183 219 175 228 168 232 162 233 156 232 148 229 142 219 156 220 162 221 168 220 179 220 168 225 162 226 156 226
98 168 99 187 102 206 109 222 119 236 132 248 145 257 161 261 177 258 190 248 203 237 214 223 221 207 225 190 228 172 230 154 113 135 122 128 133 127 145 130 155 136 173 137 184 132 196 130 207 132 215 140 164 152 164 166 165 179 165 193 151 200 157 202 164 204 170 202 176 200 124 152 131 148 140 149 147 156 139 157 130 157 179 158 187 152 196 152 203 156 196 160 187 160 139 218 149 217 157 216 162 217 168 216 175 217 183 219 175 227 168 231 162 232 156 231 148 228 142 219 157 220 162 221 168 220 180 220 168 224 162 225 156 225
98 167 99 187 103 205 110 222 120 236 132 248 146 257 161 261 177 258 190 248 203 236 213 222 220 206 225 189 228 171 230 153 113 135 123 128 134 127 145 130 155 136 173 137 184 132 196 130 208 133 216 140 164 153 165 166 165 180 165 193 151 200 157 202 164 204 170 203 176 201 124 152 132 149 140 150 148 156 140 158 131 157 179 158 187 152 196 152 203 156 196 160 187 160 139 218 149 217 157 216 163 217 168 216 175 217 184 218 175 227 168 232 162 233 156 232 148 228 143 219 157 220 163 221 168 220 180 219 168 224 162 225 157 225
98 168 99 187 103 205 109 222 120 236 132 248 145 257 161 261 177 258 190 248 203 237 213 223 221 207 225 190 228 172 230 153 113 135 122 128 134 127 146 130 156 136 173 137 184 132 196 131 208 133 216 140 165 152 165 166 165 179 165 193 151 200 157 202 164 204 170 202 176 200 124 152 132 148 140 149 148 156 140 158 131 157 179 158 187 152 196 152 203 156 197 160 188 160 139 217 149 217 158 215 163 217 169 216 176 217 184 218 176 226 168 230 162 231 157 231 149 227 143 219 157 220 163 221 168 220 180 219 168 223 163 224 157 224
98 169 100 188 103 206 110 222 120 236 133 248 147 257 162 260 178 257 191 247 204 236 214 222 221 206 225 189 228 171 230 153 113 135 122 128 134 127 145 130 156 136 174 137 185 132 197 130 208 132 216 140 165 152 165 166 165 179 165 192 151 200 158 202 164 203 171 202 176 200 124 152 132 148 141 149 148 156 140 157 131 157 179 158 187 152 196 152 203 156 197 160 188 160 139 217 149 216 158 215 163 217 169 215 176 217 185 217 176 226 169 230 163 231 157 230 149 227 143 218 158 220 163 221 169 220 181 218 169 223 163 224 157 224
98 167 100 187 103 205 110 222 120 236 132 248 146 258 161 262 177 258 191 248 203 236 214 222 221 207 225 189 228 171 230 153 113 134 122 128 134 127 146 130 156 136 174 137 185 132 197 130 208 132 216 140 165 152 165 166 165 179 165 193 151 199 158 201 164 203 171 202 177 200 124 152 132 148 141 149 148 156 140 157 131 157 180 158 187 152 196 152 203 156 197 160 188 160 139 217 149 216 158 215 163 216 169 215 176 217 185 217 176 227 169 231 162 232 156 231 148 227 142 218 157 219 163 220 169 220 181 218 169 224 163 225 157 224
98 168 100 187 103 205 110 222 120 236 133 249 146 258 162 262 177 259 190 249 203 237 214 223 221 207 226 190 229 172 230 154 113 134 123 128 134 127 146 130 156 136 174 137 185 132 197 130 208 132 216 140 165 152 165 166 165 179 165 193 151 200 157 202 164 204 170 202 176 200 124 152 132 148 141 149 148 156 140 157 131 157 180 158 187 152 196 152 203 156 197 160 188 160 139 218 149 216 157 215 163 217 169 215 176 217 184 218 176 228 169 232 162 233 156 232 148 228 142 219 157 220 163 221 168 220 181 219 169 225 163 226 157 226
98 168 100 187 103 206 110 222 120 237 133 249 146 259 162 263 177 259 190 249 203 237 213 223 221 207 225 190 228 172 230 154 113 135 123 128 134 127 146 130 156 136 174 137 185 132 197 130 209 133 216 141 165 152 165 166 166 179 166 193 151 200 158 202 164 204 171 202 176 200 125 152 132 148 141 149 148 156 140 157 131 157 180 158 188 152 196 152 203 156 197 160 188 160 139 218 149 217 158 216 163 217 169 216 176 217 184 218 176 229 169 233 163 234 157 233 148 229 143 219 157 220 163 221 169 220 181 219 169 226 163 227 157 227
98 168 100 187 103 206 110 222 121 237 133 249 147 259 162 262 177 259 190 249 203 237 214 223 221 207 226 190 229 172 230 154 113 135 123 128 135 127 146 130 156 136 174 137 185 133 197 131 208 133 216 140 165 153 166 166 166 180 166 193 152 200 158 202 165 204 171 203 177 201 125 152 132 149 141 150 148 157 140 158 131 157 180 158 188 152 196 152 203 156 197 161 188 161 139 218 149 217 158 216 163 217 169 216 176 218 185 218 176 229 169 234 163 235 157 234 148 229 142 219 158 220 163 221 169 220 181 219 169 227 163 228 157 227
98 168 100 187 103 206 110 223 121 237 133 249 147 259 162 262 177 259 191 249 203 237 214 223 221 207 225 190 228 172 230 154 114 135 123 128 134 127 146 130 156 137 174 137 185 133 196 131 208 133 216 141 165 153 165 166 166 180 166 194 152 201 158 203 165 204 171 203 177 201 124 152 132 149 141 150 148 157 140 158 131 157 180 159 188 153 196 152 203 157 197 161 188 161 139 218 149 217 158 216 164 218 169 216 176 218 185 218 176 228 169 233 163 234 157 233 148 229 143 219 158 220 163 221 169 221 181 219 169 226 163 227 157 226
99 168 100 187 103 205 110 222 120 236 133 248 146 258 161 261 177 258 190 248 203 237 214 223 221 208 225 190 229 172 230 154 113 135 122 128 134 127 146 131 156 137 173 137 185 133 197 131 209 133 217 141 165 153 165 167 165 180 166 193 151 201 158 202 164 204 171 203 177 201 124 153 132 149 141 150 148 157 140 158 131 157 180 159 188 153 196 152 203 157 197 161 188 161 139 218 149 217 158 216 163 217 169 216 176 218 185 218 176 228 169 232 162 233 157 232 148 228 143 219 158 220 163 221 168 220 181 219 168 225 163 226 157 225
98 168 100 187 103 205 110 222 121 236 133 248 147 257 162 261 178 258 191 248 203 236 214 223 221 207 226 190 229 172 230 154 114 136 123 129 134 128 146 131 156 137 174 138 185 133 197 131 208 133 216 141 165 153 165 167 166 181 166 194 152 201 158 203 165 205 171 203 177 201 125 153 132 150 141 151 148 157 140 159 131 158 180 159 188 154 196 154 203 157 197 161 188 162 139 218 150 217 158 216 163 218 169 217 176 218 185 218 176 227 169 231 163 232 157 231 149 228 143 219 158 221 163 222 169 221 181 219 169 224 163 225 157 225
98 168 99 188 102 206 110 223 120 236 133 248 147 258 162 262 178 258 191 248 204 237 214 223 222 208 226 190 229 173 230 155 113 136 122 129 134 128 146 131 156 137 174 138 185 133 197 131 209 133 216 141 165 153 165 167 166 181 166 194 152 201 158 203 164 205 171 203 177 201 125 153 132 150 141 151 148 157 140 159 131 158 180 159 188 154 196 154 203 157 197 161 188 162 139 218 149 218 158 217 163 218 169 217 176 218 185 218 176 228 169 232 163 233 157 233 149 228 143 219 158 221 163 222 169 221 181 219 169 225 163 226 157 226
98 169 100 188 103 207 110 223 121 237 133 249 146 259 161 263 177 259 190 249 203 238 213 224 221 208 226 191 229 173 230 155 113 136 122 129 134 128 146 131 155 137 174 138 185 133 196 132 208 134 216 141 165 154 165 167 165 181 166 195 151 201 158 203 164 205 171 203 177 201 124 154 132 150 141 151 148 158 140 159 131 159 180 159 188 154 196 154 203 158 197 162 188 162 139 218 149 218 158 217 163 218 169 217 176 218 184 219 176 229 169 234 163 235 157 234 148 230 143 220 158 221 163 222 169 221 181 220 169 227 163 228 157 227
98 169 99 188 103 207 110 224 120 238 133 250 146 260 161 263 176 260 190 250 202 238 213 224 221 208 225 191 229 173 230 155 114 136 122 129 134 128 145 131 156 137 174 138 185 133 197 132 208 134 216 141 165 154 165 167 165 181 165 195 151 201 158 203 164 205 170 203 176 201 124 153 132 150 141 151 148 157 140 159 131 158 180 159 188 154 197 154 204 157 197 162 188 162 139 219 149 218 157 217 163 218 169 217 176 218 184 219 176 230 169 235 162 236 156 235 148 230 142 220 157 221 163 222 169 221 181 220 169 228 163 229 157 228
98 169 100 189 103 208 110 225 121 239 133 252 146 261 162 265 177 261 190 251 203 239 213 225 221 209 225 191 228 173 230 155 113 136 123 129 134 128 146 131 156 137 174 138 185 133 197 131 208 133 216 141 165 154 165 167 165 181 166 195 151 201 158 203 164 205 171 204 177 202 124 154 132 150 141 151 148 158 140 159 131 158 180 159 188 154 196 154 203 157 197 162 188 162 139 220 149 218 157 217 163 219 169 217 176 219 184 220 176 232 169 237 162 238 156 237 148 232 142 221 157 222 163 223 168 222 180 221 169 229 163 230 157 229
98 168 100 188 103 207 110 224 121 239 133 252 147 262 162 266 177 263 190 252 203 239 213 225 221 208 225 191 228 173 230 154 113 136 122 129 134 128 146 131 156 137 174 138 185 133 197 131 209 134 216 141 165 154 165 167 166 181 166 194 151 201 158 203 164 205 171 204 177 201 124 154 132 151 141 152 148 158 140 159 131 158 180 159 188 154 196 154 203 157 197 162 188 162 139 220 149 219 158 217 163 219 169 217 176 219 184 220 176 233 169 239 162 240 156 239 148 233 143 221 157 222 163 223 169 222 180 221 169 230 163 232 157 231
98 169 100 189 103 208 110 225 121 240 133 253 146 263 162 267 177 263 191 252 203 239 214 225 221 208 226 191 229 172 230 154 113 136 122 129 134 128 146 131 156 137 174 138 185 133 197 131 209 133 216 141 165 154 165 167 166 181 166 194 151 201 158 203 165 205 171 204 177 202 125 154 132 151 141 152 148 157 140 159 132 158 180 159 188 154 197 154 203 157 197 162 188 162 140 221 149 219 158 217 163 219 169 217 176 219 183 221 176 232 169 238 162 239 156 238 148 233 143 222 157 222 163 223 169 222 180 222 169 230 163 231 157 230
98 170 100 189 103 208 110 225 121 240 133 253 147 263 163 267 178 263 191 252 204 240 214 225 221 209 226 191 229 173 230 155 114 136 123 129 134 128 146 131 156 137 174 138 185 133 197 131 209 134 217 141 165 154 165 167 166 181 166 194 151 201 158 204 165 206 171 204 177 202 125 154 132 151 141 152 148 158 140 159 132 159 180 159 188 154 197 154 204 158 197 162 188 162 140 221 149 219 158 217 163 219 169 217 177 219 184 221 177 233 169 238 163 239 157 238 148 233 143 222 157 222 163 223 169 222 180 222 169 230 163 231 157 230
98 169 100 188 103 207 110 225 121 239 133 252 146 263 162 266 178 262 191 251 203 239 213 224 221 208 225 190 228 173 230 154 113 137 122 130 134 128 146 131 156 137 174 138 185 133 197 132 209 134 217 142 165 154 166 168 166 181 166 195 151 202 158 204 165 206 171 204 177 202 125 154 132 151 141 152 148 158 141 159 132 159 180 160 188 154 197 154 204 157 197 162 188 162 139 221 149 219 158 217 163 219 169 217 176 219 184 220 176 232 169 237 163 239 157 238 148 233 143 222 157 222 163 223 169 222 180 221 169 229 163 231 157 230
98 169 100 188 103 207 110 224 121 239 133 251 147 261 162 265 177 261 190 251 203 239 213 225 221 209 225 191 229 173 230 154 113 137 122 129 134 128 146 131 156 137 174 138 185 133 197 131 209 134 217 142 165 154 165 167 166 181 166 194 151 202 158 203 164 205 171 204 177 202 124 154 132 151 141 152 148 158 140 159 131 159 180 159 188 154 197 154 204 157 197 162 188 162 139 220 149 219 158 217 163 219 169 217 176 219 184 220 176 232 169 237 163 238 156 237 148 232 143 221 157 222 163 222 169 222 180 221 169 229 163 230 157 230
98 168 100 187 103 206 111 223 121 237 134 250 147 260 162 263 178 260 191 250 203 238 214 223 221 207 225 190 228 172 230 154 113 136 123 129 134 128 146 131 156 137 174 138 185 133 197 131 209 134 217 141 165 154 165 168 166 181 166 194 151 202 158 204 165 205 171 204 177 202 125 154 132 151 141 152 148 158 140 159 131 159 180 159 188 154 197 154 204 157 197 162 189 162 139 220 149 218 158 217 163 218 169 217 176 219 184 220 176 231 169 236 163 237 157 236 148 231 143 221 157 221 163 222 169 221 181 221 169 228 163 229 157 229
98 169 100 188 104 207 111 223 121 237 133 249 147 259 162 262 177 259 191 249 203 237 214 223 221 208 226 191 228 173 230 155 114 136 123 129 134 128 146 131 156 137 174 138 185 133 197 131 208 133 216 141 165 154 165 168 165 181 166 195 152 202 158 204 164 206 171 204 177 202 125 154 132 151 141 152 148 157 140 159 131 158 180 159 188 154 197 154 204 158 197 162 188 162 140 219 150 218 158 217 163 218 169 217 176 218 184 220 176 230 169 234 163 236 157 235 149 230 143 221 158 221 163 222 169 221 180 221 169 227 163 228 157 227
98 167 99 186 102 204 109 221 120 235 132 247 146 257 162 261 178 258 191 248 204 236 215 222 221 206 226 189 229 171 230 153 114 136 123 129 135 128 146 131 156 137 174 138 185 133 197 132 209 134 217 141 166 154 166 167 166 181 166 194 152 201 158 203 165 205 171 204 177 202 125 154 133 151 141 152 148 158 141 159 132 159 180 159 188 154 197 154 204 158 197 162 189 162 140 219 150 218 158 217 163 219 169 217 176 219 184 219 176 228 169 232 163 233 157 232 149 228 144 220 158 222 163 223 169 222 180 220 169 224 163 225 158 224
99 168 100 187 104 205 111 222 121 235 133 247 147 256 163 259 178 256 192 246 205 235 215 222 222 206 226 189 229 172 231 154 114 136 123 129 135 128 146 131 156 137 174 138 185 133 197 131 209 133 217 141 165 154 166 167 166 181 166 194 152 201 158 203 165 205 171 203 177 201 125 153 133 150 141 151 149 157 141 159 132 158 180 159 188 154 197 154 204 158 197 162 189 162 140 219 150 218 158 217 164 219 169 217 176 218 184 219 176 227 169 230 163 231 158 230 150 227 144 220 158 222 163 223 169 222 180 220 169 223 164 224 158 223
98 168 99 186 102 205 109 221 119 235 132 246 146 255 162 258 177 255 191 246 204 235 214 222 221 206 226 190 229 172 231 154 114 135 123 129 135 128 146 131 156 137 174 137 185 133 197 131 208 133 216 141 165 153 165 167 166 180 166 194 152 201 158 203 165 205 171 203 177 201 124 153 132 151 141 151 148 157 140 159 131 158 180 159 188 154 197 154 204 157 197 162 188 162 140 218 150 218 158 217 163 218 169 217 176 218 184 219 175 226 169 228 163 229 157 228 149 226 143 219 158 221 163 222 169 221 180 219 169 222 163 223 158 222
98 168 100 186 103 204 109 220 119 234 132 245 146 255 162 258 177 255 191 246 204 234 215 221 221 206 226 189 228 171 230 153 114 135 123 128 135 128 146 131 156 137 174 138 185 133 197 131 208 133 216 140 165 153 165 167 165 181 165 194 151 201 158 203 164 205 171 203 176 201 125 153 132 151 141 151 148 157 140 159 131 158 180 159 188 154 197 154 204 157 197 161 188 162 140 218 150 218 158 217 163 219 169 217 175 218 184 218 175 225 169 228 163 229 157 228 149 225 143 219 157 221 163 222 169 221 181 219 169 222 163 223 157 222
98 168 99 186 102 204 109 221 119 234 132 245 146 254 162 257 178 254 191 246 204 235 215 221 221 206 226 189 229 172 230 154 114 135 123 128 135 128 146 131 156 137 174 138 185 133 197 131 208 133 216 140 165 153 165 167 166 180 166 194 151 201 158 203 165 205 171 203 177 201 125 153 133 151 141 152 148 157 140 159 132 158 180 159 188 154 196 154 203 157 197 162 188 162 140 218 150 218 158 217 163 218 169 217 176 218 185 218 176 225 169 227 163 228 157 227 149 225 143 219 158 221 163 222 169 221 181 219 169 221 163 222 158 221
98 167 99 185 102 203 109 220 119 234 131 245 145 254 162 257 178 254 192 245 205 234 215 221 222 206 226 189 229 172 230 154 114 135 123 128 134 128 146 131 156 137 174 138 185 133 197 131 208 133 216 140 165 154 165 167 165 180 166 194 151 201 158 203 164 205 171 203 177 201 124 153 132 151 141 152 148 157 140 159 131 158 180 159 188 154 196 154 203 157 197 161 188 161 139 218 150 217 158 216 163 218 169 216 176 218 185 218 176 224 169 227 163 227 157 227 149 224 143 219 157 221 163 222 169 221 181 219 169 221 163 222 157 221
97 167 99 186 102 204 109 220 119 234 132 245 146 253 162 256 178 253 192 245 205 234 215 221 222 205 226 188 229 171 230 153 113 135 123 128 134 128 146 131 156 137 174 138 185 133 196 131 207 133 216 140 165 154 165 167 165 181 166 194 152 201 158 203 165 205 171 203 177 201 124 154 132 151 140 152 148 158 140 159 131 158 180 159 188 154 196 154 203 158 197 162 188 162 140 217 150 217 158 216 163 218 169 216 176 217 185 217 176 224 169 226 163 227 158 226 150 224 143 218 158 221 163 222 169 221 182 218 169 220 164 221 158 220
97 167 99 186 102 204 109 220 119 233 132 244 146 252 162 255 178 253 192 244 205 233 215 220 222 205 226 188 229 171 230 153 113 135 122 129 134 128 145 131 156 137 174 138 184 133 196 131 207 133 215 140 165 154 165 167 165 181 165 194 151 201 158 203 164 204 171 203 176 201 124 154 132 151 141 152 148 158 140 160 131 159 180 159 188 154 196 154 203 157 197 162 188 162 139 217 150 217 158 216 163 217 169 216 176 217 185 217 176 224 169 226 163 226 157 226 149 224 142 218 157 220 163 221 169 220 182 218 169 220 163 221 157 220
98 169 100 187 103 205 109 221 119 234 132 245 146 253 162 256 178 253 192 244 205 234 215 221 221 205 225 189 228 171 230 154 113 135 122 128 134 128 145 131 156 137 174 137 185 133 196 131 208 133 216 140 165 154 165 167 165 181 166 194 151 201 158 203 164 205 171 203 176 201 124 154 132 151 140 152 148 158 140 159 131 158 180 159 188 155 196 154 203 158 197 162 188 162 139 217 150 217 158 216 163 217 169 216 176 217 185 217 176 223 169 226 163 226 157 226 149 224 142 218 158 220 163 221 169 220 182 218 169 220 163 221 158 220
97 168 99 187 102 205 109 221 119 234 132 245 146 253 162 256 178 253 192 244 205 234 215 221 221 206 225 189 228 171 230 153 112 136 122 129 134 128 145 131 155 137 174 138 184 133 196 131 207 133 215 141 165 154 165 167 165 180 166 194 151 201 158 203 164 205 170 203 176 201 124 154 132 151 140 152 148 157 140 158 131 158 180 159 188 155 196 155 203 157 196 161 188 161 139 217 150 217 158 216 163 217 169 216 176 217 185 217 176 223 169 225 163 226 157 226 149 223 142 218 157 220 163 221 169 220 182 218 169 220 163 221 157 220
97 167 99 186 102 204 109 220 119 234 132 245 146 253 162 256 178 253 192 244 205 234 215 220 222 205 226 188 228 171 230 153 113 136 122 129 134 128 145 131 155 137 174 138 185 133 196 131 207 133 215 141 165 154 165 167 165 180 165 194 152 201 158 203 164 204 170 203 176 201 124 153 132 150 140 151 148 157 140 158 131 157 180 159 188 154 196 154 203 157 196 161 188 161 139 217 150 217 158 216 163 217 169 216 176 217 185 217 176 223 169 226 163 226 157 226 149 224 143 218 157 220 163 221 169 220 181 218 169 220 163 221 157 220
98 168 99 187 102 205 109 221 119 234 132 245 146 253 162 256 178 253 192 244 205 234 215 221 222 205 226 189 228 171 230 154 113 135 122 129 134 128 146 131 156 137 174 137 185 133 196 131 208 133 216 140 165 153 165 167 165 180 165 194 152 201 158 203 164 204 170 203 176 201 124 153 132 150 140 151 148 157 140 158 131 157 180 159 188 153 196 153 203 157 197 161 188 161 140 217 150 217 158 216 163 218 169 216 176 217 185 217 176 223 169 225 163 226 157 225 149 223 143 218 158 220 163 221 169 220 181 218 169 220 163 221 158 220
98 168 99 187 103 205 109 221 120 234 133 245 147 253 163 256 179 253 193 244 205 233 215 220 222 205 226 188 229 171 230 154 113 135 123 128 134 128 146 131 156 137 173 137 184 133 196 131 208 133 216 140 165 153 165 167 165 180 166 193 152 201 158 203 164 204 171 203 177 201 124 153 132 150 141 151 148 157 140 158 131 158 180 159 188 153 196 153 203 157 197 161 188 161 140 217 150 217 158 216 163 217 169 216 176 217 185 217 176 224 169 226 163 227 158 226 150 224 143 218 158 220 163 221 169 220 181 218 169 220 163 221 158 220
98 169 100 188 103 206 109 222 120 235 133 245 147 253 163 256 178 253 192 245 205 234 215 221 222 206 226 189 229 172 230 154 113 135 122 129 134 128 146 131 156 137 174 137 185 133 196 131 208 133 216 140 165 153 165 167 165 180 166 194 152 201 158 203 164 204 171 203 177 201 124 153 132 149 141 150 148 157 140 158 131 157 180 159 188 153 196 153 203 157 197 161 188 161 140 217 150 217 158 216 164 218 169 216 176 217 185 217 176 223 169 226 163 226 157 226 150 223 143 218 158 220 163 221 169 220 182 218 169 220 163 221 158 220
98 168 100 187 104 204 110 220 120 234 133 245 147 253 163 256 179 253 193 244 206 234 215 221 222 205 226 189 229 171 230 154 113 135 123 128 134 127 146 130 156 136 174 137 185 133 197 131 208 133 216 140 165 153 165 167 166 180 166 193 152 201 158 203 165 204 171 203 176 201 124 153 132 149 141 150 148 157 140 158 131 157 180 159 188 153 197 153 204 156 197 161 188 161 140 217 150 217 158 215 164 217 170 216 176 217 185 217 176 223 169 226 163 226 158 226 150 224 143 218 158 220 163 221 169 220 182 218 169 220 163 221 158 220
98 169 100 187 103 205 109 221 120 235 132 245 146 254 162 257 178 254 192 245 205 234 215 221 222 206 226 190 228 172 230 155 114 135 123 129 134 128 146 131 156 137 174 138 185 133 196 131 208 133 216 140 165 153 165 167 166 180 166 194 152 201 158 203 165 205 171 203 176 201 124 153 132 149 141 150 148 157 140 158 131 157 180 159 188 153 197 153 204 157 197 161 188 161 140 217 151 217 158 216 164 218 169 216 176 218 185 217 176 224 169 226 163 226 158 226 150 224 143 218 158 220 163 221 169 220 182 218 169 220 164 221 158 220
98 168 100 187 103 205 110 221 120 234 133 245 147 253 162 256 178 253 192 245 205 234 216 221 222 206 226 189 229 172 231 154 113 135 123 129 134 128 146 131 156 137 174 138 184 133 196 131 207 133 216 140 165 154 165 167 166 180 166 193 152 200 158 202 165 204 171 203 177 201 124 153 132 149 141 150 148 157 140 158 131 157 180 159 188 153 197 153 204 157 197 161 189 161 140 218 150 217 159 215 164 217 170 215 177 217 185 218 176 224 169 226 163 227 157 226 150 224 143 218 158 220 164 221 169 220 182 218 169 220 163 221 158 220
