88 173 90 190 93 208 98 224 106 239 118 251 132 259 147 261 164 258 178 251 191 239 198 224 203 207 206 189 208 172 208 155 102 139 110 134 121 133 131 136 140 140 158 140 168 136 178 133 188 135 196 140 149 151 149 161 149 172 149 183 138 193 143 195 149 197 155 195 160 193 113 153 120 150 127 150 134 155 127 157 119 157 164 154 171 150 179 150 185 153 179 156 172 156 127 218 135 215 143 212 148 214 152 213 160 215 167 218 159 223 152 225 147 226 142 226 135 224 130 218 143 218 147 219 152 218 164 218 152 219 147 220 142 219
87 171 88 188 92 205 97 221 105 236 117 248 131 256 148 260 164 256 179 248 191 235 199 220 204 203 206 186 208 169 208 152 102 136 111 131 121 131 131 134 140 138 159 138 168 134 179 131 189 132 197 137 150 149 150 159 150 169 149 180 138 190 143 192 149 194 155 192 161 190 113 152 120 148 127 148 134 153 127 155 119 155 164 152 171 148 179 148 186 151 180 154 172 154 127 216 135 211 143 208 148 209 154 208 162 211 169 216 162 223 154 227 148 228 142 227 135 223 131 216 143 214 148 214 154 214 165 216 154 218 148 219 143 218
87 171 89 188 92 205 98 221 106 236 118 248 132 257 148 260 165 257 180 248 192 235 200 220 205 203 208 185 209 169 209 152 102 137 111 131 121 130 132 133 141 137 158 137 168 133 179 131 189 132 197 137 150 148 150 158 150 168 150 178 137 189 143 191 149 193 156 191 161 189 113 151 120 148 127 148 134 152 127 154 119 154 164 152 172 147 179 147 186 150 180 154 172 153 127 215 134 209 143 205 149 206 155 205 163 209 170 215 163 224 155 228 148 229 142 228 134 224 131 215 143 212 149 212 155 212 166 215 155 219 148 219 142 219
88 171 89 188 93 205 98 221 106 235 119 247 133 255 149 258 166 254 181 246 193 234 200 218 205 202 207 185 209 168 208 152 102 136 110 130 121 129 131 132 141 137 159 137 169 132 179 130 189 131 197 136 150 148 150 158 150 167 150 178 138 188 144 190 150 192 156 190 162 188 113 150 120 147 128 147 135 152 127 153 119 154 164 151 172 146 179 146 186 150 180 153 172 153 127 214 135 208 144 204 149 205 155 204 163 208 171 214 163 223 155 227 149 228 143 227 134 224 131 214 144 210 149 210 155 210 166 214 155 218 149 219 143 219
88 170 89 187 92 203 97 219 105 234 118 245 132 253 148 256 165 253 180 245 193 233 201 218 205 201 207 184 209 168 209 152 102 135 111 129 122 129 132 131 141 136 159 136 169 131 179 129 189 130 198 136 150 147 150 157 150 167 150 177 138 187 144 190 150 191 156 190 161 187 113 150 120 146 128 146 135 151 128 153 120 153 165 151 172 146 180 146 186 149 180 152 172 152 127 214 135 208 144 204 149 205 155 204 163 208 171 213 163 221 155 225 149 226 143 225 134 222 131 214 143 210 149 211 155 210 167 213 155 217 149 217 143 217
88 170 90 186 93 203 98 219 106 233 118 244 132 252 149 255 165 252 180 244 193 233 200 218 205 201 207 184 209 168 209 151 103 135 111 129 122 128 132 130 141 135 159 135 169 131 179 128 189 130 198 135 150 146 150 156 150 166 150 176 138 187 144 189 150 191 156 189 161 187 113 149 120 146 128 146 135 151 128 152 120 152 165 150 172 145 180 145 186 148 180 151 173 151 128 213 136 208 144 204 149 205 154 204 162 208 171 212 163 219 155 222 149 223 144 222 136 220 133 213 144 210 149 211 154 210 167 213 154 214 149 215 144 214
88 169 90 186 93 202 98 218 106 232 118 243 133 251 149 254 165 251 180 244 192 232 200 218 204 201 207 185 209 168 209 151 103 134 112 129 122 128 132 130 141 134 159 134 169 130 179 128 189 129 197 134 150 146 150 156 150 166 150 176 139 187 144 189 150 191 156 189 162 187 114 149 120 146 128 146 135 150 128 152 120 152 165 150 172 145 180 145 186 148 180 152 173 152 129 212 137 207 144 203 149 204 154 203 162 207 170 212 163 218 155 221 149 222 144 221 137 218 134 212 144 209 149 210 154 209 166 212 155 212 149 213 144 212
88 170 90 186 93 203 98 218 106 232 118 243 132 250 148 253 165 251 180 243 192 232 200 218 205 201 207 184 209 168 209 151 103 134 111 129 121 128 132 130 141 134 159 134 169 130 179 128 189 129 197 134 150 146 150 156 150 166 150 176 139 187 144 189 150 190 156 189 161 187 114 149 120 146 128 146 135 150 128 152 120 152 165 149 172 145 180 145 186 148 180 151 173 151 129 212 137 206 144 202 149 203 154 202 162 206 170 212 162 217 155 220 149 220 144 220 136 218 133 212 144 209 149 209 154 209 165 211 154 211 149 211 145 211
88 171 90 187 93 203 98 219 106 233 118 243 132 250 149 253 166 251 180 243 193 232 200 218 205 201 207 184 209 167 209 151 103 134 112 128 122 128 132 130 141 134 159 134 169 130 179 128 189 129 198 134 151 146 151 156 151 166 151 176 139 187 145 189 151 190 157 189 162 187 114 149 120 146 128 145 135 150 128 152 120 152 165 150 173 144 180 144 187 148 181 151 173 151 129 212 137 205 145 202 150 203 155 202 163 206 171 212 163 216 155 218 150 219 144 218 137 216 133 211 145 208 150 208 155 208 167 211 155 210 150 210 145 209
88 171 90 187 93 204 98 219 106 233 118 244 132 251 149 254 165 252 180 245 193 234 200 219 205 202 208 185 209 168 209 151 103 134 112 129 122 128 132 130 141 134 160 134 169 130 180 128 189 129 197 134 150 146 151 156 150 165 151 176 139 187 145 189 151 190 156 189 162 187 114 149 120 146 128 146 135 150 128 152 120 152 165 150 172 145 180 145 186 148 180 151 173 151 130 212 137 205 145 202 150 203 155 202 163 206 171 212 163 217 155 219 149 219 144 218 137 216 134 211 144 208 150 208 155 208 167 212 155 210 150 210 144 210
89 171 90 187 94 204 99 219 107 233 119 244 133 252 150 255 167 252 182 244 194 232 201 217 205 201 207 184 209 168 209 152 103 135 111 129 121 128 132 130 141 134 159 134 169 130 179 128 189 129 197 135 150 145 151 156 151 166 151 176 139 186 145 189 151 190 157 188 162 186 114 150 120 146 128 146 135 151 128 152 120 153 165 150 172 145 180 145 186 148 180 151 172 151 130 213 137 206 145 202 150 203 155 202 163 206 171 212 164 218 156 221 150 222 144 221 137 218 134 212 145 208 150 208 155 208 166 212 155 213 150 213 145 213
89 173 90 189 94 205 99 221 107 235 119 245 133 253 150 256 166 253 181 245 193 234 200 219 205 203 207 186 209 169 209 153 103 135 111 129 121 127 132 129 141 133 159 133 169 128 179 127 189 128 197 134 150 145 150 155 150 165 150 175 139 186 145 188 151 189 157 188 163 185 114 149 120 146 128 146 135 150 128 152 120 152 165 150 172 144 180 144 186 148 180 151 173 151 129 213 136 205 144 201 150 202 156 201 164 205 171 212 164 221 156 224 150 225 144 224 136 221 133 212 145 206 150 206 156 206 167 212 156 216 150 216 144 216
88 172 90 189 94 205 99 221 107 235 120 246 134 254 150 256 167 253 182 245 194 233 201 218 205 202 207 185 208 168 209 152 103 135 111 129 121 127 132 128 141 132 159 133 169 128 179 126 189 128 197 134 151 145 151 155 151 165 151 175 139 185 145 188 151 189 157 188 163 185 114 149 121 146 128 146 135 150 128 152 120 152 165 149 172 144 180 144 186 147 180 151 173 151 128 212 136 204 144 200 150 202 156 200 165 204 172 212 165 221 157 225 150 226 144 225 135 222 132 212 144 206 150 206 156 206 168 212 156 217 150 217 144 217
89 173 91 190 94 207 100 222 108 236 120 246 135 254 151 256 168 253 182 244 194 233 202 218 205 202 208 185 209 168 209 152 103 135 111 129 121 126 131 128 141 132 160 132 169 127 179 126 189 127 197 133 151 145 151 155 151 164 151 175 139 185 145 188 151 189 157 187 163 185 114 149 121 146 128 145 135 150 128 152 121 152 165 149 172 144 179 144 186 147 180 150 173 150 129 213 136 205 145 201 151 202 157 200 165 204 173 212 166 221 157 225 151 226 144 225 136 222 132 212 145 206 151 206 157 206 169 212 157 216 151 217 144 217
88 173 91 190 94 206 100 222 108 236 121 246 135 254 152 256 168 253 183 244 195 232 202 217 206 200 208 184 209 167 209 151 103 135 111 128 121 126 132 128 141 132 160 132 169 127 179 125 189 127 196 133 151 144 151 154 151 164 151 175 139 185 145 188 152 189 158 187 163 185 114 149 121 146 128 145 135 150 128 152 120 152 165 148 172 143 180 143 186 147 180 150 173 150 128 213 136 205 145 201 151 202 157 200 166 204 174 211 167 221 158 225 151 226 145 226 136 222 132 212 145 206 151 206 157 206 170 211 158 217 151 218 145 217
88 173 90 190 94 206 100 222 108 236 121 247 135 254 152 257 168 253 182 245 194 232 202 217 206 201 208 184 209 167 209 151 103 135 111 129 121 126 132 128 141 132 160 132 169 127 179 125 189 127 196 132 151 145 151 154 151 164 151 174 139 186 145 188 152 189 158 187 163 185 114 150 120 146 128 146 135 150 128 152 120 153 165 149 172 144 180 144 186 147 181 150 173 150 128 213 136 205 145 201 151 202 157 201 166 204 174 211 167 221 158 226 151 227 145 226 136 223 132 213 145 207 151 207 157 206 170 211 158 218 151 218 145 218
88 173 90 190 94 206 99 222 108 236 121 247 135 254 152 257 168 253 182 245 194 233 202 217 205 201 208 184 208 167 209 151 103 135 111 129 121 127 131 128 140 132 160 132 169 127 179 125 189 127 196 133 150 145 151 155 151 165 151 175 139 186 145 188 152 189 158 188 163 185 114 150 120 147 128 147 135 151 128 153 120 153 165 149 172 144 179 144 186 147 180 151 172 151 128 213 137 206 146 201 152 203 158 201 167 205 174 211 167 221 159 226 152 227 145 227 137 223 132 213 146 207 152 207 158 207 170 211 158 218 152 219 146 219
88 174 90 191 94 208 100 223 109 236 122 247 136 255 152 257 168 254 183 245 194 233 202 218 206 202 208 185 208 168 209 152 103 136 111 130 121 128 131 129 141 133 160 132 169 128 179 126 189 128 196 134 150 146 151 156 151 166 151 176 140 187 145 189 152 190 158 188 163 186 114 151 121 147 128 147 135 151 128 153 121 154 165 150 172 145 179 145 185 148 180 151 172 151 129 214 137 206 146 202 152 203 158 202 167 205 174 211 167 222 159 226 152 227 145 227 136 223 132 213 146 208 152 208 158 207 170 211 158 218 152 219 145 219
88 175 90 192 94 208 100 223 110 237 122 248 136 255 153 258 169 254 183 245 194 233 202 218 205 202 208 185 209 169 209 152 104 137 111 131 121 128 131 129 141 133 160 133 169 128 179 126 189 128 196 134 150 146 151 156 151 166 151 177 139 187 145 189 152 190 158 189 164 186 114 152 121 149 128 148 135 152 128 154 121 154 165 150 172 146 179 145 185 148 180 151 172 151 129 214 137 207 146 203 152 204 158 202 166 206 174 212 167 222 159 227 152 228 146 227 137 224 132 214 146 208 152 208 158 207 170 212 158 219 152 220 146 219
88 175 90 192 94 208 100 224 110 238 122 249 136 257 153 259 169 255 183 246 194 234 202 218 205 202 207 185 208 168 208 152 105 137 112 131 121 129 132 130 140 134 159 134 168 129 178 127 187 129 194 135 150 147 151 157 151 167 152 177 139 188 145 190 152 191 158 189 163 187 116 154 122 152 129 151 135 153 129 155 123 156 164 151 171 149 177 150 183 151 178 153 171 153 129 214 137 207 146 203 152 204 158 203 166 206 174 212 167 223 159 227 152 229 146 228 137 225 132 214 146 208 152 208 158 208 170 212 158 219 152 220 146 220
88 175 90 192 94 209 100 225 110 239 122 251 136 259 153 262 169 258 183 249 194 236 201 220 205 203 207 186 208 169 208 153 104 139 111 132 121 129 131 130 140 134 159 134 168 129 178 127 187 130 193 137 150 147 150 157 151 167 151 177 139 188 145 190 151 191 158 189 163 187 116 155 122 154 129 153 135 153 129 156 123 157 164 152 170 151 177 151 182 152 177 154 170 154 129 215 136 207 145 203 151 204 157 203 166 206 174 213 167 224 158 229 152 230 145 230 136 226 132 215 146 209 151 209 157 208 170 213 158 220 151 221 145 221
88 175 91 193 95 210 101 226 110 241 123 253 137 261 153 264 169 260 183 250 194 237 201 221 205 204 208 187 209 170 209 153 104 140 111 132 120 129 131 131 140 135 159 134 168 129 178 127 188 130 194 137 150 147 150 157 150 167 151 177 138 188 145 190 151 192 157 190 163 187 115 154 122 152 128 152 135 153 129 155 122 156 164 152 171 149 177 150 183 151 177 153 171 153 129 216 136 208 145 204 151 205 157 203 166 207 173 214 167 226 158 231 151 233 145 232 136 228 132 216 145 209 151 209 157 209 170 214 157 223 151 224 145 223
88 176 91 193 95 210 101 226 110 241 122 253 136 262 152 264 168 260 182 251 193 238 200 223 205 206 207 188 208 170 208 153 103 137 111 131 120 129 130 130 140 134 159 134 168 130 178 128 188 130 194 136 150 148 150 157 150 167 151 177 139 188 145 190 151 192 157 190 163 187 115 153 121 151 128 150 135 153 128 155 121 155 164 152 171 148 178 149 184 151 178 153 171 153 128 216 136 208 145 204 151 205 157 203 166 207 173 214 167 226 158 231 151 233 144 232 135 228 132 216 145 210 151 210 157 210 169 214 157 221 151 222 145 222
88 176 91 194 95 211 101 227 110 242 122 253 136 262 152 264 168 260 182 251 193 238 201 222 205 206 207 188 208 170 208 153 103 138 111 132 120 130 131 131 140 134 160 134 169 130 179 128 188 130 195 136 150 148 150 158 151 167 151 178 139 189 145 191 151 192 157 190 163 188 114 153 120 150 128 149 134 153 128 155 120 155 164 152 171 147 178 148 184 150 179 153 172 153 129 217 136 208 145 204 151 205 157 204 166 207 173 214 166 226 158 231 151 232 144 232 136 228 132 216 145 209 151 209 157 209 169 215 157 222 151 223 145 223
88 175 91 192 95 210 100 226 109 240 121 252 135 261 151 263 167 259 181 250 193 237 201 222 205 205 207 188 209 171 209 154 103 138 110 132 120 130 131 131 140 135 159 135 169 130 179 128 188 130 196 136 150 148 150 158 151 168 151 179 139 189 144 191 151 193 157 191 163 188 114 153 120 150 127 149 135 153 128 155 120 155 164 152 171 147 179 147 185 150 179 153 172 153 128 216 136 209 145 205 151 206 157 204 166 208 173 214 166 225 158 231 151 232 144 231 135 228 132 216 145 210 151 210 157 209 169 214 157 222 151 223 144 223
88 174 90 191 94 209 100 225 109 239 121 251 135 259 151 262 167 258 181 249 193 237 201 221 205 204 207 186 208 169 208 152 103 137 111 131 121 130 131 132 140 136 159 136 168 131 178 129 188 130 196 136 150 148 150 159 150 169 151 180 138 190 144 192 151 193 157 191 162 189 114 153 120 150 127 150 134 154 128 155 120 156 165 152 171 148 178 148 185 150 179 153 172 154 128 217 136 209 145 205 150 206 156 205 165 208 172 214 165 224 157 229 151 231 144 230 136 227 132 217 145 210 151 210 156 210 168 214 157 221 150 222 145 222
88 174 90 191 94 208 99 223 108 238 121 250 135 258 151 261 167 257 181 248 193 236 201 221 205 204 207 186 208 169 208 152 103 138 110 132 120 131 131 133 140 137 159 136 168 132 178 130 188 131 196 136 150 149 150 159 150 170 150 181 138 191 144 193 151 194 157 192 162 190 114 153 120 151 128 150 134 154 128 156 120 156 164 153 171 148 178 148 185 151 179 154 172 154 128 217 136 211 145 207 150 208 156 207 164 210 172 214 165 224 157 228 151 229 145 229 136 226 132 217 145 213 150 213 156 213 168 215 156 220 151 221 145 221
88 173 90 190 94 207 99 223 108 238 120 249 134 258 150 261 166 257 181 248 193 236 200 221 204 204 206 186 208 169 208 152 103 138 110 132 120 131 130 133 139 138 159 137 168 133 178 130 188 132 195 137 150 150 150 160 150 171 150 181 138 192 144 194 150 195 156 193 162 191 114 155 121 153 127 152 134 155 128 157 121 157 164 154 171 151 177 151 184 152 178 155 171 155 128 218 136 212 145 208 150 209 155 208 164 211 171 216 164 224 156 228 150 229 145 229 136 226 132 217 145 214 150 214 155 213 167 216 156 220 150 221 145 221
87 173 90 190 94 207 99 223 108 237 120 249 134 257 150 260 166 256 181 248 193 236 201 221 204 204 206 186 208 169 208 152 103 140 111 134 121 132 131 134 140 138 158 138 167 133 177 131 187 132 195 138 150 150 150 161 150 171 150 182 138 192 144 194 150 196 156 194 162 191 115 157 122 157 128 156 135 156 128 158 122 159 163 155 170 154 177 154 183 154 177 157 170 157 129 218 138 213 145 209 150 210 154 209 162 212 170 216 162 224 155 227 150 227 145 227 137 225 134 218 145 215 150 215 154 215 166 217 155 218 150 219 145 219
87 173 90 190 94 207 99 223 107 237 119 248 134 256 151 258 167 255 182 247 193 236 200 221 204 204 206 187 207 170 208 153 103 141 110 135 120 133 130 135 139 139 158 139 168 134 178 132 187 133 194 139 149 151 150 162 150 172 150 183 138 193 144 195 150 196 156 195 162 192 115 158 121 157 128 156 135 157 128 159 122 160 163 155 170 155 176 155 183 155 176 158 170 158 130 217 138 213 145 210 149 211 154 210 161 212 170 216 162 222 155 224 150 225 145 225 138 223 133 217 145 215 150 215 154 215 165 216 155 216 150 217 145 217
87 174 90 191 94 208 99 224 108 238 120 249 134 256 150 259 167 256 181 248 193 236 200 221 204 204 206 187 207 170 207 153 103 141 110 135 120 134 130 135 138 139 158 139 167 134 178 132 187 134 195 139 149 151 149 162 149 172 150 183 138 193 144 195 150 197 156 195 161 192 114 157 121 156 127 155 134 156 128 158 121 159 163 155 170 153 177 153 183 154 177 157 170 157 129 218 137 213 145 210 149 211 154 210 162 212 170 216 162 222 155 225 150 225 145 225 137 223 133 217 145 215 149 215 154 215 166 216 155 216 150 217 145 217
88 174 90 191 94 207 99 223 108 237 120 249 134 257 151 259 167 256 182 248 193 236 201 220 204 204 206 187 207 170 207 153 102 140 110 135 120 134 129 136 138 140 158 139 168 135 178 132 188 133 195 138 149 151 149 162 149 172 149 183 137 193 143 195 150 196 156 194 162 192 114 156 120 155 127 154 134 156 127 158 120 159 164 155 171 152 177 152 184 154 178 157 171 157 129 218 137 212 144 209 149 210 155 208 162 212 170 216 163 223 156 227 150 228 144 227 137 225 134 218 144 215 149 215 155 214 166 216 155 218 150 219 145 218
88 174 91 191 94 207 99 223 108 238 120 249 134 257 151 260 167 256 182 248 194 236 201 220 205 203 206 186 208 169 208 152 101 141 109 135 119 134 129 136 139 140 158 140 167 135 177 132 188 133 195 139 149 151 149 162 149 172 149 183 137 193 143 195 149 196 156 194 161 191 113 156 120 154 127 153 134 156 127 158 120 158 163 155 170 151 177 151 184 153 178 156 171 156 129 218 136 211 144 208 149 209 155 207 163 210 171 216 164 224 156 228 150 229 144 228 136 225 133 217 144 212 149 213 155 212 166 216 155 220 150 220 144 220
88 175 91 192 94 209 99 224 108 238 120 249 134 257 150 260 167 256 182 248 194 236 201 221 205 204 206 187 207 170 208 153 101 141 109 135 119 134 130 136 139 140 158 140 167 135 178 133 188 133 196 138 149 151 149 162 149 172 149 183 137 193 143 195 149 196 156 194 161 191 113 156 119 153 126 153 134 156 127 158 119 158 164 155 171 151 178 151 185 153 178 156 171 156 128 218 136 211 144 208 149 209 155 207 163 210 171 216 164 224 156 228 150 229 144 229 136 226 132 218 144 212 149 212 155 212 167 216 155 220 150 221 144 220
88 175 91 191 94 208 99 224 107 238 120 249 135 257 151 260 167 256 182 247 194 236 202 221 205 204 206 187 208 170 208 153 101 140 109 135 119 134 129 136 139 140 158 140 167 135 178 133 188 133 196 139 149 152 149 162 149 173 149 183 137 193 143 195 150 196 156 194 162 192 112 156 119 153 126 153 134 156 127 158 119 159 163 155 170 151 178 151 184 153 178 156 171 156 128 218 136 211 144 208 150 209 155 207 163 210 172 215 164 224 156 228 150 229 144 228 136 225 132 218 144 213 150 213 155 212 167 216 156 220 150 221 145 220
88 174 91 191 94 207 99 223 107 238 120 249 134 257 151 259 167 255 182 247 194 236 201 221 205 204 206 187 207 170 207 153 101 140 110 135 120 134 130 136 139 140 158 139 167 135 177 133 187 133 195 138 149 152 149 162 149 173 149 184 137 193 143 195 149 196 156 194 161 192 113 156 120 153 127 153 134 157 127 159 119 159 164 155 171 151 178 151 185 152 179 156 171 157 128 218 136 212 144 209 149 210 155 208 163 211 171 216 164 223 156 227 150 228 144 227 136 225 133 218 144 213 149 214 155 213 167 216 155 219 150 220 144 219
88 174 90 190 94 207 99 223 107 237 119 248 134 257 150 259 167 255 182 247 194 235 201 221 204 204 206 187 207 169 207 153 102 140 110 135 120 134 130 137 139 141 158 140 168 136 178 133 188 133 196 138 149 151 149 162 149 173 149 184 137 193 143 195 149 197 156 195 161 192 113 156 119 154 126 153 134 156 127 158 119 159 164 155 171 151 178 151 185 153 179 156 171 156 128 219 136 213 144 209 149 210 154 209 162 212 171 216 163 223 156 227 150 228 144 228 136 225 133 218 144 215 149 215 154 214 166 216 155 218 149 219 144 219
88 173 90 191 94 207 99 223 106 238 119 249 133 256 150 259 166 255 181 247 193 236 201 221 204 204 206 187 207 170 207 153 101 140 109 135 120 134 130 137 139 141 158 140 167 136 177 133 187 133 195 138 148 151 149 162 149 173 149 184 137 193 143 196 149 197 156 195 161 192 112 156 119 153 126 153 134 157 126 158 119 159 163 155 170 151 178 151 184 152 178 156 171 156 128 219 136 213 144 209 149 211 154 209 162 212 170 216 163 223 155 227 149 228 144 228 136 225 133 219 144 215 149 216 154 215 166 216 154 218 149 219 144 219
87 173 90 190 93 206 98 223 106 237 119 248 133 256 149 259 166 255 181 247 193 236 201 221 204 204 206 186 207 169 207 152 100 140 109 135 119 134 129 136 139 140 158 140 167 135 177 133 187 133 196 138 148 152 149 162 149 173 149 184 137 193 143 195 149 197 155 195 161 192 112 155 119 153 126 153 133 156 126 158 119 158 163 155 171 151 178 151 185 152 178 156 171 156 128 219 136 214 144 210 149 211 154 209 161 212 169 216 162 223 155 227 149 228 144 228 136 225 133 219 144 216 149 216 154 215 165 216 154 218 149 219 144 219
88 173 90 190 94 206 99 222 107 237 119 248 134 256 150 259 166 255 181 247 193 235 201 220 204 203 206 186 207 169 207 152 101 139 110 134 120 134 129 136 138 140 158 140 167 135 177 132 187 133 195 137 148 151 149 162 149 172 149 184 137 193 143 195 149 196 155 195 161 192 112 155 119 153 126 152 133 156 126 158 119 158 163 154 170 151 178 150 184 152 178 156 171 156 129 219 137 213 144 210 149 211 153 209 161 212 169 216 162 223 155 226 149 227 144 227 137 225 133 218 144 216 149 216 154 215 165 216 154 218 149 219 144 218
88 173 90 190 93 206 99 222 107 237 119 248 133 256 149 259 166 255 181 247 193 236 200 221 204 204 206 187 207 169 207 152 102 138 110 134 120 133 130 136 138 140 158 139 167 135 177 132 187 132 195 137 149 151 149 162 149 172 149 183 137 193 143 195 149 196 155 194 160 192 113 155 119 152 127 152 134 156 127 158 119 158 163 154 171 150 178 150 185 152 179 156 171 156 129 218 137 214 144 210 148 211 153 210 161 212 169 216 162 223 155 226 149 227 144 227 137 224 133 218 144 216 148 217 154 216 165 216 154 218 149 218 144 218
88 173 90 190 93 206 99 222 107 236 119 248 133 256 149 259 165 255 180 247 193 236 200 221 204 204 205 187 207 170 207 153 102 139 110 134 120 133 130 136 139 139 158 139 167 135 177 132 187 132 196 137 149 151 149 161 149 172 149 183 138 193 143 195 149 196 155 194 161 192 113 154 119 152 127 152 134 155 127 157 119 158 163 154 171 150 178 150 185 152 179 156 171 156 129 218 137 213 144 210 149 211 154 210 161 212 169 216 162 222 155 225 149 226 144 226 137 224 133 218 144 216 149 216 154 216 165 216 154 217 149 218 145 217
88 173 89 190 93 206 99 222 107 236 120 247 134 255 150 258 166 255 180 247 192 236 200 221 204 204 206 186 207 169 207 153 102 138 110 133 120 133 130 135 139 139 159 139 168 134 177 132 187 132 195 137 149 150 149 161 149 171 149 182 138 193 143 195 149 196 155 194 161 192 113 154 119 151 127 151 134 155 127 157 119 158 164 154 171 149 178 149 185 152 179 155 171 156 129 217 137 213 144 210 149 211 154 210 161 213 169 216 162 223 155 225 149 226 144 226 137 223 133 217 144 216 149 217 154 216 165 216 154 217 149 218 144 217
88 172 89 189 93 205 98 221 107 236 119 247 134 255 150 258 166 255 180 247 193 235 200 220 204 203 206 186 207 169 207 152 102 138 111 133 121 133 131 135 140 139 158 139 167 134 177 132 187 132 195 137 149 150 149 161 149 171 150 182 138 192 144 194 150 196 155 194 161 191 113 154 120 151 127 151 134 155 127 157 119 157 164 154 171 149 178 149 185 151 179 155 171 155 129 217 137 213 144 210 149 211 154 209 161 212 169 216 162 222 155 225 150 226 145 226 137 223 133 217 144 216 149 216 154 216 166 216 154 217 149 217 145 217
88 171 89 188 93 205 99 221 107 235 119 247 133 255 149 258 165 255 180 246 192 234 200 219 204 202 206 185 207 168 207 151 102 138 111 133 121 132 131 135 140 139 159 138 168 134 178 132 188 132 196 137 149 150 150 161 150 171 150 182 138 192 144 194 150 195 156 194 161 191 113 154 120 151 127 150 134 155 127 157 120 157 164 153 171 149 179 149 185 151 179 155 171 155 129 217 137 213 144 209 149 211 153 209 161 212 170 216 162 222 155 225 149 226 144 226 137 223 133 217 144 216 149 216 154 215 166 216 154 217 149 217 144 217
88 172 89 189 93 205 98 221 107 236 119 247 133 255 149 258 165 255 180 247 192 235 200 220 204 204 206 186 207 169 207 152 102 138 110 133 121 132 130 135 140 139 159 138 168 134 178 132 188 132 196 137 149 150 149 161 150 171 150 182 138 192 144 194 150 195 155 194 161 191 113 154 120 151 127 150 134 155 127 157 119 157 164 153 171 149 179 149 185 151 179 155 172 155 128 217 136 212 144 209 149 210 153 209 161 212 169 216 162 223 154 226 149 227 144 226 136 223 133 217 144 216 149 216 154 215 165 216 154 217 149 218 144 217
88 172 90 189 93 205 98 221 107 235 119 247 133 255 149 258 165 254 180 246 192 234 200 219 204 203 206 185 207 168 208 152 102 137 111 133 121 132 131 135 140 139 159 139 168 134 178 132 188 132 196 137 149 150 149 161 149 171 150 182 138 192 144 194 150 196 156 194 161 191 113 154 120 150 127 150 134 155 127 157 119 157 164 154 171 149 179 149 185 151 180 155 172 155 129 217 136 212 144 209 149 211 154 209 161 212 169 216 162 223 155 226 149 227 144 226 136 223 132 217 144 215 149 216 154 215 166 216 154 217 149 218 144 217
88 172 90 189 93 206 98 222 107 236 119 247 133 255 149 258 165 255 180 247 192 235 200 221 204 204 206 187 208 169 208 152 102 138 111 133 121 133 131 135 140 139 159 139 168 134 178 132 188 132 196 137 150 150 150 161 150 171 150 182 138 192 144 194 150 196 156 194 161 192 113 154 120 151 127 151 134 155 127 157 119 157 164 154 171 149 179 149 185 152 179 156 172 156 129 217 137 213 144 210 149 211 154 209 162 212 170 216 162 222 155 225 149 226 144 226 137 223 132 217 144 216 149 216 154 216 166 216 154 217 149 218 144 217
88 172 90 190 93 206 99 222 107 236 119 247 133 255 149 258 165 254 180 246 192 235 200 220 204 204 206 187 208 169 208 152 102 139 110 133 121 133 131 135 140 139 159 139 168 134 178 132 188 132 196 138 150 150 150 161 150 171 150 182 138 192 144 194 150 196 156 194 161 192 113 154 120 151 127 151 134 155 127 157 119 157 164 154 171 149 179 149 185 152 179 155 172 156 129 217 137 213 144 210 149 211 154 209 161 212 170 216 162 222 155 225 149 226 144 225 137 223 133 217 144 216 149 216 154 215 166 216 154 217 149 218 144 217
88 171 90 189 93 205 98 222 106 236 119 247 133 255 149 257 165 254 180 246 192 235 200 220 204 203 206 186 208 169 208 152 102 138 111 133 121 132 131 135 140 139 159 139 168 135 178 132 189 133 197 138 150 150 150 161 150 171 150 182 138 192 144 194 150 196 156 194 161 192 113 154 120 151 127 151 135 155 127 157 119 157 164 154 171 149 179 149 185 152 179 156 172 156 129 217 137 213 144 210 149 211 154 209 162 212 170 216 162 222 155 225 149 226 144 225 137 223 132 217 144 216 149 216 154 216 166 216 154 217 149 217 144 217
88 173 90 190 94 206 99 222 107 236 119 247 134 255 149 257 165 254 180 246 192 235 200 220 204 204 206 187 208 170 208 153 102 138 111 133 121 133 131 135 140 139 160 139 169 135 178 132 188 133 196 138 150 150 150 161 150 171 150 182 139 192 144 194 150 196 156 194 161 192 113 154 120 151 128 151 135 155 128 157 120 157 164 154 171 149 179 149 185 152 179 156 172 156 129 217 137 213 144 210 149 211 154 209 162 212 170 216 162 222 155 225 149 225 144 225 137 223 132 217 144 216 149 216 154 216 166 216 154 217 149 217 145 217
88 172 90 189 94 206 98 222 107 236 119 247 133 254 149 257 165 254 180 246 193 235 200 220 204 203 206 186 208 169 208 153 102 139 111 134 121 133 131 135 140 139 159 139 168 135 178 132 189 133 197 138 150 150 150 161 150 171 150 182 139 192 144 194 150 195 156 194 161 192 113 154 120 151 128 151 135 155 128 157 120 157 164 154 171 149 179 149 185 152 179 156 172 156 128 217 137 213 144 210 149 211 154 209 162 212 170 216 162 222 155 224 149 225 144 225 137 222 132 217 144 216 149 216 154 216 166 216 154 216 149 217 144 217
88 172 90 189 93 206 98 221 107 235 119 246 133 255 149 257 165 254 180 246 192 235 200 220 204 204 206 187 208 170 208 153 103 138 111 133 121 133 131 135 140 140 159 139 169 134 179 132 189 133 197 138 150 150 150 161 150 171 150 182 139 192 144 194 150 195 156 194 161 192 114 154 120 151 128 151 135 155 128 157 120 157 164 154 171 149 179 149 185 152 179 156 172 156 129 217 137 213 144 210 149 211 154 210 162 212 170 216 162 222 155 224 149 225 144 225 137 222 132 217 144 216 149 216 154 216 166 216 155 217 149 217 145 217
88 173 90 189 93 206 98 222 107 236 119 247 134 254 149 257 165 254 180 246 192 234 200 220 204 203 206 186 208 169 208 153 102 138 110 133 121 132 131 135 140 139 159 139 169 134 178 132 189 132 197 137 150 150 150 161 150 171 150 182 139 192 144 194 150 196 156 194 161 192 113 154 120 151 127 151 134 155 127 157 120 157 164 154 171 149 179 149 185 152 179 156 172 156 128 217 137 213 144 210 149 211 154 209 161 212 170 216 162 222 155 224 149 225 144 224 137 222 132 217 144 216 149 216 154 215 166 216 154 216 149 217 144 217
88 173 90 189 93 206 98 222 107 236 119 246 133 254 149 257 165 254 180 246 192 235 200 221 204 204 206 187 207 170 208 153 102 139 110 133 121 133 131 135 140 139 159 139 168 135 178 132 188 133 196 138 150 150 150 161 150 171 150 182 139 192 144 194 150 195 155 194 161 192 113 154 120 151 127 151 134 155 127 157 119 157 164 154 171 149 178 149 185 152 179 155 171 156 128 217 137 213 144 210 149 211 154 209 161 212 169 216 161 221 154 224 149 225 144 224 137 222 132 217 144 216 149 216 154 215 165 216 154 216 149 217 144 217
88 173 90 189 93 206 98 222 106 236 118 247 132 254 148 257 164 254 179 246 192 235 200 221 203 204 206 187 207 170 208 153 102 139 110 133 121 132 131 135 140 139 159 139 168 135 178 132 188 133 197 138 150 150 150 161 150 171 150 182 138 192 144 194 150 195 155 194 160 192 113 154 119 151 127 151 134 155 127 157 119 157 164 154 171 149 178 149 185 152 179 155 171 156 128 217 136 213 144 209 149 211 154 209 161 212 169 216 162 221 154 224 149 225 144 224 136 222 132 217 144 216 149 216 154 215 166 216 154 216 149 217 144 216
87 172 89 189 93 205 98 221 106 235 118 246 133 254 149 257 165 254 179 246 192 234 199 220 204 203 206 186 207 169 207 152 101 138 110 133 120 133 131 135 140 139 159 139 168 135 178 132 188 133 196 138 149 150 149 161 149 171 149 182 138 192 144 194 149 195 155 194 160 191 112 154 119 151 127 151 134 155 127 157 119 157 164 154 171 149 178 149 185 151 179 155 171 155 128 216 136 212 144 209 149 211 154 209 161 212 170 215 162 221 154 224 149 225 144 224 136 222 132 216 144 216 149 216 154 215 166 216 154 216 149 217 144 216
87 172 89 189 93 205 98 221 106 235 118 246 133 254 149 257 165 253 179 246 192 234 199 220 203 203 205 186 207 170 207 153 101 139 110 133 120 133 130 135 139 139 159 139 168 134 178 132 188 133 197 138 149 150 149 161 149 171 149 182 138 192 144 194 149 195 155 194 160 192 112 154 119 151 127 151 134 155 127 157 119 157 164 154 171 149 178 149 185 151 179 155 171 156 128 217 136 212 144 209 149 211 153 209 161 212 169 215 161 221 154 224 149 225 143 224 136 222 132 216 144 216 149 216 153 215 165 216 154 216 149 217 144 216
87 172 89 189 93 206 98 221 106 235 119 246 132 254 148 257 164 254 179 246 191 235 199 220 203 204 205 186 207 169 207 153 101 139 110 133 120 133 130 135 140 140 158 139 168 134 178 132 188 132 196 138 149 150 149 161 149 171 149 181 138 192 143 194 149 196 155 194 160 192 112 154 119 150 127 150 134 155 126 157 118 157 163 154 170 149 178 149 185 151 179 156 171 156 127 216 136 212 143 209 148 211 153 209 161 212 169 215 161 221 154 224 148 225 143 224 135 222 131 216 143 215 148 216 153 215 165 216 153 216 148 217 143 216
87 172 89 189 92 206 97 222 106 235 118 246 133 254 148 256 164 253 179 246 191 234 199 220 203 204 206 187 207 169 207 153 101 138 110 133 120 133 130 135 139 139 158 139 167 134 177 132 187 132 196 137 149 150 149 161 149 171 149 182 138 192 143 194 149 196 155 194 160 191 112 153 119 150 127 150 134 155 127 157 119 157 163 154 170 149 178 149 184 151 178 155 171 155 128 216 136 212 144 209 148 211 153 209 161 212 169 215 161 221 154 224 148 225 143 224 136 222 132 216 144 216 148 216 153 215 165 215 153 216 148 216 144 216
87 172 88 189 92 205 97 221 106 235 118 246 132 254 148 256 164 253 178 246 191 235 199 220 203 204 205 187 207 170 207 153 101 138 110 133 120 132 130 135 139 139 158 139 167 135 177 132 187 132 195 137 149 150 149 161 149 171 149 182 138 192 143 194 149 195 155 194 160 191 112 153 119 150 126 150 134 155 126 157 118 157 163 154 170 149 178 148 184 151 179 155 171 155 127 217 136 212 144 209 148 211 153 209 161 212 169 215 161 221 154 224 149 225 143 224 136 222 131 216 144 215 148 216 153 215 165 216 154 216 148 217 144 216
87 172 88 189 92 205 97 221 105 235 118 246 132 254 148 256 163 254 178 246 190 235 198 221 203 204 205 187 206 170 207 153 101 139 109 133 120 132 130 135 140 139 158 139 167 134 178 132 188 133 196 138 149 149 149 160 149 171 149 181 138 192 143 194 149 195 155 194 160 191 112 153 119 150 127 150 134 154 126 156 118 157 163 153 170 148 178 148 185 151 178 155 171 155 127 216 136 212 143 209 148 211 153 209 161 212 169 215 161 221 154 224 148 224 143 224 136 222 131 216 143 215 148 216 153 215 165 215 153 216 148 216 143 216
87 172 88 189 92 205 97 221 106 235 118 245 133 253 149 256 165 253 179 245 191 233 199 219 203 203 205 186 207 169 207 152 102 138 110 133 120 132 130 134 140 139 158 138 168 134 178 131 188 132 196 138 149 150 149 160 149 170 149 181 138 191 143 193 149 195 155 193 160 191 113 153 119 150 127 150 134 154 127 156 119 157 163 153 171 148 178 148 185 151 179 155 171 155 128 216 136 212 144 209 148 210 153 209 161 211 169 214 161 220 154 223 149 223 144 223 136 221 131 216 144 215 149 215 153 214 165 215 154 215 149 216 144 215
86 172 88 189 92 205 97 221 106 235 118 246 132 254 148 256 164 253 179 245 191 234 199 219 203 203 205 186 206 169 207 153 101 138 110 132 120 132 130 134 140 139 158 138 168 134 178 131 188 132 196 138 149 149 149 160 149 170 149 181 138 191 143 193 149 195 155 193 160 190 112 153 119 150 127 150 134 154 127 156 119 157 163 153 171 148 178 148 185 151 179 155 171 155 127 216 136 212 143 209 148 210 153 208 161 211 169 214 161 220 154 223 149 224 143 223 136 221 131 216 143 215 148 215 153 214 165 215 154 215 149 216 144 215
87 172 88 189 92 205 97 221 106 235 118 245 132 253 148 256 164 253 179 245 191 234 199 220 203 203 205 186 207 169 207 152 102 137 111 132 121 132 131 134 140 139 158 138 168 134 178 131 188 132 196 137 149 149 149 160 150 170 150 180 138 191 143 193 150 195 155 193 160 191 113 153 120 150 127 150 134 154 127 156 119 156 163 153 171 149 178 149 185 151 179 155 171 155 128 216 136 212 144 208 148 210 153 208 161 211 169 214 161 220 154 223 149 223 143 223 136 221 132 216 144 215 148 215 153 214 165 215 154 215 149 216 144 215
87 171 88 188 92 204 97 220 106 234 118 245 132 253 149 256 165 253 180 245 191 233 199 219 203 202 205 185 207 169 207 152 102 137 111 132 121 132 131 134 140 138 159 138 168 134 178 131 188 132 196 137 150 149 150 160 150 170 150 181 138 191 144 193 150 195 155 193 160 191 113 153 120 150 127 150 134 154 127 156 119 156 164 153 171 148 178 148 185 151 179 155 171 155 128 216 136 211 144 209 148 210 153 208 161 211 169 215 161 220 154 223 149 224 144 223 136 221 132 215 144 214 148 215 153 214 165 215 154 215 149 216 144 215
87 171 88 188 92 205 97 220 106 234 118 246 132 254 148 257 165 253 179 245 191 234 199 219 203 203 205 186 207 169 207 152 102 138 111 133 121 132 131 135 140 139 158 138 168 134 178 132 188 132 196 138 150 149 150 160 150 170 150 180 138 191 144 193 150 194 155 193 160 191 113 153 119 150 127 150 134 154 127 156 119 157 163 153 171 149 178 149 185 151 179 155 171 155 128 216 136 212 144 209 149 210 153 208 161 211 169 215 161 220 154 223 149 224 144 223 136 221 132 215 144 215 149 215 153 214 165 215 154 215 149 216 144 215
87 172 88 189 92 205 97 221 106 235 118 246 133 254 149 256 165 253 179 245 191 234 199 220 203 203 205 186 207 169 207 153 102 137 111 132 121 132 131 135 140 139 159 138 168 134 178 132 187 132 195 137 149 149 150 160 150 170 150 181 138 191 144 193 150 195 155 193 161 191 113 153 119 150 127 150 134 154 127 156 119 157 164 153 171 149 178 149 185 151 179 155 171 155 128 216 136 212 144 209 148 210 153 209 161 211 169 215 161 220 154 223 149 224 144 223 136 221 131 216 144 215 149 215 153 214 165 215 154 215 149 216 144 215
86 172 88 189 92 205 97 221 106 235 118 245 132 253 148 256 164 253 179 246 191 235 199 220 203 204 205 187 207 170 207 153 102 137 111 132 121 132 130 135 139 139 158 138 168 134 177 132 187 132 195 137 149 150 149 160 150 170 150 181 138 191 143 194 149 195 155 193 160 191 113 153 119 151 127 150 134 154 127 157 119 157 164 153 171 149 178 149 185 151 179 155 171 155 128 216 136 212 144 209 148 210 153 209 161 212 169 215 161 221 154 223 149 224 144 224 136 222 131 216 144 215 149 216 154 215 165 215 154 215 149 216 144 216
87 172 88 189 92 205 97 221 106 235 118 245 132 253 148 256 164 253 179 246 191 234 199 220 203 203 205 186 207 169 207 153 102 137 111 132 121 132 131 135 140 139 158 139 168 134 178 132 188 132 196 137 149 150 149 160 149 171 150 181 138 192 143 194 149 195 155 193 160 191 113 153 119 151 127 150 134 154 127 156 119 157 163 153 171 149 178 149 185 151 179 155 171 155 128 216 136 212 144 209 148 210 153 209 161 212 169 215 161 221 154 223 149 224 143 224 136 222 131 216 144 215 148 215 153 215 165 215 153 215 149 216 144 216
87 173 88 189 92 206 97 221 106 235 118 246 132 254 148 256 164 253 178 246 191 235 198 220 202 204 205 187 206 170 206 153 102 138 110 133 120 132 130 135 139 139 158 139 167 135 177 132 187 133 195 137 149 150 149 160 149 170 150 181 138 192 143 194 149 195 155 194 160 191 113 153 119 150 127 150 134 155 127 157 119 157 163 153 170 149 178 149 184 151 179 155 171 155 128 216 136 212 144 209 148 210 153 209 161 212 169 215 161 221 154 223 149 224 144 224 136 222 132 216 144 215 149 215 153 215 165 215 154 216 149 216 144 216
87 172 88 189 92 206 97 222 106 235 118 246 132 254 148 256 164 254 179 246 191 235 198 220 202 204 205 187 207 170 207 154 102 139 110 133 120 133 130 135 139 139 158 139 167 134 178 132 188 133 196 138 149 150 149 161 149 171 150 181 138 192 143 194 149 195 155 194 160 191 113 154 119 151 127 151 134 155 127 157 119 157 163 154 170 150 178 149 184 152 178 156 171 156 128 216 136 212 144 209 148 211 153 209 161 212 169 215 161 221 154 223 149 224 143 224 136 222 131 216 144 215 148 216 153 215 165 215 154 216 149 216 144 216
86 172 88 189 92 206 97 221 106 235 118 246 133 253 148 256 164 253 179 246 191 234 198 220 202 203 205 186 206 169 207 153 101 138 110 133 120 133 130 135 139 140 158 139 167 135 177 132 187 133 195 138 149 150 149 160 149 171 149 181 137 192 143 194 149 195 155 194 160 191 112 154 119 151 127 151 134 155 127 157 119 157 163 154 170 150 178 149 184 152 178 156 171 156 128 216 136 212 144 209 148 210 153 209 161 212 169 215 161 221 154 224 149 224 144 224 136 222 132 216 144 215 148 216 153 215 165 215 153 216 149 216 144 216
86 172 88 189 92 206 97 221 106 235 118 246 132 254 148 256 164 253 179 245 191 234 198 220 202 203 204 186 206 170 206 153 101 138 109 133 120 133 130 136 139 140 158 139 167 135 177 132 187 133 195 138 149 150 149 161 149 171 149 182 137 192 143 194 149 195 155 194 160 191 112 154 119 151 127 151 134 155 126 157 119 157 163 154 170 149 178 149 184 152 178 155 171 156 127 217 136 212 143 209 148 211 153 209 160 212 168 215 161 221 154 223 149 224 143 224 136 222 131 216 143 215 148 216 153 215 164 215 153 216 148 217 144 216
