109 165 112 184 116 202 122 219 131 234 144 246 160 254 177 257 194 253 209 243 222 229 230 212 234 194 236 176 237 158 237 139 121 135 130 129 142 127 154 129 165 133 182 132 191 127 202 123 214 123 223 128 174 143 174 154 175 165 175 177 163 187 169 190 175 191 182 189 187 186 135 147 142 144 150 143 158 148 150 151 142 151 189 146 196 140 204 139 211 142 205 147 197 147 154 215 162 210 170 206 175 207 180 205 188 208 196 212 189 220 182 223 176 224 171 224 163 222 159 215 170 212 176 212 181 212 192 212 181 214 176 215 171 215
110 166 112 184 116 202 122 219 131 235 144 246 160 255 177 257 194 253 209 243 222 230 230 213 234 195 236 176 237 158 237 140 122 135 131 129 143 127 155 129 166 133 181 132 191 127 202 123 214 123 224 128 174 143 174 154 174 165 175 177 163 187 169 190 175 191 182 189 188 186 135 147 142 143 150 142 158 148 150 150 142 151 189 146 196 140 205 139 212 142 205 147 197 147 155 215 163 209 170 205 175 207 180 204 188 208 196 212 189 220 182 223 176 224 171 224 163 222 160 214 170 212 176 212 181 211 192 212 181 215 176 216 171 215
109 165 112 183 116 201 122 219 130 234 144 246 160 255 177 258 194 253 209 243 222 229 230 212 234 194 236 175 237 157 237 139 121 134 131 129 143 127 154 129 166 133 181 132 191 126 202 123 213 123 223 128 174 143 174 154 175 165 175 176 163 187 169 189 175 191 182 189 188 186 135 147 142 143 150 143 158 148 150 150 142 151 189 145 196 140 204 139 212 142 205 147 197 147 155 215 163 209 170 205 175 207 180 205 188 208 196 212 189 220 182 223 176 224 171 224 163 222 160 214 171 212 176 212 181 212 192 212 181 215 176 215 171 215
110 165 112 184 116 202 122 219 131 234 144 246 160 255 177 258 194 253 210 243 223 229 231 212 234 194 236 175 237 157 236 139 122 134 132 128 143 126 154 129 165 133 182 132 192 126 202 123 213 123 223 127 174 143 174 154 174 165 175 176 163 187 169 189 175 190 182 188 187 186 135 147 142 143 151 142 158 148 151 150 142 151 189 145 196 139 204 138 211 141 205 146 197 146 155 214 163 209 170 206 175 207 180 205 188 208 196 211 188 219 181 222 176 223 171 223 163 221 159 214 171 213 176 213 180 212 192 212 181 214 176 215 171 215
109 165 112 183 116 201 121 218 130 234 144 247 159 255 177 258 194 254 209 244 222 230 230 213 234 194 236 176 237 157 236 139 122 134 131 128 143 127 154 129 165 133 182 132 192 127 202 123 213 123 223 128 174 143 174 154 174 165 175 176 163 187 169 189 175 190 181 189 187 186 135 147 142 143 150 143 158 148 150 150 142 151 189 145 196 139 204 139 211 142 205 146 197 147 154 213 162 210 170 207 175 208 180 206 187 208 196 211 188 219 181 222 175 223 170 222 163 220 158 213 170 213 175 214 180 213 192 212 180 214 175 215 170 214
109 165 112 183 116 201 121 219 130 235 143 247 159 255 177 258 194 254 209 244 221 230 230 213 234 195 236 176 236 157 236 139 121 134 131 129 142 127 154 129 165 133 182 131 192 126 202 123 214 123 223 128 173 143 174 154 174 165 175 176 163 187 169 190 175 191 181 189 187 186 135 147 142 143 150 142 158 148 150 150 142 151 189 145 196 139 204 138 211 141 205 146 197 147 154 214 162 210 170 207 175 208 180 206 188 209 196 211 188 218 181 221 176 222 170 222 163 220 158 214 170 214 175 214 180 213 193 212 180 214 176 215 171 214
109 165 112 183 116 201 121 219 130 235 143 247 159 255 176 258 193 254 208 244 221 231 230 214 234 196 236 176 237 158 236 139 120 135 130 129 142 127 154 129 165 133 181 132 191 126 202 123 213 123 224 128 173 143 174 154 174 165 175 177 163 187 168 189 175 191 181 189 187 186 135 147 142 143 150 142 158 148 150 150 141 151 189 145 196 139 204 139 211 142 205 147 197 147 154 214 162 210 169 206 175 208 180 206 188 208 196 212 188 219 181 222 176 223 170 223 162 221 158 214 170 213 175 213 180 213 192 212 180 214 175 215 170 214
109 166 113 184 116 202 121 219 129 235 143 246 159 255 176 258 194 254 209 244 222 231 230 214 234 196 236 177 237 158 237 139 120 135 130 129 142 127 153 129 165 133 182 132 191 127 202 123 213 123 223 128 173 143 174 154 174 165 175 177 163 187 169 189 175 190 181 188 187 185 135 147 142 143 150 142 158 148 150 150 141 151 188 145 196 139 204 138 211 142 205 146 196 147 154 213 161 208 169 205 175 206 181 204 189 207 196 211 189 219 182 223 176 224 169 224 162 221 158 213 170 212 175 212 181 211 192 211 181 214 175 215 170 214
109 166 112 184 116 203 121 220 129 235 143 246 159 254 176 257 194 253 209 243 222 230 230 214 234 196 236 177 237 158 237 140 120 136 130 129 141 128 153 129 165 133 181 132 191 127 202 123 214 123 223 128 173 143 174 154 174 165 175 177 162 187 168 189 175 190 182 188 187 185 134 147 141 143 150 143 158 148 150 150 141 150 189 145 196 139 204 139 211 142 205 146 197 147 153 213 161 208 169 204 175 205 181 203 189 206 197 211 189 219 182 223 176 224 169 223 161 221 157 213 169 211 175 211 181 210 193 211 181 214 175 214 169 214
109 167 113 185 116 203 121 220 130 235 144 246 160 254 177 257 194 252 210 242 223 230 231 213 234 195 236 176 237 157 237 139 120 135 130 129 142 128 154 129 165 134 181 132 191 127 202 123 213 123 223 128 173 143 174 154 174 165 175 177 162 187 169 189 175 190 182 188 188 185 134 147 142 143 150 143 158 148 150 150 141 151 189 145 196 139 204 139 211 142 205 146 197 147 152 213 161 207 169 203 175 204 182 202 190 205 198 210 190 219 183 223 176 224 169 223 161 220 156 213 170 209 176 209 182 209 194 211 182 214 176 215 170 214
109 168 113 186 116 204 121 221 130 236 144 247 160 255 177 257 194 253 210 243 223 230 231 214 234 196 236 177 237 159 237 140 120 135 130 129 141 128 153 129 164 133 181 132 191 127 202 123 214 123 224 128 173 143 174 154 174 165 175 177 162 187 168 189 175 190 182 188 188 185 134 147 141 143 150 143 158 148 150 150 141 151 188 146 196 139 204 139 211 142 205 146 196 147 152 213 160 206 169 202 175 204 181 202 189 205 198 210 190 220 182 223 176 224 169 224 161 221 156 213 169 209 175 209 181 209 194 210 181 213 175 214 169 214
110 167 113 186 116 204 121 221 130 236 144 247 159 256 177 258 195 254 210 243 223 231 231 214 234 196 236 177 237 159 237 140 120 136 130 129 142 128 153 129 165 133 181 132 191 127 202 123 213 123 223 128 173 143 174 154 174 165 175 177 162 187 168 189 175 190 182 188 188 185 134 147 141 143 149 143 157 148 149 150 141 151 188 146 195 140 204 139 211 142 205 146 196 147 153 214 160 207 169 203 175 204 181 202 189 205 197 211 190 220 183 224 176 225 169 225 161 222 157 213 169 210 176 210 182 209 193 211 182 214 176 215 169 215
109 168 113 187 117 205 122 222 131 238 144 250 160 258 177 260 194 256 209 245 222 232 230 215 234 197 236 178 237 159 237 141 120 136 129 129 141 127 153 129 164 133 181 132 191 127 202 123 213 124 223 129 173 143 173 154 174 165 174 177 162 187 168 189 175 190 181 188 187 185 134 147 141 143 150 142 157 148 150 150 141 151 188 146 195 139 204 139 211 142 205 147 196 147 153 214 160 207 169 202 175 204 181 202 189 205 197 212 190 222 182 226 176 227 169 227 161 224 157 214 169 209 175 209 181 209 193 212 182 216 175 217 169 216
109 168 113 187 117 205 122 222 131 238 144 249 160 258 177 261 194 256 209 246 222 232 230 215 234 197 236 178 237 159 236 140 120 136 129 129 141 128 154 129 165 133 181 132 191 127 202 124 213 123 223 128 173 143 173 154 174 165 175 177 163 187 168 189 175 190 182 188 188 185 134 147 141 143 150 143 158 148 150 150 141 151 189 146 196 140 204 139 211 142 205 146 197 147 152 215 160 207 169 203 175 204 181 202 190 205 197 212 190 222 183 227 176 228 169 228 160 225 157 215 169 210 176 210 182 209 193 212 182 216 176 217 169 217
109 169 113 187 117 205 122 222 131 237 145 248 160 256 177 259 194 254 209 244 222 231 230 215 234 197 236 178 237 159 236 140 120 135 130 129 142 128 153 129 165 133 181 132 191 127 201 123 213 123 223 127 173 143 174 154 174 165 175 176 163 187 168 189 175 190 182 188 187 185 134 148 141 143 149 143 158 148 149 150 141 151 188 146 195 140 204 139 211 142 205 147 196 147 153 215 161 208 169 203 175 204 181 203 189 206 197 211 190 221 182 225 176 226 170 226 161 224 157 215 170 210 175 209 181 209 193 212 181 215 176 216 170 216
109 166 113 185 117 203 122 220 130 235 144 246 160 254 177 257 194 252 210 243 223 230 231 213 234 195 236 176 237 158 237 139 120 135 130 129 142 127 154 129 165 133 181 132 191 127 202 123 213 123 223 127 173 143 174 154 174 165 175 177 162 187 168 189 175 190 182 188 187 185 134 147 142 143 150 143 158 148 150 150 141 151 188 146 196 139 204 139 211 142 205 146 196 147 154 214 162 208 169 203 175 205 180 203 188 206 196 211 189 219 181 222 176 223 170 223 162 221 158 213 170 210 175 210 180 209 192 211 180 213 175 214 170 214
109 164 112 183 116 201 121 219 130 234 144 246 160 254 177 257 194 252 209 243 222 230 230 213 234 195 236 176 237 157 236 139 121 134 131 128 142 127 154 129 164 133 182 132 192 127 202 123 213 123 223 128 173 143 174 154 174 165 175 177 162 187 168 189 175 190 181 188 187 186 134 147 142 143 150 142 158 147 150 150 141 150 188 145 196 139 204 139 211 142 205 147 196 147 154 213 162 208 169 204 175 206 180 204 187 207 196 211 188 217 181 220 176 221 170 220 163 218 158 212 170 211 175 211 180 210 192 211 180 211 175 212 170 212
110 164 113 182 116 200 122 218 130 234 144 246 160 254 177 257 194 253 209 243 222 230 230 213 234 195 236 176 237 157 236 138 122 133 131 128 142 127 153 129 164 133 182 132 192 127 202 123 213 122 223 127 173 143 174 154 174 165 175 177 163 187 169 189 175 191 181 189 187 186 135 146 142 143 150 142 158 147 150 150 142 150 189 145 196 139 204 139 211 142 205 147 196 147 156 213 163 208 170 205 175 206 179 205 187 208 195 211 187 217 180 220 176 221 170 220 163 218 159 213 170 212 175 212 180 212 191 211 180 212 175 213 171 212
110 164 113 182 117 200 122 218 130 234 144 246 160 255 177 257 195 253 210 243 223 230 230 213 234 194 236 176 237 157 237 138 122 133 131 128 142 127 154 129 164 133 182 132 192 127 202 123 213 123 223 127 174 142 174 154 175 165 175 177 163 187 169 190 175 191 182 189 188 186 135 147 142 143 150 142 158 147 150 150 142 150 188 145 196 139 204 138 211 141 205 146 197 147 156 214 163 209 170 206 175 207 179 205 187 208 195 212 187 218 180 221 176 222 171 222 164 220 159 214 171 213 175 213 179 212 191 212 180 213 175 214 171 213
110 166 113 185 117 203 123 220 132 236 145 247 161 255 178 258 195 254 210 244 222 231 230 214 234 196 236 176 237 158 237 139 122 133 131 128 143 127 154 129 165 133 182 132 192 127 202 123 213 123 223 127 174 143 174 154 175 165 176 177 163 188 169 190 176 191 182 189 188 186 135 147 142 143 150 142 158 147 151 150 142 150 189 145 196 139 204 139 212 141 205 146 197 147 156 216 163 210 171 206 176 207 180 205 188 208 196 212 189 220 182 223 177 225 172 224 164 222 160 215 171 213 176 214 180 213 192 212 181 214 176 215 172 214
110 166 113 185 117 203 123 221 132 236 146 248 162 256 178 259 195 254 210 244 222 231 230 214 234 195 236 176 237 158 237 139 122 133 132 127 143 126 154 129 165 133 183 132 193 127 203 123 214 123 224 127 174 143 175 154 175 165 176 176 164 188 170 190 176 191 182 189 188 186 135 147 142 143 151 142 159 147 151 150 142 151 189 145 196 139 205 139 212 142 206 147 197 147 157 216 164 210 172 206 176 207 181 205 188 209 196 213 189 221 182 225 177 226 172 226 165 223 161 216 172 213 176 213 181 212 192 213 181 215 177 216 172 215
110 166 113 185 117 204 123 221 132 236 147 248 162 256 179 258 195 254 210 244 222 231 230 214 234 195 236 176 237 157 237 138 122 133 131 128 143 126 155 129 165 132 183 131 192 126 203 123 214 123 224 127 174 142 175 153 175 165 176 176 164 187 170 190 176 191 182 189 188 186 135 147 142 143 151 142 158 147 151 150 142 150 189 145 197 139 205 138 212 141 206 146 197 147 157 217 164 210 171 205 176 206 181 204 189 208 196 213 190 222 183 226 177 227 172 227 165 224 161 216 172 212 176 212 181 212 192 213 182 216 177 217 172 216
110 166 113 185 117 203 123 221 132 236 146 248 162 256 178 259 195 255 210 244 223 230 231 213 234 195 236 176 237 157 237 139 123 133 132 127 143 127 154 129 165 132 183 131 192 126 202 123 213 122 223 126 174 143 175 154 175 165 176 176 164 187 169 190 176 191 182 189 188 186 135 147 142 143 151 142 158 147 151 150 142 150 189 145 196 139 204 138 212 141 205 146 197 146 157 217 164 210 171 205 176 206 181 204 188 208 196 214 189 223 182 226 177 227 172 227 165 224 162 217 172 212 176 212 181 212 192 214 181 216 177 217 172 217
110 167 113 185 117 204 123 221 132 236 146 248 162 256 178 259 195 254 210 244 222 230 230 213 234 195 236 176 237 157 237 139 122 133 132 127 143 126 154 129 165 132 182 131 192 126 203 123 214 123 224 127 174 143 175 154 175 165 176 176 163 187 169 190 176 191 182 189 187 186 135 146 142 142 151 142 158 147 151 150 142 150 189 145 196 139 205 138 212 141 206 146 197 147 158 217 164 210 171 205 176 206 180 204 188 208 195 214 189 223 182 226 177 228 172 227 165 224 162 216 171 212 176 212 180 212 191 214 181 216 176 217 172 217
109 165 112 183 116 201 122 218 131 234 144 246 160 255 178 258 195 254 210 244 222 230 230 213 234 194 236 175 237 157 237 138 122 132 132 127 143 126 155 129 165 132 182 131 192 126 202 123 213 122 223 127 174 142 174 154 175 165 176 176 164 187 169 190 176 191 182 189 187 186 135 146 142 142 150 142 158 147 151 149 142 150 189 145 196 139 204 138 212 141 205 146 197 146 157 217 164 210 171 205 176 207 180 205 187 209 194 214 188 222 181 226 177 227 172 226 164 224 162 216 171 213 176 213 180 212 190 214 181 215 176 216 172 216
109 164 112 183 116 201 122 219 130 234 144 247 160 256 177 259 194 255 209 244 222 230 230 213 234 194 236 176 237 157 237 139 123 133 132 127 143 126 154 129 165 133 183 132 192 127 203 123 213 123 223 127 174 142 174 154 174 165 175 177 163 187 169 190 175 191 182 189 187 186 136 147 143 145 151 144 158 147 151 150 143 150 189 145 197 141 204 141 211 142 205 146 197 147 157 216 164 210 171 206 176 207 180 205 187 209 194 214 188 221 181 224 176 225 171 224 164 222 161 216 171 213 176 214 180 213 190 214 180 214 176 215 171 215
109 164 113 183 116 201 122 219 131 235 144 248 159 256 177 259 194 255 209 244 222 230 230 213 234 194 236 176 237 157 237 139 123 133 132 127 144 126 155 129 165 133 183 132 192 126 202 123 213 123 223 127 174 142 175 154 175 165 176 176 164 187 169 190 175 191 182 189 187 186 137 148 144 147 151 146 159 147 152 150 144 151 189 145 196 143 203 143 210 144 203 147 196 147 158 216 164 210 171 206 176 207 180 205 187 209 194 214 187 220 181 224 176 225 172 224 165 222 162 216 171 213 176 214 180 213 190 214 180 214 176 215 172 214
110 164 113 182 117 201 122 219 131 235 145 247 161 255 178 258 195 254 210 244 222 230 230 213 234 195 236 176 238 157 238 139 123 132 132 127 143 126 155 128 165 132 183 131 193 126 204 122 215 123 225 127 174 142 175 153 175 164 176 176 163 187 169 189 176 191 182 189 188 186 136 147 143 145 151 144 159 147 151 149 143 150 189 145 197 141 205 141 212 143 205 146 197 146 158 216 164 210 171 205 176 207 180 205 187 208 194 214 188 220 182 223 177 224 172 223 165 221 162 215 172 213 176 213 180 213 190 213 181 213 177 214 172 214
110 164 113 183 117 201 123 219 132 235 145 248 161 256 178 259 195 254 210 244 222 230 230 213 234 194 236 175 237 157 237 138 123 132 132 127 143 126 154 128 165 132 184 131 193 126 204 122 214 122 224 127 175 142 175 153 175 164 176 176 164 187 170 189 176 190 182 189 188 186 136 147 143 144 151 143 159 147 151 149 143 150 190 145 197 140 204 140 212 142 205 146 197 146 159 216 165 210 172 205 176 207 181 205 188 208 194 213 188 220 182 223 177 224 172 224 166 221 162 215 172 213 177 213 181 213 190 213 181 213 177 214 173 214
110 165 113 183 117 201 122 219 131 235 145 248 161 256 178 258 195 254 210 244 222 230 230 213 234 194 236 176 237 157 237 138 123 132 132 126 144 125 155 128 166 132 183 131 193 126 203 122 214 122 224 127 175 142 175 153 176 164 176 175 164 187 170 189 176 190 182 188 188 185 136 147 143 144 151 143 159 147 151 149 143 150 189 144 197 140 204 140 211 142 205 146 197 146 158 216 164 210 172 205 176 206 181 205 188 208 194 213 189 220 182 223 177 224 172 224 165 221 161 215 172 213 176 213 181 212 191 213 181 213 177 214 172 214
110 163 112 182 116 200 122 218 130 234 143 247 159 255 176 258 193 254 209 244 221 230 230 213 234 195 236 176 237 157 237 138 123 132 132 127 143 126 155 128 166 132 183 131 193 126 203 122 214 122 224 127 174 141 175 153 175 164 175 175 163 186 169 188 175 190 182 188 188 185 136 146 143 143 151 142 159 147 151 149 143 150 190 145 197 139 204 139 212 142 205 146 197 146 156 214 163 208 170 204 176 205 181 203 188 207 196 212 189 220 181 224 176 225 170 224 163 221 160 214 171 212 176 212 181 211 192 212 181 214 176 215 171 214
109 164 112 182 116 201 122 219 130 234 143 247 159 255 177 258 194 254 209 243 222 230 230 213 234 195 236 176 237 157 237 139 122 133 131 127 142 125 154 128 165 132 182 131 192 126 203 122 214 122 224 127 174 142 174 153 175 164 175 176 163 186 169 188 175 189 182 187 188 184 135 146 142 143 150 142 158 147 150 149 142 149 189 144 196 140 204 139 211 141 205 145 197 146 154 213 162 207 170 203 175 204 181 202 189 205 196 211 189 219 182 223 176 225 170 224 162 221 158 213 170 210 176 210 181 209 192 211 181 214 176 215 170 214
109 164 112 182 116 201 121 218 130 234 143 247 158 255 176 258 194 254 209 243 222 230 230 213 234 194 236 176 237 157 237 139 121 133 131 127 142 125 154 128 165 132 182 131 192 126 203 122 214 122 224 127 174 142 174 153 174 164 175 176 163 186 169 188 175 189 182 187 187 184 135 147 142 143 150 143 158 147 150 149 142 150 189 145 196 140 204 139 211 142 205 146 197 146 154 213 162 207 169 203 175 204 180 202 188 205 196 210 189 219 182 222 176 224 169 223 162 220 158 213 170 210 175 210 181 209 192 211 181 213 175 214 170 214
109 163 112 182 116 200 121 218 129 234 142 247 158 256 175 259 193 255 208 245 221 231 229 214 234 195 236 176 237 157 237 138 122 133 131 127 143 126 154 128 165 132 180 131 190 126 202 122 213 122 223 127 173 142 174 153 174 164 174 175 162 186 168 188 174 190 181 188 187 184 136 148 143 147 150 146 158 147 150 149 143 150 188 145 195 143 202 142 209 143 203 147 195 147 155 213 162 207 169 203 175 204 180 202 187 205 195 211 188 219 181 222 175 223 169 223 162 220 159 213 169 210 175 210 180 209 190 211 180 213 175 214 170 214
109 162 112 181 115 199 121 217 130 234 143 248 158 256 176 260 194 256 209 245 222 231 230 212 234 193 236 174 237 156 236 137 122 133 131 127 142 126 153 128 164 132 180 131 190 126 201 122 212 122 222 127 173 142 173 153 174 164 174 175 162 186 168 188 174 190 181 188 187 185 135 149 142 150 150 148 158 148 150 151 143 152 187 146 195 145 202 145 209 144 202 148 194 148 155 214 162 207 169 203 175 204 180 202 187 206 195 212 188 219 181 223 175 224 169 223 162 221 160 213 169 210 175 210 180 210 190 212 180 214 175 215 169 214
108 163 111 182 115 201 121 219 130 236 142 249 157 259 175 262 193 258 208 247 220 233 229 215 233 195 235 176 236 157 236 138 122 134 131 128 142 126 153 128 164 132 181 131 190 126 201 122 211 123 220 127 172 142 173 153 174 164 174 175 162 186 167 188 174 190 181 188 187 184 136 150 143 149 150 148 157 148 150 151 143 152 186 146 194 145 200 146 207 145 200 149 193 148 155 215 161 207 169 203 174 204 179 202 187 206 194 213 187 220 180 223 175 224 169 224 162 222 159 214 169 210 174 210 179 210 190 212 180 214 175 215 169 215
108 164 111 182 115 200 121 218 129 235 141 248 157 258 175 261 193 257 208 247 221 232 229 214 233 195 235 175 236 156 235 138 121 133 130 128 141 126 153 128 164 132 181 130 190 125 201 122 212 122 222 127 172 141 173 153 173 164 174 175 161 186 167 188 174 190 180 188 186 184 135 149 142 148 149 146 157 147 149 150 142 151 187 145 195 143 202 143 209 143 202 146 195 146 155 215 161 207 168 203 174 204 179 202 186 205 194 212 187 219 180 222 174 223 169 223 162 221 159 214 169 210 174 210 179 210 189 212 179 213 174 214 169 214
108 164 111 182 115 201 121 219 129 235 142 247 157 256 175 259 193 255 208 245 221 232 229 214 233 195 235 176 236 158 236 139 121 133 130 127 141 126 152 128 163 132 181 130 190 125 201 122 212 122 222 127 172 141 172 153 173 164 173 175 161 186 167 188 173 190 180 188 186 184 134 147 141 145 148 144 156 147 148 149 141 150 187 144 195 141 202 141 209 142 203 146 195 146 154 214 161 207 168 203 174 204 179 202 187 205 194 211 187 218 180 220 175 221 169 221 161 219 159 213 168 210 174 210 179 209 190 211 180 212 174 212 169 212
108 164 111 182 115 200 120 218 128 234 141 246 157 255 175 257 193 253 208 243 221 230 229 213 233 195 235 176 236 157 236 138 120 133 130 127 140 126 152 128 162 132 180 131 189 126 200 122 211 122 221 126 171 142 172 153 172 164 173 176 161 186 167 189 173 190 180 188 186 185 133 147 140 144 148 144 156 147 148 149 140 150 187 145 194 140 202 140 209 142 202 146 195 146 153 214 160 207 168 203 173 204 179 202 186 205 194 210 187 217 180 220 174 221 168 221 161 219 157 213 168 210 173 210 179 210 191 210 179 212 174 212 168 212
108 165 111 183 115 201 120 219 129 234 142 245 158 253 176 256 193 252 209 242 221 229 229 212 233 194 235 175 236 157 236 138 120 134 128 128 140 126 151 128 162 132 179 131 189 126 200 122 212 122 222 127 171 142 172 154 172 164 173 176 160 186 166 188 173 189 180 187 186 184 133 147 140 143 148 143 156 147 148 149 140 150 187 145 194 140 202 139 209 142 202 145 194 146 153 213 160 207 167 203 173 204 179 202 187 205 195 209 188 217 180 220 174 222 168 221 160 219 157 212 168 210 174 210 179 209 191 209 179 212 174 213 168 212
108 166 111 184 115 202 120 219 129 234 143 245 158 253 176 255 194 250 209 241 222 228 230 212 233 194 235 176 236 157 236 139 119 134 128 128 140 126 151 128 162 132 180 131 189 126 200 123 212 122 222 127 171 143 171 154 172 165 172 176 160 186 166 188 173 189 180 187 186 184 133 147 140 143 148 143 155 147 148 149 139 150 187 145 194 139 202 139 209 141 203 146 194 146 152 212 159 206 167 202 174 204 179 202 188 204 196 208 189 216 181 220 175 221 168 221 160 219 156 212 168 209 174 209 180 208 192 208 180 211 174 212 168 212
108 166 112 184 115 202 121 219 129 234 143 245 159 253 177 254 194 250 209 241 222 228 230 212 233 194 235 175 236 157 236 139 119 135 128 128 140 126 151 128 162 132 179 132 189 126 200 123 212 123 222 128 171 143 172 154 172 165 173 176 160 186 166 188 173 189 180 187 186 184 133 147 140 143 148 143 156 147 148 150 140 150 187 145 194 139 202 139 209 141 203 146 195 146 151 211 159 206 168 202 174 203 180 201 188 204 197 207 189 216 181 220 175 221 168 221 160 219 155 211 168 209 174 209 180 208 193 208 180 211 174 213 168 213
109 167 112 185 116 203 121 220 130 235 143 245 160 253 177 255 195 250 210 240 223 228 231 212 234 194 235 176 236 158 236 139 119 135 128 128 140 126 152 129 163 133 179 132 189 126 201 123 212 123 222 128 171 143 172 154 172 165 173 177 161 186 167 188 174 189 180 187 187 184 132 147 140 143 148 143 156 148 148 150 139 150 187 145 194 139 202 139 210 142 203 146 195 146 151 212 159 206 168 202 174 203 180 201 189 204 198 207 190 216 182 221 175 222 168 222 160 220 155 212 168 208 175 208 180 207 194 208 181 212 175 213 168 213
109 167 112 185 116 204 122 221 130 236 144 247 160 255 177 256 194 252 209 242 222 229 230 213 234 195 235 177 236 158 236 140 119 135 128 128 140 126 152 128 162 133 180 132 190 127 201 123 212 123 222 128 171 143 172 154 172 165 173 177 161 186 167 188 174 189 180 187 186 185 133 147 140 143 148 143 156 148 148 150 140 150 187 145 194 140 202 139 209 142 203 146 195 147 151 212 159 206 168 203 174 204 180 202 189 204 198 208 190 218 182 222 175 224 169 223 160 221 155 212 168 208 175 208 181 207 194 208 181 213 175 215 169 215
109 167 112 186 116 204 122 221 131 236 144 247 160 255 178 257 195 252 210 242 223 229 231 213 234 195 236 176 236 158 236 140 119 135 128 128 140 126 152 128 162 132 180 131 190 126 201 123 212 123 223 128 172 142 172 154 173 165 173 177 161 186 167 188 174 189 181 187 187 184 133 147 140 143 148 143 156 148 148 150 140 150 187 145 194 139 202 139 210 142 203 146 195 146 151 212 160 206 168 203 175 204 181 202 190 204 198 208 191 218 182 223 176 225 169 225 160 222 155 212 169 208 175 208 181 207 195 208 182 215 176 216 169 216
109 166 112 185 116 203 122 220 130 235 144 246 160 254 178 256 195 252 210 242 223 229 231 213 234 195 235 177 236 158 236 140 120 135 129 128 140 126 152 128 163 132 180 131 190 126 201 123 213 123 223 128 172 143 172 154 173 165 174 177 161 186 167 188 174 189 181 187 187 184 134 147 140 143 149 143 157 148 149 150 140 150 188 145 195 139 203 139 210 142 204 146 195 147 151 212 160 206 168 203 175 204 181 202 190 204 198 208 191 218 183 222 176 224 169 224 160 221 155 212 169 208 175 208 181 207 195 208 182 214 176 215 169 215
110 168 113 187 117 205 122 222 131 236 145 247 161 254 179 256 195 251 210 242 223 229 231 214 235 196 236 177 236 159 236 141 119 134 129 128 141 126 152 128 163 132 181 131 191 126 201 123 213 123 223 128 172 142 173 153 174 165 174 176 162 186 168 188 175 189 181 187 187 184 134 147 141 143 149 142 157 148 149 150 140 150 188 145 195 139 203 139 211 142 204 146 196 146 151 211 160 206 169 202 175 203 181 201 190 203 199 207 191 217 183 221 176 223 170 222 161 220 155 211 169 208 176 208 182 207 195 208 182 213 176 214 170 214
110 167 113 186 117 204 122 221 131 235 145 246 161 253 179 255 196 251 211 241 224 229 232 213 235 195 236 176 237 158 236 140 120 134 129 128 140 126 152 128 163 132 180 131 190 126 201 123 213 123 223 127 172 142 173 154 173 165 174 177 162 186 168 188 175 189 181 187 187 184 134 146 141 143 149 142 157 147 149 149 140 150 188 145 195 139 203 138 210 141 204 145 196 146 152 211 160 206 169 202 176 203 182 201 191 203 199 207 192 216 183 220 177 222 170 222 161 219 156 211 169 208 176 208 182 207 195 207 183 212 176 213 170 213
109 167 113 185 117 203 122 220 131 235 145 245 161 253 179 255 196 250 211 241 224 229 232 213 235 195 236 176 237 158 236 140 120 135 129 128 140 126 152 128 162 132 180 131 190 126 201 123 213 123 223 128 172 142 172 154 173 165 174 176 162 186 168 188 175 189 181 187 188 184 133 147 140 143 149 142 157 147 149 149 140 150 188 145 195 139 203 138 210 141 204 145 196 146 152 211 160 205 169 202 176 203 182 201 191 203 199 207 192 216 184 220 177 222 170 222 161 219 155 211 169 207 176 207 182 206 196 207 183 212 176 214 170 214
110 167 113 185 117 203 122 220 131 235 145 245 161 252 179 254 196 250 211 241 224 229 232 213 236 195 237 177 237 158 237 140 120 135 129 128 140 125 152 128 163 132 181 131 190 126 201 122 213 123 223 128 172 142 173 154 173 165 174 176 162 186 168 188 175 189 182 187 188 184 134 146 141 142 149 142 157 147 149 149 140 150 188 145 195 139 203 138 210 141 204 145 196 146 152 211 160 205 169 202 175 203 181 200 190 203 199 207 192 216 183 220 177 222 170 222 161 219 156 211 169 207 176 207 182 206 196 207 182 212 176 213 170 213
110 168 114 186 117 204 123 221 132 236 146 246 162 254 179 255 196 251 211 241 225 229 232 213 235 195 236 177 237 158 237 140 120 134 129 127 140 125 152 127 163 132 181 131 191 126 202 122 213 123 223 128 172 142 173 153 173 165 174 176 162 186 168 188 175 189 182 187 188 184 134 146 141 142 149 142 157 147 149 149 140 149 188 144 195 139 203 138 210 141 204 145 196 146 152 212 160 206 169 202 176 203 182 201 190 203 199 207 192 217 184 221 177 223 170 223 161 220 156 212 169 207 176 207 182 206 195 208 183 212 177 214 170 214
110 167 114 186 118 204 124 221 133 237 146 248 162 256 179 258 196 254 211 244 224 231 232 214 235 196 237 177 237 158 237 140 121 133 130 127 141 125 153 127 163 132 181 131 191 125 202 122 213 123 223 127 173 142 173 153 174 164 174 175 162 186 168 188 175 189 181 187 187 184 134 146 141 142 149 141 157 147 149 149 141 149 188 144 195 138 203 138 211 141 204 145 196 146 153 213 160 206 169 201 176 202 182 200 191 203 199 209 192 220 184 224 177 226 170 226 161 223 157 213 170 207 176 207 182 207 195 209 183 215 177 216 170 216
110 167 114 186 118 205 124 222 133 238 146 250 162 259 180 261 197 256 212 245 224 231 232 214 236 196 237 176 237 157 236 139 121 133 130 127 141 125 153 127 163 131 182 130 191 125 202 122 213 123 223 127 173 142 173 153 174 164 174 176 162 186 168 188 175 189 182 187 188 184 134 146 141 142 149 142 158 147 150 149 141 150 188 145 195 139 204 138 211 141 204 146 196 146 153 214 161 206 170 202 176 203 182 201 191 204 199 210 193 222 184 227 178 229 170 228 162 225 157 213 170 209 176 208 183 208 195 210 183 217 177 218 170 218
110 168 114 186 118 205 124 223 133 239 146 251 162 260 179 262 196 257 211 246 223 232 231 215 235 197 237 177 237 159 237 140 121 133 130 127 142 125 153 127 164 131 181 131 191 125 202 122 213 122 223 127 173 141 173 153 174 164 174 175 163 186 169 188 175 189 182 187 188 184 134 146 141 142 149 141 158 147 149 149 141 149 188 145 196 138 204 138 211 141 205 145 196 146 154 214 161 206 170 202 176 203 183 201 191 204 199 210 193 223 185 228 178 230 171 229 162 225 158 214 170 209 177 209 183 208 195 211 184 218 177 219 171 219
110 167 114 186 118 205 124 223 133 238 146 251 162 259 179 261 196 257 211 246 224 232 231 215 235 196 237 177 237 159 237 140 121 134 130 127 141 125 153 127 164 131 182 130 191 125 203 122 214 123 224 128 173 142 173 153 174 164 174 176 162 186 168 188 175 189 182 187 188 184 135 146 141 142 150 142 157 147 150 149 141 149 189 144 196 138 204 138 211 141 205 145 197 146 154 214 161 207 169 202 176 203 182 201 191 204 199 210 192 222 184 227 177 229 170 229 162 225 157 214 170 209 176 208 183 208 195 211 183 218 177 219 170 219
110 166 114 185 118 204 124 222 133 238 146 250 162 258 179 261 196 256 211 245 224 231 232 214 235 195 237 176 237 157 237 139 121 133 130 127 141 125 153 127 164 131 182 130 192 125 203 122 214 122 224 127 173 141 174 153 174 164 175 175 163 186 169 188 175 189 182 187 188 184 134 146 142 142 150 141 158 147 150 149 141 149 188 144 196 138 204 138 211 141 205 146 196 146 154 214 162 207 170 203 176 204 182 202 190 205 198 210 191 220 183 225 177 227 170 226 162 223 158 214 170 210 176 210 182 209 194 210 182 216 176 218 170 217
110 165 114 184 118 203 124 220 132 236 146 248 162 257 179 259 196 254 211 244 224 230 231 213 235 195 237 176 237 157 237 139 121 133 130 127 142 125 153 127 164 131 181 130 191 125 202 122 214 122 224 127 173 141 173 153 174 164 174 175 162 186 168 188 175 189 182 187 187 184 135 146 141 142 149 142 158 147 150 149 141 149 189 144 196 139 204 138 211 141 204 145 196 146 155 214 162 208 170 204 175 205 180 203 188 206 197 210 189 218 182 222 176 223 171 223 163 221 159 213 170 211 176 211 181 210 193 210 181 213 176 214 171 214
110 164 113 183 118 201 123 219 132 235 145 247 161 255 178 258 196 253 211 244 224 230 231 213 235 194 237 175 237 157 237 139 121 133 130 127 142 125 153 127 164 131 182 130 192 125 203 122 214 122 223 127 173 141 174 153 174 164 175 175 163 186 169 188 175 189 182 187 187 184 135 146 142 142 150 142 158 147 150 149 141 150 189 144 196 139 204 139 211 141 205 146 196 146 155 214 162 208 170 205 175 206 180 204 188 206 196 210 189 217 182 220 176 221 171 221 163 219 159 213 170 212 175 212 180 211 193 210 181 212 176 213 171 212
110 165 114 183 118 201 123 219 132 235 145 247 161 255 178 257 195 253 211 243 224 230 231 213 235 194 237 176 237 157 237 139 122 132 131 126 142 125 153 127 164 131 183 130 192 125 203 122 214 122 223 127 174 141 174 152 175 164 175 175 163 186 169 188 175 189 182 187 188 184 135 146 142 144 150 143 158 147 150 149 142 150 189 145 196 140 204 140 211 142 205 146 196 146 156 214 163 209 170 205 175 206 180 204 188 207 196 210 189 217 182 220 176 221 171 221 164 219 159 213 170 212 176 212 180 211 192 210 181 211 176 212 171 212
110 164 113 183 117 201 123 219 132 234 145 246 161 254 178 256 196 252 211 242 223 229 231 212 235 194 236 176 237 157 237 139 122 133 130 126 142 125 153 127 164 131 182 130 192 125 203 122 214 122 224 127 173 141 174 153 174 164 175 175 163 186 169 188 175 189 182 187 187 184 134 146 141 143 150 143 158 147 150 150 141 150 189 145 196 139 204 139 212 142 205 146 196 147 155 214 163 209 170 205 175 206 180 204 188 207 196 210 189 217 182 220 176 221 171 221 164 219 159 213 170 211 175 212 180 211 192 210 181 212 176 213 171 212
110 163 113 181 117 199 122 217 131 233 144 245 160 253 178 256 195 252 210 242 223 229 231 212 235 194 237 175 237 157 237 138 122 132 131 126 142 125 153 127 164 131 182 130 192 125 203 122 214 122 224 127 173 141 174 153 174 164 175 175 163 186 169 188 175 189 182 188 188 185 134 146 141 143 150 142 158 147 150 150 141 150 189 145 196 140 204 139 212 141 205 146 197 146 155 214 163 208 170 205 176 206 180 204 188 207 196 210 189 217 182 220 176 221 171 221 163 219 159 213 170 212 176 212 181 211 193 211 181 212 176 213 171 212
110 165 113 183 117 201 123 219 132 234 145 246 161 253 179 255 196 251 211 242 223 229 231 212 235 194 237 175 238 157 237 139 122 133 131 126 142 125 154 127 164 131 183 130 192 125 203 122 214 122 224 127 174 141 174 152 175 164 175 175 163 186 169 188 175 190 182 188 187 185 135 146 142 143 150 142 158 147 150 149 142 150 189 145 196 139 204 139 212 141 205 146 197 146 155 214 163 208 170 205 176 206 180 204 188 207 197 210 189 217 182 220 177 221 171 221 164 219 159 213 170 212 176 212 181 211 193 210 181 211 176 212 171 212
110 164 113 182 117 201 122 218 131 233 144 245 160 252 178 255 195 251 210 241 223 228 231 212 235 194 237 175 238 157 238 139 122 133 131 126 142 125 154 127 164 131 182 130 192 125 203 122 214 122 224 127 174 141 174 153 174 164 175 175 163 186 169 188 175 189 182 187 187 184 135 146 142 143 150 143 158 147 150 150 142 150 189 145 196 140 204 139 212 142 205 146 197 147 155 214 163 208 170 204 175 205 180 204 188 206 197 210 189 217 182 220 176 221 171 221 163 219 159 213 170 211 176 212 181 211 193 210 181 211 176 212 171 212
110 163 113 181 116 200 122 217 131 233 144 244 160 252 178 255 195 251 211 241 223 228 231 211 235 192 237 174 237 156 237 138 122 132 131 126 142 125 153 127 164 131 182 130 192 125 202 122 213 122 223 127 174 141 174 153 175 164 175 175 163 186 169 188 175 190 182 188 187 185 135 146 142 143 150 143 158 147 150 149 142 150 189 145 196 140 204 139 212 142 205 146 197 147 155 214 163 208 170 204 175 205 180 203 188 206 197 210 189 217 182 220 176 221 171 221 163 219 159 213 170 211 176 212 181 211 193 210 181 212 176 213 171 212
110 164 113 183 117 201 123 218 132 233 145 244 161 252 179 255 196 250 211 240 223 227 231 211 235 193 237 175 238 157 237 139 122 132 131 126 142 125 153 127 164 131 182 130 192 125 202 122 213 122 223 126 174 141 174 153 174 164 175 175 163 186 169 188 175 190 182 188 187 185 135 146 142 143 150 143 158 147 150 150 142 150 189 145 196 140 204 140 211 142 205 146 196 146 155 214 163 208 170 205 176 206 181 204 189 207 197 210 189 217 182 220 177 221 171 221 163 219 159 213 170 211 176 211 181 211 193 210 181 212 176 212 171 212
110 165 113 183 117 201 123 218 132 233 146 244 161 252 178 254 195 250 210 241 223 228 231 211 235 193 237 175 238 157 238 139 122 133 131 127 142 125 153 127 164 131 182 130 192 125 203 122 214 122 224 128 173 142 174 153 174 163 175 175 163 186 169 188 175 190 182 188 187 185 135 147 142 143 150 143 158 147 150 150 142 150 189 145 196 140 204 140 211 142 205 147 197 147 155 214 163 208 170 204 176 206 181 204 189 207 197 210 190 217 183 220 177 221 171 221 163 219 159 213 170 211 176 211 181 210 193 210 182 212 176 213 171 213
110 165 113 183 117 202 123 219 133 233 147 244 163 252 180 254 196 250 211 240 224 227 231 210 235 192 237 174 238 157 237 139 121 133 131 127 142 125 153 127 164 131 182 130 192 125 203 122 214 122 224 127 174 142 174 153 175 164 175 175 163 186 169 188 176 189 182 187 188 184 135 146 142 143 150 143 158 147 150 150 142 150 189 145 196 140 204 139 212 142 205 146 197 147 155 213 163 208 170 204 176 206 181 204 189 206 198 210 190 217 183 220 177 222 171 221 164 219 159 213 171 211 176 211 181 211 194 210 182 212 177 213 171 213
110 164 113 183 117 201 123 218 132 233 146 244 162 252 179 254 196 249 210 240 223 227 231 210 235 193 237 174 237 156 237 138 121 132 131 126 142 124 153 126 164 131 182 130 192 125 203 121 214 122 224 127 174 141 174 152 174 163 175 175 163 186 169 188 176 189 182 187 188 184 135 146 142 143 150 142 158 147 150 149 142 150 189 144 196 139 204 139 212 141 205 146 197 146 155 213 162 208 170 204 176 205 181 203 189 206 198 210 190 218 183 221 177 222 171 222 163 219 159 213 171 211 176 211 181 210 194 210 182 212 176 213 171 213
110 164 113 182 117 200 123 217 132 232 146 243 162 251 179 254 196 249 210 239 223 227 231 210 235 193 237 174 238 156 238 138 122 132 131 126 142 124 153 126 164 130 183 130 192 124 203 121 214 121 223 126 174 141 174 152 174 163 175 175 163 185 169 188 175 189 182 187 188 184 135 146 142 142 150 142 158 147 150 149 142 150 189 144 196 139 205 139 212 141 205 146 197 146 155 213 163 208 170 204 176 205 181 203 189 206 198 210 190 218 183 221 177 222 171 222 164 220 160 213 171 211 176 211 181 210 194 210 182 212 177 213 171 213
110 164 113 182 117 200 123 217 132 232 146 243 162 251 179 253 196 249 211 240 223 227 231 210 235 193 237 175 238 157 238 139 122 131 131 126 142 124 154 126 165 130 183 130 192 124 203 121 214 121 224 126 174 141 174 152 174 163 175 175 163 185 169 187 175 189 182 187 188 184 135 146 142 142 150 142 158 146 150 149 142 150 189 144 196 139 204 139 212 141 205 146 197 146 155 213 163 208 170 204 176 205 181 203 189 206 198 210 190 218 183 221 177 223 171 222 163 220 160 213 170 211 176 211 181 210 194 210 182 213 177 214 171 213
110 164 113 183 117 201 123 218 132 233 146 244 162 252 180 254 197 249 211 240 224 226 231 209 235 192 237 174 238 156 237 138 122 132 131 126 142 124 154 126 165 130 182 130 192 124 203 121 214 121 224 126 174 141 174 152 175 163 175 175 163 185 169 188 176 189 182 187 188 184 135 146 142 143 150 142 158 146 150 149 142 149 189 144 197 139 204 139 212 141 205 145 197 146 155 213 163 208 170 204 176 205 181 203 189 206 198 210 190 218 183 222 177 223 171 223 163 220 159 213 171 211 176 211 181 210 194 210 182 213 176 214 171 214
110 164 112 183 117 201 123 218 132 233 146 244 161 252 179 254 196 250 211 240 223 227 231 210 235 192 237 174 238 156 237 138 122 133 131 126 142 124 154 126 165 130 182 129 192 124 203 121 214 122 224 127 174 142 174 152 175 163 175 174 163 185 169 187 176 189 182 187 188 184 135 146 142 143 150 142 158 147 150 149 142 150 189 144 196 139 204 139 211 141 205 146 197 146 155 213 163 208 171 204 176 205 181 203 189 206 198 210 190 218 183 221 177 223 171 222 163 220 159 213 171 211 176 211 181 210 194 210 182 213 177 214 171 213
110 166 113 184 117 202 123 218 132 233 146 244 162 252 179 254 195 250 210 240 223 227 231 210 235 193 237 174 238 156 237 138 121 132 130 126 142 124 153 126 164 130 182 129 192 124 203 121 214 121 224 126 174 141 174 152 175 163 175 174 163 185 169 188 176 189 182 187 188 184 135 146 142 143 150 142 158 147 150 149 142 149 189 144 196 139 204 139 211 141 205 146 197 146 155 213 163 208 171 204 176 205 181 203 189 206 198 210 190 218 183 221 177 223 171 223 163 221 159 213 171 211 176 211 181 210 193 210 182 213 177 214 171 214
110 165 113 184 117 202 124 219 133 234 147 245 163 252 180 254 196 249 211 240 223 227 231 210 235 193 238 175 238 157 238 139 122 132 131 126 142 124 153 126 164 130 182 130 192 124 202 121 213 121 223 125 174 141 174 152 175 163 175 174 163 185 169 188 176 189 182 187 188 184 135 146 142 142 150 142 158 146 150 149 142 149 189 144 196 139 204 139 212 141 205 146 197 146 155 213 163 208 170 204 176 205 181 203 189 206 198 209 190 218 183 222 177 223 171 223 163 221 159 213 171 211 176 211 181 210 194 210 182 213 176 214 171 214
