118 154 120 170 122 187 127 203 133 219 144 231 157 240 172 243 187 240 201 232 214 220 222 205 227 188 229 171 231 154 232 137 128 127 137 123 146 122 156 125 165 129 181 129 190 125 200 123 210 124 219 128 173 139 172 149 172 159 172 170 162 178 167 180 172 182 178 180 183 178 139 139 146 137 153 137 159 142 152 143 145 143 188 141 194 137 202 137 208 139 202 143 195 143 153 201 160 197 167 195 172 196 176 195 184 197 192 201 184 210 177 213 171 213 166 213 159 210 156 202 167 201 172 201 176 201 188 201 176 205 172 205 167 205
118 153 120 170 123 186 127 203 134 218 144 231 157 240 172 243 187 240 202 231 214 219 222 204 227 187 230 170 231 153 232 135 128 127 136 122 146 122 156 125 165 129 181 129 190 125 200 123 211 123 220 128 173 139 173 149 172 159 172 170 162 178 167 180 172 182 178 180 183 178 139 140 146 137 153 137 160 142 152 143 145 143 188 141 195 137 202 136 209 139 203 143 195 143 153 201 160 197 167 194 172 196 177 194 184 197 191 201 184 210 177 213 172 214 166 213 160 210 157 202 167 200 172 201 176 200 188 201 177 205 172 205 167 205
118 153 120 170 123 187 127 203 134 218 144 230 157 239 172 243 187 240 202 231 214 219 222 204 227 188 230 171 232 153 232 136 127 127 136 122 147 122 157 125 166 129 181 130 190 125 201 123 211 123 220 128 173 139 173 149 173 159 172 169 162 178 167 180 172 182 178 180 183 178 139 139 146 137 153 137 160 142 152 143 145 143 187 141 195 137 202 136 209 139 202 143 195 143 153 201 160 197 167 194 172 196 177 194 184 197 192 201 184 210 177 213 172 214 167 213 160 210 157 201 167 200 172 200 177 200 188 201 177 205 172 205 167 205
118 153 120 170 122 186 127 203 133 218 144 230 157 239 171 243 187 240 201 231 214 219 222 204 227 188 229 171 231 154 232 137 128 127 136 122 147 122 156 125 165 129 181 129 190 125 200 123 211 123 220 128 173 139 173 149 172 159 172 170 162 178 167 180 172 182 178 180 183 178 139 139 145 137 153 137 159 142 152 143 145 143 187 141 194 136 202 136 208 139 202 143 195 143 153 201 160 197 167 194 172 196 177 194 184 197 192 201 184 209 177 213 171 213 166 213 160 210 157 201 167 200 172 201 177 200 188 201 177 204 172 205 167 205
118 152 120 168 122 185 126 201 132 217 143 229 156 238 171 242 186 239 201 231 214 219 222 204 227 188 229 170 231 153 231 136 128 128 136 122 146 122 156 125 165 129 181 130 190 125 200 123 211 123 220 128 173 139 173 149 172 159 172 170 162 178 167 180 172 182 178 180 183 178 139 139 145 137 153 137 159 142 152 143 145 143 187 141 194 137 202 136 208 139 202 143 195 143 153 201 160 197 167 194 172 196 177 194 184 197 192 200 184 208 177 211 171 212 166 211 160 209 156 201 167 200 172 201 177 200 188 201 177 203 172 204 167 203
118 153 120 170 122 186 126 203 133 217 144 229 157 238 171 241 187 238 201 230 214 219 222 204 227 188 229 171 231 154 232 137 127 128 136 123 146 122 156 125 165 130 181 130 190 125 200 123 211 124 220 128 173 138 173 149 172 159 172 170 162 178 167 180 172 182 178 180 183 178 139 139 145 137 152 137 159 142 152 143 145 143 187 141 194 136 202 136 208 139 202 143 195 143 152 200 160 197 167 194 172 195 177 194 184 196 192 200 184 208 177 211 171 212 166 211 159 208 156 200 167 200 172 200 177 200 188 200 177 203 172 203 167 203
118 153 120 170 122 186 126 203 132 217 143 229 157 238 172 241 188 238 203 230 215 218 223 203 227 187 229 170 231 153 232 136 128 127 136 123 146 122 156 125 165 129 181 130 190 126 200 123 210 123 219 128 173 139 172 149 172 160 172 170 161 178 166 180 172 182 178 180 183 178 139 139 145 137 152 137 159 142 152 143 145 143 187 141 194 137 201 137 208 139 202 143 194 143 152 200 159 196 166 194 171 195 177 194 184 196 192 200 184 208 177 211 171 211 166 211 159 208 155 200 166 200 171 200 177 199 188 200 177 202 171 203 166 203
118 153 120 170 122 186 126 203 132 217 143 229 157 238 172 241 187 238 202 230 215 219 223 204 227 188 229 171 231 154 232 137 127 127 136 123 146 123 156 125 165 130 181 130 190 126 200 123 210 124 219 128 173 139 172 150 172 160 172 171 161 178 166 181 172 182 178 181 183 178 139 140 145 137 152 137 159 142 152 144 145 143 187 142 194 137 201 137 208 140 202 143 195 143 151 200 159 196 167 194 172 195 177 194 185 196 193 200 185 208 177 211 171 212 166 211 159 208 155 200 167 199 172 200 177 199 189 200 177 203 172 204 166 203
118 154 120 170 122 187 126 203 132 218 144 229 157 238 172 241 188 238 203 230 215 218 223 204 227 187 229 170 231 154 232 137 127 128 136 123 146 123 156 126 165 130 181 130 190 126 200 123 211 124 220 128 173 139 173 150 172 160 172 170 161 178 166 181 172 182 178 181 184 178 139 140 145 138 152 138 159 143 152 144 145 144 187 142 194 137 202 137 208 139 202 143 195 143 151 200 159 196 167 194 172 195 177 194 185 196 193 200 185 208 177 211 171 212 166 211 159 208 155 200 167 199 172 199 177 199 189 200 177 203 172 204 166 203
118 154 120 171 122 187 126 204 133 218 144 230 157 238 172 241 187 238 202 230 215 219 223 205 227 188 229 171 231 154 232 137 127 128 136 123 146 123 156 125 165 130 181 131 190 126 200 124 211 124 220 129 173 139 172 150 172 160 172 171 161 178 166 181 172 182 178 181 184 178 139 140 145 138 152 138 159 143 152 144 145 144 187 142 194 137 202 137 208 139 202 143 195 143 151 200 159 196 166 194 172 195 177 194 185 196 193 200 185 208 177 211 171 212 165 211 158 208 154 200 166 199 171 199 177 199 189 200 177 203 171 204 166 203
118 154 120 171 122 188 126 204 133 218 143 230 157 239 172 242 187 239 202 230 215 219 223 204 227 188 229 171 231 154 232 136 127 128 136 123 146 123 156 126 165 130 180 131 190 126 200 123 211 124 220 129 173 139 172 150 172 160 172 171 161 178 166 181 172 182 178 181 184 178 138 140 145 137 152 137 159 142 152 144 144 143 187 142 194 137 202 137 208 139 202 143 195 143 151 200 159 196 166 193 171 195 177 193 184 196 193 200 184 208 177 212 171 212 165 211 158 208 155 200 166 199 171 199 177 199 189 200 177 203 171 204 166 203
118 153 120 170 122 187 126 203 133 218 143 230 157 240 172 243 188 240 203 231 215 220 223 204 227 188 230 171 231 154 232 136 128 127 136 123 147 122 156 125 165 130 181 130 190 126 200 123 211 124 220 129 172 139 172 150 172 160 172 171 161 178 166 181 172 182 178 181 184 178 138 140 145 137 152 138 159 142 152 144 144 143 187 142 194 137 202 137 209 140 202 143 195 143 152 201 159 196 166 193 171 195 177 193 184 196 192 200 184 210 177 213 171 213 166 213 159 210 155 201 166 200 171 200 177 200 188 201 177 203 171 204 166 203
118 155 120 172 122 188 126 204 133 219 144 231 157 240 172 244 187 241 202 232 214 221 222 206 227 189 229 172 231 155 232 138 128 127 136 122 146 122 156 125 165 130 181 130 191 126 201 123 211 124 220 129 173 139 172 149 172 160 172 170 161 178 166 181 172 182 178 181 184 178 139 140 145 137 153 137 159 142 152 143 145 143 187 142 195 137 202 137 209 139 202 143 195 143 151 201 159 196 166 193 171 195 177 193 184 196 192 201 185 210 177 214 171 214 166 214 159 211 155 202 166 200 171 200 177 200 188 201 177 204 171 204 166 204
118 154 120 171 123 188 126 204 133 219 143 231 157 240 172 243 187 240 202 231 215 220 223 205 227 188 229 171 231 154 232 137 128 127 136 123 146 122 156 125 165 130 181 130 190 126 200 124 211 124 220 129 172 139 172 150 172 160 172 171 161 178 166 181 172 182 178 181 183 178 139 140 145 137 152 138 159 142 152 143 145 143 187 142 194 137 202 137 208 139 202 143 195 143 151 201 159 196 166 193 171 195 177 193 184 196 192 200 184 210 177 213 171 214 165 213 158 210 155 201 166 200 171 200 177 200 188 201 177 204 171 205 166 204
118 155 120 171 123 188 127 204 133 219 144 230 157 238 172 242 187 239 202 230 215 219 223 204 227 188 229 171 231 155 232 137 128 127 136 122 147 122 156 125 165 130 181 130 190 126 200 123 211 124 220 129 173 139 172 149 172 160 172 170 161 178 166 180 172 182 178 180 183 178 139 140 145 137 153 137 159 142 152 143 145 143 187 142 194 137 202 137 209 139 202 143 195 143 152 200 159 196 167 193 172 194 177 193 184 196 192 200 184 208 177 211 171 212 166 211 159 208 155 200 166 198 172 199 177 198 188 200 177 203 171 204 166 203
118 153 120 170 123 186 126 202 133 217 143 229 157 238 172 240 187 237 202 230 215 219 223 204 227 188 230 171 232 154 232 137 128 127 136 122 146 122 156 125 165 130 181 130 190 126 201 123 212 124 220 129 173 139 172 149 172 160 171 171 161 178 166 180 172 182 178 180 183 178 139 139 145 137 153 137 159 142 152 143 145 143 187 141 194 137 202 137 209 139 202 143 195 143 152 200 160 196 166 193 171 194 176 193 184 196 192 200 184 208 176 211 171 212 165 211 159 208 156 200 166 198 171 198 176 198 188 200 176 203 171 204 166 203
118 153 120 170 123 186 127 203 133 217 144 228 157 237 171 240 187 237 202 229 214 219 222 204 227 188 229 171 231 154 232 137 128 127 137 122 147 122 156 125 165 129 182 130 191 126 201 123 211 123 220 128 173 139 173 149 172 160 172 170 161 178 166 180 172 182 178 180 184 178 139 140 146 137 153 137 160 142 152 143 145 143 188 141 195 137 202 137 209 139 203 143 195 143 153 200 160 196 167 193 172 194 176 193 184 196 192 200 184 208 177 211 171 211 166 210 160 208 157 200 167 198 171 198 176 198 188 200 176 203 172 203 167 202
118 153 120 169 123 185 126 201 133 216 143 227 156 236 170 239 186 237 201 229 214 219 222 204 227 187 229 171 231 154 232 137 128 128 136 123 146 122 156 125 165 129 181 130 190 126 201 123 211 124 220 128 173 139 172 150 172 160 171 171 161 178 166 180 172 182 178 180 184 178 139 140 145 137 153 137 160 142 152 143 145 143 187 141 194 137 202 137 209 139 202 143 195 143 154 200 161 195 167 192 172 194 176 193 183 196 191 200 183 207 176 209 171 210 166 209 160 206 158 200 167 198 171 199 176 198 187 200 176 201 171 201 166 200
118 153 120 169 122 185 126 201 133 216 143 227 156 235 171 239 187 237 201 230 214 219 222 205 227 188 229 172 231 155 232 137 128 127 136 123 146 123 156 125 165 130 181 130 191 126 201 124 211 124 220 129 173 139 172 150 172 160 172 171 161 178 166 180 172 182 178 180 184 178 139 140 145 137 153 137 160 142 152 143 145 143 187 142 195 137 202 137 209 139 203 143 195 143 154 199 161 195 167 192 172 194 177 192 183 196 192 200 183 205 176 207 171 207 166 206 160 204 158 199 167 197 171 198 176 197 187 200 176 199 171 199 166 198
118 153 120 170 122 186 126 202 132 216 143 228 156 236 171 239 187 237 202 230 214 219 222 205 226 188 229 172 231 155 232 138 128 128 136 123 146 123 156 125 165 130 181 130 191 126 201 124 211 124 220 129 172 139 172 150 172 160 172 171 161 178 166 181 172 182 178 181 184 178 139 140 145 138 152 138 159 142 152 144 145 144 187 142 195 138 202 137 209 140 203 143 195 143 152 200 160 195 166 192 172 194 177 193 183 196 191 200 183 204 176 206 171 206 165 205 159 204 156 199 166 197 171 198 177 198 188 200 176 198 171 198 166 198
118 153 120 169 122 185 126 202 132 216 142 228 156 236 171 239 187 237 202 230 214 219 222 204 227 188 229 171 231 154 231 137 128 128 136 123 146 123 156 126 165 130 181 131 191 126 201 124 211 124 220 129 172 139 172 150 172 160 172 171 161 178 166 180 172 182 178 180 184 178 139 140 146 139 152 139 159 142 152 144 145 144 187 142 194 139 201 139 208 140 202 143 195 143 152 200 160 195 166 193 171 194 176 193 183 196 192 200 183 206 176 207 171 207 165 207 159 205 156 200 166 198 171 198 176 198 188 200 176 199 171 200 166 199
118 152 120 169 122 186 126 202 133 217 143 229 156 238 171 241 187 238 202 231 214 219 222 204 227 188 230 171 232 154 232 136 129 127 137 123 147 123 156 126 165 130 181 130 190 126 200 124 211 124 219 129 173 139 172 150 172 160 171 171 160 178 166 180 172 182 178 180 184 178 141 142 147 142 153 141 160 143 153 144 147 145 188 142 195 141 201 141 208 141 201 144 194 144 153 200 160 195 166 192 171 194 176 192 183 195 191 200 184 208 176 211 171 212 166 211 159 208 158 200 166 197 171 198 176 198 186 200 176 203 171 203 166 203
118 154 120 170 122 187 126 203 133 218 143 231 156 239 171 243 187 240 202 232 214 220 222 205 227 188 230 171 231 154 232 136 128 128 136 123 146 123 156 126 164 130 181 131 190 126 200 124 211 124 219 128 172 139 172 150 172 160 172 170 160 177 166 180 172 182 178 180 184 178 140 142 146 141 152 141 159 143 153 144 146 144 187 142 194 140 201 140 208 141 201 144 194 143 152 200 159 195 166 192 171 193 177 192 184 195 191 200 184 210 177 214 171 214 165 213 158 210 156 200 166 197 171 197 177 197 187 200 177 205 171 206 166 205
118 154 120 171 122 187 126 204 133 219 143 231 156 240 171 243 187 240 202 232 215 220 223 205 227 188 230 171 231 154 232 136 128 128 137 123 146 123 156 125 165 130 181 130 190 126 200 124 210 124 219 128 172 139 172 150 172 160 172 171 161 178 166 180 172 182 178 180 184 178 139 141 146 139 152 139 159 142 152 144 145 144 187 142 194 139 201 139 208 141 202 144 194 144 152 200 159 195 166 192 172 193 177 192 185 195 192 200 185 210 177 214 171 215 165 214 158 210 156 200 166 197 172 198 177 198 188 200 177 205 171 206 166 205
118 154 120 171 123 187 126 204 133 219 143 231 156 240 171 243 187 240 202 232 214 220 222 205 227 188 229 171 231 154 232 136 128 128 136 123 146 123 156 126 165 130 181 131 190 126 200 124 211 124 220 129 172 139 172 150 172 160 172 171 161 178 166 180 172 182 178 180 184 178 139 140 145 139 152 139 159 142 152 143 145 143 187 142 194 138 202 138 208 140 202 143 195 143 152 201 159 195 166 192 172 194 177 192 185 195 192 200 185 210 177 214 171 215 165 214 158 210 156 201 166 198 171 198 177 198 188 200 177 205 171 205 166 205
118 154 120 171 123 187 126 204 133 219 143 231 156 240 171 243 187 240 202 232 214 220 223 205 227 188 230 171 231 154 232 136 128 128 136 123 146 122 156 125 165 130 180 131 190 126 200 124 211 124 220 129 172 139 172 150 172 160 171 171 161 178 166 180 172 182 178 180 184 178 139 140 145 138 152 138 159 142 152 143 145 143 187 142 194 138 202 138 209 140 202 143 194 143 152 200 159 195 166 192 172 194 177 192 185 195 193 200 185 210 177 214 171 214 165 214 158 210 156 201 166 198 172 198 177 198 189 200 177 205 171 205 166 205
118 154 120 171 123 187 126 204 133 219 143 231 157 240 172 243 187 240 202 232 215 220 223 205 227 188 230 171 232 154 232 136 128 128 136 123 146 122 156 125 165 129 181 130 191 126 201 123 211 124 220 129 173 139 172 149 172 160 172 170 161 178 166 180 172 182 178 180 184 178 139 140 145 138 152 138 159 142 152 143 145 143 187 142 195 138 202 138 209 140 202 143 195 143 152 200 159 195 167 192 172 194 178 192 185 195 193 200 185 211 178 214 171 215 165 214 158 210 156 201 166 198 172 198 177 198 189 200 177 205 172 205 166 205
118 154 121 171 123 188 127 204 133 219 144 231 157 240 172 243 188 240 202 231 215 220 223 205 227 188 230 171 232 154 232 137 128 128 136 123 147 123 156 125 165 130 181 130 191 126 201 124 211 124 220 129 173 139 173 150 172 160 172 170 161 178 166 180 172 182 178 180 184 178 139 140 146 138 153 138 160 142 152 143 145 143 187 142 194 138 202 138 209 140 202 143 195 143 152 200 159 195 167 192 172 194 177 192 185 195 193 200 185 210 177 214 172 215 166 214 159 211 156 201 167 198 172 198 177 198 189 200 177 205 172 206 166 205
118 154 121 171 123 188 126 204 133 219 144 231 157 240 173 243 188 240 203 231 215 220 224 205 228 188 230 171 231 154 232 137 128 128 136 123 147 123 156 126 165 130 181 130 190 126 200 124 211 124 220 129 173 139 172 150 172 160 172 171 161 178 166 181 172 182 178 180 184 178 139 140 146 138 153 138 159 142 152 144 145 143 187 142 194 138 201 138 208 140 202 143 195 143 151 200 159 195 167 193 172 194 178 193 186 195 193 200 186 210 178 214 172 214 166 213 158 210 155 201 166 198 172 199 178 198 190 200 178 205 172 206 166 205
118 156 121 172 123 189 127 205 134 219 145 230 158 239 173 242 189 239 203 231 216 219 224 204 228 188 230 171 232 154 232 137 128 128 136 123 146 123 156 126 165 130 181 131 190 126 201 124 211 124 220 129 172 139 172 150 172 160 172 171 161 178 167 181 172 182 179 180 184 178 139 141 146 138 153 138 160 143 152 144 145 144 187 142 194 138 202 138 208 140 202 144 195 144 152 200 159 195 167 193 172 194 178 193 186 195 193 199 186 209 178 212 172 213 166 212 159 209 156 200 167 197 172 198 178 198 190 199 178 204 172 205 167 204
118 156 121 172 123 189 127 205 134 219 145 230 158 239 173 242 189 239 204 230 216 219 224 205 228 188 230 171 232 154 232 137 128 128 136 123 146 123 156 126 165 130 181 131 190 127 200 124 210 124 220 129 173 140 173 150 172 160 172 171 161 178 167 181 172 182 178 180 184 178 139 141 146 138 153 138 159 143 152 144 145 144 187 142 194 138 201 138 208 140 202 144 195 144 152 200 159 195 167 193 172 194 178 193 185 195 193 199 186 208 178 211 172 212 166 211 159 209 155 200 167 198 172 198 177 198 190 199 178 204 172 204 167 204
118 155 120 172 123 189 126 205 134 219 145 230 158 239 173 242 189 239 203 230 216 219 224 205 228 188 230 171 231 154 232 137 127 128 136 124 146 123 156 126 165 130 180 131 190 127 200 124 210 124 219 129 172 140 172 150 172 160 172 171 161 178 166 181 172 182 178 180 184 178 139 140 145 138 152 138 159 143 152 144 145 144 187 142 194 138 201 138 208 140 202 144 194 144 151 200 159 195 167 193 172 194 177 193 185 195 193 199 185 208 178 211 172 212 166 211 159 209 155 200 166 197 172 198 177 197 189 199 177 204 172 204 166 204
118 155 120 171 123 188 127 204 134 219 144 230 158 239 173 242 188 239 203 230 216 219 224 204 228 188 230 171 232 154 232 136 127 128 136 124 146 123 156 126 165 131 181 131 190 127 200 124 211 124 220 129 172 140 172 150 172 160 172 171 161 178 166 181 172 182 178 181 184 179 138 140 145 138 152 138 159 143 152 144 144 144 187 142 194 138 202 138 209 140 202 144 194 144 151 200 159 195 167 193 172 194 178 193 185 195 194 199 186 209 178 212 172 213 166 212 159 209 155 200 167 197 172 198 178 197 190 199 178 204 172 205 166 204
118 155 120 172 123 189 127 205 134 219 145 230 158 239 173 242 188 239 203 230 216 220 224 205 228 188 230 172 231 155 232 137 127 128 136 123 146 123 156 126 165 131 181 131 190 127 200 124 211 125 220 129 172 140 172 150 172 161 172 171 161 179 166 181 172 183 178 181 184 178 139 141 145 138 152 139 159 143 152 144 144 144 187 143 194 138 201 138 208 140 202 144 194 144 151 200 159 195 167 193 172 194 178 193 186 195 194 199 186 209 178 212 172 213 166 212 159 209 155 200 167 197 172 197 177 197 190 199 177 205 172 205 166 205
118 156 121 173 123 189 127 205 134 220 145 231 158 241 173 244 188 241 203 232 215 220 224 205 228 189 230 172 232 155 232 137 127 128 136 124 146 123 155 126 165 130 181 131 190 127 200 124 210 125 219 129 172 140 172 150 172 161 172 172 161 178 166 181 172 183 178 181 184 178 138 140 145 138 152 138 159 143 152 144 144 144 187 142 194 138 201 138 208 140 202 144 194 144 151 201 159 196 166 193 172 194 178 193 186 195 194 200 186 211 178 214 172 215 166 214 158 211 155 201 166 198 172 198 178 198 190 200 178 206 172 207 166 206
119 155 121 172 123 189 127 205 134 220 145 232 158 242 173 245 189 242 203 233 216 221 224 206 228 189 230 172 232 155 232 138 128 128 136 123 147 123 156 126 165 130 181 131 190 127 200 124 211 124 220 129 173 140 172 150 172 160 172 171 161 178 166 181 172 183 178 181 184 178 139 141 145 138 152 138 159 143 152 144 145 144 187 142 195 138 202 138 209 140 202 144 195 144 152 201 159 196 166 193 172 194 178 192 186 195 193 201 186 211 179 214 172 215 166 214 159 211 156 201 167 199 172 199 178 199 190 201 178 205 172 206 166 205
118 155 121 172 124 189 127 205 134 220 145 232 157 241 172 245 188 242 202 233 215 221 223 207 228 190 230 173 232 155 232 137 128 129 136 123 146 123 156 126 165 130 181 131 190 127 200 124 211 124 220 129 173 140 172 150 172 160 172 171 161 178 166 181 172 182 178 181 184 178 139 141 145 138 152 138 159 143 152 144 145 144 187 142 194 138 202 138 209 140 202 144 195 144 152 201 159 196 166 193 172 194 178 193 186 195 193 201 186 211 178 214 172 215 166 215 158 211 156 202 166 199 172 199 178 199 190 201 178 205 172 206 166 205
118 154 121 171 123 188 127 204 134 219 144 231 157 240 173 243 188 240 203 232 216 221 224 206 228 189 230 172 232 155 232 138 128 128 137 123 147 123 157 126 166 131 181 132 191 127 201 125 211 125 220 129 173 140 173 150 173 161 173 171 161 178 167 181 173 182 179 181 184 178 139 140 146 138 153 138 160 143 152 144 145 144 188 142 194 138 202 138 209 140 202 144 195 144 152 200 159 195 167 193 172 194 178 193 186 195 194 200 186 210 179 213 172 214 166 213 159 210 156 201 167 198 172 198 178 198 190 200 178 205 172 206 167 205
118 155 121 172 123 188 127 204 134 219 145 230 158 239 173 242 189 239 204 231 216 220 224 205 228 189 230 172 232 155 233 138 128 128 137 123 147 123 157 126 166 131 181 131 191 127 201 124 211 124 220 129 173 139 173 150 173 160 173 171 161 178 167 181 173 182 179 181 184 178 139 141 146 138 153 138 160 143 153 144 145 144 188 142 195 138 202 138 209 140 202 144 195 144 152 200 160 195 167 192 172 194 178 193 186 195 194 199 186 208 178 211 172 212 166 211 159 209 155 200 167 197 172 197 178 197 191 199 178 204 172 204 167 204
119 155 121 172 123 189 127 205 134 219 145 231 158 239 173 242 189 239 203 231 216 219 224 205 228 189 230 172 232 155 232 138 129 129 137 124 147 123 157 126 165 130 181 131 191 126 201 124 211 125 220 130 173 140 173 150 172 160 172 171 161 178 166 181 172 182 178 180 184 178 141 142 147 141 153 141 160 143 153 144 147 144 187 143 194 140 201 141 207 142 201 144 194 144 152 200 159 195 167 193 172 194 178 193 186 195 194 199 186 209 179 212 172 213 166 212 159 209 155 200 167 197 172 198 178 197 190 199 178 204 172 205 167 205
119 155 121 172 123 189 127 205 134 220 145 231 158 240 173 244 189 241 203 232 216 220 224 205 228 189 230 172 232 155 233 137 129 129 137 124 147 123 156 126 165 130 181 131 191 127 201 124 211 125 220 130 173 140 173 150 172 160 172 171 161 178 166 181 172 182 179 181 184 178 141 143 147 144 153 143 160 144 153 145 147 146 187 143 194 143 200 144 207 143 200 146 194 146 152 201 159 195 167 193 172 194 178 193 186 195 194 200 186 210 179 214 172 215 167 214 159 210 156 201 167 198 172 198 178 198 190 200 178 206 173 207 167 206
118 154 120 171 123 188 127 205 134 220 145 232 158 241 173 244 189 241 203 232 216 220 224 205 228 189 230 171 232 154 232 136 128 129 136 124 146 123 156 126 165 131 181 131 190 127 201 124 211 125 220 130 173 140 173 150 172 161 172 171 161 178 166 181 172 183 179 181 184 178 140 144 147 144 153 143 160 144 153 146 147 146 187 143 195 143 201 144 208 143 201 146 194 145 152 201 159 196 167 193 172 194 178 193 186 195 194 200 187 211 179 215 172 216 166 215 159 212 156 202 167 198 172 199 178 198 190 201 179 206 172 207 167 206
118 155 121 172 123 189 127 205 134 221 145 233 158 242 173 245 189 242 203 233 215 221 223 206 228 190 230 172 232 155 232 137 129 129 137 124 146 123 156 126 165 131 182 131 191 127 201 124 211 125 220 130 173 140 173 150 172 161 172 171 161 178 166 181 172 183 179 181 184 178 141 144 147 143 153 143 160 144 153 145 147 146 187 143 194 143 201 143 207 143 201 145 194 145 152 201 159 196 166 193 172 194 178 193 186 195 193 201 186 211 179 215 172 216 166 215 159 211 156 202 166 199 172 199 178 199 190 201 178 205 172 206 166 205
118 155 120 172 123 189 127 205 134 221 145 233 158 242 173 245 189 242 203 233 215 221 223 206 228 189 230 172 232 154 232 136 128 129 136 124 146 123 156 126 164 131 181 131 190 127 201 124 211 125 219 129 173 140 172 150 172 161 172 171 161 178 166 181 172 183 178 181 184 178 140 143 146 142 153 142 159 144 153 145 146 145 187 143 194 141 200 142 207 142 200 145 194 145 152 201 159 196 167 193 172 194 178 193 186 195 194 201 186 211 178 215 172 216 166 215 159 212 156 202 167 198 172 198 178 198 190 201 178 206 172 207 167 207
118 155 120 172 123 189 127 205 134 220 144 232 158 241 173 244 188 241 203 232 215 221 223 206 227 189 230 172 231 154 232 137 127 129 136 124 146 124 156 126 165 131 181 131 190 127 200 124 211 124 219 129 173 140 172 150 172 161 172 172 161 178 166 181 172 183 178 181 184 178 139 142 146 141 152 141 159 143 152 145 145 145 187 143 194 140 201 140 208 141 201 144 194 144 152 201 159 196 166 193 172 194 178 193 186 195 193 200 186 210 178 214 172 215 166 214 159 211 155 201 166 198 172 198 178 198 190 200 178 206 172 207 166 206
118 154 120 171 123 187 126 204 133 219 144 231 157 240 172 242 188 239 203 231 216 219 224 204 228 188 230 171 232 154 232 137 127 129 136 124 146 124 156 127 164 131 180 132 190 127 200 124 210 125 219 129 172 140 172 151 172 161 172 172 161 179 166 181 172 183 178 181 184 178 139 142 145 141 152 141 159 143 152 145 145 145 187 143 194 140 201 140 208 141 201 144 194 144 151 201 159 196 166 193 171 194 177 193 185 195 193 200 186 209 178 212 171 213 166 213 158 210 155 201 166 198 171 198 177 198 190 200 177 205 172 206 166 205
118 155 120 171 122 188 126 204 133 218 144 230 157 238 172 241 188 238 202 230 215 219 223 204 227 188 230 171 231 154 232 137 127 129 136 124 145 124 155 127 164 131 180 132 189 127 199 125 210 125 219 129 172 140 172 151 172 161 172 172 160 179 166 182 172 183 178 181 184 179 138 142 145 140 152 140 159 143 151 145 144 145 187 143 194 140 201 140 207 141 201 144 194 144 152 201 159 196 166 194 172 195 177 193 184 196 192 200 185 208 177 211 171 212 166 211 159 209 156 201 166 198 171 199 177 199 189 200 177 204 171 204 166 204
118 153 119 169 122 186 125 202 132 217 142 228 155 237 170 240 187 237 202 230 214 219 222 204 227 188 229 171 231 154 231 137 128 128 136 124 146 124 155 127 164 132 181 132 189 127 199 125 209 124 218 128 172 140 171 151 171 162 171 173 160 180 165 182 171 184 177 182 183 179 138 142 145 141 151 140 158 143 151 145 144 145 187 143 194 140 201 140 208 141 201 144 194 144 152 201 159 198 166 196 171 197 175 195 183 198 191 201 183 207 176 210 170 210 165 209 159 207 155 201 165 201 170 202 175 201 187 201 175 202 170 202 165 202
117 153 119 169 121 186 125 202 132 216 142 228 155 237 169 240 185 238 200 230 213 219 222 205 227 188 229 171 231 153 231 136 127 128 135 124 145 124 155 127 164 132 179 132 189 127 199 124 209 124 219 129 171 140 171 151 171 162 170 173 160 180 165 182 171 184 177 182 182 180 138 142 145 141 151 141 158 144 151 145 144 145 186 143 193 140 200 140 207 141 201 145 193 145 152 201 159 199 165 197 170 198 174 197 181 199 190 201 181 208 174 210 169 211 164 210 158 207 155 201 165 202 170 203 174 202 186 202 174 202 170 203 165 202
117 153 119 170 121 186 125 202 132 217 142 229 155 238 170 241 186 239 201 231 213 219 222 205 226 188 229 171 231 153 231 136 127 129 135 124 145 124 154 127 163 132 179 132 188 127 198 124 209 124 218 129 171 141 171 151 170 162 170 173 160 180 165 182 170 184 177 182 182 180 138 143 145 142 151 142 158 144 151 146 144 146 185 143 193 141 199 141 206 142 199 145 193 145 152 202 159 199 166 197 170 199 175 197 182 199 191 202 182 209 175 211 170 212 165 211 159 208 155 202 166 203 170 203 175 203 187 202 175 203 170 204 166 203
117 154 119 170 121 187 125 203 132 218 143 230 156 239 171 243 187 240 202 231 214 219 222 204 227 187 229 170 231 152 231 135 127 129 135 125 145 125 154 127 163 132 179 132 188 127 198 124 209 125 218 129 171 141 171 152 170 162 170 173 160 180 165 182 170 184 176 182 182 180 139 144 145 145 151 144 158 144 151 146 145 147 185 144 192 143 199 144 205 143 199 146 192 146 152 202 159 198 165 196 170 198 175 196 183 198 191 202 183 210 176 213 170 213 165 213 159 209 156 202 165 202 170 202 175 202 187 202 175 205 170 205 166 204
117 154 119 171 122 188 125 204 132 219 143 231 156 240 171 243 187 240 202 231 214 220 223 204 227 188 229 170 231 153 231 135 127 130 135 125 144 125 154 127 163 132 178 132 188 128 198 125 208 125 217 130 171 142 170 152 170 162 170 173 159 180 164 183 170 184 177 182 182 180 139 146 145 146 151 145 158 145 152 147 145 148 185 145 192 145 198 145 205 144 198 147 192 147 151 202 158 198 165 195 170 197 175 195 183 198 192 201 184 211 176 214 170 215 165 214 158 211 154 202 165 201 170 201 175 201 188 202 176 206 170 207 165 206
117 154 119 171 121 187 125 204 132 219 142 231 156 240 171 243 187 240 202 232 214 220 222 204 226 188 229 170 231 153 231 135 127 130 135 125 144 125 154 127 163 132 178 132 188 128 198 125 209 125 218 130 171 141 171 152 170 162 170 173 159 180 164 182 170 184 177 182 182 180 138 145 145 146 151 145 158 145 151 147 145 148 185 144 192 144 199 145 206 144 199 147 192 147 151 201 158 198 165 195 170 196 176 195 183 197 192 201 184 211 176 214 170 215 165 214 157 211 154 202 165 200 170 201 175 201 188 201 176 206 170 207 165 206
117 154 119 171 121 188 125 205 132 220 143 231 156 240 171 243 187 240 202 231 214 220 222 204 227 188 229 170 231 153 231 136 127 130 135 125 144 125 154 127 163 132 179 132 188 127 199 125 209 125 218 130 171 141 170 152 170 162 170 173 159 180 164 182 170 184 177 182 182 180 139 144 145 144 151 144 158 144 151 146 145 147 186 144 192 143 199 143 206 143 199 146 192 146 150 201 158 197 165 195 170 196 176 195 183 197 192 201 184 211 176 214 170 215 165 214 157 210 154 202 165 200 170 201 176 200 188 201 176 206 170 206 165 206
117 155 119 171 122 188 125 204 132 219 143 231 156 240 171 243 187 240 202 232 214 220 222 205 226 188 229 171 230 154 231 136 126 130 134 125 144 124 153 127 162 131 179 132 188 127 198 124 209 125 218 129 171 140 170 151 170 161 170 172 159 180 165 182 170 184 176 182 182 180 138 144 145 143 151 143 158 144 151 146 144 146 186 143 193 142 199 142 206 142 199 145 193 145 150 201 158 198 165 195 170 196 175 195 184 197 192 201 184 210 176 214 170 214 165 214 157 210 154 202 165 200 170 201 176 200 189 201 176 206 170 206 165 206
117 154 119 171 121 187 125 204 132 219 143 231 156 239 171 242 186 239 201 231 214 220 222 205 226 188 229 171 230 154 231 136 126 129 135 125 144 124 154 127 163 132 179 132 188 127 198 125 208 124 217 129 171 141 170 151 170 162 170 173 160 180 165 182 170 184 176 182 182 180 138 143 144 142 151 142 158 144 151 146 144 146 186 143 193 141 199 141 206 142 199 145 193 145 150 201 158 197 165 195 170 196 176 195 184 197 192 200 184 210 176 213 170 214 165 213 157 210 154 202 165 200 170 200 176 200 188 201 176 205 171 206 165 205
117 155 119 171 122 188 125 204 132 219 143 231 156 239 171 243 186 239 201 231 214 220 222 205 226 189 229 172 230 154 231 137 126 129 134 125 144 124 154 127 163 132 179 132 188 127 198 125 208 125 218 129 171 141 170 151 170 162 170 172 159 180 165 182 170 184 176 182 182 180 138 143 144 142 151 141 158 144 151 146 144 146 186 144 193 141 200 141 207 141 200 145 193 145 150 201 158 197 165 195 170 196 175 195 183 197 192 200 184 210 176 213 170 213 165 213 157 210 154 202 165 200 170 201 175 200 188 201 175 205 170 206 165 205
117 155 119 172 122 188 125 205 132 219 143 230 156 239 171 242 186 239 201 231 214 220 222 205 226 189 229 172 230 154 231 137 126 129 134 125 144 124 154 127 163 132 179 132 188 128 198 125 208 125 218 129 171 140 170 151 170 162 170 173 159 180 165 182 170 184 177 182 182 180 137 142 144 141 150 141 158 144 150 145 143 146 186 143 193 141 200 141 206 142 200 145 193 145 150 201 158 197 165 195 171 196 176 195 184 197 192 200 184 209 176 212 170 213 165 212 158 209 154 201 165 200 170 201 176 200 188 201 176 204 170 205 165 204
117 155 120 172 121 188 125 204 132 219 142 230 156 238 170 242 186 239 201 231 214 220 222 205 226 189 228 172 230 155 231 137 126 130 135 125 145 124 155 127 163 132 179 133 188 128 198 125 209 125 218 130 171 141 171 151 171 162 170 172 160 180 165 182 171 184 177 182 183 180 138 143 144 141 151 141 158 144 151 146 144 146 186 143 193 140 200 140 207 141 200 145 193 145 150 201 158 197 165 195 171 196 176 195 184 197 192 200 184 209 176 212 170 213 165 212 157 209 154 201 165 201 171 201 176 200 188 201 176 204 170 205 165 205
117 155 120 171 122 188 125 204 132 219 142 230 156 239 170 242 186 239 201 231 214 220 222 205 226 189 229 172 231 154 231 137 127 129 135 125 144 125 154 127 163 132 179 132 188 128 198 125 209 125 218 129 171 141 171 152 171 162 170 173 160 180 165 182 171 184 177 182 182 180 138 143 144 141 151 141 158 144 150 146 144 146 186 144 193 141 200 141 206 142 200 145 193 145 150 201 158 198 165 195 170 197 176 195 183 197 192 201 184 209 176 212 170 213 165 212 157 209 153 201 165 201 170 201 176 201 188 201 176 204 170 205 165 204
117 155 119 171 121 187 124 204 131 218 142 230 155 238 170 242 186 239 201 231 214 220 222 205 226 189 229 172 231 155 231 138 127 129 135 125 145 124 154 127 163 132 180 132 189 127 198 125 208 125 218 129 171 140 171 151 171 162 170 173 160 180 165 182 171 184 177 182 182 180 138 142 144 141 151 141 158 144 151 146 144 146 186 143 193 140 200 140 206 141 200 145 193 145 150 201 158 198 165 195 171 197 176 195 183 197 192 200 183 208 176 211 170 212 165 211 158 209 154 201 165 201 170 201 176 201 188 201 176 204 170 204 165 203
117 153 119 170 121 186 124 203 131 217 142 229 155 237 169 240 185 238 200 230 213 220 222 205 226 188 229 172 230 154 231 137 127 129 135 125 145 124 155 127 163 132 180 132 188 127 198 125 208 124 218 128 171 140 171 151 170 162 170 173 159 180 165 182 170 184 177 182 182 180 138 142 144 141 151 141 158 144 151 145 144 145 186 143 193 140 200 140 207 141 200 145 193 145 151 200 158 197 165 195 170 197 175 195 183 197 191 200 183 207 175 210 170 210 164 210 158 207 154 200 165 201 170 201 175 201 187 200 175 202 170 203 165 202
117 154 119 170 121 186 125 203 131 217 142 228 155 237 170 240 185 237 200 230 213 219 222 205 226 188 229 171 231 154 231 137 127 129 135 125 145 124 155 127 163 132 179 132 188 127 199 125 209 125 218 129 171 140 171 151 170 162 170 173 159 180 165 182 170 184 177 182 182 179 138 142 144 141 151 140 158 144 151 145 144 145 186 143 193 140 200 140 206 141 200 145 193 145 151 200 159 197 165 195 170 197 175 195 183 197 191 200 183 207 175 209 170 210 165 209 158 206 155 200 165 200 170 201 175 200 187 200 175 202 170 202 165 201
117 153 119 170 121 186 125 202 131 217 142 228 155 237 170 240 185 237 200 230 213 220 221 205 226 189 229 172 230 154 231 137 126 129 135 124 145 124 155 127 163 132 180 132 189 127 199 125 209 125 218 129 171 140 171 151 171 162 170 173 160 180 165 182 171 183 177 182 182 179 137 142 144 141 151 140 158 144 150 145 144 145 186 143 193 140 200 140 207 141 200 145 193 145 151 200 159 197 166 195 171 196 175 195 183 197 191 200 183 207 175 209 170 210 165 209 158 206 155 200 165 200 170 201 175 201 187 200 175 201 170 202 165 201
117 154 119 170 121 186 125 202 132 217 142 228 155 236 170 240 185 237 200 229 213 219 222 204 226 188 229 171 231 154 231 137 126 129 135 124 145 124 155 127 164 132 179 132 189 127 199 124 209 125 219 129 171 140 171 151 171 162 170 173 160 180 165 182 171 183 177 182 182 179 138 142 144 140 151 140 158 143 151 145 144 145 186 143 193 139 200 139 207 141 201 144 193 144 151 200 159 197 165 195 170 196 175 195 183 197 191 200 183 206 175 208 170 209 165 208 158 206 155 200 165 200 170 201 175 200 187 200 175 201 170 202 165 201
117 154 119 170 121 187 125 203 132 217 143 228 156 237 170 239 186 237 201 229 213 219 222 204 226 188 229 171 231 154 232 137 127 128 135 124 145 124 155 127 164 132 180 132 189 127 199 124 209 124 218 129 171 140 171 151 171 162 171 173 160 179 165 182 171 183 177 182 183 179 138 142 144 140 151 140 158 143 151 145 144 145 186 143 193 139 200 139 207 141 200 144 193 144 151 200 159 197 166 195 171 196 175 195 183 197 191 200 183 206 176 209 170 209 165 208 158 206 155 200 166 200 170 201 175 201 187 200 175 201 170 202 165 201
117 153 119 170 122 186 125 202 132 216 143 227 156 236 170 239 186 237 200 229 213 219 222 205 227 188 229 172 231 154 232 137 127 129 135 124 145 124 155 127 164 132 179 132 189 127 199 125 210 125 219 130 171 140 171 151 171 162 171 173 160 180 165 182 171 183 177 182 183 179 138 142 144 140 151 140 158 144 151 145 144 145 186 143 193 139 200 139 207 141 201 145 193 145 151 200 159 197 166 195 171 196 175 195 183 197 192 200 183 206 176 209 170 209 165 208 159 206 155 200 165 200 170 201 175 200 188 200 175 201 171 202 166 201
117 154 119 171 122 187 126 203 133 217 143 228 156 236 171 239 186 236 201 229 214 218 222 204 227 188 229 171 231 154 231 137 127 129 136 124 145 124 155 127 164 132 180 132 189 127 199 125 210 125 219 129 171 140 171 151 171 162 171 173 160 180 166 182 171 183 178 182 183 179 138 142 144 140 151 140 158 144 151 145 144 145 187 143 193 139 200 139 207 141 201 144 194 144 152 200 159 197 166 195 171 196 176 195 184 197 192 200 184 206 176 209 171 209 165 208 159 206 155 200 166 200 171 201 176 201 188 200 176 201 171 202 166 201
117 154 119 170 122 187 126 202 133 217 144 228 157 236 172 239 187 236 202 228 214 218 222 203 227 187 229 171 231 154 231 137 127 129 135 124 145 124 155 127 164 132 180 132 189 127 199 125 210 125 219 130 172 140 172 151 171 161 171 172 161 180 166 182 172 183 178 182 183 179 138 141 144 140 151 140 158 143 151 145 144 145 187 143 194 139 201 139 208 141 201 145 194 145 152 200 160 197 167 195 172 196 177 195 184 197 192 200 184 206 177 209 171 209 166 208 159 206 155 200 166 200 171 201 177 200 188 200 176 201 171 202 166 201
117 154 119 170 122 186 126 202 132 217 143 228 157 236 171 239 187 236 201 229 214 218 222 204 227 188 229 171 231 154 231 137 127 129 135 124 145 124 155 127 164 131 180 132 189 127 200 125 210 125 219 130 172 140 172 151 171 162 171 173 160 180 166 182 171 184 178 182 183 180 138 142 144 140 151 140 158 144 151 145 144 145 187 143 194 140 201 140 208 141 201 145 194 145 152 200 160 198 166 195 171 197 176 195 184 197 192 200 184 207 177 209 171 210 166 209 159 206 155 201 166 201 171 201 176 201 188 201 176 201 171 202 166 201
118 154 119 170 122 186 125 202 132 216 143 227 156 236 171 239 186 236 201 229 214 218 222 204 227 188 229 171 231 154 231 137 127 129 135 124 145 124 155 127 164 132 180 132 189 128 199 125 210 125 219 130 172 140 172 151 171 162 171 173 160 180 166 182 171 184 178 182 183 180 138 142 145 140 151 140 158 144 151 145 144 145 187 143 194 140 200 140 207 141 201 145 194 145 152 201 160 198 166 195 171 197 177 195 184 197 192 200 184 207 177 209 171 209 166 209 159 207 155 201 166 201 171 201 177 201 188 201 176 201 171 202 166 201
117 154 119 170 122 187 126 203 133 217 144 228 157 236 171 239 186 236 201 228 214 218 222 203 227 187 229 171 231 154 231 137 127 129 136 125 145 125 155 127 164 132 180 132 189 128 199 125 210 125 219 130 172 141 171 152 171 162 171 173 160 180 165 182 171 184 177 182 183 180 138 142 145 141 152 141 158 144 151 146 144 146 186 143 193 140 200 140 207 141 201 145 194 145 152 201 159 198 166 195 171 197 176 195 184 197 192 200 184 207 176 209 171 210 166 209 159 207 155 201 166 201 171 201 176 201 188 201 176 202 171 202 166 202
117 154 119 170 122 186 125 202 132 217 143 228 157 236 171 239 187 236 201 229 214 218 222 204 227 188 229 171 231 154 231 137 127 129 136 124 145 124 155 127 163 132 180 132 189 128 199 125 209 125 219 129 172 141 171 152 171 162 171 173 160 180 165 183 171 184 177 183 183 180 138 142 144 141 151 141 158 145 151 146 144 146 186 144 193 140 201 140 208 141 201 145 194 145 152 201 159 198 166 196 171 197 176 196 183 198 192 201 183 207 176 209 171 210 166 209 159 207 155 201 166 201 171 202 176 201 188 201 176 202 171 203 166 202
117 154 119 170 122 187 126 203 133 217 143 228 156 236 171 239 186 237 201 229 214 218 222 203 227 187 229 171 231 154 231 137 127 129 136 125 146 124 155 127 164 132 180 132 189 128 199 125 210 125 219 130 172 141 171 151 171 162 171 173 160 180 165 182 171 184 177 182 183 180 138 142 144 141 151 140 158 144 151 145 144 146 187 143 194 140 201 140 208 141 201 145 194 145 152 201 159 198 166 196 171 197 176 196 183 198 192 201 183 207 176 209 171 210 166 209 159 207 155 201 166 201 171 202 176 201 188 201 176 202 171 203 166 202
