117 173 119 187 123 201 128 215 136 228 146 239 158 247 171 249 185 246 198 237 209 226 217 213 222 199 225 184 227 169 228 154 124 148 129 141 139 138 149 139 158 141 176 140 185 136 196 134 206 137 214 143 166 152 166 160 166 168 165 176 157 187 162 189 166 189 171 188 176 186 136 156 141 151 149 151 155 156 149 158 141 158 182 155 188 149 195 148 201 152 196 155 189 156 150 212 156 206 162 202 167 204 173 202 181 204 188 210 182 219 174 224 168 225 163 224 156 220 153 212 163 207 168 207 173 207 184 210 173 217 168 218 163 217
117 172 120 187 123 201 129 215 137 227 147 238 158 247 171 249 185 246 198 237 209 226 217 213 222 198 225 183 227 168 228 153 124 147 129 139 139 136 148 137 157 140 175 139 185 134 196 132 206 135 214 141 166 151 166 158 165 166 165 174 157 185 162 187 166 188 171 186 176 185 136 155 142 150 149 150 155 155 149 156 142 157 182 153 188 147 195 147 202 151 196 154 189 154 151 212 156 204 162 201 168 202 173 200 181 203 188 209 182 220 174 225 168 226 163 225 156 221 154 212 163 206 168 206 173 205 184 210 173 217 168 218 163 218
117 171 119 185 123 199 128 213 136 226 147 238 158 247 171 250 184 246 197 237 209 225 217 212 222 197 225 182 227 166 228 151 124 147 129 139 138 136 148 137 157 139 175 138 185 134 196 132 206 135 214 141 166 150 166 158 165 165 165 173 157 185 162 186 166 187 171 186 176 184 136 154 141 149 148 149 155 153 148 155 141 156 182 152 188 147 195 146 201 150 196 153 188 153 151 211 155 204 162 200 168 202 173 200 181 203 188 209 182 220 174 224 168 225 162 225 156 220 154 211 162 205 168 205 173 204 184 209 173 217 168 218 162 218
117 171 119 185 123 200 128 214 136 226 147 238 158 247 171 250 184 246 197 237 209 225 218 212 223 197 226 182 227 166 228 151 124 146 129 139 138 136 148 136 157 139 175 138 184 133 195 131 205 134 213 140 166 150 165 158 165 165 165 173 157 185 161 186 166 187 171 186 176 184 136 154 141 150 148 149 155 154 148 155 141 156 181 152 187 146 195 146 201 150 195 152 188 153 151 211 155 204 162 200 168 201 173 199 181 202 188 209 182 220 174 225 169 226 163 225 156 220 154 211 163 205 168 205 173 204 184 209 173 218 168 219 163 218
117 171 119 185 123 199 128 213 136 226 146 238 157 247 171 250 184 247 197 237 208 225 217 212 222 197 225 182 227 166 227 151 124 146 129 139 138 135 147 136 157 139 175 138 185 134 195 132 205 134 214 140 165 150 165 157 165 165 164 173 157 185 161 186 166 187 171 185 176 183 136 154 141 149 148 148 154 153 148 155 141 155 182 151 188 146 195 146 201 149 195 152 188 152 151 211 155 204 162 200 168 201 173 200 181 202 187 208 182 219 174 224 168 225 162 224 155 220 154 211 162 205 168 205 173 204 184 208 173 217 168 218 162 217
116 171 119 185 122 199 127 213 135 226 146 237 158 246 171 248 184 245 197 236 208 224 217 210 222 196 225 181 226 165 227 150 123 147 128 139 137 136 147 136 157 139 174 138 184 134 195 132 206 134 214 140 166 150 165 158 165 165 165 173 157 185 161 187 166 188 171 186 176 184 135 155 140 150 148 149 155 154 148 156 141 157 181 152 187 146 195 146 201 149 196 153 188 153 151 211 156 205 162 201 168 203 172 200 180 203 187 208 182 218 174 223 169 224 163 224 156 220 155 211 163 207 168 207 173 206 184 208 173 216 168 217 163 216
116 171 119 185 122 200 128 214 136 226 147 237 158 245 172 247 185 243 198 235 209 223 217 210 222 196 225 181 227 165 228 149 123 147 128 139 137 136 148 136 157 139 175 138 185 134 196 132 206 134 214 140 166 150 166 158 166 166 165 174 158 186 162 187 167 188 172 187 176 185 136 154 141 149 148 149 155 154 148 156 141 156 181 152 188 147 195 146 201 150 196 153 188 153 152 212 157 207 163 203 168 204 173 202 180 204 188 208 181 216 174 220 169 221 164 221 158 218 155 212 164 209 168 209 173 208 184 208 173 213 169 214 164 214
117 171 119 185 122 199 127 213 135 226 145 236 157 243 170 246 184 243 197 235 208 224 216 211 221 197 224 182 226 166 227 150 123 146 128 139 138 136 148 137 157 140 175 138 184 134 195 132 205 134 214 140 165 150 165 158 165 167 165 175 158 187 162 188 166 189 171 188 176 186 135 154 140 150 148 149 154 154 148 156 140 157 181 152 188 147 195 146 201 150 196 153 188 153 151 212 157 207 163 204 168 205 172 203 179 205 187 209 180 215 173 218 169 219 164 219 158 217 154 212 163 209 168 210 172 208 183 209 172 212 168 213 164 213
117 171 119 185 122 200 127 214 134 226 145 236 156 243 170 245 184 243 197 235 208 225 216 212 220 198 223 183 225 168 226 152 123 147 128 139 138 136 148 137 157 140 175 139 184 134 195 132 206 134 214 141 166 151 166 159 165 167 165 176 158 188 162 189 166 190 171 188 176 187 135 155 140 150 148 150 154 155 148 156 140 157 181 153 188 147 195 147 201 150 196 154 188 154 151 212 157 208 163 205 168 206 172 204 179 206 187 209 180 215 173 218 169 218 164 218 157 216 154 212 163 210 168 210 172 209 183 209 172 211 168 212 164 212
117 172 119 186 122 200 127 214 134 226 144 237 156 245 169 247 184 244 197 237 209 226 218 213 222 199 225 184 226 168 227 153 123 146 128 139 138 136 147 137 156 140 175 139 185 135 195 133 206 135 214 141 165 151 165 159 165 168 164 177 157 188 161 189 166 190 171 189 176 187 135 155 140 150 147 150 154 155 147 157 140 157 181 153 187 147 195 147 201 151 195 154 188 154 151 213 157 208 163 205 167 206 172 204 179 206 186 209 180 216 173 219 168 220 164 219 157 217 154 213 163 211 168 211 172 210 183 210 172 212 168 213 164 213
116 171 118 185 122 200 126 214 134 227 144 238 156 246 169 248 184 245 197 237 208 226 217 213 222 198 224 183 226 167 227 151 123 146 128 139 137 137 147 138 157 140 174 139 184 135 195 133 205 135 214 141 165 151 165 159 165 168 165 177 157 188 161 189 166 190 171 189 176 187 134 155 140 150 147 150 154 155 147 157 140 157 181 153 187 147 195 147 201 151 195 154 188 154 149 214 155 208 162 205 167 206 172 205 179 207 187 210 180 218 173 221 168 222 162 222 156 219 153 213 162 211 167 211 172 210 183 211 172 214 167 215 163 215
116 171 119 186 122 200 127 214 134 227 145 239 156 248 170 250 184 247 197 238 209 227 218 214 223 199 226 184 227 168 228 152 123 147 128 140 137 137 147 138 157 141 174 139 184 135 195 133 206 135 214 142 165 152 165 160 165 168 164 176 157 187 161 189 166 190 171 188 176 186 135 156 140 150 147 150 154 155 147 157 140 158 181 154 187 148 195 147 201 151 196 154 188 155 149 214 154 207 161 203 167 205 172 203 180 205 187 210 181 220 173 225 168 226 162 226 155 222 153 213 162 209 167 209 172 208 184 211 172 218 167 219 162 219
117 172 119 187 123 201 127 215 135 228 144 240 156 249 169 251 183 248 197 239 209 228 217 215 223 200 225 184 227 169 228 153 123 147 128 139 137 137 147 138 156 140 174 139 184 135 195 133 205 135 214 141 165 151 164 159 164 167 163 175 156 186 160 188 165 189 170 187 175 185 135 155 140 150 147 150 154 155 147 157 140 157 181 153 187 147 195 147 201 151 195 154 188 154 149 213 154 205 161 202 166 203 171 201 180 204 187 211 181 221 173 226 167 227 161 227 154 223 152 213 161 207 166 207 172 206 183 211 172 219 166 220 161 220
116 172 119 186 122 201 127 215 134 228 145 239 156 248 169 250 183 247 196 238 208 227 216 213 221 199 224 184 226 168 227 153 123 146 128 139 137 137 147 137 156 140 174 139 184 134 195 133 205 135 213 141 165 151 164 159 164 167 164 175 156 186 160 187 165 188 170 187 175 185 134 155 140 150 147 150 154 155 147 157 140 157 181 153 187 147 194 147 200 151 195 154 187 154 149 212 153 205 161 201 166 202 171 200 180 203 186 210 180 220 172 225 167 226 161 226 154 221 152 212 161 206 166 206 171 205 183 210 172 219 166 220 161 219
116 171 118 186 121 200 126 214 134 226 144 237 155 246 169 248 183 245 196 237 207 226 216 212 221 198 223 183 225 168 226 152 123 147 128 139 137 136 147 137 156 140 174 138 184 134 194 132 205 135 213 142 165 151 164 159 164 166 163 175 156 185 160 187 165 188 170 186 175 184 134 155 140 150 147 150 154 155 147 156 140 157 180 153 187 147 194 147 200 150 195 153 187 154 149 211 154 204 160 200 166 202 171 200 179 202 186 209 180 218 172 223 166 224 161 223 154 220 152 211 161 205 166 206 171 205 183 209 171 216 166 217 161 217
116 172 119 186 122 200 126 214 134 226 144 236 156 244 169 246 183 243 196 235 207 225 216 212 220 198 223 183 225 168 226 152 123 147 128 139 137 136 147 137 156 140 174 139 184 135 194 133 205 135 213 141 165 151 164 159 164 166 164 175 156 185 160 187 165 188 170 186 175 185 135 155 140 150 147 150 154 155 147 156 140 157 180 153 187 147 194 147 200 150 195 154 187 154 149 211 154 204 161 201 166 202 171 200 179 203 187 208 180 216 172 220 167 221 161 221 155 217 152 210 161 206 166 206 171 205 183 208 172 213 167 214 161 214
116 171 118 185 121 199 126 213 133 226 144 236 155 245 168 247 182 244 196 236 207 225 216 213 220 198 223 183 225 168 226 152 123 146 128 139 137 136 147 137 156 140 174 139 184 135 194 133 205 135 213 141 164 151 164 159 164 167 163 175 156 186 160 187 165 188 170 187 175 185 134 154 140 150 147 150 153 154 147 156 140 156 180 153 187 148 194 147 200 151 195 154 187 154 149 211 154 205 161 201 166 202 171 200 179 203 187 208 180 216 172 219 167 220 161 220 154 217 152 210 161 206 166 207 171 206 183 208 171 213 166 214 161 213
116 172 118 186 121 200 126 214 134 226 144 237 156 245 169 247 183 244 197 236 208 225 217 213 222 199 224 184 226 169 227 153 123 147 128 140 137 137 147 138 156 141 174 140 184 136 195 134 205 136 213 142 165 152 164 160 164 168 163 176 156 187 160 188 165 189 170 187 175 186 135 156 140 151 147 150 154 156 147 157 140 158 180 154 187 148 194 147 200 151 195 154 187 155 148 212 154 205 161 202 166 203 171 201 179 204 187 209 180 217 172 221 167 222 161 222 154 218 151 211 161 207 166 207 171 206 183 209 171 214 166 215 161 215
116 172 119 186 122 200 127 214 134 227 144 238 156 247 169 249 183 246 197 237 209 226 217 213 222 199 225 184 227 169 228 153 123 148 128 140 137 138 147 139 156 142 174 140 184 136 194 134 205 136 213 142 165 152 165 160 164 168 164 176 156 187 160 188 165 189 170 188 175 186 135 156 140 151 147 150 154 156 147 157 140 158 181 154 187 148 194 148 201 151 195 154 187 155 149 212 154 205 161 202 166 203 171 201 179 204 187 210 180 219 172 224 166 225 161 224 154 220 152 212 161 207 166 207 171 206 183 210 171 217 166 218 161 217
115 172 118 186 121 201 126 215 134 227 144 238 156 247 169 249 183 246 196 238 207 227 216 214 221 199 224 184 226 169 226 153 122 148 127 140 137 137 147 138 156 141 174 140 184 136 194 134 205 136 213 143 165 152 164 160 164 168 164 176 156 187 160 188 165 189 170 188 175 186 134 156 140 151 147 150 154 155 147 157 140 158 180 154 186 148 194 147 200 151 194 154 187 155 149 212 154 206 161 202 166 204 171 202 179 204 186 210 180 219 173 224 167 225 161 224 154 220 152 212 161 207 166 208 171 207 183 210 172 217 166 218 161 218
115 171 118 185 121 199 126 213 133 226 143 237 155 245 168 247 182 245 195 237 207 226 215 213 220 198 223 183 225 167 226 152 122 147 128 140 137 137 147 138 157 141 174 139 184 135 194 133 205 135 213 142 165 151 164 159 164 167 164 176 156 187 160 189 165 189 170 188 175 186 134 155 140 150 147 150 154 155 147 156 140 157 180 153 187 147 194 147 200 150 195 154 187 154 149 212 155 207 161 204 166 205 171 203 178 205 186 209 179 216 172 219 167 220 162 220 155 217 152 212 161 210 166 210 171 209 182 209 171 212 167 213 162 213
116 171 118 185 121 199 126 213 133 225 143 236 155 244 168 246 183 243 195 235 206 225 215 212 219 198 222 183 224 167 225 152 122 146 127 139 137 136 146 137 156 140 174 139 183 135 194 132 205 134 213 141 164 150 164 159 164 167 164 176 156 187 160 188 165 189 170 188 175 186 134 155 139 150 146 149 153 154 146 156 139 157 180 153 186 147 194 146 200 150 195 153 187 154 149 212 155 207 161 204 166 205 170 203 178 205 186 208 178 214 172 217 167 218 162 218 155 216 152 211 161 210 166 210 171 209 182 208 171 210 166 212 162 211
116 171 118 185 121 199 125 213 133 225 143 236 154 244 168 246 183 243 196 236 207 225 216 212 220 197 222 182 225 167 226 151 122 147 127 139 136 136 146 137 156 139 174 138 184 134 195 132 205 134 214 141 164 150 164 158 164 167 163 175 156 187 160 188 165 189 170 188 174 186 134 155 139 150 146 149 153 154 146 156 139 157 180 152 187 147 194 146 200 150 195 153 187 153 149 212 155 207 161 204 166 205 170 203 178 205 186 209 178 214 172 217 167 218 162 218 155 216 152 212 161 210 166 210 170 209 182 209 171 211 166 212 162 212
115 170 118 185 121 199 126 213 133 226 143 237 154 246 168 249 182 246 196 237 208 226 217 213 222 198 224 182 226 166 227 150 122 146 128 138 137 136 147 137 156 140 174 138 184 134 194 132 205 135 213 141 164 150 164 159 164 167 163 175 156 187 160 188 165 189 170 188 174 186 134 154 139 149 147 149 153 154 147 156 139 156 180 153 187 147 194 147 201 150 195 153 187 154 149 212 154 207 161 204 166 205 171 203 179 205 186 210 180 218 172 223 167 224 161 223 154 220 152 212 161 209 166 209 171 208 182 210 171 216 166 217 161 216
116 172 118 186 121 200 126 215 133 228 143 240 155 249 169 252 183 248 197 240 208 228 217 214 222 199 225 184 226 168 227 152 123 146 128 139 137 137 147 138 156 140 174 139 184 135 194 133 205 135 213 141 165 151 164 159 164 167 163 176 155 187 160 188 165 189 170 188 175 186 135 155 140 150 147 150 153 155 147 157 140 157 180 153 186 148 194 147 201 151 195 154 187 154 149 213 153 206 160 202 166 204 171 202 180 205 187 210 180 221 172 226 167 227 161 227 154 222 152 213 161 207 166 207 171 207 183 211 171 219 166 220 161 220
116 172 118 187 122 201 126 216 134 229 144 241 155 250 169 253 183 250 196 241 208 229 217 216 222 201 225 185 226 169 227 153 122 147 128 140 137 137 147 138 156 141 174 139 184 135 194 133 205 135 213 141 164 152 164 160 164 167 163 176 155 187 160 188 165 189 170 188 175 186 134 156 139 151 147 150 153 155 147 157 139 158 180 154 186 148 194 147 201 151 195 154 187 155 148 213 153 205 160 202 166 203 171 201 180 204 187 211 181 222 173 228 166 229 160 228 153 223 151 213 161 207 166 207 171 206 183 211 172 221 166 222 161 221
116 173 118 188 122 202 127 216 134 230 144 242 156 251 169 254 183 250 196 241 208 229 216 216 222 201 224 185 226 170 227 153 122 148 127 141 136 138 147 138 156 141 174 140 184 136 195 133 205 136 213 142 165 152 164 159 164 167 163 176 156 187 160 188 165 189 170 188 175 186 134 156 139 151 147 150 154 155 147 157 140 157 180 153 187 148 194 147 201 151 195 154 187 154 148 213 153 206 161 202 166 203 171 201 180 204 187 211 181 222 173 227 167 229 161 228 153 223 151 213 161 207 166 207 171 206 184 211 172 221 166 222 161 221
116 172 118 187 122 201 127 216 134 229 144 241 155 251 169 253 183 250 196 241 208 229 217 216 222 201 225 185 227 169 228 153 123 148 128 140 137 137 147 138 156 141 174 140 184 135 195 133 205 135 213 142 165 152 164 159 164 167 164 176 156 187 160 188 165 189 170 188 175 186 135 156 140 150 147 150 154 155 147 157 140 157 181 154 187 148 194 147 201 151 195 154 187 155 149 213 154 205 161 202 166 203 171 201 180 204 187 211 181 222 173 228 167 229 161 228 154 223 152 213 161 207 166 207 172 206 183 211 172 221 166 222 161 221
116 172 118 186 122 200 127 215 134 228 144 240 156 249 169 251 184 248 197 239 209 227 217 214 222 199 224 184 226 168 227 152 123 147 128 140 138 137 148 138 157 141 174 140 184 136 195 134 206 135 214 142 165 151 165 159 164 167 164 175 156 187 161 188 165 189 171 188 176 185 134 155 140 150 147 150 154 155 147 156 140 157 181 153 187 147 195 147 201 151 195 154 188 154 149 212 155 206 161 203 166 204 171 202 180 204 187 209 181 219 173 225 167 226 162 225 155 221 152 212 162 208 167 208 172 207 184 210 172 218 167 219 162 218
116 171 118 185 121 200 126 214 134 226 143 238 155 246 168 249 183 246 197 238 209 227 217 213 222 199 225 183 226 167 227 151 123 146 128 139 138 137 147 138 157 141 174 140 184 135 195 133 206 135 214 141 165 151 165 159 164 167 164 176 157 187 161 189 165 190 171 188 176 186 135 155 140 150 147 150 154 155 147 156 140 157 181 153 187 148 195 147 201 151 195 154 188 154 150 212 156 207 162 204 167 206 171 204 179 205 186 209 179 216 173 219 168 220 162 220 156 217 153 212 162 210 167 210 171 209 183 209 172 212 167 213 162 213
116 171 118 185 122 200 126 214 133 226 143 237 155 246 169 248 183 245 197 237 208 226 217 213 221 198 224 182 226 167 227 151 123 147 128 139 137 137 147 138 156 141 175 140 184 135 195 133 205 135 214 141 165 151 165 159 165 168 164 176 157 187 161 189 166 189 171 188 176 186 135 155 140 150 147 150 154 155 147 157 140 157 181 153 187 148 194 147 201 151 195 154 188 154 150 212 156 208 162 204 167 206 171 204 179 206 186 209 179 215 173 218 168 219 163 219 157 217 153 212 162 210 167 210 172 209 183 209 172 211 167 212 163 212
116 171 118 186 121 200 126 214 134 227 144 238 156 246 170 248 184 245 198 237 209 226 218 213 223 198 225 183 227 168 227 152 123 147 129 140 138 137 147 138 157 141 174 140 184 135 195 133 205 135 214 141 165 151 165 159 165 168 164 176 157 187 161 189 166 189 171 188 176 186 135 155 140 151 147 150 154 155 147 157 140 157 181 153 187 148 194 147 201 151 195 154 188 154 150 212 156 207 162 204 167 205 172 203 179 205 187 209 180 214 173 217 168 218 163 218 156 216 153 212 162 209 167 210 172 208 183 209 172 211 168 212 163 212
116 171 118 186 121 200 126 215 133 227 143 238 156 246 170 248 184 245 197 236 208 225 216 213 220 198 223 183 225 168 226 152 123 147 128 139 138 137 148 138 157 141 175 139 185 135 195 134 206 135 214 141 165 151 165 159 165 167 165 176 157 187 161 188 166 189 171 188 176 186 135 155 140 150 147 150 154 155 147 156 140 157 181 153 187 148 194 147 201 151 195 154 188 154 150 212 156 206 162 203 167 204 172 202 180 204 187 208 181 214 174 218 168 219 163 219 156 217 153 211 163 208 168 208 173 207 184 208 173 212 168 213 163 213
116 172 118 186 121 201 126 215 133 227 144 238 156 246 170 248 184 245 198 237 209 226 217 213 221 199 224 184 225 169 227 153 123 148 128 140 138 137 147 138 157 141 174 140 184 136 195 133 205 135 214 142 165 151 165 159 165 168 164 176 156 187 161 188 166 189 171 188 176 186 135 155 140 151 147 150 154 155 147 157 140 157 181 153 187 148 194 147 201 151 195 154 188 154 149 212 155 206 162 202 167 203 172 202 180 204 187 208 180 215 173 219 168 220 162 220 155 217 152 211 162 208 167 208 172 207 183 208 172 212 167 213 162 213
116 172 118 186 121 200 126 214 133 227 144 238 156 246 170 248 184 245 197 237 208 226 217 213 221 199 224 184 225 168 226 153 123 147 128 140 138 137 147 138 156 141 174 140 184 136 195 134 205 136 213 142 165 151 165 160 165 168 165 177 157 187 161 189 166 190 171 188 176 186 135 155 140 151 148 150 154 155 148 157 140 157 181 153 187 148 194 147 201 151 195 154 188 154 149 212 155 206 162 203 167 204 172 202 180 204 187 208 181 215 174 219 168 220 163 220 156 217 153 212 162 208 167 208 173 207 183 209 173 213 168 214 162 214
116 172 118 186 121 200 126 214 133 227 144 237 156 245 170 247 184 244 198 237 209 226 218 213 222 199 224 184 226 168 227 153 123 148 128 140 137 137 147 138 156 141 174 140 184 136 195 134 205 136 214 142 165 151 165 160 165 168 164 176 156 187 161 189 166 190 171 188 176 186 134 156 140 151 147 150 154 156 147 157 140 158 181 154 187 148 195 147 201 151 195 154 188 155 149 212 155 206 162 202 167 203 172 202 180 204 187 208 180 216 173 220 168 221 162 221 155 218 152 212 162 208 167 208 172 207 183 209 172 213 167 214 162 214
116 172 119 187 122 201 126 215 134 228 145 239 156 247 170 249 184 246 197 237 208 226 217 213 221 199 224 184 226 169 227 153 123 148 128 140 137 138 147 139 156 141 174 140 184 136 194 134 205 136 213 142 165 152 165 160 165 168 164 176 156 187 161 189 166 190 171 188 176 186 134 156 140 151 147 151 154 156 147 157 140 158 181 154 187 148 194 148 201 152 195 155 188 155 149 212 155 206 161 202 167 204 172 202 180 204 187 209 180 218 173 222 167 223 162 223 155 219 152 212 162 207 167 207 172 206 183 209 172 216 167 217 162 216
117 172 119 187 122 201 127 215 135 228 145 239 156 248 170 250 184 247 197 238 209 228 218 215 223 200 225 185 227 170 228 154 123 147 128 140 138 138 147 139 157 142 174 140 184 136 194 134 205 136 213 142 165 152 165 160 165 168 164 176 156 187 161 189 166 190 171 188 176 186 135 156 140 151 147 151 154 156 147 157 140 158 181 154 187 148 194 148 201 152 195 155 188 155 149 213 154 205 161 202 166 203 172 201 180 204 187 210 181 220 173 225 167 226 161 225 154 221 152 212 161 207 167 207 172 206 183 210 172 218 167 219 161 219
116 173 118 187 122 201 127 216 135 228 145 240 156 248 170 251 184 247 197 239 208 227 217 215 223 200 225 185 227 169 228 153 123 148 128 140 137 138 147 139 156 142 174 140 184 136 195 134 206 136 214 142 165 152 165 160 164 168 164 176 156 187 161 189 165 190 171 188 176 186 135 156 140 151 147 151 154 156 147 157 140 158 181 154 187 148 195 148 201 152 195 155 188 155 149 213 154 205 161 202 166 203 172 201 180 204 187 210 181 220 173 225 167 227 161 226 154 222 152 212 161 207 167 207 172 206 184 210 172 219 167 220 161 219
116 172 118 187 122 202 127 216 135 229 145 240 156 248 169 251 183 247 196 239 208 228 217 215 222 200 225 185 227 169 228 154 123 147 128 140 138 138 147 139 156 142 174 140 184 136 195 134 205 136 213 142 165 152 165 160 164 168 164 176 156 187 161 188 165 189 171 188 176 186 135 156 140 151 147 150 154 156 147 157 140 158 181 154 187 148 195 147 201 152 195 155 188 155 149 212 154 205 161 202 166 203 172 201 180 204 187 209 181 220 173 226 167 227 161 226 154 222 152 212 161 206 167 206 172 205 184 210 172 219 167 220 161 219
117 173 119 187 122 201 127 215 134 228 144 240 156 249 169 251 183 248 196 239 208 228 217 215 222 201 225 186 226 170 227 155 123 148 128 141 138 138 148 138 157 142 174 141 184 136 195 134 206 136 214 143 165 152 165 160 164 167 164 176 156 187 160 188 165 189 171 188 176 186 135 156 140 151 147 150 154 155 147 157 140 158 181 154 187 148 195 148 201 152 195 154 188 155 149 212 154 205 161 202 167 203 172 201 180 204 187 209 181 220 173 225 167 226 162 226 154 222 152 212 161 206 167 206 172 205 184 210 173 218 167 220 162 219
116 173 119 188 122 202 127 216 135 229 145 240 156 249 170 251 184 248 197 239 209 228 217 215 222 201 225 185 227 170 228 154 122 149 127 141 137 138 147 138 156 141 174 140 184 136 195 134 206 136 214 142 165 151 165 159 164 167 164 175 156 186 161 188 166 189 171 187 176 185 134 156 140 150 147 150 154 155 147 157 140 158 181 154 187 148 195 147 201 151 195 154 188 154 149 213 154 205 161 202 166 203 172 201 180 204 187 209 181 220 174 225 167 226 162 226 154 222 152 212 162 206 167 206 172 205 184 210 172 218 167 220 162 219
116 172 118 187 122 201 127 215 135 228 144 240 156 249 170 252 184 248 197 239 208 227 217 214 223 200 225 184 227 169 227 153 122 148 127 140 137 137 147 138 156 141 174 140 184 136 195 134 205 136 214 142 165 152 165 160 164 168 164 176 156 187 161 188 166 189 171 188 176 186 134 156 140 151 147 150 154 156 147 157 140 158 181 154 187 148 194 147 201 151 195 154 188 155 149 212 154 205 161 202 167 203 172 201 181 204 188 209 182 221 174 226 168 227 162 227 154 222 152 212 162 206 167 206 172 205 184 210 173 219 167 221 161 220
116 173 119 187 122 201 127 215 135 228 145 239 156 248 170 251 183 247 197 239 208 228 217 215 222 201 225 185 226 170 227 154 123 147 128 140 138 138 147 139 156 142 174 140 184 136 195 134 205 136 213 142 165 152 165 160 165 168 164 176 156 187 161 188 166 189 171 188 176 186 134 156 140 151 147 150 154 156 147 157 140 158 181 154 187 148 195 148 201 152 195 154 188 155 149 212 154 205 161 202 167 203 172 201 181 204 188 209 181 220 173 225 167 226 161 226 154 221 152 212 162 207 167 207 172 206 184 210 173 218 167 220 161 219
116 172 118 186 122 200 126 215 134 227 145 239 156 247 170 249 184 246 197 237 208 226 216 213 221 198 224 183 226 168 227 152 123 148 128 140 138 138 148 139 157 142 174 140 184 136 195 134 205 136 213 142 165 152 165 160 165 168 165 176 156 187 161 188 166 189 171 188 176 186 135 156 140 151 147 150 154 156 147 157 140 158 181 154 187 148 194 148 201 151 195 154 188 155 149 212 155 206 162 202 167 203 172 201 180 204 188 209 181 218 174 223 168 224 162 223 155 220 152 212 162 207 167 207 172 206 184 210 173 216 167 217 162 217
116 171 118 185 121 199 126 214 134 226 144 237 156 246 170 248 184 245 197 236 208 225 216 212 221 198 223 183 225 167 226 151 123 147 129 140 138 138 148 139 157 141 174 140 184 136 195 134 205 136 214 142 165 152 165 160 165 168 164 177 156 187 161 189 166 190 171 188 176 186 135 156 140 151 147 151 154 156 147 157 140 158 181 154 187 148 194 147 201 151 195 154 188 155 149 212 155 206 162 203 167 204 172 202 180 204 188 208 181 217 174 221 168 222 162 222 155 219 153 212 162 208 167 208 173 207 184 209 173 214 168 215 162 215
116 171 118 185 122 200 127 214 134 226 145 237 157 245 170 246 184 243 197 235 208 224 216 211 221 197 223 182 225 167 226 151 123 148 128 141 137 138 147 139 156 142 175 140 184 136 194 134 205 136 213 142 165 152 165 160 165 168 165 177 157 187 161 189 166 190 171 188 176 186 135 156 140 151 147 151 154 156 147 157 140 158 181 154 187 148 194 148 201 151 195 155 188 155 150 212 156 206 163 203 167 204 172 202 180 204 187 209 181 216 174 220 168 221 163 221 156 218 153 212 163 209 168 209 173 208 184 209 173 213 168 214 163 214
116 171 118 185 122 200 126 214 134 226 145 237 157 245 170 246 184 243 197 235 209 224 217 212 221 197 224 183 226 167 227 152 123 148 128 140 137 138 147 139 156 142 174 141 184 136 195 134 205 136 214 142 165 152 165 160 165 168 165 177 157 187 161 189 166 190 171 188 176 186 135 156 140 151 147 151 154 156 147 158 140 158 181 154 187 148 195 148 201 151 195 155 188 155 150 212 156 206 162 203 167 204 172 202 180 204 187 209 181 216 174 220 168 221 163 221 156 218 153 212 163 208 168 209 173 207 183 209 173 213 168 214 163 214
117 171 119 186 122 200 127 214 135 226 145 237 157 245 171 246 185 243 198 235 209 224 217 211 222 197 224 182 226 167 226 152 123 147 128 140 138 138 147 139 156 141 174 140 184 136 195 134 205 136 213 142 165 152 165 160 165 168 164 177 157 187 161 189 166 190 171 188 176 186 135 156 140 151 147 151 154 156 147 157 140 158 181 154 187 148 194 148 201 151 195 154 188 155 150 212 156 206 162 203 168 204 172 202 180 204 187 209 181 216 174 219 168 221 163 220 156 218 153 212 163 209 168 209 173 208 184 209 173 213 168 214 163 214
116 172 118 186 122 200 127 214 134 226 145 237 157 245 171 247 185 243 197 235 209 225 217 212 221 198 224 183 226 168 227 152 123 147 129 140 138 138 147 139 156 141 175 140 184 136 194 134 205 136 213 142 165 152 165 160 165 168 164 176 157 187 161 189 166 190 171 188 176 186 135 156 140 151 147 151 154 156 147 157 140 158 181 154 187 148 195 148 201 151 195 155 188 155 150 212 156 206 162 203 168 204 172 202 180 204 188 209 181 215 174 219 168 220 163 220 156 218 153 212 163 209 168 209 173 208 184 209 173 212 168 214 163 213
117 172 119 186 122 200 127 214 135 226 145 236 157 244 170 246 184 243 197 235 209 224 217 212 222 197 224 182 226 167 227 152 125 147 130 140 138 138 148 139 156 141 175 141 184 136 195 134 205 136 213 141 165 153 165 161 165 169 164 177 157 187 161 189 166 190 171 188 176 186 136 157 141 153 148 153 155 157 148 159 141 159 181 155 187 150 194 150 200 153 195 156 187 156 150 212 155 206 162 203 167 204 172 202 180 205 187 209 181 216 173 220 168 221 163 220 156 218 153 212 162 209 167 209 172 208 184 209 173 213 168 214 163 214
118 172 120 186 122 200 127 214 135 226 145 237 157 245 170 247 184 244 197 235 209 225 218 213 222 198 224 183 226 168 227 153 125 146 130 140 139 138 148 139 156 141 175 140 184 136 194 134 204 136 212 141 165 153 165 161 165 169 164 177 157 188 161 189 166 190 171 188 176 186 137 158 143 155 149 155 155 158 149 159 143 160 180 156 186 153 193 153 199 154 193 157 187 157 150 212 156 206 162 203 167 204 172 202 180 205 187 209 180 216 173 220 168 221 163 221 156 218 153 212 162 209 167 209 173 208 183 209 173 213 168 214 162 214
117 173 118 187 121 200 127 214 135 226 145 237 157 245 170 247 184 244 197 235 208 225 217 212 221 198 224 183 225 168 226 153 125 148 129 141 138 138 147 139 156 142 174 140 183 136 193 135 202 137 210 143 165 153 165 161 165 168 165 177 156 188 161 189 166 190 171 188 176 187 137 159 142 156 149 156 155 158 149 160 142 160 179 157 185 154 192 153 198 155 192 158 185 158 150 212 156 207 162 204 167 205 172 203 180 205 187 208 181 216 174 220 168 221 163 221 156 218 153 212 163 209 167 209 172 208 184 209 173 213 168 214 163 214
117 173 119 187 122 201 126 214 134 226 144 237 156 245 170 247 184 244 197 235 208 225 216 212 221 198 223 184 225 169 225 154 124 149 129 142 138 138 147 139 157 142 174 141 183 137 193 135 203 138 210 144 165 154 165 161 165 169 164 177 156 188 161 190 166 190 171 189 176 187 137 159 142 156 149 156 155 158 149 160 142 161 179 157 185 154 191 153 198 156 192 158 185 158 150 212 155 207 162 204 167 205 172 203 179 205 187 209 180 216 173 220 168 221 162 221 155 218 153 212 162 210 167 210 172 209 183 209 172 213 167 214 162 214
118 173 120 187 122 201 127 215 135 227 145 237 157 245 171 247 184 244 197 235 208 224 216 212 221 198 223 183 225 168 225 153 125 149 129 142 137 139 147 139 156 142 174 141 183 137 193 135 202 138 210 144 165 154 165 162 164 169 164 177 156 188 161 190 166 190 171 189 176 187 137 159 142 156 149 156 155 158 149 160 142 161 179 157 185 154 191 154 197 155 192 158 185 158 150 213 155 207 162 204 167 205 172 203 179 205 186 209 180 216 173 220 168 221 162 221 156 219 153 212 162 209 167 210 172 208 183 210 172 213 167 214 162 214
116 172 118 186 121 200 126 214 134 226 145 237 157 245 170 247 184 243 197 234 209 224 217 211 221 197 224 182 225 168 226 153 124 148 129 141 137 138 147 139 156 142 174 141 183 137 193 135 203 137 211 143 165 154 165 162 164 169 164 177 156 188 160 190 165 190 171 189 176 187 136 158 142 155 148 155 154 158 148 159 142 160 179 156 186 153 192 153 198 155 193 157 186 158 150 212 155 207 162 204 167 205 171 203 179 205 187 209 180 216 173 220 168 221 162 221 156 218 153 212 162 209 167 209 172 208 183 209 172 213 167 214 162 214
116 172 118 186 121 201 126 214 134 226 145 236 156 244 170 246 184 243 197 234 208 224 217 211 221 197 223 182 225 168 226 153 123 149 128 142 137 139 147 139 156 142 174 142 183 137 193 135 203 137 211 143 165 154 164 162 164 169 164 177 156 188 160 189 165 190 170 189 175 187 135 158 141 155 147 154 154 158 147 159 141 160 179 156 186 153 192 152 199 155 193 157 186 158 150 212 155 207 162 204 167 205 172 203 179 205 187 209 180 216 173 220 168 221 162 221 156 218 153 212 162 209 167 209 172 208 183 209 172 213 167 214 162 214
116 173 119 187 122 201 127 215 134 227 145 237 157 244 170 246 184 243 197 234 208 224 216 212 221 198 223 183 225 168 226 153 123 149 128 141 137 138 146 139 156 142 174 141 183 137 194 135 204 137 212 143 164 153 164 161 164 169 164 177 156 188 160 189 165 190 170 189 175 187 135 158 140 154 147 154 154 157 147 159 140 160 180 156 186 152 193 151 199 154 193 157 187 157 149 212 155 207 161 204 166 205 171 203 179 205 187 209 180 216 173 219 167 220 162 220 155 218 152 212 161 209 167 209 172 208 183 209 172 213 167 214 162 214
116 173 118 187 121 201 126 215 134 227 145 237 156 244 170 246 184 243 197 235 208 224 216 212 220 198 223 183 225 168 226 153 123 149 128 141 136 138 146 139 155 142 174 141 183 137 194 135 204 137 212 143 164 154 164 161 164 169 164 177 156 188 160 189 165 190 170 189 175 187 135 158 140 154 147 154 154 158 147 159 140 160 180 156 186 152 193 151 199 154 193 157 186 157 149 212 155 207 161 204 166 205 171 203 179 205 187 208 180 216 173 219 168 220 162 220 155 218 153 212 161 208 167 209 172 208 183 209 172 213 167 214 162 214
116 173 118 187 121 202 127 215 135 227 145 237 157 244 170 246 184 242 196 234 208 224 216 212 221 198 223 183 225 168 226 153 122 149 127 142 136 139 146 139 155 142 174 141 183 137 194 135 204 137 212 143 164 153 164 161 164 169 164 177 156 188 160 190 165 190 170 189 175 187 134 158 140 154 147 153 153 158 147 159 140 160 180 156 186 151 193 151 199 153 194 156 186 157 149 212 155 207 161 203 167 205 171 202 179 204 187 208 180 215 173 219 168 220 162 220 155 218 152 212 162 208 167 209 172 207 183 209 172 213 167 214 162 214
116 173 118 187 121 201 127 215 135 226 145 237 157 244 170 246 183 242 196 234 207 224 216 212 220 198 223 183 224 169 225 153 122 149 127 142 136 138 146 139 155 142 174 141 183 137 194 135 204 137 212 143 164 154 164 162 164 169 164 178 156 188 160 189 165 190 170 189 175 187 135 158 140 154 147 154 154 158 147 159 140 160 180 156 186 151 193 151 199 153 194 156 187 157 149 212 154 207 161 203 166 205 171 203 179 204 187 208 180 216 173 219 167 221 162 220 155 218 152 212 161 208 167 208 172 207 183 209 172 213 167 214 161 214
116 173 118 187 121 202 127 215 135 227 146 237 157 244 171 246 184 242 197 234 208 224 216 212 221 198 223 183 225 169 226 154 122 149 127 142 136 138 146 139 155 142 174 141 183 137 194 135 204 137 212 143 165 153 164 161 164 169 164 177 156 188 160 189 165 190 170 189 175 187 134 157 140 153 147 153 153 157 147 159 140 160 180 156 186 151 193 150 200 153 194 156 187 157 149 212 155 207 161 203 167 205 171 203 179 205 187 208 180 216 173 219 168 220 162 220 155 218 152 212 162 208 167 209 172 207 184 209 172 213 167 214 162 214
116 173 118 187 121 201 126 215 134 227 145 237 156 245 170 246 184 243 196 235 207 224 216 212 220 197 222 183 224 168 225 153 124 148 129 141 137 138 146 139 155 142 174 141 183 137 193 135 202 137 210 143 164 154 164 161 164 169 164 177 156 188 160 189 165 190 170 189 175 187 135 158 141 155 147 154 154 158 147 159 141 160 179 156 185 153 192 152 198 154 192 157 185 157 149 212 155 207 161 204 166 205 171 203 179 205 187 209 180 216 173 220 168 221 162 220 155 218 152 212 161 209 167 209 172 208 184 209 172 213 167 214 162 214
121 175 122 189 125 202 129 216 137 228 146 238 158 245 171 247 185 243 197 235 208 225 216 212 220 198 223 184 224 169 225 154 126 148 131 141 138 138 147 139 155 142 175 142 183 137 193 135 202 138 208 144 164 154 164 162 164 169 164 177 156 188 161 189 165 190 171 189 176 187 138 160 143 157 149 157 155 159 149 161 143 162 178 158 184 154 190 154 197 156 191 159 184 159 149 212 155 207 161 204 167 205 172 203 179 205 187 208 180 216 173 220 168 221 162 220 155 218 152 212 162 209 167 209 172 208 183 209 172 213 167 214 162 214
118 173 120 187 122 201 127 215 136 227 146 237 157 245 171 246 185 243 197 234 208 223 216 211 220 196 223 182 224 167 225 152 125 148 130 142 138 139 147 140 155 142 174 142 182 137 192 135 201 138 208 143 165 155 164 162 164 169 164 177 156 188 161 190 165 190 171 189 176 187 137 160 142 158 148 157 155 159 148 161 142 162 178 158 184 155 190 154 196 156 191 159 184 159 149 212 155 207 162 203 167 205 172 203 179 205 187 208 180 216 173 220 168 221 162 221 156 218 152 212 162 209 167 209 172 208 183 209 172 213 167 214 162 214
118 174 120 188 122 201 127 215 135 227 145 237 157 245 170 246 184 243 197 235 208 224 216 212 221 197 223 183 225 168 225 153 124 149 129 142 137 139 146 139 155 142 174 141 183 137 193 135 202 138 209 144 164 154 164 162 164 169 164 177 156 188 161 190 165 190 170 189 175 187 136 159 142 156 148 156 154 158 148 160 142 161 179 157 185 154 191 153 197 155 192 158 185 158 149 212 155 206 161 204 167 205 172 203 179 205 187 208 180 216 173 220 167 221 162 221 155 218 152 212 162 209 167 209 172 208 184 209 172 213 167 214 162 214
118 174 120 187 123 201 128 214 135 226 145 237 157 245 171 246 184 243 197 235 208 224 216 212 221 198 223 183 225 169 226 154 125 147 130 141 138 138 147 139 155 142 174 141 183 137 193 135 202 137 210 142 165 154 164 161 164 169 164 177 156 188 160 189 165 190 170 189 175 187 136 158 141 155 148 154 154 158 148 160 141 160 179 156 185 153 192 152 198 155 193 157 186 158 149 212 154 206 161 203 166 205 171 203 179 205 187 209 180 216 173 219 167 221 162 221 155 218 152 212 161 208 167 209 172 207 184 209 172 213 167 214 161 214
116 172 118 186 122 200 127 214 135 226 146 236 157 243 171 245 184 242 197 233 208 223 216 210 221 196 223 182 225 167 226 152 123 149 128 141 137 139 147 139 156 142 175 141 184 137 194 135 204 137 212 143 165 153 165 161 164 169 164 177 156 188 161 189 166 190 171 189 176 187 135 158 140 154 147 153 154 157 147 159 140 160 180 156 186 151 193 151 200 153 194 157 187 157 149 212 155 207 161 204 167 205 172 203 179 205 187 208 180 216 173 219 168 220 162 220 155 218 152 212 162 208 167 209 172 208 184 209 172 213 167 214 162 214
116 173 119 187 122 201 127 214 135 226 145 236 157 244 170 246 184 242 196 234 208 224 216 212 220 198 223 184 225 169 226 154 123 149 128 141 137 138 147 139 156 142 175 141 184 137 195 134 205 137 213 143 165 153 165 161 164 169 164 177 156 188 161 189 165 190 170 189 175 187 134 158 140 154 147 153 154 158 147 159 140 160 181 156 187 151 194 151 200 154 195 157 188 157 149 212 155 207 161 204 166 205 171 203 179 205 187 208 180 216 173 219 167 220 162 220 155 218 152 212 161 208 167 209 172 208 183 209 172 213 167 214 162 214
116 172 118 186 122 200 127 214 135 226 145 236 157 244 170 246 183 243 196 235 208 224 216 212 221 198 223 183 225 168 226 153 123 148 128 141 137 138 147 139 156 142 175 141 184 137 195 134 205 136 213 142 165 153 165 161 164 169 164 177 156 188 161 189 165 190 171 189 175 187 135 157 140 153 147 153 154 157 147 159 140 159 181 156 187 151 194 150 200 153 195 156 187 157 149 212 155 207 162 203 167 205 172 203 179 205 187 209 180 216 173 219 167 220 162 220 155 218 152 212 162 208 167 209 172 208 183 209 172 213 167 214 162 214
116 173 118 187 121 201 127 214 135 226 145 236 157 244 170 246 183 242 196 234 207 224 216 211 220 197 223 183 225 168 226 153 123 148 128 141 137 138 147 139 156 142 175 141 184 137 194 135 204 137 212 142 165 153 165 161 164 169 164 177 156 188 161 190 166 190 171 189 175 187 134 157 140 153 147 153 154 157 147 159 140 159 180 156 187 151 194 151 200 153 194 157 187 157 149 212 155 207 162 203 167 205 172 203 179 205 187 209 180 216 173 219 168 220 162 220 155 218 153 212 162 208 167 209 172 208 184 209 172 213 167 214 162 214
116 172 118 186 121 200 126 214 134 226 144 237 156 244 170 246 183 243 196 235 208 224 216 212 221 198 223 183 225 168 226 153 122 149 128 142 137 138 147 139 156 142 174 141 184 137 194 135 205 137 213 143 165 153 165 161 164 169 164 177 156 188 161 190 165 191 171 189 175 187 134 158 140 154 147 153 154 157 147 159 140 160 180 156 187 151 194 150 200 153 194 156 187 157 149 213 155 207 161 204 167 205 172 203 179 205 187 209 180 216 173 219 167 221 162 220 155 218 152 212 162 209 167 209 172 208 183 209 172 213 167 214 162 214
116 173 118 187 121 201 126 215 134 227 145 237 157 245 170 247 184 243 197 235 208 224 216 211 220 197 223 182 225 168 226 153 123 148 128 141 137 138 146 139 155 142 174 141 183 137 193 135 202 138 210 143 165 154 165 162 164 169 164 177 156 188 161 190 165 190 170 189 175 187 136 158 141 155 148 154 154 158 148 159 141 160 179 156 185 153 192 152 198 155 192 157 186 158 149 212 155 207 161 204 167 205 172 203 179 205 187 209 180 216 173 220 168 221 162 221 155 218 152 212 162 209 167 209 172 208 183 209 172 213 167 214 162 214
121 175 123 188 125 202 129 215 136 227 145 238 156 245 170 247 184 244 197 236 208 225 216 213 220 199 223 185 224 170 225 155 127 148 131 142 138 139 146 139 154 142 175 142 183 137 192 136 201 138 207 144 164 155 164 162 164 169 163 177 156 188 160 190 165 191 170 189 175 187 138 160 143 157 149 157 155 160 149 161 143 162 178 158 184 155 190 154 196 156 190 159 184 159 149 212 154 207 161 204 166 205 171 203 179 205 187 209 180 216 173 220 167 221 161 221 155 218 152 212 161 209 166 209 172 208 183 209 172 213 166 214 161 214
