135 157 138 171 141 184 145 197 153 207 164 216 176 223 189 224 202 221 214 214 225 204 232 193 236 180 238 166 240 152 242 138 143 132 148 124 157 120 167 120 176 123 192 121 202 118 212 117 222 120 229 126 184 134 184 141 184 147 184 154 176 167 180 168 185 169 189 168 194 166 154 139 160 134 167 134 174 139 167 140 160 141 198 137 204 131 212 131 218 135 212 137 205 138 169 191 175 185 182 182 186 183 190 181 198 184 205 188 199 195 192 198 187 199 182 199 175 197 172 191 182 186 186 186 191 185 202 188 191 192 186 193 182 193
135 157 138 170 141 184 146 197 154 207 165 216 176 223 189 225 202 221 214 213 224 204 232 192 236 179 239 165 241 151 242 137 143 131 148 124 157 120 166 120 176 123 192 122 202 118 212 117 222 119 229 126 184 134 184 141 184 147 183 154 176 167 180 168 185 169 189 168 194 166 154 139 160 134 167 134 173 139 167 140 160 141 198 137 204 131 212 131 218 134 212 137 205 137 169 191 174 185 181 182 186 183 190 181 198 184 205 188 199 195 192 198 187 199 182 199 175 197 172 191 182 187 186 187 191 186 202 188 191 192 186 193 182 193
135 157 137 171 141 184 146 197 154 208 164 216 176 223 189 225 202 221 214 214 224 204 232 193 236 179 238 166 240 152 241 138 142 131 147 124 156 120 166 120 175 123 192 122 201 118 211 117 221 119 228 125 184 134 184 141 183 147 183 155 176 167 180 168 185 169 189 167 194 166 154 139 159 134 166 133 173 138 166 140 159 141 198 137 204 131 211 131 217 134 212 137 205 137 169 191 174 185 181 182 185 183 190 181 198 184 205 188 199 195 192 198 186 199 181 199 175 197 172 191 181 187 186 187 191 186 202 188 191 192 186 193 181 193
135 156 137 170 140 183 145 196 153 207 163 216 175 223 188 225 201 222 213 215 224 205 232 193 236 180 239 166 241 152 242 137 143 131 148 123 156 120 166 120 175 123 192 122 201 118 211 117 221 120 228 126 184 134 183 141 183 148 183 155 176 167 180 168 184 169 189 167 194 166 154 138 159 134 166 134 173 138 167 140 159 140 198 137 204 131 211 131 217 134 212 137 205 137 169 192 174 185 181 181 185 183 190 181 197 183 204 188 198 195 191 199 186 200 181 200 174 197 172 191 181 186 186 186 190 185 201 188 190 193 186 194 181 194
135 157 137 171 141 184 146 197 154 208 164 217 176 224 189 226 202 223 214 215 224 205 232 193 236 180 238 166 240 152 242 137 142 131 147 123 156 120 166 120 175 123 192 122 201 118 211 116 221 119 228 126 184 134 183 141 183 147 183 154 176 167 180 168 184 169 189 167 194 166 153 139 159 134 166 133 172 138 166 140 159 140 198 137 204 131 211 130 217 134 212 137 205 137 169 192 174 185 181 181 185 182 190 181 198 184 204 189 198 196 192 200 186 201 181 201 175 198 172 191 181 186 186 186 191 186 201 189 191 194 186 195 181 195
135 157 137 171 141 185 146 197 154 208 164 218 176 225 189 227 202 224 214 216 224 205 232 193 236 180 238 166 240 151 241 137 142 131 147 123 156 120 166 120 175 123 191 122 201 118 211 117 221 119 228 126 183 134 183 141 183 148 183 155 175 167 180 168 184 169 189 167 193 166 153 139 159 134 166 133 172 138 166 140 159 140 198 136 204 131 211 130 217 134 212 137 205 137 169 192 174 185 180 181 185 183 190 181 198 184 204 190 198 197 192 201 186 202 181 202 174 199 172 192 181 186 186 186 190 185 201 189 191 195 186 196 181 196
135 157 137 171 140 184 145 197 153 208 163 218 175 225 188 227 201 224 213 216 224 206 231 194 235 180 238 166 240 152 241 137 142 131 147 123 156 120 166 120 175 123 191 122 201 118 211 117 221 119 228 126 183 134 183 141 183 147 183 155 175 167 179 168 184 169 189 167 193 166 154 138 159 134 166 133 173 138 166 140 159 140 198 136 204 131 211 130 217 134 212 137 204 137 169 192 173 185 180 181 185 182 190 181 198 184 204 190 199 198 191 202 186 203 181 203 174 200 171 192 181 186 185 186 190 185 201 190 190 196 185 197 181 197
135 157 137 171 140 184 145 197 153 208 163 218 175 226 188 228 201 224 213 216 224 206 231 194 235 180 238 166 240 152 241 138 142 131 147 124 156 120 166 120 175 123 191 122 201 118 211 117 221 120 228 126 183 134 183 141 183 147 182 155 175 167 179 168 184 169 188 167 193 166 154 139 159 134 166 133 172 138 166 140 159 140 198 136 204 131 211 131 217 134 211 137 204 137 168 193 173 185 180 181 185 182 190 181 198 184 204 190 199 198 192 203 186 204 181 203 174 200 171 192 181 186 185 186 190 185 201 190 190 196 185 197 181 197
135 157 137 170 140 184 145 197 152 208 163 218 174 225 188 228 201 225 213 217 224 206 231 194 235 180 237 166 239 152 241 137 141 131 147 123 156 120 166 120 175 123 191 122 200 118 211 116 221 119 228 125 183 134 183 141 183 147 182 155 175 167 179 168 184 169 188 167 193 166 153 139 159 134 166 133 172 138 166 140 159 140 197 136 204 131 211 130 217 134 212 137 204 137 169 193 173 185 180 181 185 182 190 181 198 184 204 190 198 198 191 203 186 204 181 203 174 200 171 192 181 186 185 186 190 185 201 190 190 196 185 197 181 197
134 156 137 170 140 184 145 197 152 208 163 218 175 226 188 228 201 224 213 216 224 206 232 194 235 180 238 166 240 151 241 137 142 131 147 123 156 120 166 120 175 123 191 122 200 118 210 116 220 119 227 125 183 134 183 140 183 147 183 154 175 167 179 168 184 169 188 167 193 166 154 138 159 134 166 133 172 138 166 140 159 140 197 136 203 131 210 130 216 134 211 137 204 137 169 193 173 185 180 181 185 182 190 181 198 184 204 190 199 198 192 203 186 204 181 204 174 200 171 192 181 186 185 186 190 185 201 190 190 197 185 198 180 197
135 158 137 172 140 185 145 198 153 209 163 219 175 226 188 228 201 225 213 217 223 206 231 194 235 181 237 167 239 153 241 138 141 131 146 124 155 120 165 120 175 123 191 122 201 118 211 116 221 119 228 126 183 134 183 141 183 147 183 154 175 167 179 168 184 169 189 167 193 166 153 139 158 133 166 133 172 138 166 140 158 140 197 137 203 131 210 130 216 134 211 137 204 138 168 193 173 185 180 181 185 182 190 180 198 183 204 190 198 198 191 203 186 204 181 204 174 200 171 192 181 186 185 186 190 185 200 190 190 197 185 198 181 197
134 158 137 171 140 185 145 198 153 209 163 219 175 226 188 228 202 225 214 216 224 206 231 194 235 180 238 166 239 151 240 137 141 131 146 124 155 120 165 120 174 123 191 121 200 117 211 116 221 119 227 126 183 133 183 140 182 147 182 155 175 167 179 168 184 169 188 167 193 166 153 138 158 134 165 133 172 138 165 139 158 140 197 136 203 130 210 130 216 134 211 136 204 137 168 193 173 185 180 181 185 182 190 181 198 183 204 190 198 198 191 202 186 203 181 203 174 200 171 192 180 186 185 186 190 185 201 190 190 196 185 197 181 197
134 157 137 170 139 184 144 197 151 208 161 218 174 225 187 228 201 224 214 216 224 205 231 193 235 179 237 165 239 151 241 137 141 132 146 124 155 120 165 120 174 122 191 121 200 117 211 116 221 119 227 126 182 133 182 140 182 147 182 154 175 167 179 168 183 169 188 167 192 166 152 139 158 134 165 133 171 138 165 139 158 140 197 136 203 131 210 130 216 134 211 136 204 137 168 193 173 186 180 182 184 183 189 181 197 184 203 189 198 197 191 201 186 202 180 202 174 199 171 192 180 187 185 187 190 186 200 189 190 195 185 196 180 196
134 157 137 170 140 184 144 197 152 208 162 217 174 224 188 226 201 222 213 215 224 205 231 193 235 179 237 165 239 151 240 137 140 132 145 124 155 119 165 120 174 122 191 121 200 117 211 116 221 119 228 127 182 133 182 140 182 147 182 155 175 167 179 169 183 169 188 168 192 166 153 139 158 134 165 133 172 138 165 139 158 140 197 136 203 130 210 130 216 134 211 136 203 137 169 193 174 187 181 184 185 185 189 183 196 185 203 189 197 195 191 198 186 199 182 199 175 197 172 192 181 189 185 189 189 187 200 189 190 192 185 193 181 193
134 155 136 169 139 183 144 196 152 207 162 216 174 223 188 225 201 221 214 214 224 204 231 192 235 179 238 164 240 150 240 136 141 130 146 123 155 119 165 119 174 122 190 121 200 117 210 116 220 118 227 125 182 133 182 140 182 147 182 155 175 168 179 169 183 169 188 168 192 166 153 138 158 133 165 133 172 138 165 139 158 140 197 136 203 131 210 130 216 133 210 136 203 137 169 192 174 187 181 184 185 185 189 183 196 185 203 189 197 194 191 197 186 198 181 198 175 196 172 192 181 188 185 188 189 187 199 189 190 191 185 193 181 193
134 156 136 169 139 183 144 196 151 207 161 216 174 223 188 225 201 222 213 214 224 204 231 192 235 179 238 164 239 150 240 136 141 130 146 123 155 119 164 119 174 122 191 121 200 117 210 116 220 118 228 125 182 133 182 140 182 148 182 155 175 167 179 169 183 169 188 168 192 166 152 138 158 133 165 133 171 138 165 139 158 140 197 136 203 131 210 130 216 133 211 136 203 137 168 192 174 187 180 184 184 185 189 183 196 185 203 188 196 194 190 197 186 199 181 199 175 197 171 192 181 189 185 189 189 188 199 188 189 191 185 192 181 192
134 157 137 170 140 184 144 197 152 208 162 218 174 225 188 227 202 223 214 216 224 205 231 193 235 179 238 165 239 151 241 137 141 131 146 123 155 119 165 120 174 122 191 121 200 117 210 116 220 118 227 125 182 133 182 140 182 147 182 155 174 167 179 169 183 169 188 168 192 166 152 138 158 134 165 133 171 138 165 139 158 140 196 136 203 131 210 130 216 134 210 136 203 137 168 192 173 186 180 183 184 184 189 182 196 184 203 189 197 196 190 199 185 201 180 200 174 198 171 192 180 188 185 188 189 187 200 189 190 193 185 194 180 194
134 156 137 170 140 184 144 197 152 209 162 220 174 227 188 229 202 226 214 217 225 207 232 194 236 180 238 166 240 151 241 137 141 131 146 123 155 119 165 120 174 123 190 122 200 118 210 116 220 119 227 126 182 134 182 141 182 147 181 155 174 167 179 168 183 169 188 168 192 166 153 138 158 134 165 134 172 138 166 139 159 140 197 136 203 131 210 131 216 134 211 137 203 137 167 193 172 186 179 182 184 183 189 181 197 184 203 190 198 198 191 203 185 204 180 204 173 201 171 193 180 187 185 187 190 186 200 190 190 197 185 198 180 197
134 157 137 171 140 185 144 198 152 210 162 220 173 228 187 230 200 227 213 218 224 207 231 195 235 181 237 166 239 152 240 137 141 133 146 125 155 120 165 120 175 123 191 122 200 118 211 117 221 121 227 128 183 134 182 141 182 147 182 155 174 167 178 168 183 169 188 167 193 166 154 140 159 136 166 136 172 139 166 140 159 141 196 137 203 134 209 133 215 135 209 137 203 138 167 193 172 185 179 181 184 182 189 181 197 184 203 190 198 200 191 205 185 206 179 205 172 202 170 193 179 186 184 186 190 185 200 190 190 198 185 199 179 199
135 158 137 172 140 186 144 199 152 211 162 221 174 228 188 230 201 226 213 217 224 206 231 194 235 180 237 166 239 152 240 138 142 133 147 125 156 120 165 120 174 123 191 122 200 118 210 117 219 121 226 127 183 134 183 141 182 148 182 155 174 167 179 168 183 169 188 167 193 166 155 141 160 138 166 137 173 140 167 141 160 142 196 138 202 135 208 135 214 137 208 139 202 139 167 192 172 185 179 181 184 182 189 180 197 183 203 190 198 199 191 204 185 205 179 205 172 201 170 192 179 186 184 186 190 185 200 190 190 198 184 199 179 199
134 157 136 171 139 185 143 198 151 210 161 220 173 227 187 229 201 225 213 216 224 205 231 193 235 179 237 165 239 152 240 138 140 134 145 125 154 120 165 120 174 123 190 123 200 118 210 117 220 121 227 128 182 134 182 141 182 148 182 155 174 167 178 168 183 169 188 167 192 166 154 141 159 138 166 137 172 140 166 141 160 142 195 138 201 135 208 135 214 137 208 138 202 139 166 191 172 185 179 181 184 183 189 181 196 184 203 190 197 198 190 202 184 203 179 203 172 199 169 191 179 186 184 186 189 186 200 190 189 196 184 197 179 196
133 156 136 170 139 183 143 196 151 207 161 217 172 224 186 227 199 224 212 216 222 205 231 193 235 179 237 165 239 151 241 137 141 131 146 123 155 120 165 120 174 123 191 122 200 118 210 117 220 120 227 126 182 134 182 141 182 147 182 155 174 167 178 168 183 169 188 168 192 166 154 139 160 136 166 136 172 139 166 140 160 140 196 137 202 134 208 134 214 136 209 138 202 138 167 190 173 185 179 183 183 184 188 182 195 185 203 189 196 195 189 199 184 200 179 199 173 196 169 190 179 187 184 188 189 187 199 189 189 193 184 193 179 193
134 156 136 169 138 183 143 196 150 207 160 217 172 224 185 226 200 223 212 215 223 205 231 193 234 180 237 166 239 152 241 137 141 131 146 123 155 119 165 120 174 123 190 122 200 117 211 116 221 119 228 126 182 133 182 140 182 147 181 155 174 167 178 168 183 169 187 168 192 166 153 139 159 135 165 134 172 138 166 139 159 140 196 137 202 132 209 132 215 135 210 137 203 137 167 190 173 186 179 183 183 185 188 183 195 185 203 189 196 195 189 198 184 198 179 198 173 196 170 190 179 188 184 188 188 188 199 189 188 192 184 192 179 192
133 156 136 170 138 183 143 196 150 208 161 218 173 225 186 227 200 224 213 216 224 205 231 193 235 179 238 165 239 151 241 137 141 130 146 123 155 119 165 119 174 122 191 121 200 117 210 116 220 118 227 125 182 133 182 140 182 147 182 155 174 167 178 169 183 169 187 168 192 166 153 138 158 134 165 134 171 138 165 139 159 140 196 136 202 132 209 131 215 134 209 136 203 137 167 192 172 187 179 184 183 185 188 183 195 185 202 189 196 196 189 199 184 200 179 200 173 197 170 191 179 189 184 189 188 188 199 190 188 193 184 194 180 193
133 156 135 170 139 183 143 196 151 208 162 218 173 225 187 228 200 224 213 216 224 205 231 192 235 179 238 165 239 150 241 136 140 130 146 123 155 119 165 119 174 122 190 121 200 117 210 115 220 118 227 124 182 133 182 140 182 147 182 155 174 167 178 169 183 169 188 168 192 166 153 138 158 134 165 133 171 138 165 139 158 140 196 136 202 131 209 131 215 134 210 137 203 137 168 192 173 186 180 183 184 184 188 182 195 185 202 190 196 198 190 202 185 203 180 203 173 199 171 192 180 188 184 188 189 187 198 190 189 195 184 196 180 196
133 155 136 169 139 183 144 196 152 208 162 218 174 226 187 228 201 224 213 216 224 205 231 192 235 179 238 164 240 150 241 136 141 130 146 122 155 119 165 120 173 122 191 121 200 117 210 116 220 118 227 124 182 133 182 140 182 148 182 155 174 167 178 168 183 169 188 168 192 166 153 138 158 134 165 134 171 138 165 139 158 140 196 136 202 131 209 131 215 134 210 136 203 137 168 192 173 186 180 182 184 184 188 182 196 185 202 190 196 198 190 202 185 203 180 203 173 200 171 192 180 187 184 187 189 187 199 190 189 196 184 197 180 196
133 156 136 169 139 183 143 196 151 208 161 218 173 225 187 227 201 224 213 215 224 204 231 192 235 178 237 164 239 150 240 136 140 131 146 123 154 119 164 120 174 123 190 121 200 117 210 116 220 118 227 125 182 133 182 141 182 148 182 155 174 167 178 168 183 169 188 168 192 166 152 138 158 134 165 133 171 138 165 140 158 140 196 136 202 131 209 131 215 134 210 137 203 137 168 192 173 186 179 183 184 184 188 182 196 185 202 190 196 197 190 201 185 203 180 202 173 199 171 192 180 188 184 188 189 187 199 190 189 195 184 196 180 196
133 156 136 170 139 183 143 197 151 208 162 218 173 225 187 227 201 224 213 215 224 205 231 192 235 179 238 165 239 151 240 136 141 130 146 123 155 119 164 120 173 123 190 121 200 117 210 116 220 118 227 124 182 133 182 140 182 148 181 155 174 167 178 168 183 169 188 168 192 166 153 138 158 134 165 133 171 138 165 139 158 140 196 136 202 131 209 130 215 134 210 136 203 137 167 191 172 186 179 182 184 184 188 182 196 184 203 189 197 196 190 200 184 202 179 201 172 198 170 191 179 188 184 188 188 187 199 189 189 194 184 195 179 195
134 155 136 169 139 183 143 197 151 209 161 219 173 226 187 229 201 225 213 216 224 205 232 193 235 179 238 164 239 150 241 136 141 130 146 123 155 119 165 120 174 123 190 121 200 117 210 116 220 118 227 125 182 133 182 140 181 147 181 155 174 167 178 168 183 169 187 168 192 166 153 138 158 134 165 133 171 138 165 139 158 140 196 136 202 131 209 131 216 134 210 136 203 137 166 191 172 185 178 182 183 183 188 181 196 184 203 188 197 197 189 202 184 203 179 202 172 199 169 191 179 187 183 187 188 186 200 189 188 195 184 196 179 196
134 156 136 170 139 184 144 197 151 209 161 219 173 227 186 229 200 226 213 217 224 206 231 194 235 180 237 165 239 151 241 136 140 130 146 123 155 119 164 120 174 122 190 121 200 117 210 116 220 119 227 125 182 133 182 140 181 147 181 154 174 167 178 168 182 169 187 167 192 166 152 138 158 134 165 133 171 138 165 139 158 140 196 136 202 131 209 130 216 134 210 136 203 137 166 192 171 185 178 181 183 183 188 181 197 184 203 189 197 198 190 203 184 204 178 204 171 200 169 191 178 186 183 186 189 185 200 189 189 197 183 198 178 198
134 156 136 170 139 183 143 197 151 208 161 219 173 227 186 229 200 226 212 218 223 206 231 194 235 180 237 165 239 151 240 136 141 130 146 123 154 119 164 120 173 123 190 121 199 117 210 116 220 118 227 125 182 133 182 140 181 147 181 154 174 166 178 168 182 168 187 167 192 166 152 138 158 134 165 133 171 138 165 139 158 140 196 136 202 131 209 130 215 133 210 136 203 137 166 192 171 185 178 181 183 182 188 181 196 183 203 188 198 199 190 204 184 205 179 205 171 201 168 191 179 186 183 186 188 185 200 189 189 198 184 199 179 199
134 156 136 170 139 183 143 197 150 209 160 219 172 227 185 230 199 226 212 218 223 207 231 195 235 181 237 167 239 152 240 137 141 130 146 123 155 119 165 120 174 123 190 121 199 117 210 116 220 119 227 126 182 133 181 140 181 147 181 154 173 166 178 168 182 168 187 167 191 165 153 138 158 133 165 133 172 138 165 139 158 140 196 136 202 130 209 130 215 134 210 136 203 136 166 192 171 184 178 181 183 182 188 180 196 183 203 189 197 199 190 204 184 205 178 205 171 201 169 191 178 185 183 185 188 185 200 189 189 198 183 199 178 199
133 156 136 170 139 183 143 196 151 208 161 219 173 227 186 229 200 225 212 217 223 206 231 193 234 179 237 165 239 151 241 136 140 131 145 123 154 119 164 120 173 123 189 121 199 117 210 115 220 118 227 125 181 133 181 140 181 147 180 154 173 166 178 168 182 168 187 167 191 165 152 139 157 134 164 133 171 138 165 139 158 140 196 136 202 130 209 130 215 134 210 136 203 136 166 191 171 184 178 181 183 182 188 180 196 183 203 188 197 198 189 203 184 204 179 204 171 200 169 191 179 185 183 185 188 185 200 189 188 197 183 198 179 198
134 156 136 170 139 184 144 197 151 208 162 218 173 226 187 228 201 224 213 216 224 205 231 193 235 179 238 165 240 151 241 136 140 131 145 123 154 119 164 120 174 123 189 121 199 117 209 116 220 118 227 125 181 133 181 140 181 147 181 154 173 166 178 167 182 168 187 167 192 165 152 138 157 134 164 133 171 138 164 139 157 140 196 136 202 130 209 130 215 133 210 136 203 136 167 191 172 184 179 180 183 182 188 180 196 183 203 188 197 197 190 201 184 202 179 202 172 198 170 190 179 185 184 185 189 185 200 188 189 194 184 195 179 195
133 156 136 169 139 183 143 196 151 207 161 217 173 225 187 227 201 223 213 215 224 205 231 192 235 179 237 165 239 150 240 136 141 130 146 122 155 119 164 120 173 123 189 121 199 117 209 115 219 118 227 124 182 133 181 140 181 147 181 154 174 166 178 167 182 168 187 167 192 165 153 138 158 134 165 133 171 138 165 139 158 140 196 136 202 131 209 130 215 133 210 136 202 136 167 190 172 184 178 180 183 182 188 180 196 182 203 187 197 195 190 199 184 200 179 200 172 197 170 190 179 185 183 185 188 185 199 188 189 193 184 194 179 194
133 156 136 169 139 183 143 196 150 207 160 217 172 224 186 226 200 223 212 215 223 205 231 193 234 179 237 165 239 151 240 136 139 131 145 123 154 119 164 119 173 122 189 121 199 116 210 115 220 118 227 125 181 133 181 140 181 146 181 154 173 166 178 167 182 168 187 166 192 165 151 138 156 134 164 133 170 137 164 139 157 140 196 135 202 130 209 130 215 133 210 136 202 136 166 190 171 183 178 180 183 181 188 179 196 182 203 187 197 195 189 199 184 200 179 200 172 196 170 189 179 185 183 185 188 184 199 187 188 193 183 194 179 193
133 156 136 170 139 183 143 196 150 208 161 217 173 225 187 227 201 223 213 215 224 205 231 193 234 179 237 165 239 151 240 137 140 130 145 122 154 119 164 119 173 122 190 120 199 116 210 115 220 118 227 125 182 133 181 140 181 146 181 154 173 166 178 167 182 168 187 166 192 165 152 138 157 133 164 133 171 137 164 139 157 140 196 135 202 130 209 130 215 133 210 136 203 136 166 190 172 183 179 180 183 181 188 179 196 182 203 187 197 195 190 199 185 200 179 200 172 197 170 190 179 185 184 185 189 184 200 187 189 193 184 194 179 194
133 156 136 170 139 183 143 196 151 208 161 217 173 225 186 227 200 223 213 215 224 205 231 192 235 179 237 164 239 150 240 136 140 130 145 122 154 119 164 119 173 122 190 121 199 116 209 115 220 117 227 124 181 132 181 139 181 146 181 153 173 166 178 167 182 168 187 166 192 165 152 138 157 133 164 133 170 137 164 139 157 139 196 135 202 130 209 130 215 133 210 135 203 136 167 190 172 183 179 180 183 181 188 179 196 182 203 188 197 196 190 199 184 201 179 200 172 197 170 190 179 185 184 185 188 184 199 188 189 193 184 194 179 194
133 155 135 169 139 182 143 195 151 207 161 216 173 224 186 226 200 223 212 215 223 204 231 192 235 178 238 164 240 150 241 135 141 129 146 122 154 118 164 119 173 122 189 121 199 116 209 115 219 117 227 123 181 133 181 140 181 146 181 154 174 166 178 167 182 168 187 166 192 165 152 137 157 133 164 133 171 137 164 139 157 139 196 135 202 130 209 129 215 133 210 136 202 136 167 190 172 183 179 180 183 181 188 179 196 182 203 188 197 196 190 200 184 201 179 201 172 197 170 190 179 185 184 185 189 184 199 188 189 193 184 194 179 194
133 155 135 168 138 182 143 195 150 206 160 216 172 224 186 225 200 222 213 214 224 204 231 191 235 178 237 164 239 150 240 135 140 129 145 122 154 118 164 119 173 121 190 120 199 116 209 115 219 117 227 123 181 132 181 139 181 146 181 153 174 166 178 167 183 167 187 166 192 164 152 137 157 133 164 133 171 137 164 138 157 139 196 135 202 130 209 129 215 133 209 135 202 136 167 190 172 184 179 180 183 181 188 179 196 182 203 187 196 194 189 198 184 199 180 199 173 196 170 190 179 186 184 186 188 185 199 187 189 192 184 193 179 193
133 155 135 169 139 182 143 195 151 206 161 216 173 223 187 225 201 221 213 213 224 203 231 191 235 178 237 164 239 149 240 135 140 129 145 122 154 119 164 119 173 122 190 120 199 116 209 115 219 117 227 123 181 132 181 139 181 146 181 153 174 166 178 167 183 167 187 166 192 164 152 138 157 133 164 133 171 137 164 139 157 139 196 135 202 130 208 129 215 132 209 135 202 136 167 190 173 185 180 181 184 182 188 180 196 183 203 187 197 193 190 197 185 198 180 198 174 196 171 190 180 187 184 187 189 186 200 187 189 190 185 191 180 191
133 155 135 169 138 182 143 195 151 206 161 215 173 222 187 224 201 221 213 213 224 203 231 191 235 178 238 164 239 149 240 135 140 130 145 122 154 119 164 119 173 122 189 120 199 116 209 115 219 117 227 124 181 132 181 139 181 146 181 153 174 166 178 167 183 168 187 166 192 165 152 137 157 133 164 133 170 137 164 139 157 139 196 135 202 130 209 129 215 132 209 135 202 136 168 191 173 185 180 182 184 183 188 181 196 183 203 187 197 193 190 197 185 198 180 198 174 196 171 190 180 187 184 187 189 186 200 187 189 190 185 191 180 192
133 156 136 169 139 183 144 196 152 208 162 217 174 224 187 226 201 222 213 214 224 204 231 192 235 178 238 164 239 149 241 135 140 130 145 122 154 119 164 119 173 122 189 120 199 116 209 115 219 117 227 124 181 132 181 139 181 146 181 153 174 166 178 167 183 168 187 166 192 165 152 138 157 134 164 133 171 138 164 139 157 140 195 135 202 130 209 130 215 133 209 136 202 136 167 192 173 185 179 182 184 183 188 181 196 183 203 188 197 195 190 198 185 200 180 200 174 197 170 191 180 187 184 187 189 186 200 188 189 192 184 193 180 193
134 157 136 170 139 184 144 197 151 209 162 219 174 226 188 228 201 224 214 216 224 205 232 193 235 179 238 164 239 150 240 136 140 130 145 123 154 119 164 120 173 122 190 121 199 116 209 115 219 117 227 123 181 133 181 140 181 147 181 154 174 166 178 168 183 168 187 167 191 165 152 139 157 134 164 133 171 138 164 140 157 140 196 136 202 130 209 130 215 133 210 136 202 136 167 192 172 185 179 181 183 182 188 181 196 183 202 189 197 197 190 201 185 202 180 202 173 199 170 192 179 186 184 186 189 185 199 189 189 195 184 196 179 196
133 157 136 171 139 184 144 198 152 209 162 219 174 227 187 229 201 225 213 217 224 205 231 193 235 179 237 164 239 150 240 135 140 131 145 123 154 120 164 120 173 122 189 121 198 117 209 115 219 118 226 124 181 133 181 140 181 146 181 154 173 166 178 167 182 168 187 167 191 165 152 139 157 134 164 133 171 138 164 139 157 140 195 135 201 130 208 130 214 133 209 136 202 136 167 193 171 185 178 181 183 182 188 180 196 183 203 190 197 199 190 203 184 205 179 205 172 201 170 192 179 186 184 185 189 185 199 189 189 197 184 198 179 198
134 157 136 171 140 185 144 198 152 210 162 221 174 228 187 230 200 227 213 218 223 207 231 194 235 180 237 165 239 151 240 136 140 131 145 123 154 119 164 119 173 122 188 121 198 117 209 115 219 118 226 125 181 133 181 140 181 146 181 153 174 166 178 167 182 168 187 167 191 165 152 139 157 134 165 133 171 138 165 139 158 140 195 136 201 130 208 130 215 133 209 136 202 136 167 193 171 185 178 181 183 182 188 180 197 183 202 190 198 200 190 206 185 207 179 207 172 202 170 193 179 185 184 185 189 184 199 190 189 200 184 201 179 200
134 158 136 172 139 185 144 199 152 210 162 221 174 229 187 230 201 227 213 218 224 207 232 194 235 180 237 165 239 150 240 135 140 130 145 123 154 119 164 119 173 122 188 121 198 116 209 115 219 117 226 124 181 133 181 139 181 146 180 153 174 166 178 167 182 168 187 167 191 165 152 138 157 134 164 133 170 138 164 139 157 140 195 136 201 130 208 130 215 133 209 136 202 136 167 193 171 185 178 180 183 182 188 180 196 183 203 190 198 200 190 205 185 206 179 206 172 202 170 192 179 185 184 185 189 184 200 189 189 199 184 200 179 199
133 158 136 172 140 185 144 198 152 210 162 220 174 227 188 229 201 225 213 217 224 206 232 193 235 179 237 164 239 150 240 135 140 130 145 123 154 119 163 120 172 122 189 120 198 116 208 115 218 118 226 124 181 133 181 140 180 146 180 153 173 166 178 167 182 168 187 166 191 165 152 139 157 134 164 133 170 138 164 139 157 140 195 135 201 130 208 129 214 133 209 135 202 136 167 192 171 184 178 180 183 181 188 180 196 182 203 189 197 199 190 203 184 205 179 204 172 201 169 192 179 185 184 185 189 184 200 189 189 197 184 198 179 198
133 158 136 171 139 185 143 198 151 209 161 219 173 226 187 228 201 224 213 216 224 205 231 193 234 179 237 165 238 151 240 136 140 131 144 124 153 119 163 119 173 122 188 120 198 116 208 115 219 118 226 125 181 132 180 139 180 146 180 153 173 166 177 167 182 167 186 166 191 164 152 139 157 134 163 133 170 137 164 139 157 140 195 135 201 130 208 129 214 133 209 135 202 136 166 192 171 184 178 180 183 181 188 179 196 182 203 188 197 197 189 201 184 202 179 202 172 199 169 191 178 185 183 184 188 184 200 188 188 195 184 196 179 196
133 158 136 171 139 184 144 197 152 208 162 218 174 225 187 227 201 223 213 215 224 204 231 192 235 178 237 164 239 150 240 136 141 131 145 123 154 119 163 120 172 122 189 120 198 116 208 115 218 117 225 123 180 133 180 140 180 146 180 153 173 166 177 167 182 167 186 166 191 164 152 139 157 134 164 133 170 137 164 139 157 140 195 135 201 130 208 129 214 133 209 135 202 136 167 191 171 184 178 180 183 181 188 179 196 182 203 188 197 195 189 199 184 200 179 200 172 198 169 191 179 185 183 185 188 184 200 188 188 193 183 194 179 194
133 157 136 171 139 184 143 197 151 208 161 217 173 224 187 226 200 222 213 215 224 204 231 192 235 179 237 165 239 151 241 136 139 132 144 124 153 120 163 120 172 122 188 121 198 116 208 115 219 117 226 124 180 133 180 139 180 146 180 153 173 166 177 167 181 168 186 166 191 165 152 139 156 134 163 133 170 138 164 139 157 140 195 135 201 130 208 129 214 133 209 135 202 136 166 191 171 184 178 180 183 181 188 179 195 182 203 187 196 195 189 198 184 200 179 199 172 197 169 190 178 185 183 185 188 184 199 187 188 192 183 193 178 193
133 158 136 171 139 185 143 197 151 208 161 217 173 224 187 225 201 222 213 214 224 204 231 192 235 179 237 165 239 151 240 136 139 132 143 124 152 120 163 119 172 122 188 121 197 116 208 115 219 118 226 125 180 133 180 139 180 146 180 153 173 166 177 167 181 168 186 166 191 165 151 139 156 134 162 133 169 138 163 139 156 140 195 135 201 130 208 130 214 133 209 135 202 136 166 191 171 184 178 180 183 181 188 180 195 182 203 187 196 194 189 198 184 199 179 199 172 197 169 190 178 185 183 185 188 184 200 187 188 192 183 193 178 193
133 158 136 171 139 185 144 197 151 208 162 217 173 223 187 225 200 221 213 214 224 204 231 193 234 179 237 165 239 152 240 137 139 133 144 124 153 120 163 120 173 123 189 121 198 117 209 115 219 118 226 125 181 133 181 140 180 146 180 154 173 166 177 167 182 168 187 166 191 165 151 140 156 134 163 134 170 138 164 140 157 141 195 136 201 130 209 130 215 133 209 136 202 136 166 191 172 184 178 180 183 181 188 179 196 182 203 187 196 194 189 198 184 199 179 199 172 197 169 190 179 185 183 185 188 184 200 187 188 192 184 193 179 193
133 156 136 170 139 183 144 196 152 207 162 216 174 223 187 225 201 221 213 214 224 204 231 192 235 179 238 164 239 150 240 136 140 130 145 123 154 120 163 120 173 123 189 121 198 117 208 115 219 118 226 124 181 133 180 140 180 147 180 154 173 166 177 167 182 168 186 167 191 165 152 139 157 134 164 133 170 138 164 140 157 140 195 136 201 130 208 130 215 133 209 136 202 137 166 191 172 184 178 180 183 182 188 180 195 182 203 187 196 194 189 198 184 199 179 199 172 197 169 190 179 186 183 186 188 185 200 187 188 192 184 193 179 193
133 157 136 170 139 184 143 196 151 207 162 217 174 224 187 225 200 222 213 214 223 204 231 192 235 179 237 165 239 150 240 136 140 130 145 123 154 119 163 120 172 123 189 121 198 117 208 116 218 118 226 124 181 133 180 140 180 147 180 154 173 167 177 168 182 168 186 167 191 165 152 139 157 134 164 134 170 138 164 140 157 141 195 136 201 131 208 130 214 133 209 136 202 137 166 191 172 184 178 181 183 182 188 180 195 182 203 187 196 194 189 198 184 199 179 199 172 197 169 190 179 186 183 186 188 185 200 187 188 192 184 193 179 193
134 157 136 170 139 184 143 197 151 208 162 217 174 224 187 225 201 221 213 214 224 204 231 192 235 179 237 165 239 151 240 137 140 131 145 123 154 120 163 120 172 123 189 121 198 117 208 116 218 118 226 124 181 133 181 140 180 147 180 154 173 167 177 168 182 168 187 167 191 165 152 139 157 134 164 134 171 138 164 140 157 140 195 136 201 130 208 130 214 133 209 136 202 136 166 191 172 184 178 181 183 182 188 180 196 182 203 187 197 194 189 198 184 199 179 199 172 197 169 190 179 186 183 186 188 185 200 187 188 192 184 193 179 193
133 158 136 171 139 184 143 197 151 208 161 217 173 223 187 225 200 221 213 214 224 204 231 192 234 179 237 165 238 151 240 137 139 132 144 124 153 120 163 120 173 123 188 121 198 117 209 116 219 118 227 125 181 133 180 140 180 147 180 154 173 166 177 168 182 168 187 167 191 165 151 139 156 134 163 133 170 138 163 139 156 140 195 136 201 130 209 130 215 133 209 136 202 136 167 191 172 184 178 181 183 182 188 180 196 182 203 187 197 194 190 197 184 199 179 199 173 196 170 190 179 186 184 186 188 185 200 187 189 191 184 192 179 192
133 156 135 170 138 184 143 196 151 207 162 217 174 223 188 224 201 221 213 213 224 203 231 192 234 179 237 165 238 151 240 137 140 131 145 123 154 119 164 120 173 122 189 121 198 117 209 116 218 118 226 125 181 133 181 140 180 147 180 154 173 166 177 168 182 168 187 167 191 165 152 139 157 134 164 133 170 138 164 139 157 140 195 136 201 131 208 130 214 133 209 136 202 136 167 191 172 185 179 181 183 182 188 180 196 182 203 187 197 193 190 197 185 198 180 198 173 196 170 190 179 186 184 186 188 185 200 187 189 191 184 192 179 192
133 158 136 171 139 184 144 197 151 208 162 217 174 223 188 224 201 220 213 213 224 204 231 192 235 179 237 165 239 152 240 137 140 132 145 124 154 120 164 120 173 123 189 121 199 117 209 116 219 118 226 125 181 134 181 140 181 147 180 154 173 167 178 168 182 168 187 167 191 165 152 139 157 134 164 134 170 138 164 140 157 140 195 136 202 131 209 130 215 133 209 136 202 137 167 191 172 185 179 181 183 182 188 180 196 183 203 187 197 193 190 197 185 198 180 198 173 196 170 191 179 186 184 186 189 185 200 187 189 191 184 192 179 192
133 157 136 171 139 184 143 197 151 208 162 217 174 223 187 225 201 221 213 214 223 204 231 193 235 180 237 166 239 152 240 138 140 132 145 124 154 120 164 120 173 123 189 122 198 118 208 116 218 119 226 125 181 133 181 140 181 147 181 154 174 167 178 168 182 169 187 167 191 165 152 139 158 135 164 134 171 139 165 140 158 141 195 136 201 131 208 131 215 134 209 136 202 137 167 191 172 185 179 181 184 182 188 180 196 182 203 187 197 193 190 197 185 198 180 198 173 196 170 191 179 186 184 186 189 185 200 187 189 191 184 192 179 192
134 158 136 172 139 185 144 198 152 209 163 218 174 224 188 225 201 222 214 215 224 205 232 194 235 180 237 166 239 152 240 138 141 132 145 124 154 120 164 120 173 123 190 122 199 117 209 116 219 120 226 127 181 134 181 140 181 147 181 154 174 167 178 168 183 168 187 167 192 165 153 141 159 137 165 136 172 139 166 141 159 141 195 137 201 134 208 133 213 135 208 137 202 138 167 191 173 185 179 181 184 182 189 180 196 182 204 187 198 193 191 197 185 198 180 198 173 196 170 191 180 186 184 186 189 185 200 187 190 191 185 192 180 192
133 159 136 173 140 186 144 199 152 210 163 218 175 225 189 226 202 222 214 214 225 204 232 193 235 179 237 166 238 152 240 139 140 134 145 126 154 121 164 121 174 123 190 122 199 118 209 117 219 121 225 127 182 134 182 141 182 147 182 154 174 167 178 168 183 168 188 167 192 166 153 142 159 138 165 137 172 140 166 142 159 143 195 138 200 134 207 134 213 136 207 139 201 139 167 192 173 185 179 181 184 182 189 180 196 183 204 187 197 193 191 197 186 198 180 198 174 196 170 191 180 186 185 186 190 185 200 187 190 191 185 192 180 192
134 159 137 173 140 186 145 199 153 209 163 218 175 225 188 226 201 222 213 214 224 205 231 193 235 180 237 166 239 152 240 138 141 133 146 125 154 121 164 121 173 124 190 122 199 118 209 117 218 120 225 127 181 134 181 141 181 147 181 154 174 167 178 168 183 169 188 167 192 166 154 142 159 139 166 138 172 140 166 142 160 143 195 138 201 135 207 135 213 136 208 139 201 139 167 192 173 185 179 181 184 182 189 180 196 183 204 187 197 194 191 197 185 199 180 198 173 197 170 191 180 187 184 187 189 185 200 188 190 191 185 192 180 192
134 159 137 173 140 186 144 199 152 209 163 218 175 224 188 226 202 222 214 214 224 205 231 193 235 180 237 166 238 153 240 139 141 134 145 126 154 121 165 121 174 124 189 122 199 118 209 117 219 120 226 127 182 134 182 141 181 147 181 154 174 167 178 168 183 169 188 167 192 166 154 142 159 139 166 138 172 140 166 142 160 143 195 138 201 135 207 135 213 136 208 138 201 139 168 192 173 185 179 181 184 183 189 181 196 183 204 187 198 194 191 197 186 198 180 198 174 197 171 191 180 187 185 187 190 186 200 188 190 191 185 192 180 192
134 159 136 172 140 186 144 198 152 209 163 218 174 224 188 226 202 222 213 215 224 205 232 193 235 180 237 166 239 153 240 138 140 134 145 126 154 121 164 121 174 123 190 122 199 118 210 117 219 121 226 128 182 134 182 141 182 147 182 154 174 167 178 168 183 169 188 167 192 166 154 141 159 138 166 137 172 140 166 141 160 142 196 138 202 134 208 134 214 136 209 138 202 138 167 192 173 185 179 181 184 182 189 180 197 183 204 188 198 194 191 197 186 198 180 198 174 197 171 191 180 187 185 187 190 186 200 188 190 191 185 192 180 192
134 158 136 171 139 184 143 197 151 208 162 217 174 223 187 225 201 221 213 214 224 204 232 193 235 180 237 166 239 152 240 138 140 134 145 125 154 120 165 120 174 123 189 122 199 118 210 117 220 120 227 128 182 134 182 141 181 147 181 155 174 167 178 168 183 169 187 167 192 166 153 140 158 136 165 136 172 139 165 141 159 141 196 137 202 133 208 133 215 135 209 137 202 138 167 191 173 185 179 181 184 182 189 180 196 183 204 187 197 193 191 197 185 198 180 198 174 196 170 191 180 186 184 187 189 186 200 187 189 191 185 192 180 192
134 157 136 171 139 184 143 197 151 208 162 217 174 223 188 225 202 222 214 214 224 204 232 193 235 180 237 166 239 152 240 138 141 132 146 124 155 120 165 120 174 123 190 122 199 118 210 116 220 120 227 127 182 134 181 141 181 147 181 154 174 167 178 168 183 169 187 167 192 166 153 140 158 136 165 135 172 139 165 140 158 141 196 137 202 132 209 132 215 135 209 137 202 138 167 191 173 185 179 181 184 182 189 180 196 183 204 187 197 194 191 197 185 198 180 198 174 196 171 191 180 186 184 186 189 185 200 187 190 191 185 192 180 192
134 159 137 172 140 185 144 198 152 208 163 217 175 224 189 225 202 222 215 214 225 204 232 193 235 179 237 166 239 152 240 138 139 134 144 125 154 121 164 120 174 123 190 122 199 118 210 117 220 120 227 127 182 134 182 141 182 147 182 155 174 167 179 168 183 169 188 167 192 166 152 140 157 135 164 135 171 139 165 141 158 141 196 137 202 132 209 132 215 135 210 137 203 138 168 192 173 185 180 181 184 183 189 181 197 183 204 187 198 193 191 197 186 198 181 198 174 196 171 191 180 187 185 187 190 186 201 187 190 191 185 192 180 192
133 158 136 172 140 185 144 198 153 208 163 217 175 223 188 224 202 221 214 214 224 204 231 193 235 180 237 166 239 152 240 138 140 133 145 124 154 120 164 120 173 123 190 122 199 118 210 116 220 119 227 126 182 134 182 141 182 147 182 155 174 167 179 168 183 169 188 167 192 166 152 140 157 135 164 134 170 139 164 140 157 141 196 137 202 132 209 131 215 134 210 137 203 137 168 192 173 185 180 181 184 182 189 180 196 183 204 188 197 194 191 197 186 198 181 198 174 196 171 191 180 187 185 187 189 186 200 188 189 191 185 192 180 192
134 157 136 170 140 184 144 197 153 208 163 217 175 223 188 224 202 221 213 213 224 204 231 192 235 179 237 166 239 152 240 138 141 132 146 124 154 120 164 120 173 123 191 122 200 118 210 117 220 119 227 126 182 134 182 141 182 148 181 155 174 167 178 168 183 169 188 167 192 166 152 140 157 135 164 134 171 139 165 140 158 141 196 137 202 131 209 131 215 134 210 137 203 137 168 192 173 185 180 181 184 182 189 180 196 183 204 187 197 193 191 197 186 198 180 198 174 196 171 191 180 187 185 187 190 186 200 188 190 191 185 192 180 192
134 157 137 171 140 185 145 198 153 208 164 217 175 223 189 224 202 221 214 213 225 203 232 192 236 179 238 165 239 151 240 137 140 133 145 125 154 120 164 120 174 123 190 122 200 118 210 116 221 119 228 126 182 134 182 141 182 147 182 155 174 167 179 168 183 169 188 167 192 166 152 140 157 135 164 134 171 139 165 140 158 141 197 137 203 131 210 131 216 134 210 137 203 137 168 191 173 185 180 181 184 182 189 181 197 183 204 187 197 193 191 197 186 198 181 198 174 196 171 191 180 187 185 187 190 186 201 187 190 191 185 192 180 192
134 159 137 172 140 185 144 198 152 208 163 217 175 223 188 225 202 221 213 214 224 205 231 193 235 181 237 167 239 153 240 139 141 133 146 125 155 121 165 120 174 123 190 122 199 118 210 116 220 119 227 126 182 134 182 141 182 148 182 155 174 167 179 168 183 169 188 167 192 166 153 140 158 135 165 134 171 139 165 140 158 141 196 137 202 131 210 131 216 134 210 137 203 137 167 192 173 185 180 181 184 182 189 180 197 183 204 188 197 194 191 197 185 198 180 198 174 196 171 191 180 187 185 187 190 186 200 188 190 191 185 192 180 192
134 157 136 171 139 184 144 197 152 208 163 217 175 223 188 224 202 221 214 214 224 204 232 193 235 180 237 166 239 152 240 138 141 132 146 124 155 120 165 121 174 123 190 122 200 118 210 116 220 119 228 126 182 134 182 141 182 148 182 155 174 167 179 168 183 169 188 167 192 166 153 139 158 135 165 134 172 139 166 140 158 141 196 137 202 131 210 131 216 134 210 137 203 138 167 191 173 185 180 181 184 182 189 180 197 183 204 188 197 194 191 197 186 199 181 198 174 197 171 191 180 187 185 187 190 186 200 188 190 191 185 192 180 192
134 159 136 172 140 186 145 198 153 209 164 218 175 224 189 225 202 222 214 214 224 205 232 193 235 180 238 166 239 152 241 138 140 133 145 125 154 121 164 121 174 123 190 122 200 118 210 117 221 120 228 126 182 134 182 141 182 147 182 155 174 167 179 168 183 169 188 167 192 166 152 140 157 135 164 134 171 139 164 140 157 141 196 137 202 131 209 131 216 134 210 137 203 137 168 192 173 185 180 182 184 183 189 181 197 183 204 187 197 194 191 197 186 198 181 198 174 196 171 191 180 187 185 187 190 186 201 187 190 191 185 192 180 192
