128 150 130 164 133 177 138 190 146 201 156 210 168 217 182 219 195 216 207 208 218 198 226 185 230 172 232 158 233 144 234 129 136 125 142 118 150 114 160 115 169 118 185 116 194 112 204 111 214 113 221 119 177 127 177 135 177 141 177 149 169 161 173 162 178 163 182 162 187 160 148 132 153 128 160 128 167 132 160 134 154 134 191 130 197 125 204 125 210 128 205 131 198 131 162 186 168 179 174 176 179 177 184 175 191 177 198 182 192 188 186 192 180 193 175 193 168 191 165 185 175 181 179 181 185 180 195 182 185 186 180 187 175 187
129 151 131 165 134 179 139 192 147 203 157 212 169 219 182 221 195 217 208 210 218 200 226 188 230 175 232 161 233 146 234 132 136 125 142 118 150 114 160 115 169 117 185 116 194 112 204 111 214 112 221 118 177 128 177 135 177 142 176 149 169 161 174 163 178 163 183 162 187 160 148 133 153 129 160 128 166 133 160 134 153 135 191 130 197 125 204 124 210 128 205 131 198 131 162 186 167 179 174 176 179 177 184 175 191 177 198 183 192 191 185 194 180 196 175 195 168 193 165 186 175 180 180 180 184 180 194 183 184 188 180 189 174 189
129 152 132 165 135 179 139 192 146 203 157 212 169 219 182 221 195 217 207 209 218 199 225 187 229 173 231 159 233 145 235 131 135 128 141 120 150 116 160 115 170 118 184 117 194 112 205 111 215 114 222 122 177 128 177 135 177 142 177 149 169 161 174 162 178 163 183 162 187 160 148 133 153 128 160 128 166 132 160 134 153 135 191 130 197 125 204 124 210 128 205 130 198 131 163 187 168 179 174 175 179 177 184 175 192 178 197 183 192 192 186 195 180 196 175 196 168 193 166 186 175 180 180 180 185 179 194 183 185 189 180 190 175 190
129 151 131 164 134 178 139 191 146 203 156 212 168 220 182 222 196 218 209 209 220 198 226 186 230 172 232 158 234 144 235 129 136 126 141 119 150 115 160 115 170 118 185 116 194 112 205 111 215 113 222 120 177 127 177 134 177 141 177 149 169 161 174 162 178 163 183 161 187 160 147 133 153 128 160 128 166 132 160 133 153 134 191 130 198 125 205 125 210 128 205 130 198 131 163 186 168 179 174 175 179 177 185 175 192 177 198 183 192 192 186 196 180 197 175 196 168 193 166 186 175 180 180 180 185 179 195 183 185 190 180 191 175 191
129 150 132 164 135 177 139 190 146 202 157 212 169 219 182 222 196 218 208 210 219 199 226 186 229 172 231 158 233 144 235 129 136 125 142 118 151 114 161 115 170 117 185 116 194 112 204 110 214 113 221 119 177 127 177 134 177 141 177 149 169 161 174 162 178 163 183 161 187 160 148 133 153 128 160 127 166 131 160 133 153 134 191 130 197 125 204 125 210 128 205 130 198 131 163 186 168 179 174 175 179 176 185 175 192 178 198 184 193 193 186 196 180 198 175 197 168 194 166 186 175 180 179 180 185 179 195 184 185 190 180 191 175 191
129 151 132 165 135 179 139 192 147 204 157 213 169 220 183 223 196 219 209 211 219 200 226 187 229 173 231 159 233 144 234 130 136 125 142 118 150 115 160 115 169 117 185 116 194 112 204 111 214 113 221 119 177 127 177 134 177 141 177 149 170 160 174 162 178 163 182 161 187 160 148 133 153 128 160 128 166 132 160 133 153 134 191 130 197 125 204 124 210 128 205 130 198 131 163 187 168 179 174 175 179 176 185 175 192 177 198 184 193 193 186 196 180 198 175 197 168 194 166 186 175 180 180 180 185 179 195 184 185 191 180 192 175 191
129 149 132 163 134 177 139 190 146 202 157 212 168 220 182 222 195 219 208 211 218 200 225 186 229 172 231 158 233 144 235 129 136 124 142 117 151 114 161 114 170 117 185 116 195 112 205 110 215 112 222 118 177 127 177 134 177 141 177 148 170 161 174 162 178 163 183 161 187 160 148 132 153 128 161 127 167 132 161 133 154 134 192 130 198 125 205 124 210 127 205 130 198 131 163 186 168 179 174 175 179 176 185 174 192 177 198 184 193 193 186 197 180 199 175 198 168 194 166 186 175 180 180 180 185 179 195 184 185 192 180 193 175 192
130 152 133 165 136 179 140 192 147 204 157 213 169 221 182 223 196 219 208 211 219 201 225 188 229 174 231 160 233 146 235 132 136 127 141 119 150 115 160 114 170 117 186 116 195 112 206 110 216 113 222 121 178 128 177 135 177 141 177 149 170 160 174 162 178 162 183 161 187 160 148 133 154 128 161 128 167 132 161 134 154 135 192 130 198 125 205 124 211 128 206 130 199 131 164 187 168 179 174 175 179 176 185 174 192 177 198 184 193 194 186 198 180 199 175 199 168 195 167 186 175 179 180 179 185 178 195 184 185 192 180 193 175 193
129 150 132 164 135 178 139 191 147 203 157 213 169 221 182 223 196 219 208 211 219 200 226 186 229 172 231 158 233 144 234 129 137 125 142 117 150 114 160 115 169 117 185 116 194 112 205 110 214 112 221 119 177 127 177 134 177 141 177 148 170 161 174 162 178 163 183 161 187 160 148 133 153 128 160 127 166 132 161 133 154 134 191 130 197 125 204 124 210 127 205 130 198 130 163 187 168 179 174 175 179 176 185 174 192 177 198 184 193 194 186 198 180 199 175 198 168 195 166 186 175 180 180 180 185 179 195 184 185 192 180 193 175 192
129 151 132 164 135 178 139 191 146 203 157 213 168 220 182 222 196 218 209 210 219 199 226 186 229 172 231 158 233 144 235 129 136 125 142 117 151 114 160 114 169 117 185 116 194 112 204 110 214 113 221 119 177 127 177 134 177 141 177 148 170 161 174 162 178 163 183 161 187 160 148 132 153 128 160 127 166 132 160 133 153 134 191 130 197 124 204 124 210 127 205 130 198 130 163 187 168 179 174 176 179 177 184 175 191 178 198 184 192 192 186 196 180 197 175 197 168 193 166 186 175 180 180 180 185 179 194 184 185 190 180 191 175 191
129 148 132 162 134 176 139 189 146 201 156 211 168 219 182 221 196 217 208 209 219 199 225 186 230 172 232 158 234 144 235 129 137 124 142 117 151 114 160 114 169 117 186 115 195 111 205 110 214 112 221 118 178 127 178 134 177 141 177 149 170 161 174 162 178 163 183 162 187 160 148 132 153 127 160 127 166 131 160 133 154 133 192 129 198 124 205 124 210 127 205 130 198 130 163 186 169 180 175 177 179 178 184 176 191 178 197 183 191 189 185 192 180 194 175 193 169 191 166 186 175 182 179 182 184 181 194 183 184 187 180 188 175 188
130 149 132 162 135 176 140 189 147 200 157 210 168 217 182 219 196 217 209 209 220 200 227 188 231 174 233 159 234 144 234 130 138 121 143 115 151 113 160 114 168 117 186 115 195 111 204 110 213 111 221 116 177 127 177 135 176 142 176 149 170 161 174 163 178 163 182 162 187 160 148 132 153 128 160 127 167 132 160 133 153 134 191 130 197 125 204 124 210 127 205 131 198 131 163 186 169 180 175 177 179 178 183 177 190 179 197 183 191 188 185 191 180 192 175 192 169 190 166 185 175 183 179 183 183 182 194 183 184 185 180 186 175 186
132 148 133 162 135 175 140 188 147 200 156 210 168 217 181 220 195 217 208 210 219 201 227 189 231 175 233 160 234 145 235 131 138 123 143 116 151 114 160 115 168 117 186 116 195 112 205 110 214 112 222 118 177 127 177 134 176 141 176 149 169 161 173 162 178 163 182 162 187 160 149 132 154 128 160 127 167 131 160 133 154 134 191 130 197 125 204 124 210 127 205 130 198 131 162 186 168 180 174 177 179 178 183 176 190 179 198 183 191 188 184 190 179 191 174 191 168 189 165 185 174 182 179 183 183 182 194 183 183 184 179 185 174 185
130 148 132 162 134 175 139 188 147 200 156 210 168 217 181 220 195 217 208 210 219 200 227 188 231 174 233 159 234 144 235 130 137 122 143 116 151 114 160 115 168 117 186 116 195 112 205 110 214 112 222 117 177 127 177 135 177 142 176 150 170 161 174 163 178 163 182 162 187 160 148 132 153 128 160 127 166 132 160 133 153 134 192 130 198 125 204 124 210 127 205 130 198 131 163 186 168 180 174 177 179 179 183 177 190 179 197 183 191 188 184 191 179 192 175 192 168 190 166 185 174 183 179 183 183 182 194 183 183 185 179 186 175 185
131 149 133 162 135 176 139 190 146 202 156 212 168 220 182 222 196 219 209 211 220 201 228 189 232 175 233 161 234 146 235 132 138 124 143 117 151 115 161 115 169 118 186 116 195 112 205 110 215 113 222 118 178 128 177 135 177 142 176 150 170 162 174 163 178 164 182 162 187 161 149 133 154 128 161 128 167 133 161 134 154 135 192 131 197 125 205 125 211 128 205 131 198 131 162 187 167 181 174 177 178 179 183 177 190 180 197 185 191 192 184 195 179 196 174 196 168 193 165 187 174 183 179 183 183 182 194 185 183 189 179 190 174 189
129 151 132 165 135 179 140 192 147 204 157 214 169 221 182 224 195 220 208 212 219 201 226 188 230 174 232 160 234 145 236 131 135 128 141 120 150 115 161 115 170 119 185 117 195 112 206 111 216 114 223 121 178 128 178 135 178 142 178 150 170 161 174 163 178 164 183 162 187 161 148 133 153 128 160 128 167 132 161 134 153 134 191 131 197 125 204 125 210 128 205 131 198 131 163 188 167 180 174 177 179 178 184 176 192 179 198 186 192 195 185 199 180 200 174 199 168 196 166 187 174 181 179 181 185 181 195 186 184 193 179 194 174 194
130 150 132 164 135 178 139 192 147 204 157 214 169 222 183 224 197 221 210 213 221 202 228 189 232 175 233 160 235 146 235 131 136 127 141 119 150 115 160 115 170 118 186 117 195 113 206 111 216 115 223 121 178 128 177 135 177 142 177 150 170 161 174 162 178 163 183 162 187 160 148 133 153 129 160 128 167 132 161 134 154 135 192 131 197 126 204 125 211 128 205 131 198 131 162 188 167 180 174 176 179 177 184 175 192 179 198 185 193 195 185 199 180 200 174 200 167 196 165 187 174 181 179 181 184 180 195 185 184 193 179 194 174 194
130 150 132 164 134 178 139 192 146 204 157 214 168 222 182 224 195 221 208 212 219 202 226 189 229 174 231 160 233 146 234 131 137 126 143 119 151 115 161 115 170 118 186 117 195 113 205 112 215 115 221 122 178 128 178 135 178 142 178 150 170 161 174 162 179 163 183 162 188 160 149 134 155 131 161 131 168 133 162 134 155 135 191 131 197 128 203 128 209 130 204 132 197 132 162 187 167 179 174 175 179 177 185 175 192 178 198 184 193 194 186 198 180 199 174 199 167 195 165 186 174 180 179 180 185 179 195 184 185 192 179 193 174 193
130 151 132 165 134 178 139 191 146 203 156 213 168 220 181 222 195 218 207 211 218 200 225 188 229 174 231 160 233 146 234 132 136 128 141 120 150 115 161 115 170 118 186 116 195 113 206 112 215 116 221 123 178 128 178 135 178 142 178 149 169 160 174 162 178 163 183 161 188 160 149 134 155 131 161 130 167 133 162 134 155 135 191 131 197 128 203 128 208 130 203 132 197 132 162 186 168 178 174 175 179 176 184 174 192 178 198 183 192 192 186 195 180 196 175 196 168 192 165 185 175 180 179 180 185 179 195 184 185 190 179 190 175 190
129 149 131 163 134 178 139 191 146 203 157 213 169 220 182 222 196 218 208 210 219 200 226 187 230 173 232 159 234 145 235 130 137 125 142 118 150 114 160 115 169 117 186 116 195 112 205 111 214 114 221 121 178 128 178 135 178 141 178 149 169 160 174 162 178 163 183 161 187 160 149 133 154 130 161 130 167 132 161 133 155 134 191 131 197 128 203 128 209 129 204 131 197 132 162 185 168 178 174 175 179 176 184 174 192 177 198 182 192 190 186 194 180 195 174 194 168 191 165 184 175 180 179 180 185 179 195 183 185 188 179 188 174 188
129 149 131 163 134 177 138 190 146 202 156 211 168 218 182 220 196 217 209 209 219 199 226 186 229 172 231 158 233 144 235 130 136 126 141 118 150 114 160 114 169 117 186 116 195 112 205 111 215 114 221 121 178 127 178 134 177 141 177 149 169 160 174 162 178 163 183 161 187 160 148 133 153 129 160 129 166 132 160 133 154 134 191 130 197 127 203 126 209 129 204 131 198 131 162 185 168 179 174 175 179 177 184 175 192 177 198 182 192 189 186 192 180 193 174 193 168 190 165 184 174 181 179 181 185 180 195 182 185 187 179 187 174 187
130 149 131 163 133 177 138 190 145 202 155 212 167 219 181 221 195 218 208 211 219 201 227 189 231 176 233 161 234 146 235 132 138 124 142 117 151 114 160 114 168 117 186 116 195 112 205 111 214 113 221 120 177 127 177 135 176 141 176 149 169 161 173 162 178 163 182 161 187 160 149 133 154 129 160 128 166 132 160 133 154 134 191 130 196 126 203 126 209 129 204 131 197 131 161 185 167 179 174 176 179 177 183 175 191 177 198 182 192 189 185 193 179 194 174 193 167 191 164 184 174 181 179 181 184 180 194 182 184 187 179 187 174 187
128 149 131 163 134 177 138 190 145 202 156 212 168 219 182 221 196 217 209 209 219 198 226 186 229 172 231 158 233 144 234 130 136 124 142 117 150 114 160 114 169 117 186 116 195 111 205 110 214 112 221 119 177 127 177 134 177 141 177 149 169 160 173 161 178 162 183 161 187 159 148 133 153 128 160 128 166 132 160 133 153 134 191 130 197 125 203 125 209 128 204 130 197 131 162 184 167 178 174 175 179 176 184 174 191 177 198 182 192 190 185 193 179 194 174 193 167 190 165 184 174 180 179 180 184 179 195 182 184 187 179 188 174 187
128 148 130 161 133 175 137 188 144 201 155 211 166 219 180 222 194 219 207 210 218 199 225 186 229 172 232 158 233 143 234 129 135 123 141 116 150 113 160 113 169 116 185 115 195 111 205 110 215 113 221 120 177 127 177 134 177 141 176 148 168 160 173 161 178 162 182 161 187 159 147 130 152 127 159 127 165 131 159 132 152 132 191 129 197 125 204 125 210 127 204 130 197 130 161 184 166 177 173 174 178 175 184 174 191 177 197 182 192 192 185 196 179 197 173 196 166 192 164 184 174 179 178 179 184 178 194 183 184 190 178 191 173 190
129 150 132 163 134 177 138 191 145 202 155 213 167 221 180 223 194 220 207 212 218 200 225 187 228 174 231 159 232 145 234 130 135 126 140 118 149 114 159 113 168 116 185 115 194 111 205 110 215 113 221 120 177 126 177 133 176 141 176 148 168 160 173 161 177 162 182 161 187 159 147 131 152 127 159 127 166 131 159 132 153 133 191 129 197 125 204 124 210 127 204 130 197 130 161 185 166 177 173 174 178 175 183 174 191 177 198 183 192 192 185 196 179 198 173 197 166 193 164 184 173 179 178 179 184 178 194 183 184 191 178 191 173 191
129 149 131 163 134 176 138 190 145 202 155 212 167 220 180 223 194 220 206 212 217 201 225 188 228 173 231 158 232 144 233 129 136 124 141 117 149 113 159 114 168 116 185 115 194 111 204 110 214 112 220 119 176 126 176 133 176 140 176 148 168 160 173 161 177 162 182 160 186 159 147 131 152 127 159 127 165 130 159 132 152 132 191 129 197 125 203 124 209 127 204 130 197 130 161 185 166 178 173 174 178 175 183 174 191 177 197 183 191 193 184 197 178 198 173 197 166 193 164 185 173 179 178 179 184 179 194 183 184 191 178 191 173 191
128 148 131 162 134 177 138 190 146 202 156 212 167 220 181 222 194 219 207 210 217 200 225 187 229 173 231 158 233 144 234 129 136 124 141 117 150 113 160 114 168 116 186 115 194 111 204 110 214 112 220 118 177 127 177 134 176 141 176 149 169 160 173 162 178 162 182 161 187 159 148 131 153 127 160 127 166 131 160 133 153 133 191 129 197 125 203 124 209 127 204 130 197 130 162 185 167 179 174 176 178 177 183 175 191 178 197 183 191 192 185 196 179 197 174 197 167 193 165 185 174 180 179 181 184 180 194 183 184 190 179 191 174 191
128 148 130 162 133 176 138 189 146 201 156 210 168 217 182 219 196 216 208 208 218 198 225 186 229 172 232 158 233 143 233 129 136 122 142 115 150 113 159 114 168 116 186 115 194 111 204 109 214 111 221 117 177 127 177 134 177 141 176 149 169 161 173 162 178 163 182 161 187 159 148 132 153 127 159 127 166 131 159 133 153 133 191 129 196 124 203 124 210 127 204 130 197 130 163 185 168 180 174 177 179 179 183 177 189 179 196 183 190 189 184 192 180 193 175 193 169 190 166 185 175 182 179 182 183 181 193 183 183 186 179 187 175 187
128 147 131 161 133 175 137 188 145 200 155 209 167 216 180 218 194 215 207 208 217 197 225 185 228 171 231 157 233 142 234 127 135 123 141 116 149 113 159 114 168 116 185 115 194 111 204 109 214 110 221 116 177 126 177 134 177 141 177 149 169 160 173 162 178 163 182 162 186 160 147 131 152 127 159 127 166 131 159 133 152 133 191 129 197 124 204 124 209 127 204 130 197 130 163 185 169 181 175 178 179 179 183 177 189 179 196 183 190 189 184 191 179 192 175 192 169 190 166 185 175 183 179 183 183 182 193 183 183 185 179 186 175 186
128 148 131 162 133 176 137 189 145 201 155 210 167 217 180 219 194 216 207 209 217 198 224 186 228 172 231 158 232 143 234 129 135 124 140 116 149 113 159 113 169 116 185 115 194 111 205 109 214 112 221 118 177 126 177 134 177 141 177 149 169 161 173 162 178 163 182 161 186 160 147 131 152 127 160 127 166 131 160 133 152 133 190 129 196 124 203 124 209 127 204 130 197 130 163 186 169 181 175 178 179 179 183 177 190 179 197 183 190 189 184 191 180 192 175 192 169 190 166 185 175 183 179 183 183 182 193 183 183 186 179 187 175 187
129 150 131 164 134 178 139 191 146 202 156 212 168 219 181 221 195 218 207 210 218 200 225 187 228 173 230 159 232 145 234 130 135 126 140 118 149 114 159 114 168 117 185 115 194 111 204 110 214 112 221 119 176 126 176 134 176 141 176 148 169 160 173 162 177 162 182 161 186 159 147 132 152 127 159 127 165 131 159 132 152 133 191 129 197 124 203 124 209 127 204 130 197 130 162 186 167 180 174 176 178 178 183 176 190 178 197 183 191 191 184 194 179 195 174 195 168 192 165 185 174 181 178 181 183 181 193 183 183 188 178 189 174 189
128 149 131 163 133 177 138 190 144 202 154 212 166 220 180 222 194 219 207 211 218 200 225 188 228 174 230 159 232 145 234 130 135 124 141 117 149 114 159 114 168 117 185 115 194 112 204 110 214 113 220 120 176 127 176 134 176 141 176 149 168 160 172 162 177 162 181 161 186 160 147 132 152 127 159 127 165 131 159 132 152 133 190 130 196 125 203 124 209 128 204 130 197 130 161 186 166 179 173 175 178 176 183 175 191 178 197 183 191 192 184 196 178 197 173 196 166 193 164 185 173 180 178 180 183 179 194 183 183 190 178 191 173 191
129 150 131 164 134 178 138 191 145 203 155 213 167 220 180 222 194 219 207 212 218 201 225 188 228 174 231 160 232 145 234 131 135 126 140 118 149 114 158 115 167 117 185 116 194 112 204 110 213 113 220 120 176 127 176 134 176 141 176 149 168 160 172 162 177 162 182 161 186 159 146 132 151 127 158 127 165 131 158 133 152 134 191 130 196 125 203 124 209 128 204 130 197 131 161 185 166 178 173 175 178 176 183 174 191 177 198 183 192 191 184 195 179 196 173 195 167 192 165 185 173 180 178 180 183 179 195 183 183 189 178 190 173 190
128 150 131 164 134 178 138 191 145 203 155 212 167 219 181 221 195 218 208 211 219 201 226 188 229 175 232 160 233 146 234 131 135 127 140 119 149 115 160 115 169 118 184 116 194 112 205 111 215 114 222 121 177 127 176 134 176 142 176 149 168 160 173 162 177 163 182 161 187 160 147 132 152 128 159 127 165 132 159 133 152 133 191 130 197 125 203 124 209 128 204 130 197 131 161 185 166 178 173 175 178 176 183 174 191 177 198 182 191 188 184 192 179 193 174 192 167 190 164 184 173 180 178 180 184 179 195 182 184 186 178 187 174 187
128 150 131 163 134 177 137 191 145 202 155 212 167 218 181 220 196 217 209 209 220 199 227 187 231 173 232 159 233 144 234 130 135 127 140 119 149 115 160 115 169 118 184 116 194 112 204 111 214 114 221 120 176 127 176 134 176 141 176 149 168 161 173 162 177 163 182 161 187 160 147 132 152 128 158 127 165 132 159 133 152 133 191 130 197 125 203 124 209 127 204 130 197 130 161 184 167 178 173 175 178 176 183 174 191 177 198 181 191 187 184 190 179 191 174 191 167 188 164 184 174 180 178 180 184 180 195 181 184 184 178 185 174 185
128 151 131 165 134 178 138 191 145 202 155 211 168 218 181 219 196 216 208 209 219 199 226 187 229 173 231 159 233 145 234 131 134 127 139 119 149 115 159 115 169 118 184 116 194 112 205 111 215 114 222 121 176 127 176 134 176 141 176 149 168 160 173 162 177 163 182 161 186 159 146 133 151 128 158 128 165 132 159 133 152 134 190 130 196 125 203 124 209 128 204 130 197 131 161 185 167 178 173 175 178 176 183 174 190 177 197 181 191 187 184 190 179 190 174 190 167 189 165 184 174 180 178 180 183 179 194 182 183 184 178 185 174 185
128 148 130 162 133 176 137 189 145 201 155 211 167 218 181 220 196 216 209 209 219 199 226 186 230 172 232 158 233 144 234 129 136 125 141 118 150 115 160 115 169 118 184 116 194 112 204 111 214 113 221 120 176 127 176 134 176 141 176 149 168 161 173 162 177 163 182 161 187 160 147 131 152 127 158 127 165 131 159 132 152 133 191 129 197 125 203 124 209 127 204 130 197 130 161 184 167 178 173 175 178 176 183 174 191 177 198 182 191 188 184 191 179 192 173 191 167 189 164 184 173 180 178 180 184 179 195 182 184 185 178 186 174 186
128 151 131 165 133 179 138 192 145 203 156 212 168 218 182 220 196 217 208 209 219 200 226 187 229 174 231 159 232 145 233 131 136 125 141 118 150 115 160 115 169 118 184 116 193 112 204 110 214 113 221 119 176 127 177 134 176 141 176 149 168 161 173 162 178 163 183 161 187 159 147 133 152 128 159 128 165 132 159 133 152 134 190 130 196 125 203 125 210 128 204 130 197 131 161 185 167 178 173 175 178 176 183 174 191 177 198 182 191 188 185 191 179 192 174 192 167 190 164 184 174 180 179 180 184 179 194 182 184 186 179 187 174 187
128 150 131 164 134 178 138 191 145 202 155 212 168 219 181 221 196 217 209 210 220 200 227 187 230 174 232 159 233 145 235 130 135 126 141 118 150 115 160 115 169 118 184 116 193 112 204 111 214 113 221 120 176 127 176 134 176 141 176 149 168 161 173 162 177 163 182 161 187 160 147 132 152 128 159 127 165 131 159 133 152 134 190 130 197 125 203 124 209 127 204 130 197 130 162 185 167 178 174 175 178 176 183 174 191 177 198 182 191 189 185 192 179 193 174 193 167 190 165 184 174 179 179 179 184 178 194 182 184 187 179 187 174 187
139 194 140 208 143 221 149 233 157 242 168 249 181 253 192 253 202 250 209 243 214 234 218 224 220 214 222 204 223 195 222 186 161 180 169 176 178 174 188 175 196 179 204 179 208 176 214 175 218 174 221 177 199 185 200 193 201 201 203 209 190 212 195 214 200 216 204 214 207 211 170 186 176 185 181 185 186 186 181 188 175 187 204 185 209 184 213 184 215 185 213 186 209 186 179 227 188 225 195 224 198 225 202 223 205 224 207 225 204 229 201 232 198 233 193 233 187 232 182 227 194 227 198 226 201 226 205 226 201 227 198 229 194 229
128 151 131 165 134 179 138 192 146 203 156 212 168 219 182 221 196 217 209 209 219 199 226 186 229 172 231 158 232 144 233 130 135 127 140 119 149 115 159 115 168 118 184 116 193 112 203 111 213 113 220 119 176 127 176 134 176 141 176 149 168 160 173 162 178 163 182 161 187 159 147 133 152 128 158 128 165 132 159 133 152 134 191 130 196 125 203 124 209 127 204 130 197 130 163 185 168 178 174 175 179 176 183 174 191 177 197 182 191 190 185 193 179 194 174 194 168 191 166 184 174 178 179 178 184 178 194 182 184 188 179 189 174 189
128 152 131 166 134 180 139 193 146 204 156 214 169 220 182 222 196 219 208 211 219 201 225 188 229 174 231 159 232 145 233 131 134 128 139 120 148 115 159 115 169 118 184 116 193 112 204 111 214 114 221 121 176 127 176 134 176 142 176 149 168 161 173 162 177 163 182 161 187 160 146 133 152 128 158 128 165 132 159 133 152 134 191 130 197 125 203 124 209 128 204 130 197 131 163 186 167 179 174 175 178 176 183 174 191 178 198 183 192 192 185 195 179 196 174 196 168 193 166 185 174 178 179 178 184 178 194 183 184 190 179 191 174 191
128 150 131 164 134 178 138 191 146 203 156 213 168 221 181 223 194 219 207 211 218 201 225 188 229 174 232 160 233 145 235 131 135 126 140 118 149 115 159 115 169 117 184 116 193 112 204 110 214 113 221 119 176 127 176 135 176 142 176 149 168 161 173 162 177 163 182 161 186 160 147 133 152 128 159 128 165 132 159 133 152 134 190 130 196 125 203 124 209 128 204 130 197 131 162 186 167 178 174 175 178 176 183 174 191 177 197 184 191 193 184 197 179 198 174 198 167 194 165 186 174 178 179 178 183 178 194 184 183 192 178 193 174 192
127 152 131 166 134 180 139 194 146 206 157 215 169 223 182 225 195 221 207 213 218 202 225 189 229 175 231 160 232 146 234 131 134 128 139 120 148 115 159 115 168 118 184 116 193 112 204 111 215 114 221 122 176 127 176 134 176 141 176 149 168 161 173 162 177 163 182 161 187 160 147 133 152 128 159 128 165 132 159 133 152 134 190 130 196 125 203 125 209 128 204 130 197 131 162 187 167 179 174 175 178 176 183 174 191 177 197 184 192 193 185 198 180 199 174 198 168 195 165 186 174 179 179 179 184 178 194 183 184 192 179 193 174 193
128 151 131 166 133 180 138 193 145 205 156 216 168 223 181 226 195 222 207 213 218 202 225 189 229 175 231 160 232 146 234 131 135 127 140 119 149 115 160 115 169 118 184 117 193 112 204 111 214 114 220 122 177 128 177 135 176 142 176 149 168 161 173 162 177 163 182 161 187 160 148 134 153 131 160 130 166 133 160 134 154 135 190 131 196 127 202 127 208 129 203 131 196 132 162 187 167 179 173 175 178 176 184 175 191 178 198 184 192 194 185 199 179 200 174 199 167 196 165 186 174 179 179 179 184 178 194 184 184 193 179 194 174 194
129 152 132 166 135 180 139 194 147 205 157 216 169 224 182 226 195 222 208 213 218 202 225 189 228 175 231 160 232 146 233 132 136 127 141 119 149 115 159 115 168 117 184 116 194 112 204 111 213 115 219 122 176 128 176 135 176 142 176 149 168 161 173 162 177 163 182 161 187 160 149 134 154 130 161 130 166 133 161 134 154 135 190 131 195 128 201 127 207 129 202 131 196 132 162 187 167 179 173 175 178 176 184 174 192 177 198 184 192 195 185 199 179 201 174 200 167 196 165 187 174 179 179 179 184 178 195 184 184 194 179 195 174 194
128 153 131 167 134 181 139 194 146 206 156 216 168 224 182 226 195 222 208 214 219 203 225 189 229 175 231 161 233 146 234 132 134 127 139 119 148 115 158 114 168 117 184 116 194 112 204 111 214 114 220 121 176 128 176 135 176 141 176 149 168 160 173 162 177 162 182 161 186 159 148 134 153 130 160 129 166 133 160 134 154 135 190 130 196 126 202 126 208 129 203 131 196 131 162 187 167 178 173 175 178 176 184 174 192 177 197 184 192 195 185 199 179 200 174 200 167 196 165 186 174 179 179 179 184 178 194 184 184 194 179 194 174 194
128 151 131 165 134 179 138 193 146 204 156 214 168 222 182 224 195 221 208 212 219 201 226 188 229 173 231 159 233 144 234 130 135 127 140 119 148 115 159 115 168 117 184 116 193 112 204 110 214 114 220 121 176 128 176 134 176 141 176 148 168 160 173 161 177 162 182 161 186 159 147 133 152 129 159 128 165 132 159 133 153 134 190 130 196 125 203 125 208 128 203 130 196 131 162 186 166 178 173 174 178 176 183 174 191 177 198 183 192 193 185 198 179 199 174 198 167 194 164 186 174 179 178 179 184 178 195 183 184 192 179 193 174 192
128 152 131 166 134 180 139 193 146 204 156 214 168 221 182 223 196 219 208 211 219 200 226 187 229 174 231 159 233 146 234 131 134 127 139 119 148 115 159 114 168 117 184 116 193 112 204 110 214 114 220 121 176 127 176 134 176 141 176 148 168 160 173 161 177 162 182 161 186 159 147 133 152 129 159 128 165 132 159 133 152 134 190 130 196 125 203 125 209 128 203 130 197 131 161 186 166 178 173 174 178 175 183 174 191 177 198 182 192 191 185 195 179 196 174 196 167 193 164 185 174 179 178 179 184 178 194 183 184 190 179 191 174 190
128 151 131 165 134 178 138 191 145 203 156 212 168 219 181 221 195 217 207 210 218 199 225 187 229 173 231 158 233 144 234 130 134 126 140 119 148 114 158 115 168 117 184 116 193 112 203 110 213 113 220 120 176 127 176 134 176 141 176 148 168 160 173 161 177 162 182 161 186 159 146 133 152 128 158 128 165 132 159 133 152 134 190 130 196 125 203 125 209 128 204 130 197 130 161 185 167 178 173 174 178 175 184 174 191 177 198 182 192 190 185 194 179 195 174 194 167 192 164 185 174 179 179 179 184 178 195 182 184 188 179 189 174 189
128 151 130 164 133 178 138 191 145 202 156 211 168 219 182 220 196 217 208 209 219 198 226 186 229 172 231 158 233 144 234 130 135 126 140 118 149 115 159 115 168 117 184 116 193 112 204 110 214 113 220 120 176 128 176 134 176 141 176 148 168 161 173 162 177 162 182 161 187 159 147 133 152 128 159 128 165 132 159 133 152 134 190 130 196 125 203 125 209 128 204 130 197 131 162 185 167 178 174 174 178 175 184 174 191 177 198 182 192 190 185 193 179 194 174 194 168 191 165 185 174 179 179 179 184 178 195 182 184 188 179 188 174 188
128 151 131 165 134 178 138 191 146 202 156 211 168 218 181 220 195 217 208 209 219 199 226 186 229 172 232 158 233 144 235 130 135 126 140 118 149 115 159 115 168 118 184 116 193 112 203 111 213 113 220 120 176 127 176 134 176 141 176 148 168 160 173 162 177 162 182 161 186 159 147 133 152 129 159 128 165 132 159 133 153 134 190 130 196 126 203 125 209 128 204 130 197 131 162 185 167 178 173 175 178 176 184 174 191 177 198 182 192 189 185 193 179 194 174 193 167 191 165 185 174 179 179 179 184 179 194 182 184 187 179 188 174 188
129 151 131 165 134 179 138 192 145 203 156 212 168 219 182 221 196 217 208 209 219 199 226 186 229 173 231 159 233 145 234 131 134 128 140 120 149 115 159 115 169 118 185 117 194 112 204 111 214 115 220 122 177 128 177 135 177 141 177 149 168 161 173 162 178 162 182 161 187 160 148 135 154 131 160 131 167 133 161 135 154 136 190 131 196 128 202 128 208 130 203 132 196 132 162 186 167 178 173 175 178 176 184 174 191 177 198 182 192 189 186 193 180 194 174 194 168 191 165 185 174 180 179 180 184 179 195 182 185 187 179 188 174 188
129 151 131 165 134 179 138 192 146 204 156 213 168 220 182 221 196 217 209 210 219 199 226 187 229 173 232 159 233 145 235 131 136 127 141 119 149 115 159 115 168 118 185 117 194 112 204 111 213 115 219 122 177 128 176 135 176 141 176 148 168 161 173 162 177 163 182 161 187 160 148 134 154 131 160 131 167 133 161 134 154 135 189 131 195 128 201 128 207 130 202 132 196 132 162 185 167 178 174 175 179 176 184 174 192 177 198 182 192 190 186 193 180 194 174 194 168 191 165 185 174 180 179 180 185 179 195 182 185 187 179 188 174 188
129 151 131 165 134 179 138 192 146 203 156 213 168 220 182 221 196 217 208 210 219 199 225 187 229 173 231 159 233 145 235 131 135 127 140 119 149 115 159 115 169 118 184 117 194 112 204 111 214 115 221 122 177 128 176 134 176 141 176 149 168 161 173 162 177 163 182 161 187 160 148 134 154 131 160 130 166 133 160 134 154 135 190 131 196 128 202 128 208 129 203 131 197 132 162 185 167 178 173 175 178 176 184 174 191 177 198 182 192 189 185 193 180 194 174 194 167 192 165 185 174 180 179 180 184 179 195 182 184 187 179 188 174 188
128 151 130 165 133 178 138 191 146 202 156 211 168 218 181 219 195 216 208 208 218 198 225 186 229 172 231 158 233 144 234 129 134 128 139 119 148 115 159 115 168 118 184 117 193 112 204 111 214 114 221 121 176 127 176 134 176 141 176 149 168 161 173 162 177 163 182 161 186 160 146 133 152 130 159 129 165 132 159 133 152 134 190 130 196 127 203 126 209 128 203 131 197 131 162 185 167 178 173 175 179 176 184 174 191 177 198 182 192 189 185 193 179 194 174 194 168 191 165 185 174 180 179 180 184 179 195 182 184 187 179 188 174 188
128 152 131 166 134 179 139 192 146 203 157 212 169 219 182 221 196 217 208 209 219 199 225 186 229 173 231 159 233 145 235 131 135 128 140 119 149 115 159 115 168 118 184 116 194 112 204 111 214 114 221 121 177 127 176 134 176 141 176 149 168 161 173 162 177 163 182 161 187 160 147 134 153 129 159 129 166 132 160 134 153 135 190 130 196 126 203 126 209 129 203 131 197 131 162 185 167 178 173 175 178 176 184 174 191 177 198 182 192 189 185 193 179 194 174 194 167 191 165 185 174 180 179 179 184 178 195 182 184 187 179 188 174 188
128 152 131 166 134 179 138 192 146 203 156 212 168 218 182 220 195 216 208 208 219 198 225 186 229 172 231 158 233 145 234 130 135 126 140 118 149 115 159 115 168 118 184 116 193 112 203 110 213 113 220 119 176 127 176 134 176 141 176 148 168 161 173 162 177 163 182 161 186 159 147 133 152 129 159 128 165 132 159 134 152 135 190 130 196 126 203 125 209 128 204 131 197 131 162 185 167 179 173 175 178 176 184 174 191 177 198 182 192 189 185 193 179 194 174 194 167 192 164 185 174 180 179 180 184 179 195 182 184 187 179 188 174 188
128 151 131 165 134 178 138 191 145 203 156 212 168 218 181 220 195 217 207 209 218 198 225 186 229 173 231 159 233 145 235 130 135 126 141 119 149 115 159 115 168 118 184 117 193 112 203 111 213 113 221 119 176 128 176 135 176 141 176 148 168 161 173 162 177 162 182 161 186 160 147 133 152 129 159 128 165 132 159 134 152 134 190 130 196 125 203 125 209 128 204 130 197 131 161 186 167 179 173 175 178 176 183 174 191 177 198 181 191 189 185 193 179 194 174 194 167 191 164 185 174 180 179 180 184 179 194 182 184 187 179 188 174 188
128 151 131 165 134 178 139 191 146 202 157 210 169 217 182 219 195 216 207 207 218 197 225 185 229 172 231 158 233 144 234 130 135 126 140 119 149 115 159 115 168 117 184 116 193 112 204 111 213 113 220 120 176 127 176 134 176 141 176 149 168 161 173 162 177 162 182 161 186 159 147 133 152 129 159 128 165 132 159 133 152 134 190 130 196 125 203 125 209 128 204 130 197 131 162 185 167 178 174 175 179 176 184 174 191 176 198 181 192 189 185 192 180 193 175 193 168 191 165 185 174 180 179 180 184 179 194 181 184 186 179 188 175 188
128 151 131 165 134 178 138 191 146 202 156 211 168 218 182 219 195 216 208 208 218 198 225 185 229 172 232 158 233 144 234 130 134 126 140 119 148 115 158 115 168 117 184 116 193 112 203 110 214 113 220 120 176 127 176 134 176 141 176 149 168 161 173 162 177 162 182 161 186 159 146 133 151 128 158 128 165 132 159 133 152 134 190 130 196 125 203 125 209 128 204 130 197 131 162 185 167 179 174 175 179 176 184 174 191 177 198 181 192 188 185 192 180 193 175 193 168 191 164 185 174 180 179 180 184 179 195 181 184 186 179 187 174 187
128 152 131 165 133 179 138 191 145 203 156 212 168 218 182 219 195 216 207 208 218 198 225 186 229 173 231 159 233 145 234 131 134 127 139 119 148 115 158 115 168 117 184 116 193 112 204 111 213 114 220 121 176 127 176 134 176 141 176 149 168 161 173 162 177 163 182 161 186 160 146 133 151 128 158 128 165 132 159 133 152 134 190 130 196 125 203 125 209 128 204 130 197 131 161 185 167 178 174 175 179 176 184 174 191 177 198 181 192 188 185 192 179 193 174 193 167 191 164 184 174 180 179 180 184 179 195 181 184 186 179 187 174 187
127 150 129 164 132 177 137 190 145 202 156 211 168 217 181 219 194 216 207 208 217 198 225 186 229 173 231 159 233 145 234 130 135 126 140 118 149 115 159 115 168 118 184 116 193 112 203 111 214 113 221 119 176 127 176 134 176 141 176 148 168 161 173 162 177 162 182 161 186 159 146 133 152 128 159 128 165 132 159 133 152 134 190 130 196 125 203 125 209 128 204 130 197 131 161 185 167 178 173 175 178 176 184 174 191 177 198 182 191 188 185 192 179 193 174 193 167 191 164 185 174 180 179 180 184 179 194 182 184 186 179 187 174 187
128 150 131 164 134 178 138 191 146 202 156 211 168 217 181 219 195 215 207 207 218 197 225 185 229 172 231 158 232 144 234 130 135 125 140 118 149 115 159 115 168 118 184 116 193 112 203 110 213 113 220 119 176 128 176 135 176 141 176 148 168 161 172 162 177 162 181 161 186 160 146 133 151 128 158 128 164 132 158 133 151 134 190 130 196 125 203 125 209 128 204 131 197 131 162 185 167 178 173 175 178 176 183 174 191 177 197 181 191 189 185 192 179 193 174 193 167 191 165 185 174 180 179 180 184 179 194 181 184 186 179 187 174 187
128 150 130 164 133 178 138 190 145 202 155 210 167 217 181 219 194 215 207 208 218 198 225 186 228 173 231 158 232 144 234 130 134 126 140 119 148 115 158 115 167 117 184 116 193 112 203 111 213 113 220 120 175 127 175 134 175 141 175 149 168 161 172 162 177 162 181 161 186 160 146 133 151 128 158 128 164 132 158 133 151 134 190 130 196 125 203 125 209 128 204 130 197 131 161 185 166 178 173 175 178 176 183 174 190 177 197 181 191 188 184 191 179 193 174 192 167 190 164 184 173 180 178 180 183 179 194 182 183 186 179 187 173 187
127 151 131 165 134 178 138 191 145 202 155 210 167 217 181 219 195 215 207 208 218 198 225 186 228 172 230 158 232 144 234 130 133 127 139 119 148 115 158 115 167 117 184 116 193 112 204 111 214 113 221 120 175 128 175 135 175 142 175 149 168 161 172 162 177 162 181 161 186 160 145 133 151 128 158 128 164 132 158 134 151 134 190 130 196 125 203 125 209 128 204 130 197 131 161 185 166 179 173 175 178 176 183 174 190 177 197 182 191 189 184 192 179 193 174 193 167 190 164 184 173 180 178 180 183 179 194 182 183 186 178 187 173 187
128 151 130 165 133 178 137 191 144 202 155 211 166 217 180 220 193 216 206 209 217 199 224 187 228 174 230 160 232 146 233 131 134 127 139 119 148 115 158 115 168 118 183 117 192 112 203 111 213 114 220 121 175 128 175 134 175 141 175 149 168 161 172 162 176 163 181 161 186 160 146 133 151 128 158 128 165 132 159 133 152 134 190 130 196 125 203 125 209 128 204 131 197 131 161 185 166 178 173 175 178 176 183 174 190 177 197 182 191 189 184 192 179 193 173 193 167 191 164 184 173 180 178 179 183 179 194 182 183 186 178 187 173 187
127 150 130 164 133 177 137 190 144 201 155 210 166 217 180 219 193 216 206 208 217 199 224 187 228 174 230 159 232 145 233 131 134 126 140 118 149 114 159 115 168 118 183 117 192 112 203 111 213 114 220 121 176 127 175 135 175 141 175 149 168 161 172 162 176 163 181 161 186 160 146 132 151 128 158 128 164 132 158 133 151 134 190 130 196 125 203 125 209 128 204 131 197 131 161 185 166 179 172 175 177 176 182 174 190 177 197 182 191 189 184 192 178 193 173 193 167 191 164 185 173 180 178 180 183 179 194 182 183 186 178 187 173 187
127 150 130 164 133 177 137 190 144 201 154 210 166 217 180 219 194 216 207 208 217 198 224 186 228 172 230 158 232 144 233 130 134 125 140 118 149 115 158 115 168 118 184 117 193 112 203 111 212 113 219 120 175 127 175 134 175 141 175 149 168 161 172 162 177 163 181 161 186 160 146 132 151 128 157 128 164 132 158 133 151 134 190 130 196 125 202 125 208 128 203 130 197 131 161 185 166 179 173 175 178 177 183 175 190 177 197 182 191 189 184 191 178 192 173 192 167 190 164 184 173 180 178 180 183 179 194 182 183 187 178 187 173 187
128 151 130 164 133 178 138 191 145 202 155 210 167 217 180 219 194 215 206 208 217 198 225 186 228 173 231 158 232 144 234 130 135 125 140 118 149 115 159 115 168 118 184 117 193 113 203 111 213 113 220 119 176 128 176 135 176 142 175 149 168 161 172 162 177 163 181 162 186 160 146 133 151 128 158 128 164 132 158 133 151 134 190 130 196 125 203 125 209 128 204 131 197 131 161 185 166 179 173 175 178 177 183 175 190 177 197 182 191 189 184 192 178 193 173 193 167 191 164 185 173 180 178 180 183 179 194 182 183 187 178 188 173 188
127 151 130 165 133 178 138 191 145 202 155 211 167 218 181 219 195 216 207 208 218 198 225 186 229 172 231 158 232 144 234 130 135 125 140 118 149 115 158 115 167 118 184 116 193 112 203 110 213 112 220 118 176 127 176 134 176 141 176 149 168 161 172 162 177 163 181 161 186 160 146 133 151 128 158 128 164 131 158 133 151 134 190 130 196 125 203 125 209 127 204 130 197 131 161 186 166 179 173 176 178 177 183 175 190 177 197 182 191 189 184 192 179 193 173 193 167 191 164 185 173 180 178 180 183 179 194 182 183 187 178 188 173 188
128 152 131 165 133 178 138 191 145 202 156 211 168 217 181 219 195 216 207 208 218 198 225 186 228 173 231 159 232 145 233 131 134 128 139 120 148 115 158 115 168 118 183 116 193 112 204 111 214 114 220 121 176 128 176 135 176 142 176 149 168 161 172 162 177 163 181 162 186 160 146 133 151 129 158 128 164 132 158 134 151 135 190 130 196 125 203 125 209 128 204 131 197 131 161 185 166 179 173 176 178 177 183 175 190 177 197 182 191 188 184 191 179 192 173 192 167 190 164 185 173 180 178 180 183 179 194 182 183 186 178 187 173 187
128 151 130 165 133 178 137 191 145 202 155 211 167 218 180 220 194 216 207 209 218 199 224 187 228 173 230 159 232 145 233 131 135 126 140 118 149 115 158 115 167 118 184 116 193 112 203 111 212 113 219 119 176 128 176 135 175 142 175 149 168 161 172 162 177 163 181 162 186 160 146 133 151 128 158 128 164 132 158 134 151 135 190 130 196 125 203 125 209 128 204 131 197 131 161 185 166 179 173 176 178 177 183 175 191 177 197 182 191 189 184 192 179 193 173 193 167 191 164 185 173 180 178 180 183 179 194 182 183 187 178 188 173 188
127 150 130 164 133 178 138 191 145 202 155 210 167 217 180 219 193 216 206 209 217 199 224 187 228 173 230 159 232 145 233 130 135 125 140 118 149 115 158 115 167 118 184 117 193 113 203 111 213 113 219 119 176 128 176 135 176 142 175 149 168 161 172 162 177 163 181 162 186 160 146 132 151 128 158 128 164 132 158 133 151 134 190 130 196 125 203 125 208 128 203 130 197 131 161 185 166 179 173 176 178 177 183 175 190 177 197 182 190 189 184 192 178 193 173 193 167 190 164 185 173 180 178 180 183 180 194 182 183 186 178 187 173 187
