119 159 121 174 124 189 128 203 136 217 147 227 160 236 174 238 187 235 200 226 211 215 218 202 222 188 225 173 227 159 228 144 127 138 134 130 144 127 154 128 164 132 181 131 191 127 201 125 211 128 217 135 172 143 172 151 171 158 171 167 163 178 167 179 172 180 177 179 181 177 140 146 146 142 153 141 160 147 153 148 146 148 186 146 192 140 200 140 206 143 200 146 193 147 155 202 161 197 167 194 173 195 177 193 184 195 192 200 185 206 178 209 173 210 168 210 161 208 158 202 168 199 173 199 178 198 188 199 178 203 173 204 168 204
118 160 121 174 124 189 128 204 136 217 147 228 160 236 174 239 187 235 199 226 210 215 217 202 222 188 225 174 227 159 229 144 128 137 134 130 144 127 154 128 163 131 181 131 190 126 201 125 211 127 217 134 172 142 172 150 172 158 171 166 163 177 167 178 172 179 176 178 181 176 141 145 146 141 154 141 160 146 153 148 146 148 186 145 192 140 200 139 205 143 200 146 193 146 155 202 160 196 167 193 172 194 177 192 184 195 191 200 185 208 178 212 173 213 167 213 161 209 158 202 167 197 172 198 177 197 188 200 177 206 173 207 167 207
118 161 120 175 123 190 128 204 136 217 147 228 159 237 173 239 186 236 199 227 209 216 217 203 221 189 224 174 226 159 228 144 127 136 134 129 143 127 153 128 163 131 181 130 190 126 200 124 210 127 217 133 172 142 171 150 171 157 171 165 162 177 167 178 171 179 176 178 181 176 140 145 145 141 153 141 159 146 153 147 145 148 186 145 192 139 199 139 205 143 200 146 193 146 154 202 160 196 167 192 172 193 177 192 184 194 191 200 185 209 178 213 173 214 167 213 160 210 157 202 167 197 172 197 177 196 187 200 177 206 172 207 167 207
119 163 121 178 124 192 129 206 137 219 147 229 160 237 174 239 188 235 200 227 211 216 218 203 222 189 224 175 226 161 228 146 128 139 134 131 143 127 154 127 163 131 181 130 190 126 201 124 210 127 217 134 172 142 171 149 171 157 171 165 162 176 167 178 172 179 177 177 181 175 141 147 146 142 154 141 161 146 154 148 146 148 186 145 192 139 199 138 205 142 200 145 192 146 155 202 160 195 167 192 172 193 177 191 185 194 191 200 185 208 178 212 173 213 167 213 160 210 158 202 167 196 172 196 178 195 188 200 177 206 172 207 167 207
118 161 120 176 123 191 128 205 136 218 147 229 159 236 173 239 187 235 199 226 210 216 217 203 221 189 224 174 226 160 228 145 127 138 133 131 143 127 153 127 163 130 180 130 190 126 200 124 210 127 216 134 171 142 171 149 171 157 170 165 162 176 167 178 171 178 176 177 181 175 140 146 146 141 153 140 160 146 153 147 146 148 186 144 192 139 199 138 205 142 200 145 193 146 155 202 160 195 167 191 172 193 177 191 184 194 191 200 185 208 178 212 173 213 167 213 160 209 158 201 167 196 172 196 177 195 187 200 177 206 172 207 167 207
118 160 121 175 124 189 128 204 136 217 147 228 160 236 173 238 187 235 200 226 210 215 218 201 222 187 224 173 227 159 228 144 127 137 133 129 143 126 153 126 163 130 181 129 191 125 201 123 211 126 217 133 172 141 171 149 171 156 171 164 163 176 167 177 172 178 176 177 181 175 140 145 146 140 153 140 160 145 153 147 146 147 186 144 192 139 199 138 205 142 200 145 193 145 155 201 160 195 167 191 172 193 177 191 185 194 191 199 185 208 178 212 173 213 167 212 160 209 158 201 167 196 173 196 178 195 188 199 178 205 173 206 168 206
118 159 121 174 123 188 128 203 136 216 147 227 159 235 173 237 186 234 199 225 210 214 217 201 222 187 224 173 227 158 228 143 128 135 135 128 144 125 154 127 163 130 181 129 190 125 201 123 210 126 217 133 172 141 171 149 171 156 171 164 163 176 167 177 171 178 176 177 181 175 140 145 146 140 153 140 160 145 153 147 146 147 186 144 192 139 200 138 205 142 200 145 193 145 155 201 160 195 167 192 172 193 177 191 184 194 191 199 185 207 178 210 173 212 167 211 161 208 158 200 167 197 173 197 177 196 188 199 177 204 173 205 167 205
118 159 121 173 123 188 128 202 136 215 147 225 159 233 173 236 187 232 200 224 210 213 217 200 221 186 224 172 226 158 228 143 128 135 134 128 144 125 154 126 163 130 181 129 191 125 201 123 210 125 217 132 172 141 171 149 171 156 171 164 163 176 167 177 172 178 176 177 181 175 140 145 145 140 153 140 160 145 153 147 145 147 186 144 192 139 199 138 205 142 200 145 193 145 155 201 161 196 168 193 173 194 177 192 184 194 191 198 185 205 178 208 173 209 168 209 161 207 158 201 168 198 173 198 177 197 188 199 177 202 173 203 168 203
118 159 121 174 124 188 128 202 136 215 146 226 159 233 173 236 187 232 200 224 210 213 217 200 221 186 224 172 226 158 228 143 127 135 134 128 143 125 153 126 163 129 181 129 190 125 201 123 210 126 217 132 172 141 171 149 171 156 171 164 163 176 167 178 172 178 176 177 181 175 140 145 146 140 153 140 159 145 153 146 145 147 186 144 192 139 199 138 205 141 200 145 193 145 155 201 161 196 168 193 173 194 177 192 184 194 191 198 184 204 178 207 173 208 168 208 162 206 158 201 168 198 173 198 177 197 188 198 177 201 173 202 169 201
118 159 121 174 124 188 128 202 136 215 146 226 159 233 173 235 186 232 199 224 210 213 217 201 221 187 223 173 226 158 228 143 127 135 133 128 143 125 153 126 162 129 181 129 190 125 200 123 210 125 217 132 171 141 171 149 171 156 171 164 163 176 167 178 171 178 176 177 180 175 139 144 145 140 153 140 159 145 152 146 145 147 185 144 192 138 199 137 205 141 199 145 192 145 155 201 161 196 168 193 172 194 177 192 183 194 191 198 184 204 178 207 173 208 168 208 162 206 158 200 168 198 173 198 177 197 187 198 177 200 173 201 168 201
118 159 121 174 123 189 127 203 134 216 145 226 158 233 172 236 187 232 200 224 210 214 217 201 221 187 223 173 226 159 228 144 127 136 133 129 143 125 153 125 162 129 181 128 190 124 201 123 210 126 217 133 171 140 171 148 171 156 170 164 162 176 167 178 171 178 176 177 180 175 140 145 146 140 153 140 160 145 153 147 146 147 185 143 191 138 199 137 205 141 199 144 192 145 154 201 161 196 167 193 172 194 176 192 183 194 191 198 184 204 178 207 173 208 168 208 161 206 157 201 168 198 172 198 177 197 187 198 177 201 173 202 168 201
118 160 121 174 123 189 128 203 136 216 146 226 159 233 173 235 187 232 199 224 210 213 217 201 220 187 223 173 226 159 228 144 128 134 134 128 143 125 153 126 162 129 181 128 190 124 200 123 209 126 216 133 171 140 171 148 171 156 171 163 162 176 167 177 171 178 176 177 180 175 139 144 145 139 153 139 159 144 152 146 145 146 185 143 191 138 199 138 205 142 199 144 192 145 154 201 160 196 167 193 172 194 177 192 184 194 191 198 184 205 178 208 173 209 167 209 160 207 157 201 167 198 172 198 177 197 187 199 177 202 172 203 167 203
118 159 120 173 123 188 128 203 136 216 146 227 159 236 173 238 187 234 199 226 210 214 217 200 221 186 224 172 226 157 228 142 128 134 135 128 143 125 153 126 162 129 181 128 190 125 200 123 209 125 215 131 171 141 171 148 171 156 170 164 162 175 166 177 171 178 175 176 180 175 140 144 146 141 153 141 159 144 153 146 146 146 185 143 191 140 198 140 203 142 198 144 191 145 153 201 159 195 167 191 172 193 177 191 184 194 191 199 185 208 178 212 172 213 167 213 159 209 157 201 167 196 172 197 177 196 187 199 177 206 172 207 167 207
118 160 120 175 124 190 128 205 137 218 147 229 160 237 173 240 187 236 199 227 210 215 217 202 221 188 224 173 226 159 228 144 128 136 134 129 143 125 153 126 162 129 180 129 190 125 200 124 209 127 215 134 171 141 171 149 170 156 170 164 162 175 166 177 171 177 176 176 180 175 141 146 147 143 154 143 160 146 154 147 147 148 185 145 191 142 198 142 204 144 198 146 191 146 153 201 158 194 166 191 172 192 177 190 184 193 191 199 185 210 178 215 172 216 166 216 159 211 156 201 166 196 172 196 177 195 187 199 177 208 172 210 166 209
118 159 120 174 123 189 127 203 135 217 146 228 158 237 172 240 185 236 198 227 208 216 216 203 221 188 224 174 226 159 228 144 130 134 135 127 144 125 153 126 162 128 181 128 190 125 199 124 208 127 214 133 171 141 171 148 171 155 170 163 161 175 166 176 171 177 175 176 180 174 142 144 147 142 154 141 160 145 154 146 147 146 185 144 190 141 197 141 203 143 197 145 191 145 153 200 158 193 166 190 171 192 177 190 185 193 191 198 186 209 178 214 172 215 166 215 158 210 156 200 166 195 172 195 177 194 188 199 177 208 172 208 166 208
118 159 120 174 123 189 127 203 135 216 146 228 159 236 172 239 186 235 199 226 209 215 216 201 220 187 223 173 226 158 227 144 129 135 135 128 143 125 153 126 162 129 180 129 189 125 200 124 209 128 215 135 171 141 171 148 171 156 170 163 162 174 166 176 171 177 176 176 180 174 141 145 147 141 154 141 160 145 153 146 147 146 184 144 190 141 197 141 203 143 197 146 190 146 153 200 159 194 166 190 172 192 177 190 185 193 191 198 185 208 178 213 172 214 166 213 159 210 156 200 167 195 172 195 177 195 188 198 177 206 172 207 166 207
117 158 120 173 123 188 128 203 136 216 146 227 159 235 173 238 186 234 199 225 209 214 217 200 221 186 224 172 226 157 228 143 128 134 134 128 143 125 153 126 162 129 181 129 190 125 200 124 209 127 216 133 171 141 171 149 171 156 171 164 162 175 166 177 171 177 176 176 180 174 140 144 146 142 153 141 159 145 153 146 146 146 185 144 191 141 197 141 203 143 198 146 191 146 154 200 160 195 167 192 172 193 177 191 184 194 190 199 184 207 178 211 172 212 167 212 160 209 158 200 167 197 172 197 177 196 186 199 177 204 172 205 167 205
118 159 120 173 123 188 127 202 135 215 145 226 158 234 172 236 186 232 199 224 209 213 217 200 220 186 223 172 226 158 227 143 127 137 133 130 142 126 153 126 162 130 181 129 190 125 200 124 210 127 216 134 171 142 171 150 171 157 170 165 162 176 166 178 171 179 176 177 181 175 140 147 146 144 153 143 160 147 154 149 146 149 184 146 190 143 197 142 204 144 198 147 191 147 156 201 161 197 167 194 172 195 176 193 182 195 189 199 183 206 177 209 173 210 168 210 161 207 159 201 168 199 172 199 176 198 185 200 176 203 172 203 168 203
118 161 120 176 123 191 128 205 136 217 147 227 159 235 173 236 187 233 199 224 210 213 216 201 220 187 222 172 224 158 225 143 127 139 132 131 141 127 152 127 162 130 180 130 189 126 199 125 209 128 215 135 171 143 171 150 170 157 170 165 162 177 166 178 171 179 176 178 180 176 139 149 145 146 152 145 159 148 152 150 145 150 185 147 191 144 197 144 203 145 198 148 191 148 158 203 162 198 168 194 172 195 176 193 182 196 188 200 183 207 178 210 173 211 169 211 163 209 161 202 168 200 173 199 176 199 185 200 177 203 173 204 169 204
118 161 120 176 123 190 128 205 136 218 146 229 159 236 173 238 186 235 199 226 210 215 217 202 221 188 223 173 226 159 227 144 127 138 132 130 142 126 152 127 162 130 180 130 189 126 200 125 209 128 215 136 171 142 171 150 171 157 170 165 162 176 166 178 171 179 176 178 180 175 140 148 146 145 153 144 159 147 153 148 146 149 184 146 190 143 197 143 203 145 197 148 190 147 156 203 161 197 168 194 172 195 176 193 182 195 189 200 183 208 177 212 173 213 168 212 162 210 159 202 168 199 172 199 176 198 185 200 177 205 173 206 168 205
117 163 120 178 123 192 128 206 136 219 147 230 160 238 174 240 188 236 200 227 210 215 217 202 221 188 223 174 225 159 227 144 126 140 131 132 141 126 152 126 162 129 180 129 189 125 200 124 210 129 216 137 171 142 171 149 171 156 171 164 162 176 166 177 171 178 176 177 181 175 140 147 146 143 152 143 158 146 152 147 146 148 184 145 190 142 197 142 203 144 197 146 190 146 155 202 160 196 167 192 172 193 177 192 184 194 190 200 185 209 178 213 173 215 167 214 160 211 158 202 168 197 173 197 177 196 186 200 177 207 173 208 168 208
117 161 120 176 123 191 128 206 136 219 147 230 160 238 174 240 188 236 200 227 210 216 217 202 222 188 224 174 226 159 228 144 127 138 133 130 142 126 153 126 162 130 181 129 190 125 201 124 210 128 216 135 171 142 171 149 171 156 171 164 162 175 167 177 171 178 176 176 180 175 140 146 146 142 153 142 159 145 153 147 146 147 185 145 191 141 198 141 204 143 198 146 191 146 154 202 160 195 167 191 172 193 177 191 184 194 190 200 185 210 178 214 173 216 167 215 160 211 158 201 167 196 172 196 178 195 186 200 178 208 172 209 167 209
117 159 120 174 123 189 128 203 136 217 147 228 159 237 173 239 187 236 199 226 209 214 217 201 221 186 223 171 226 157 227 142 127 136 133 129 142 126 152 127 161 130 180 129 189 125 200 124 209 127 215 134 170 141 170 149 170 156 170 164 162 176 166 177 171 178 175 176 180 175 139 145 145 142 152 141 158 145 152 147 145 147 185 144 191 140 198 140 204 142 198 145 191 145 154 201 160 196 167 192 172 194 176 192 184 194 191 199 185 207 178 211 172 213 167 212 160 209 157 201 167 197 172 198 177 197 187 199 177 205 172 206 167 206
117 160 120 175 123 190 127 204 135 217 146 227 159 235 173 237 187 234 199 226 209 214 216 201 220 187 223 172 226 158 227 143 126 135 133 129 142 126 152 126 161 130 180 129 189 125 199 124 209 126 215 133 171 141 170 149 170 156 170 165 162 177 166 178 171 179 176 177 180 176 139 145 145 141 152 141 158 145 152 147 145 147 184 144 190 140 197 139 203 142 198 145 191 145 153 201 160 197 167 194 172 195 176 193 183 195 191 199 184 205 177 208 172 209 167 209 160 207 156 201 167 199 172 199 176 198 188 199 177 202 172 203 167 203
117 160 119 175 123 190 128 204 136 217 147 228 160 235 174 237 188 233 200 225 210 214 217 201 220 187 224 172 226 158 227 143 126 135 133 128 142 126 152 127 161 130 180 128 189 125 199 123 209 126 215 132 170 141 170 149 170 156 170 165 162 177 166 178 171 179 175 178 180 176 139 145 145 141 152 141 158 145 152 147 144 147 184 144 190 139 197 139 203 142 198 145 191 145 153 202 160 197 167 194 172 195 176 193 183 195 191 199 184 205 178 208 173 210 168 209 161 207 156 202 167 199 172 199 177 198 188 199 177 202 172 203 168 203
117 161 119 175 123 190 127 204 135 218 146 229 159 236 173 238 187 235 200 226 210 214 217 201 221 187 223 172 226 158 227 143 126 138 132 130 141 126 151 127 161 130 179 129 189 125 199 124 209 127 215 134 170 141 170 149 170 156 170 165 161 177 166 178 170 179 175 178 180 176 138 146 144 141 151 141 158 146 151 147 144 147 184 144 190 139 197 139 204 142 198 145 190 145 152 203 159 197 166 194 171 195 176 193 183 195 191 199 184 207 177 211 172 212 167 212 159 209 155 202 166 199 172 199 176 198 188 199 177 205 172 207 167 206
117 160 120 175 123 190 127 204 136 218 147 229 159 237 173 239 187 236 199 226 209 215 217 201 221 187 224 172 226 158 227 142 126 137 132 130 141 126 151 127 161 130 179 129 189 125 199 123 208 126 215 132 170 141 170 149 169 157 169 165 161 176 165 178 170 179 175 177 179 175 139 145 144 141 151 141 158 146 151 147 144 148 184 144 190 139 197 138 203 141 198 145 191 145 152 202 158 196 166 192 171 194 176 192 184 194 191 199 185 208 177 213 172 214 166 214 158 210 155 202 166 197 171 197 176 196 188 199 176 207 171 208 166 208
117 161 119 176 122 190 127 205 135 218 146 229 159 237 173 239 187 235 199 226 209 215 217 202 221 187 223 173 225 158 227 143 125 138 131 130 141 127 151 127 161 130 179 129 188 125 199 124 208 126 215 133 169 142 169 149 169 157 169 165 160 176 165 178 170 178 175 177 179 175 138 146 144 141 151 141 158 146 151 147 144 148 183 144 190 139 197 139 203 142 198 145 190 145 152 202 158 195 165 192 171 193 176 191 184 193 191 198 185 207 177 212 171 213 166 213 158 210 155 201 165 196 171 196 176 195 188 199 176 205 171 207 166 207
117 160 119 175 122 189 127 204 135 216 146 227 158 235 173 237 187 233 199 225 209 214 217 201 221 187 223 172 226 158 227 143 125 136 132 129 142 126 152 127 161 130 179 129 188 126 199 124 208 126 215 132 170 141 169 149 169 156 169 164 160 176 165 177 170 178 175 176 180 175 138 145 144 141 151 141 157 146 151 147 143 147 184 144 190 139 197 138 203 141 198 145 191 145 152 200 158 194 165 191 170 192 176 190 184 192 191 197 184 206 177 210 171 211 165 211 158 208 155 200 165 196 171 196 176 195 187 198 176 203 171 205 165 205
116 160 119 175 122 190 127 204 135 216 146 227 158 235 173 237 187 233 199 225 209 214 217 201 220 187 223 173 226 158 227 143 125 137 132 129 141 126 152 127 161 131 178 130 188 126 198 124 208 126 215 132 169 142 169 149 169 157 169 165 160 175 165 177 170 178 175 176 179 174 138 145 144 141 151 141 158 146 151 147 144 148 183 144 190 139 197 139 203 142 197 145 190 145 152 200 158 193 165 190 170 191 176 190 183 192 191 197 184 205 177 209 171 210 165 210 158 207 155 200 165 195 171 195 176 194 188 197 176 203 171 204 165 204
117 160 119 175 122 189 127 204 135 217 146 228 159 235 173 237 187 234 199 225 210 214 217 201 221 187 224 172 226 158 227 143 126 136 132 129 142 126 152 127 161 131 179 130 188 126 199 124 208 126 215 132 170 141 169 149 169 157 169 164 160 175 165 177 170 178 175 176 179 175 138 145 144 141 151 141 157 145 151 147 144 147 184 144 190 139 197 139 203 142 198 145 191 145 152 201 158 194 165 190 170 192 176 190 183 192 190 198 184 206 177 210 171 211 165 211 158 208 155 200 165 195 170 195 176 194 187 198 176 204 171 205 165 205
117 161 119 175 122 190 127 204 135 217 146 228 158 236 173 238 186 234 198 226 209 215 216 202 220 189 223 174 225 160 227 145 126 136 132 129 142 126 152 127 161 131 179 130 188 126 198 124 208 126 215 133 170 142 169 149 169 157 169 165 160 176 165 177 170 178 175 177 179 175 138 145 144 141 151 141 158 146 151 147 144 147 184 144 190 139 197 139 203 142 198 145 191 145 152 201 158 194 165 191 170 192 176 190 183 193 191 198 184 207 177 211 171 212 166 212 158 209 155 201 166 196 171 195 176 195 187 198 176 205 171 206 166 206
117 160 119 175 122 189 127 204 135 217 146 227 158 235 172 237 186 234 199 225 209 214 216 202 220 188 223 174 226 159 227 144 127 136 133 129 142 126 152 127 161 130 179 129 188 126 199 124 208 127 215 133 170 142 169 149 169 157 169 165 160 176 165 177 170 178 175 177 179 175 139 145 144 141 151 141 157 146 151 147 144 147 184 144 190 139 197 139 203 142 198 145 190 145 152 201 158 194 165 191 171 192 176 190 184 193 190 198 184 206 177 210 171 212 165 212 158 208 155 201 166 196 171 196 176 195 187 198 176 204 171 206 166 205
117 160 119 174 122 189 127 203 135 216 146 226 159 234 173 236 187 232 199 224 210 213 217 201 221 187 224 173 226 158 227 143 127 136 133 129 142 126 152 127 161 130 179 130 188 126 198 124 208 126 215 132 170 141 169 149 169 156 169 164 161 176 165 177 170 178 175 177 179 175 139 145 144 141 151 141 158 145 151 147 144 147 184 144 190 139 197 138 203 142 198 145 191 145 152 201 158 194 165 191 171 192 176 190 184 193 191 197 184 205 177 208 172 210 166 209 159 207 156 200 166 196 171 196 176 195 187 197 176 202 171 204 166 203
117 161 120 175 123 190 127 204 136 216 147 226 160 233 174 235 188 231 200 222 211 212 218 199 221 186 224 172 225 158 227 143 126 137 132 130 142 126 152 127 161 130 179 130 188 126 199 124 209 126 215 133 170 141 170 149 170 156 169 164 161 176 166 177 170 178 175 176 180 174 138 145 144 141 151 140 158 145 151 147 144 147 184 144 190 139 198 138 204 142 198 145 191 145 152 200 159 194 166 191 172 192 177 190 184 192 192 196 185 203 178 206 172 207 167 207 159 205 156 200 167 196 172 196 177 195 188 197 177 200 172 201 167 201
117 162 120 176 123 191 127 204 136 216 147 226 160 233 174 235 188 231 200 223 211 213 218 200 221 186 224 172 225 158 227 144 126 138 132 131 141 127 152 127 162 130 179 129 189 125 199 124 209 127 215 134 170 141 170 149 170 156 170 164 161 176 166 177 171 178 176 176 181 175 138 145 144 141 151 140 158 145 151 146 144 147 184 144 190 138 197 138 203 141 198 145 191 145 153 200 160 194 167 191 172 192 177 190 184 193 192 196 185 203 178 206 173 207 167 207 160 205 156 199 167 196 172 196 177 195 188 196 177 200 173 201 167 201
117 161 120 176 123 190 128 204 136 216 147 226 160 233 174 235 189 231 201 223 211 213 218 200 221 186 223 172 226 158 227 144 126 137 132 130 142 126 152 127 162 130 180 129 189 125 199 123 209 126 216 134 170 141 170 149 170 156 170 165 162 176 166 177 171 178 176 177 181 175 139 145 144 141 152 140 158 145 152 146 144 147 185 144 191 139 198 138 204 142 198 145 191 145 153 200 160 195 167 191 172 192 177 190 184 193 192 197 185 203 179 207 173 208 168 208 161 205 157 200 167 196 173 196 178 195 188 197 178 200 173 202 168 202
117 161 120 175 123 190 128 204 136 217 148 227 161 234 175 236 189 232 201 224 211 213 218 200 221 186 224 172 226 158 227 143 127 137 133 130 142 126 152 127 162 130 180 129 189 125 200 123 209 126 216 133 171 141 170 149 170 157 170 165 162 176 166 178 171 178 176 177 181 175 139 145 145 141 152 141 158 145 152 147 145 147 185 144 191 139 198 138 204 141 199 145 192 145 154 201 160 195 167 191 173 193 178 191 185 193 192 197 186 204 179 208 174 209 168 209 161 206 157 200 168 196 173 197 178 195 189 197 178 201 173 202 168 202
118 162 120 176 123 191 128 205 137 217 148 227 161 234 175 236 189 232 201 223 212 213 218 200 222 186 225 172 227 158 228 144 126 138 132 131 141 127 152 127 162 130 179 129 189 125 200 124 210 126 216 134 170 142 170 149 170 157 170 165 162 176 166 178 172 179 177 177 181 175 139 146 145 141 152 141 159 146 152 147 145 148 184 144 191 139 198 138 204 142 199 145 191 145 154 201 160 195 167 191 173 193 178 191 185 193 192 197 186 205 179 208 174 209 168 209 161 207 157 200 168 196 173 196 178 195 189 197 178 202 173 203 168 203
118 161 120 175 123 190 128 204 136 216 147 226 160 234 174 236 188 233 200 224 211 213 218 200 221 187 224 173 226 159 228 144 126 138 132 130 142 126 152 127 162 130 180 129 190 125 200 124 210 127 217 134 171 141 171 149 171 157 170 165 162 176 167 178 172 178 176 177 181 175 139 146 144 141 152 141 158 145 152 147 144 147 185 144 191 139 199 139 205 142 199 145 192 145 154 201 160 195 168 191 173 193 178 191 185 193 192 197 185 205 179 208 173 209 168 209 161 207 157 200 168 196 173 196 178 195 188 197 178 202 173 203 168 203
117 161 120 175 123 190 128 204 136 217 147 227 160 235 174 237 188 233 200 224 211 214 218 201 221 187 224 173 226 159 228 144 127 137 133 130 142 126 152 127 162 130 181 129 190 125 200 124 210 126 216 133 171 142 171 150 170 157 170 165 162 176 166 178 171 178 176 177 181 175 140 146 145 141 153 141 159 146 152 147 145 148 185 145 191 139 199 138 205 142 199 145 192 145 154 201 160 195 167 191 173 193 178 190 185 193 192 197 185 205 179 209 173 210 168 210 160 207 157 200 168 196 173 196 178 195 188 198 178 203 173 204 168 204
117 162 120 176 123 191 128 205 136 218 147 228 160 235 174 237 188 233 201 225 212 214 219 201 222 187 224 173 226 159 228 144 127 138 132 131 142 127 153 127 162 130 180 130 190 126 200 124 210 127 216 134 171 142 171 149 170 157 170 165 162 176 166 178 171 179 176 177 181 175 139 146 145 141 152 141 159 146 152 148 145 148 185 145 191 139 199 138 205 142 199 145 192 145 153 201 159 195 167 192 172 193 177 191 184 193 192 198 185 206 178 210 173 212 167 212 160 209 156 201 167 196 173 196 177 195 188 198 178 204 173 205 167 205
118 163 121 177 124 192 128 206 136 218 147 229 160 237 174 239 188 235 201 226 212 215 218 202 222 188 224 173 226 159 228 144 126 139 132 131 142 127 153 127 163 130 180 130 190 126 201 124 211 127 217 134 171 142 171 150 171 157 170 165 162 176 167 178 171 179 176 177 181 175 140 146 145 142 153 141 159 146 153 148 145 148 186 145 192 139 199 139 205 142 200 145 192 145 153 202 159 195 167 192 172 193 177 191 185 194 192 199 186 208 179 212 173 213 167 213 159 210 156 201 167 196 173 196 178 195 189 199 178 206 173 207 167 207
117 161 120 176 123 190 128 205 136 218 147 229 159 237 173 240 187 236 199 227 210 216 217 203 222 189 225 174 227 160 228 145 128 137 133 130 142 127 153 128 162 131 181 130 190 126 200 124 210 127 216 133 171 143 171 150 170 158 170 165 162 176 166 178 171 179 176 178 181 176 139 147 145 142 152 142 159 147 153 148 145 148 186 145 192 140 199 139 205 143 200 146 192 146 153 202 159 195 167 192 172 193 177 191 185 194 191 200 185 209 178 214 173 215 167 215 159 212 156 202 167 196 172 196 177 195 188 200 178 208 172 210 167 209
118 164 121 178 124 193 129 207 136 220 147 231 159 239 173 242 186 238 199 229 210 217 217 204 222 190 225 176 227 161 228 146 127 140 133 132 142 128 153 128 162 131 180 131 189 127 200 126 210 129 216 137 171 143 171 150 171 157 170 165 162 176 166 178 171 179 176 178 181 176 141 148 146 144 154 143 160 147 154 149 146 149 185 146 191 142 198 142 204 144 198 147 191 147 153 203 159 195 166 192 172 193 178 191 185 194 191 200 186 211 179 215 172 217 166 216 159 212 156 202 167 196 172 196 178 195 188 200 178 210 172 211 167 211
118 164 121 179 124 193 128 208 136 221 147 232 159 240 173 242 186 239 199 230 210 219 218 205 222 191 224 176 226 162 227 147 127 141 132 133 142 128 153 128 163 132 180 131 189 127 200 126 209 129 215 137 171 144 171 151 170 157 170 165 161 177 166 178 171 179 176 178 181 176 141 150 147 147 153 146 160 149 154 150 147 151 184 148 190 144 197 144 203 146 197 148 191 149 153 204 158 196 166 192 172 193 177 191 185 194 191 201 185 211 179 216 172 217 166 217 159 213 156 203 166 196 172 196 178 195 188 201 178 210 172 211 166 211
119 165 121 180 124 194 130 208 138 221 149 231 160 239 174 241 187 237 200 228 211 217 218 204 222 190 224 175 226 161 227 147 128 140 133 132 143 128 153 128 163 131 180 131 190 127 200 125 209 128 215 136 172 144 171 151 171 157 170 165 162 176 167 178 172 179 176 177 181 175 141 150 147 147 154 146 160 149 154 151 147 151 185 148 191 145 198 144 204 146 198 149 191 149 154 203 159 195 167 191 172 193 178 191 185 194 191 200 186 211 179 215 173 217 167 216 159 213 157 203 167 196 172 196 178 195 188 200 178 209 173 211 167 210
118 165 121 180 124 194 129 208 137 221 148 231 161 239 174 240 188 236 200 228 211 217 218 203 222 189 224 175 226 161 227 147 128 141 133 133 142 128 152 128 162 131 180 131 189 126 199 125 208 129 214 136 171 143 171 150 171 157 171 164 162 176 167 177 172 178 177 177 181 175 141 150 147 147 153 146 159 149 153 150 147 151 184 147 190 144 197 144 203 146 197 148 190 149 154 203 159 195 167 191 173 192 178 190 185 193 192 199 186 209 180 214 174 215 167 215 160 212 157 202 167 195 173 195 178 194 189 199 179 208 173 209 167 209
118 164 121 178 124 193 129 207 137 219 149 230 161 237 175 239 189 235 201 225 212 214 219 201 222 187 224 173 226 160 227 145 127 140 133 132 142 128 153 128 163 131 180 130 189 126 200 124 209 128 215 135 171 143 171 150 171 156 171 164 163 176 167 177 172 178 177 176 181 175 141 149 146 147 153 146 160 148 153 150 147 151 185 146 191 144 197 143 203 145 198 147 191 148 154 201 160 194 167 190 173 192 178 190 186 192 193 198 186 208 180 212 174 213 168 213 160 210 157 201 168 195 173 195 179 194 189 198 179 206 173 207 168 207
118 164 121 178 124 193 129 207 138 219 150 229 162 236 176 237 190 233 202 224 212 213 219 200 222 186 224 172 227 159 228 144 127 141 132 132 142 127 153 127 163 131 180 130 190 126 200 125 210 129 216 137 171 142 171 149 171 156 171 164 162 175 167 177 172 178 177 176 182 174 141 148 146 145 153 144 160 147 153 149 147 149 184 146 190 143 197 143 203 145 197 147 190 147 154 201 160 194 167 191 173 192 178 190 186 192 193 197 187 206 180 210 174 211 168 211 161 208 157 200 168 195 173 195 179 194 189 197 179 204 174 205 168 205
118 164 121 179 124 193 129 207 138 219 150 229 164 236 177 237 191 233 203 223 213 212 220 199 223 185 225 171 227 157 229 143 126 142 131 133 141 128 152 128 162 131 180 130 189 126 200 125 210 129 216 138 171 142 171 149 172 156 172 164 163 176 167 177 172 178 177 176 182 175 140 148 146 145 153 144 159 147 153 148 146 149 184 145 190 142 197 142 203 144 197 146 190 146 154 201 161 194 168 191 174 192 179 190 186 192 193 197 187 205 180 209 175 211 169 210 161 208 157 200 168 195 174 195 179 194 190 197 179 203 174 205 169 205
118 164 121 179 124 193 130 207 139 219 150 228 163 235 177 236 190 232 202 223 212 212 219 199 222 185 224 172 227 158 228 144 127 140 132 132 142 128 153 128 163 131 180 130 189 126 199 125 209 128 215 136 172 142 172 149 172 156 172 164 163 176 168 177 173 178 177 176 182 174 140 148 146 144 153 143 160 147 153 149 146 149 184 145 190 141 197 141 203 144 198 146 191 146 155 201 161 194 168 191 174 192 179 190 186 192 193 197 187 205 180 209 175 210 169 210 161 207 158 200 168 195 174 196 179 195 190 197 179 203 174 204 169 204
118 163 121 177 124 192 129 206 138 218 150 228 163 234 177 236 190 232 203 223 213 212 219 199 222 185 224 171 227 157 228 143 127 139 133 131 142 127 153 128 163 131 180 130 189 126 200 124 209 127 216 134 172 142 172 149 172 157 172 164 163 176 167 177 172 178 177 176 182 175 140 147 146 143 153 143 160 147 153 149 146 149 184 145 190 141 197 140 203 143 198 146 191 146 155 200 161 194 168 191 174 192 179 190 186 192 193 197 187 205 180 208 175 209 169 209 162 207 158 200 169 196 174 196 179 195 190 197 179 202 174 203 169 203
118 162 121 177 124 191 129 205 138 217 150 227 163 233 176 235 190 231 202 222 212 212 219 199 223 185 225 171 227 157 228 143 127 137 133 130 143 127 153 128 162 131 180 130 189 125 200 123 209 126 216 132 171 142 171 149 171 156 171 164 163 176 167 177 172 178 177 176 182 174 140 147 146 143 153 142 159 146 153 148 146 148 185 144 191 140 198 139 204 142 199 145 192 145 155 200 161 194 168 191 174 192 179 190 186 192 193 196 187 204 180 207 174 208 169 208 161 206 158 200 169 196 174 196 179 195 190 197 179 201 174 202 169 202
118 162 121 176 124 190 129 204 138 216 149 226 163 232 177 234 190 230 202 222 213 211 219 198 222 184 224 171 227 156 228 142 126 138 132 130 142 127 152 127 162 131 180 130 189 126 200 124 209 127 215 134 171 141 171 149 171 156 171 164 163 176 168 177 172 178 177 176 182 174 139 146 145 142 152 141 159 146 152 148 145 148 184 145 191 140 198 139 204 142 198 145 191 146 155 200 161 194 168 191 174 192 179 190 186 192 194 196 187 203 180 207 175 208 169 208 162 205 158 200 169 196 174 196 179 195 190 197 179 201 174 202 169 202
118 162 121 177 124 191 129 205 138 217 149 226 162 233 176 234 189 230 201 222 212 212 219 199 222 186 224 172 226 157 228 143 127 137 133 130 142 127 152 127 162 130 180 130 190 125 200 123 210 126 216 132 171 142 171 149 171 157 171 164 163 176 167 177 172 178 177 177 182 175 139 146 145 142 152 142 159 146 152 148 145 149 185 145 191 139 199 139 205 142 199 145 192 146 154 200 161 195 168 191 173 193 178 191 186 193 193 196 186 203 180 206 174 208 169 208 161 206 157 200 168 196 174 196 179 195 190 196 179 201 174 202 169 202
118 164 121 178 124 192 129 205 138 217 149 226 162 233 176 234 190 231 202 222 212 212 219 199 222 186 225 172 227 158 228 144 127 139 132 131 142 127 153 128 162 131 180 130 189 126 200 124 209 126 216 133 171 142 171 150 171 157 172 165 163 176 168 178 172 178 177 177 182 175 139 146 145 142 152 141 159 146 152 148 145 148 185 144 191 139 199 138 205 142 199 145 192 145 155 201 161 195 168 192 173 193 178 191 186 193 193 197 187 203 180 207 175 208 169 208 162 206 158 200 169 196 174 197 179 195 190 197 179 201 174 202 169 202
118 163 121 177 124 191 129 205 138 217 150 226 162 233 176 234 190 231 202 223 212 212 219 199 222 186 225 172 227 158 228 143 126 139 132 131 142 127 152 128 162 131 180 130 190 126 200 124 210 127 217 134 171 142 171 150 171 157 172 165 163 177 168 178 173 179 177 177 182 175 139 147 145 142 152 142 159 147 152 149 145 149 185 145 191 139 199 138 205 142 200 145 192 146 155 201 161 195 168 192 174 193 179 191 186 193 194 197 187 204 180 207 175 208 169 208 162 206 158 200 169 197 174 197 179 196 190 197 179 201 174 203 169 203
118 163 121 177 124 191 129 205 137 217 149 226 162 233 176 234 189 231 201 222 212 212 219 200 223 186 225 172 227 158 228 144 126 139 132 131 142 127 152 128 162 131 180 130 190 126 200 124 210 126 217 134 171 142 171 150 171 157 171 165 163 177 167 178 172 179 177 177 182 175 139 147 145 142 152 142 159 147 152 148 145 149 185 145 191 140 199 139 205 142 200 146 192 146 155 201 161 195 168 192 174 193 179 191 186 193 193 197 186 204 180 207 174 208 169 208 162 206 158 200 169 197 174 197 179 196 190 197 179 201 174 202 169 202
118 162 121 177 124 191 129 205 138 217 150 226 163 233 177 234 190 230 202 222 212 212 219 199 222 185 225 172 227 158 228 144 127 138 133 130 142 127 152 128 162 131 180 130 189 126 199 124 209 126 216 132 171 142 171 150 171 157 172 165 163 177 168 178 172 179 177 177 182 175 139 146 145 142 152 142 159 147 152 148 145 149 185 145 191 139 198 138 205 142 199 145 192 146 155 201 161 196 168 192 173 193 178 191 186 193 193 197 186 204 180 207 175 208 169 208 162 206 158 201 169 197 174 197 179 196 190 198 179 201 174 203 169 203
118 162 120 176 123 190 128 204 137 217 149 226 162 233 176 234 190 231 202 222 212 211 219 199 222 185 225 171 226 157 228 143 126 138 132 130 142 127 153 128 162 131 180 130 189 126 200 124 209 126 216 133 171 142 171 150 171 157 171 165 163 177 167 178 172 179 177 177 182 175 138 147 144 142 152 142 159 147 152 148 144 149 185 145 191 139 198 138 205 142 199 145 192 146 155 201 161 195 168 192 173 193 178 191 186 193 193 197 186 204 180 207 174 208 169 208 162 206 158 200 168 197 174 197 179 196 190 197 179 201 174 202 169 203
118 164 121 178 124 192 129 205 137 217 149 227 163 233 177 235 190 231 202 222 212 212 219 199 222 185 224 171 226 158 227 143 126 140 132 132 142 128 152 128 162 131 180 130 189 126 200 124 210 127 216 134 171 142 171 150 171 157 171 165 163 177 167 178 172 179 177 177 182 175 139 147 144 142 152 142 158 147 152 148 144 149 185 145 191 139 199 138 205 142 199 145 192 146 155 201 161 195 168 192 173 193 178 191 185 193 193 197 186 204 180 207 174 208 169 208 162 206 158 201 168 197 174 197 179 196 189 197 179 202 174 203 169 203
118 163 121 177 124 191 128 205 137 217 148 227 162 233 176 235 189 231 202 223 212 212 219 200 223 186 225 172 227 158 228 143 125 140 131 132 141 128 152 128 162 131 180 130 190 126 200 124 210 127 217 134 171 142 171 150 171 157 171 165 162 177 167 178 172 179 177 178 182 176 139 147 144 142 152 142 159 147 152 148 145 149 185 145 191 139 199 138 205 142 200 145 192 146 155 201 161 195 168 192 173 193 178 191 185 194 193 197 186 204 179 207 174 209 169 209 161 206 158 201 168 197 173 197 178 196 190 198 178 202 174 203 168 203
118 162 121 176 124 191 128 205 137 217 149 226 162 233 176 235 190 231 202 222 213 212 220 199 223 185 225 171 227 157 228 143 126 140 132 132 142 128 152 128 162 132 180 130 189 126 200 124 210 126 217 133 171 143 171 150 171 158 171 165 162 177 167 178 172 179 177 178 182 176 139 147 144 142 152 142 159 147 152 148 145 149 186 145 192 139 199 138 205 142 200 145 192 145 155 202 161 196 168 192 173 194 178 192 185 194 193 198 186 204 179 207 174 208 169 208 162 206 158 201 168 197 173 197 178 196 189 198 178 201 173 202 168 203
118 162 121 176 124 190 129 204 137 217 149 226 162 233 176 234 190 231 202 222 213 212 219 199 223 185 225 172 227 157 228 143 126 138 132 131 142 128 153 128 162 132 180 131 189 127 200 124 210 126 216 133 171 142 171 150 171 158 171 166 163 177 167 178 172 179 177 178 182 176 139 146 145 142 152 141 159 146 152 148 145 149 186 145 191 139 199 138 205 142 200 145 192 146 155 202 161 196 168 193 173 194 178 192 185 194 193 198 186 205 180 207 175 209 169 209 162 206 158 201 168 197 174 197 178 196 189 198 179 202 174 203 169 203
118 163 121 177 124 192 129 205 138 217 150 226 163 233 177 234 190 230 202 222 213 212 219 199 223 186 225 172 226 157 228 143 126 140 132 132 142 128 153 129 162 132 180 131 189 126 200 124 210 127 217 134 171 143 171 150 171 158 171 166 163 177 167 179 172 179 177 178 182 176 139 147 145 142 152 142 159 147 152 149 145 149 185 145 191 139 199 138 205 142 200 145 192 146 155 202 162 196 168 193 174 194 179 192 186 194 193 198 187 204 180 207 175 208 169 208 162 207 159 201 169 197 174 197 179 196 190 198 179 202 174 203 169 203
118 163 121 177 124 191 129 205 138 217 150 226 163 233 177 235 190 231 203 222 213 212 220 199 223 185 225 171 227 157 228 143 127 140 132 132 142 128 153 129 163 132 180 131 190 126 200 124 210 127 217 134 171 143 172 150 172 158 172 166 163 177 168 178 173 179 178 178 182 176 139 147 145 142 152 142 159 147 153 148 145 149 186 145 192 139 199 138 205 142 200 145 193 146 156 202 162 196 169 193 174 194 179 192 186 194 193 198 187 204 180 207 175 209 169 209 163 207 159 201 169 197 174 197 179 196 190 198 179 202 174 203 169 203
118 163 121 177 124 191 129 205 138 217 150 226 163 233 177 235 190 231 202 222 213 212 220 200 223 186 226 172 227 158 229 144 127 138 133 131 142 128 153 128 162 132 181 131 190 126 200 124 210 126 217 132 172 142 172 150 172 158 172 166 164 177 168 179 173 179 178 178 182 176 139 147 145 142 152 142 159 147 153 148 145 149 186 145 192 139 199 138 206 142 200 145 193 146 156 202 162 196 169 193 174 194 179 192 186 194 194 198 187 204 180 208 175 209 170 209 162 207 159 201 169 197 174 197 179 196 190 198 179 202 175 203 169 203
118 163 121 177 124 191 129 205 138 217 150 226 163 233 177 235 190 231 202 222 213 212 219 199 223 186 225 172 228 158 229 144 126 139 132 132 142 128 153 128 163 132 181 131 190 126 201 124 211 126 218 133 172 142 172 150 172 158 172 165 164 177 168 178 173 179 178 178 182 176 139 147 145 142 152 142 159 147 153 148 145 149 186 145 192 139 199 138 206 142 200 145 193 146 156 202 162 196 169 193 174 194 179 192 186 194 194 198 187 204 180 207 175 209 170 208 163 207 159 201 169 197 174 197 179 196 190 198 179 202 174 203 169 203
118 162 121 176 124 191 129 205 138 217 150 226 163 233 177 235 190 231 202 222 213 212 220 199 223 186 225 172 227 158 229 143 128 138 134 131 143 128 153 128 162 132 181 130 190 126 200 124 210 126 217 132 172 143 172 150 172 158 172 165 164 177 168 178 173 179 178 178 182 176 140 147 145 142 153 142 160 147 153 148 145 149 186 145 192 139 199 138 206 142 200 145 193 146 156 202 162 196 169 193 174 194 179 192 186 194 194 198 187 204 181 207 175 209 170 209 163 207 159 201 169 197 174 197 179 196 191 198 180 201 175 203 170 203
119 163 121 177 125 191 130 205 139 217 150 227 164 233 177 235 191 231 203 223 213 212 220 199 223 186 226 172 228 158 229 143 127 138 133 131 142 128 153 128 162 132 181 130 190 126 201 124 211 126 218 132 172 143 172 150 172 158 172 165 164 177 168 178 173 179 178 178 183 176 139 147 145 142 153 142 159 147 153 149 145 149 186 145 192 139 200 138 206 142 201 145 193 146 156 202 162 196 169 192 174 194 179 191 186 194 194 198 187 204 181 207 175 208 170 208 163 207 159 201 169 197 175 197 179 196 191 198 180 201 175 202 170 203
118 163 121 177 125 192 130 206 139 218 150 227 164 233 178 234 191 230 203 222 213 212 220 199 223 185 226 172 227 158 229 144 127 140 133 132 143 128 154 128 163 131 181 131 190 126 201 124 211 127 217 134 172 142 172 150 172 158 172 166 164 177 168 179 173 179 178 178 183 176 140 147 145 142 153 142 159 147 153 148 146 149 186 145 192 139 200 139 206 142 200 145 193 146 156 202 162 196 169 192 175 193 179 192 187 194 194 198 187 204 181 207 176 209 170 208 163 207 159 201 170 197 175 197 180 196 191 198 180 202 175 203 170 203
119 163 122 177 125 191 130 205 139 218 151 227 164 234 178 235 191 231 203 222 213 212 220 199 224 186 226 172 228 158 229 144 127 139 133 131 143 127 154 128 164 132 181 131 191 126 201 124 211 127 218 133 173 142 173 150 173 158 173 165 164 177 169 178 174 179 178 178 183 176 140 147 145 142 153 142 160 147 153 148 145 149 186 145 192 139 200 138 206 142 201 145 193 146 156 202 163 196 170 192 175 194 180 192 187 194 194 197 188 204 181 207 176 208 170 208 163 206 159 201 170 197 175 197 180 196 191 197 180 201 175 202 170 203
118 162 121 176 125 191 130 205 139 217 151 227 164 233 178 234 191 231 203 222 213 212 220 199 223 186 226 172 227 158 229 144 127 137 133 131 143 128 153 128 163 132 181 131 190 126 201 124 211 127 217 133 172 142 172 150 173 158 173 166 164 177 169 178 173 179 178 178 183 176 139 146 145 142 153 142 159 147 153 148 145 149 186 145 192 139 200 138 206 142 201 145 193 146 156 202 163 196 169 192 175 194 180 191 187 194 194 197 188 204 181 207 176 209 170 209 163 207 159 201 170 197 175 197 180 196 191 197 180 201 175 203 170 203
