138 161 141 175 144 188 148 201 155 212 165 221 177 228 191 231 206 228 219 222 231 213 238 201 241 187 243 172 244 156 245 141 145 129 151 124 159 123 168 125 176 128 194 126 202 123 212 120 221 121 230 126 185 138 185 147 186 155 186 164 177 174 182 176 187 177 193 175 198 173 155 143 160 139 167 139 174 144 167 145 160 146 201 142 207 137 214 136 220 140 215 143 207 143 172 198 178 193 184 190 189 192 194 190 201 192 209 195 202 199 195 201 190 202 185 202 179 201 174 198 184 196 189 196 194 195 206 195 194 195 189 196 185 196
138 163 141 176 145 189 148 202 155 213 165 222 177 228 192 231 207 228 220 222 231 213 238 200 241 187 243 172 244 157 245 142 146 129 152 124 160 123 168 125 176 128 194 127 202 123 211 121 221 121 229 126 185 139 185 147 185 155 185 164 177 174 182 176 187 177 193 175 198 173 156 143 160 139 167 139 174 143 167 145 161 146 201 142 207 137 214 136 219 140 214 143 207 143 172 198 179 193 185 190 189 192 194 190 201 192 209 195 202 199 195 201 190 201 185 201 179 201 175 198 185 196 190 196 194 195 206 195 194 195 190 196 185 196
138 162 141 175 145 188 149 201 155 212 165 222 177 228 192 231 206 229 220 223 231 213 238 201 241 187 243 171 244 156 245 141 145 129 151 124 159 123 168 125 176 128 195 126 203 122 212 120 222 121 230 126 186 139 186 147 186 156 186 164 178 174 182 176 188 177 193 176 198 173 155 142 160 138 167 138 174 143 167 145 160 145 201 142 207 137 214 136 221 140 215 143 208 143 172 198 179 193 184 190 189 192 194 190 201 192 210 195 202 199 195 201 190 202 186 201 179 201 175 198 185 196 189 196 194 195 206 195 195 195 190 196 185 196
138 161 141 175 145 188 149 201 155 212 165 221 177 228 192 231 207 228 221 222 232 212 238 200 241 185 243 171 244 156 245 141 145 129 151 124 159 123 167 124 176 127 194 126 203 122 212 120 222 122 230 126 185 138 186 147 186 155 186 164 177 174 182 176 187 177 193 175 198 173 155 142 160 138 167 138 174 143 167 145 160 145 201 142 207 137 214 136 220 140 215 143 208 143 172 198 178 193 184 190 189 192 194 190 201 192 209 195 201 199 195 201 190 202 185 201 179 201 175 198 184 196 189 196 194 195 206 195 194 195 190 196 185 196
138 161 141 174 145 188 149 201 155 212 165 221 177 228 191 231 206 229 220 223 231 213 238 200 241 186 243 171 244 156 245 141 144 128 151 123 159 122 168 124 176 127 194 126 203 122 212 120 222 121 230 126 185 138 186 147 186 155 186 164 177 174 182 176 187 177 193 175 198 173 154 142 159 138 167 138 174 143 167 145 159 145 201 142 207 137 215 136 221 140 215 143 208 143 172 198 178 193 184 190 189 191 194 189 201 192 210 195 202 199 195 201 190 202 185 201 179 201 175 197 185 196 189 196 194 195 207 195 194 195 190 196 185 196
138 161 142 174 145 188 149 200 155 212 165 221 177 228 192 231 207 228 220 222 231 212 238 200 241 186 243 171 244 156 245 141 145 129 151 123 159 122 168 124 176 127 194 126 202 122 212 120 222 121 230 126 186 138 186 147 186 155 186 163 178 174 182 176 188 177 193 175 198 173 154 142 159 137 167 137 174 143 167 144 159 145 201 142 207 136 215 136 221 140 215 143 208 143 172 198 179 193 185 190 189 191 194 189 201 192 210 195 202 199 195 200 190 201 185 201 179 201 175 198 185 196 190 196 194 195 207 195 194 195 190 196 185 196
138 160 142 174 145 187 149 200 155 211 165 221 177 228 192 231 207 229 220 222 231 212 238 200 241 186 243 171 244 156 245 140 144 128 151 123 159 122 168 123 176 126 194 125 203 121 213 120 222 121 231 126 186 138 186 146 186 155 186 163 178 173 183 176 188 177 193 175 198 173 154 142 159 137 167 137 174 142 167 144 159 145 201 141 207 136 215 136 221 140 216 143 208 143 172 198 179 194 185 190 189 192 194 190 201 192 210 195 202 199 195 201 190 201 186 201 179 201 175 197 185 196 190 196 194 195 207 195 195 195 190 196 185 196
139 159 142 173 145 187 149 200 155 211 165 221 177 229 192 232 207 229 221 222 232 212 238 199 241 185 243 170 244 155 244 140 144 129 150 123 159 121 168 123 176 126 194 125 203 121 213 119 223 121 231 126 186 137 186 146 186 154 186 163 178 174 182 176 188 177 193 175 198 173 154 141 159 137 167 137 174 142 167 144 159 144 201 141 207 136 215 136 221 140 215 143 208 143 171 198 178 194 185 191 189 193 194 191 200 193 210 194 202 199 195 200 190 201 186 201 179 201 174 198 185 197 189 197 194 196 206 195 194 196 190 197 185 196
138 159 141 172 145 186 149 199 155 211 165 221 177 228 192 231 207 228 220 222 231 212 238 199 241 185 243 169 244 154 244 138 144 128 151 123 159 122 168 124 176 126 194 125 203 122 212 120 222 121 230 125 185 137 186 146 186 154 186 163 178 174 182 176 188 177 193 175 198 173 155 141 160 137 167 137 174 142 167 143 160 144 201 141 207 136 214 136 220 139 215 142 208 142 171 198 178 194 185 192 189 193 194 191 201 192 211 194 202 198 195 200 191 201 186 200 179 200 174 198 185 197 190 197 194 196 207 194 195 195 190 196 186 196
139 159 141 172 144 186 149 199 155 211 165 221 177 228 192 231 207 228 220 222 231 213 238 200 241 186 243 171 244 156 245 140 146 128 152 122 160 121 168 123 176 126 194 125 203 121 212 119 222 120 231 125 185 137 186 146 186 154 186 163 177 173 182 175 188 176 193 174 199 172 155 142 160 137 167 137 174 142 167 144 160 145 201 141 207 136 214 135 220 139 215 142 208 142 171 198 178 194 185 191 189 192 193 190 201 192 210 193 202 198 195 200 190 201 186 201 179 201 174 197 185 196 189 196 194 195 207 194 194 195 190 196 185 196
138 158 141 172 144 186 148 200 155 212 165 223 177 231 192 234 207 231 221 223 232 212 238 199 241 185 243 169 244 154 245 139 145 127 151 122 159 121 168 123 176 126 193 125 202 121 212 119 222 120 231 125 185 137 186 145 186 154 186 163 177 172 182 174 188 176 194 174 199 171 155 141 160 137 167 137 174 141 167 143 160 143 201 140 207 135 214 135 220 138 215 141 208 142 171 198 177 192 184 189 189 190 194 188 202 190 210 194 203 201 195 205 190 206 184 205 177 203 174 198 184 195 189 195 194 194 207 195 194 198 189 198 184 198
139 160 142 174 145 188 149 201 156 213 166 224 178 233 192 235 207 232 220 224 231 214 238 200 241 186 243 170 244 155 244 139 145 128 151 123 159 121 168 123 175 126 195 125 203 121 212 119 222 120 230 124 185 137 186 146 186 155 186 164 176 172 182 174 187 175 194 173 199 171 156 142 160 138 167 137 174 142 167 143 161 144 201 140 207 136 214 135 220 139 215 142 208 142 171 198 176 190 183 187 188 188 193 187 201 189 208 195 202 203 195 207 189 208 183 207 176 205 175 198 183 194 188 194 194 193 205 195 194 198 188 198 183 198
138 159 141 173 145 187 149 201 156 213 166 223 178 232 192 235 207 231 221 223 232 213 238 199 241 185 243 170 244 154 245 139 145 128 151 123 159 122 168 123 176 126 194 125 203 121 212 119 222 120 230 124 186 137 186 146 186 154 186 163 177 172 182 174 187 175 193 173 199 171 156 142 160 139 167 138 174 141 167 143 161 144 201 140 207 137 213 136 219 139 214 141 207 141 172 197 177 191 183 187 188 189 193 187 200 190 207 195 201 203 194 206 189 207 183 206 178 204 176 197 183 194 188 194 193 193 203 195 193 198 188 198 183 198
139 160 141 173 144 187 149 200 155 212 166 222 178 230 193 232 208 229 222 222 233 211 239 198 242 183 243 168 244 153 244 138 147 130 151 124 159 122 168 124 176 127 193 126 201 122 211 120 221 121 228 127 185 137 185 146 185 154 185 164 176 172 181 174 187 176 193 174 199 171 157 144 162 143 168 142 174 143 168 144 163 145 200 142 206 141 212 141 218 141 212 143 206 143 173 197 178 192 184 189 188 190 192 188 199 190 207 194 200 200 194 203 190 204 185 203 179 201 176 197 184 194 189 195 193 194 203 194 193 196 189 197 184 196
138 161 141 174 145 187 149 200 156 212 166 222 178 229 193 231 208 228 222 221 233 211 239 198 242 183 243 168 244 153 245 138 146 131 151 124 159 122 168 123 176 126 193 125 202 122 211 119 221 120 228 125 185 137 186 146 186 154 186 163 177 173 182 174 187 175 193 173 198 171 157 145 162 144 168 143 174 143 169 145 163 146 200 141 206 141 212 141 218 142 212 143 206 143 174 196 179 192 184 189 188 189 192 188 198 190 205 193 199 199 194 201 189 202 185 202 180 201 177 196 185 194 188 194 192 193 202 194 193 195 189 195 185 195
138 161 141 175 145 188 149 201 156 213 166 222 178 230 192 232 207 229 221 223 232 213 238 200 242 185 243 170 244 155 244 139 145 131 150 124 158 122 167 123 176 126 194 125 202 121 212 119 222 120 230 126 185 137 185 146 185 154 186 163 177 172 182 174 187 175 193 173 198 171 157 145 162 143 168 142 174 143 168 145 162 146 201 141 207 141 213 141 219 141 213 143 207 143 174 197 179 193 184 189 188 190 192 189 198 191 205 194 199 200 193 202 190 203 186 203 180 201 178 197 185 195 188 195 192 194 201 194 192 196 189 196 185 196
138 161 141 175 145 189 149 202 156 215 165 225 178 233 192 235 207 232 221 225 232 214 238 200 242 185 243 170 244 154 245 138 146 130 151 124 159 122 168 124 176 127 193 126 201 122 211 119 221 120 228 126 185 137 185 146 185 154 185 163 177 172 181 174 187 175 192 173 198 171 157 144 162 142 167 141 173 142 168 144 162 145 200 141 206 140 212 140 218 141 212 143 206 142 174 199 179 193 184 190 188 190 191 189 198 192 205 197 199 204 193 207 189 208 184 207 179 205 177 199 184 194 188 194 192 194 201 196 192 200 188 201 184 201
138 161 142 176 145 190 150 203 157 216 166 227 178 236 192 239 207 235 221 227 232 216 239 202 242 186 244 170 245 154 245 138 146 129 151 123 159 122 167 123 175 126 194 125 202 121 212 119 221 120 228 125 185 137 185 146 185 154 185 163 176 172 181 174 186 175 192 173 198 171 157 144 161 141 167 140 173 142 167 144 162 145 201 141 206 139 212 139 218 141 212 142 206 142 173 200 176 192 182 187 187 188 192 187 200 190 206 198 201 208 194 212 188 213 183 213 177 209 176 200 182 194 187 193 192 193 202 198 193 204 188 205 183 205
138 162 142 176 146 191 151 204 157 217 167 228 179 237 193 240 207 237 220 229 231 218 238 204 242 188 243 172 245 155 245 139 146 130 151 123 159 122 167 123 175 126 194 125 203 121 212 119 221 120 229 126 185 138 185 146 185 155 185 163 176 172 181 174 187 175 193 173 199 171 156 143 160 140 166 140 173 142 167 144 161 145 201 141 207 138 213 138 219 140 214 142 207 142 172 201 175 191 182 186 187 187 193 186 202 190 208 199 203 209 195 214 189 215 183 214 176 210 175 201 182 192 188 192 193 192 205 199 194 206 188 206 182 206
138 161 141 175 145 190 150 203 157 216 166 228 179 237 193 240 208 236 221 228 231 217 238 203 242 187 244 171 245 154 246 138 146 128 152 123 160 122 168 124 176 127 194 126 202 122 212 119 221 120 229 125 185 138 185 146 185 155 185 163 176 172 181 174 187 175 193 174 199 171 155 142 160 139 166 139 173 142 167 143 161 144 201 141 207 138 213 138 219 140 214 142 207 142 172 200 175 190 182 186 188 188 194 186 203 190 209 198 204 209 196 213 189 214 183 213 176 210 174 200 182 192 188 192 194 192 206 198 195 205 189 206 183 205
139 161 142 176 146 190 150 203 157 216 166 227 179 235 193 238 208 234 221 227 232 216 239 202 242 187 244 171 245 155 245 139 146 129 152 123 160 122 168 124 176 127 195 126 203 122 212 120 222 121 230 125 186 138 186 147 186 155 186 164 177 173 182 175 188 176 194 175 199 172 156 143 161 140 167 139 174 142 168 144 161 144 202 141 207 137 214 137 220 140 214 142 208 142 172 200 176 192 184 189 189 190 195 188 203 191 210 197 204 206 196 210 190 211 184 210 177 208 174 200 184 195 189 195 195 195 207 198 195 202 190 203 184 203
139 159 142 173 145 187 149 200 155 213 165 224 177 232 193 235 208 232 222 225 232 214 239 200 242 186 244 170 245 155 245 140 147 130 152 124 160 123 168 125 176 127 195 126 203 122 212 120 222 121 230 126 186 138 186 147 187 155 187 164 178 174 183 176 188 177 194 175 199 173 157 143 162 140 168 140 174 143 168 144 162 145 202 141 208 138 214 138 219 140 214 143 208 142 172 198 179 195 185 193 190 194 194 192 202 194 210 195 202 201 196 203 191 204 186 204 179 203 175 199 185 198 190 198 195 197 207 196 195 198 190 199 186 199
140 161 142 174 145 188 149 201 155 214 165 224 177 232 192 235 208 232 222 225 233 215 239 201 242 186 244 171 245 156 246 140 148 130 153 124 161 123 169 124 176 128 195 127 203 122 213 120 222 122 229 128 186 138 187 147 187 155 187 165 178 174 183 176 189 178 194 175 200 173 158 144 163 141 168 141 175 143 169 145 163 145 202 142 208 139 214 139 219 141 214 143 208 143 172 198 179 195 186 193 190 194 195 192 202 193 210 195 202 199 196 201 191 202 186 202 180 201 175 198 186 197 190 198 195 197 206 195 195 197 191 198 186 197
140 160 142 174 145 188 149 201 156 214 166 224 178 232 193 235 209 232 223 225 233 214 240 201 243 186 244 170 245 155 246 140 149 129 154 124 162 122 170 125 178 128 195 127 203 123 213 120 222 121 229 126 187 139 187 147 187 156 187 165 177 174 183 176 188 177 194 175 200 172 159 145 164 143 170 143 176 144 170 145 164 146 201 143 207 142 213 142 219 142 213 144 207 144 172 199 178 193 184 190 189 191 195 190 202 191 211 195 203 202 196 206 191 207 185 207 178 205 175 199 184 196 190 196 195 195 207 196 195 200 190 201 185 201
140 161 142 175 145 189 150 203 157 216 166 227 178 235 193 237 207 234 221 227 232 216 239 202 243 187 245 171 246 155 247 139 148 131 153 125 161 123 169 125 177 128 195 127 204 123 213 120 223 122 230 128 187 139 187 148 186 156 186 165 177 173 182 175 188 177 194 175 200 172 158 146 163 145 169 144 175 144 169 146 163 147 202 143 208 142 214 143 220 143 214 145 208 145 172 199 176 191 183 188 189 189 195 187 203 190 211 196 204 206 196 209 190 210 184 210 177 207 174 198 184 193 189 193 195 193 208 196 195 202 189 203 184 203
140 162 142 176 146 190 150 203 156 216 165 226 177 235 192 238 207 235 220 227 231 217 238 204 242 189 244 173 246 157 247 141 148 131 153 125 161 123 169 125 177 128 195 127 204 123 213 121 222 122 229 127 186 139 186 148 186 156 186 165 176 173 182 175 188 177 194 175 200 172 158 146 163 145 169 144 176 145 170 147 164 148 202 144 208 143 214 143 220 144 214 145 208 145 171 198 175 190 183 186 189 188 195 186 204 189 212 195 204 206 196 210 189 211 183 210 176 207 173 198 183 192 189 193 195 192 209 196 195 202 189 203 183 202
139 162 142 176 145 190 150 203 156 215 165 226 177 234 192 237 207 234 221 227 232 216 239 203 242 188 244 173 246 157 246 141 148 131 153 125 161 123 169 125 177 129 195 127 204 123 213 121 223 122 230 127 186 139 186 148 186 156 186 165 176 172 181 175 187 177 194 174 200 172 158 146 163 145 169 144 176 145 170 147 164 147 202 143 208 142 214 143 221 143 215 145 208 145 170 197 175 189 182 186 189 187 195 186 204 188 213 195 205 206 196 209 189 210 183 210 175 207 172 197 183 192 189 192 195 191 210 195 195 202 189 202 183 202
140 162 142 175 145 189 149 202 155 214 165 224 177 232 192 235 207 232 221 225 232 215 239 202 242 188 244 172 246 157 246 141 148 131 153 125 161 123 169 125 176 128 195 127 203 123 213 120 222 122 230 126 186 139 186 147 186 156 186 164 176 172 181 174 187 176 194 174 200 172 158 146 163 145 169 144 175 145 169 147 163 148 201 143 208 142 214 142 220 143 214 145 208 145 169 196 175 188 182 186 188 187 194 185 204 188 213 194 205 204 196 208 189 208 182 208 175 205 172 196 182 191 188 191 195 191 210 194 195 200 189 201 182 200
139 162 142 175 145 189 149 202 155 213 165 223 177 231 192 234 207 231 221 224 232 214 239 202 242 187 244 172 245 157 246 142 148 131 153 125 160 123 168 124 176 127 194 126 203 122 213 120 223 122 230 127 186 139 186 148 186 156 186 164 176 172 181 174 187 176 194 174 200 171 158 146 163 145 169 144 176 145 169 147 163 148 201 144 207 142 214 142 220 143 214 145 208 145 168 195 174 188 182 185 188 186 194 185 204 188 213 193 205 203 195 206 189 207 182 206 174 204 171 195 182 191 188 191 194 190 209 193 195 199 188 199 182 199
139 161 141 174 144 187 147 200 154 212 163 221 176 229 190 231 206 229 220 222 231 213 239 200 242 186 244 171 245 156 246 141 149 130 153 125 161 123 168 124 176 127 194 126 202 122 211 120 221 121 228 126 185 139 185 147 185 155 185 163 175 171 180 174 187 176 193 174 200 171 158 146 163 144 169 144 175 145 169 146 163 147 200 143 206 142 212 142 218 143 212 145 206 145 168 194 173 187 181 185 188 186 194 185 204 187 213 192 204 201 195 205 188 205 182 205 174 202 170 194 182 190 188 190 194 190 210 192 194 198 188 199 182 199
139 161 141 174 143 187 147 200 153 211 163 220 175 227 190 230 205 227 220 221 231 212 238 200 241 187 243 172 245 157 246 142 149 129 154 124 161 122 169 124 176 127 194 126 202 122 211 120 221 121 228 125 185 139 185 147 185 155 185 163 174 171 180 173 186 175 193 173 199 170 158 146 163 144 169 143 175 145 169 146 163 147 200 144 206 142 211 142 217 143 212 145 206 145 167 193 173 187 181 185 187 186 193 185 203 187 213 192 203 200 194 202 188 203 181 203 174 201 170 193 181 190 187 190 193 189 209 192 193 196 187 196 181 196
138 161 140 173 143 186 146 199 153 210 162 219 174 226 189 229 205 227 219 221 230 212 238 200 241 187 243 172 245 157 246 142 147 128 153 123 160 121 168 123 175 126 194 125 203 121 212 119 221 120 229 125 185 138 185 146 185 154 185 162 175 170 180 173 186 175 193 173 199 170 158 145 163 143 169 143 175 144 169 146 163 146 200 143 206 142 212 142 218 143 212 144 206 144 167 192 174 187 181 184 187 186 193 184 202 187 212 191 203 199 194 201 188 202 181 201 174 199 170 192 181 189 187 189 193 189 208 191 193 195 187 196 182 195
138 161 140 174 143 188 146 200 153 211 162 220 174 227 189 229 204 227 218 221 230 213 237 200 241 187 243 172 245 157 246 142 148 130 152 124 160 122 168 123 175 126 194 125 202 121 212 119 221 122 228 127 185 138 185 146 185 154 185 162 175 170 180 173 186 174 193 172 199 170 157 145 163 143 168 142 175 144 169 145 163 146 200 142 206 141 212 141 218 142 212 144 206 144 167 193 173 187 181 184 187 185 193 184 202 187 212 191 202 199 194 201 187 202 181 201 174 199 170 193 181 189 187 189 193 189 208 192 193 194 187 195 181 194
139 161 141 175 144 188 147 201 153 212 163 222 175 229 189 231 204 229 218 223 229 214 237 202 241 188 243 173 245 157 246 142 148 129 153 123 160 121 168 123 176 126 194 125 202 121 212 119 221 121 228 127 185 137 185 145 185 153 185 162 175 170 180 173 186 174 193 172 199 170 158 144 163 142 168 141 175 143 169 144 163 145 201 142 207 140 212 140 218 142 212 143 207 143 167 194 174 187 181 184 187 186 193 184 203 187 212 193 203 201 194 203 188 204 181 203 174 201 170 194 181 189 187 190 193 189 209 193 193 196 187 197 181 196
138 160 141 175 144 188 148 201 154 213 163 223 175 230 190 233 204 231 218 225 230 215 238 202 241 187 244 172 245 156 246 140 146 129 151 123 159 121 167 123 175 126 194 125 202 121 212 119 221 120 229 124 185 137 185 146 185 154 185 163 175 171 181 173 186 175 193 173 199 171 155 143 160 141 166 141 173 142 167 144 161 144 201 141 207 139 213 139 219 141 213 142 207 142 169 195 174 188 181 185 187 187 194 185 202 188 211 194 203 203 194 205 188 205 181 205 174 203 171 195 181 190 188 191 194 190 208 194 194 198 188 198 181 198
139 162 141 175 145 189 148 202 155 213 164 223 176 230 191 233 206 230 220 224 231 214 238 201 241 187 244 172 245 157 247 141 146 130 151 124 160 122 168 124 176 127 194 125 202 121 212 119 222 121 229 126 185 137 185 146 185 154 185 163 176 172 181 174 187 176 193 174 198 171 156 143 161 140 167 140 174 142 167 144 161 145 201 141 207 138 213 138 219 140 214 142 207 142 169 196 175 190 182 187 188 188 193 187 201 189 210 194 202 201 194 204 188 204 182 204 176 202 172 196 182 191 188 191 193 191 207 194 194 197 188 198 182 198
138 160 141 173 144 187 148 200 154 212 164 222 176 229 191 232 207 229 221 223 232 212 238 199 242 185 244 170 244 155 245 140 146 129 152 123 160 122 168 124 175 126 194 125 203 121 212 119 221 121 229 126 185 137 185 146 185 155 186 163 177 172 182 175 187 176 193 174 199 171 156 142 160 140 167 139 174 142 167 144 161 144 201 141 207 138 213 138 219 140 214 142 207 142 170 195 177 192 184 189 189 190 193 189 201 190 210 193 201 197 194 199 189 200 184 199 178 199 173 195 184 194 189 194 194 193 206 193 194 195 189 195 184 195
138 159 141 172 144 186 148 199 154 211 164 221 177 228 192 231 207 228 221 222 232 212 239 199 242 185 244 169 245 154 245 139 146 128 152 123 159 122 168 123 176 126 194 125 203 121 212 119 222 120 230 125 185 137 186 146 186 155 186 163 177 172 182 175 188 176 193 174 199 171 156 142 161 139 167 138 174 142 167 143 161 144 201 141 207 137 214 137 220 139 214 142 208 142 171 195 178 192 184 190 189 190 194 189 201 191 209 193 201 197 195 198 190 199 185 198 179 198 174 195 184 194 189 194 194 193 206 193 194 193 189 194 185 193
138 159 141 172 145 186 149 199 155 211 165 222 177 230 192 232 207 230 220 223 232 213 238 199 242 185 244 170 245 154 245 139 145 128 151 122 159 121 167 123 176 126 194 125 203 121 212 119 222 121 231 125 185 137 186 146 186 154 187 163 178 173 183 175 188 176 194 174 199 171 155 141 160 137 167 137 174 142 167 143 160 143 202 140 208 136 214 136 220 139 215 142 208 142 172 196 178 193 185 189 189 190 194 188 201 191 209 194 202 201 195 203 190 204 185 203 179 201 175 196 185 194 190 194 194 194 205 194 194 197 190 197 185 197
138 159 141 173 145 187 150 200 157 212 167 222 179 231 193 233 208 230 221 223 232 212 239 199 242 184 244 168 244 153 245 138 145 126 151 122 159 121 168 123 176 126 195 125 203 121 212 119 222 120 230 124 186 137 186 146 187 154 187 163 178 173 183 175 188 176 194 174 199 171 155 140 160 137 167 137 174 141 167 143 160 143 202 140 208 136 215 136 221 139 215 142 208 142 173 198 179 193 185 189 190 190 194 188 202 191 209 195 203 203 196 207 191 207 186 207 179 204 176 198 186 195 190 195 194 194 205 195 195 199 191 199 186 199
138 159 142 172 145 187 150 200 157 212 167 223 179 231 193 234 208 231 221 224 231 213 238 199 241 185 243 169 244 154 245 139 145 127 151 122 160 121 168 123 176 125 195 125 203 121 212 119 222 120 230 125 186 137 186 146 187 154 187 163 178 173 183 175 188 176 194 174 199 172 154 141 160 137 167 137 174 141 167 143 159 143 202 140 208 136 215 136 221 139 215 142 208 142 173 198 179 193 185 189 190 190 194 188 202 191 208 195 203 204 196 208 191 209 186 208 179 205 177 198 186 195 190 195 194 194 205 195 195 199 191 200 186 200
139 159 142 173 145 187 150 200 156 212 166 223 179 231 193 234 207 231 221 223 231 213 238 199 241 185 243 169 244 154 245 139 146 128 152 123 160 122 168 123 176 126 195 125 203 121 213 119 223 120 231 125 186 137 187 146 187 155 188 164 179 173 183 175 189 176 194 174 199 172 156 142 161 138 167 138 174 142 168 143 161 144 202 141 208 137 214 136 220 139 215 142 208 142 173 198 179 194 186 190 190 191 194 190 201 192 208 195 202 203 195 206 191 207 186 207 180 204 177 198 186 196 190 197 194 196 205 195 194 198 190 199 186 199
139 160 142 174 146 188 150 201 156 213 166 222 179 230 194 233 209 229 222 223 233 212 239 199 242 185 244 169 245 154 245 139 147 129 152 123 160 122 169 123 177 126 195 125 204 122 213 119 223 120 231 125 186 137 187 146 187 155 188 164 179 173 184 175 189 176 195 174 200 172 157 142 161 138 168 138 175 142 168 143 161 144 202 140 208 136 214 136 220 139 215 142 208 142 173 197 180 195 186 192 190 193 194 191 202 193 210 194 203 200 196 203 192 204 187 203 181 202 176 197 186 197 191 197 195 196 206 194 195 197 191 197 187 197
139 158 142 172 146 186 150 199 156 211 166 221 179 229 193 232 208 229 222 222 232 212 239 199 242 184 244 169 245 154 246 138 147 128 153 123 161 122 169 124 177 127 196 126 204 122 214 120 223 121 231 126 187 137 187 146 188 155 188 164 178 173 183 175 189 176 195 174 201 172 157 142 162 139 168 139 175 142 169 143 162 144 202 141 208 137 215 137 221 140 215 142 209 142 172 197 179 194 186 191 191 193 195 191 203 192 211 194 204 200 197 203 192 204 187 203 180 202 175 197 186 196 191 196 196 195 208 194 196 197 191 198 186 198
140 161 143 175 146 188 150 201 157 213 166 223 179 231 193 233 209 230 222 223 233 213 240 200 243 186 245 171 246 156 247 141 148 130 153 124 161 122 170 124 177 127 195 126 204 122 213 120 223 122 230 127 187 138 187 147 187 155 187 164 177 173 182 175 188 176 195 174 200 172 159 144 164 142 170 141 176 143 170 145 164 145 203 142 208 140 214 140 220 142 214 143 208 143 172 198 178 192 184 189 190 190 195 189 203 191 211 195 204 202 196 205 191 206 185 206 178 204 175 198 184 194 190 195 195 194 208 195 196 199 190 200 185 199
140 161 143 175 146 189 150 202 157 214 166 224 179 231 193 234 209 231 222 224 233 214 240 201 243 187 245 171 246 156 247 141 149 131 154 124 162 122 170 124 178 127 195 126 204 122 214 120 223 122 230 128 187 138 187 147 187 155 187 164 177 172 182 175 188 176 194 174 200 172 159 145 164 143 170 143 176 143 170 145 165 146 202 142 208 142 214 142 220 143 214 144 208 144 172 198 177 190 184 187 189 188 195 187 204 190 212 195 205 203 197 205 190 206 184 206 177 204 175 197 184 193 190 193 196 192 208 195 196 198 190 199 184 198
140 162 143 176 146 190 151 203 157 214 167 224 179 232 193 234 208 231 221 224 232 214 239 201 243 187 245 172 246 156 247 141 148 131 153 125 161 122 170 124 178 128 195 127 204 122 214 120 223 122 230 128 187 138 187 147 187 155 187 164 177 172 182 175 188 176 195 174 200 172 159 145 164 143 169 142 176 143 170 145 164 145 202 142 209 141 214 141 220 142 214 144 208 143 171 197 176 189 183 186 189 188 196 186 204 189 213 194 205 203 197 206 190 207 184 206 177 204 174 197 184 192 190 192 196 192 209 195 196 198 190 199 184 199
139 162 143 176 146 190 150 203 156 214 166 224 178 232 193 234 208 231 221 224 232 214 239 202 243 188 245 172 246 157 247 141 148 131 153 125 161 123 169 125 177 128 195 127 204 123 213 121 223 122 230 127 187 138 187 147 187 156 187 164 177 172 182 175 188 176 194 174 200 172 157 144 162 142 168 141 174 143 169 145 163 145 202 142 208 140 214 140 220 142 214 143 208 143 170 197 176 189 183 186 189 188 195 186 204 189 212 194 205 203 196 206 190 206 183 206 176 204 173 196 183 192 189 192 196 192 209 194 196 198 189 199 183 198
139 162 143 176 146 190 150 203 156 214 166 224 179 231 193 234 208 231 221 224 232 214 239 201 242 187 244 172 246 157 247 141 146 130 152 124 161 123 169 125 177 128 195 127 204 123 213 120 223 122 231 127 187 138 187 147 187 156 187 165 177 172 182 175 188 176 194 174 200 172 157 144 162 141 168 140 174 143 168 145 162 145 202 142 209 139 215 139 221 141 215 143 209 143 170 196 176 190 183 187 189 188 195 187 204 189 212 194 205 202 196 205 190 206 183 206 176 204 173 196 183 192 189 193 196 192 209 194 196 197 189 198 183 198
139 162 142 176 146 190 150 203 156 214 166 223 178 231 192 233 207 230 221 223 232 214 239 201 242 187 244 172 245 156 246 141 147 129 153 124 161 123 169 125 176 128 195 127 204 123 213 121 222 122 230 126 186 139 187 147 186 156 186 165 177 173 182 175 188 176 194 174 199 172 157 144 162 140 168 140 174 143 168 145 162 145 202 142 208 138 214 138 220 141 215 143 208 143 170 196 176 190 183 187 189 188 195 187 204 189 212 194 204 203 196 206 190 206 183 206 176 204 172 196 183 193 189 193 195 192 209 194 195 198 189 199 183 198
139 162 142 176 145 190 149 202 155 214 165 223 177 231 192 233 207 230 221 223 232 214 239 201 242 188 244 172 245 157 246 141 147 130 152 124 161 123 169 125 176 128 195 127 203 123 213 120 222 122 230 127 186 138 186 147 186 156 186 165 177 173 182 175 187 176 193 174 199 172 157 143 161 140 168 140 174 143 168 145 162 145 202 142 208 138 214 138 220 141 215 143 208 143 170 196 175 190 182 187 189 188 195 187 203 189 212 194 204 202 196 205 189 205 183 205 176 203 172 196 183 192 189 193 195 192 209 194 195 197 189 197 183 197
138 161 141 175 144 189 148 202 154 213 164 223 176 230 191 232 206 230 220 223 231 214 238 201 241 187 243 172 245 156 246 141 147 130 153 124 161 123 169 125 176 128 195 127 203 123 213 120 222 122 230 127 186 138 186 147 186 156 186 165 176 173 182 175 187 176 193 174 199 172 156 143 161 140 167 139 174 143 168 145 161 145 202 142 207 138 214 137 220 140 215 143 208 143 169 196 175 190 182 187 188 189 195 187 203 189 212 194 204 201 196 204 189 204 183 204 175 202 172 196 182 193 189 193 195 192 208 194 195 196 189 197 182 197
138 161 141 175 144 188 148 201 154 212 163 222 175 229 190 231 205 229 219 223 230 214 237 201 241 188 243 172 245 157 245 141 146 129 152 124 160 123 168 125 176 128 195 126 203 123 213 120 222 121 230 127 186 138 186 147 186 156 186 165 176 173 181 175 187 177 193 175 199 172 156 143 161 139 167 139 174 143 167 144 161 145 201 142 207 138 213 137 220 140 214 143 207 143 169 196 175 190 182 187 188 188 194 187 202 189 211 193 203 201 195 203 189 204 183 204 175 202 171 196 182 193 188 193 194 192 208 194 194 196 188 197 182 197
138 160 141 174 144 188 147 201 153 212 163 222 175 229 190 231 205 229 219 222 230 213 237 201 240 187 243 172 244 156 245 141 145 129 151 123 160 122 168 124 175 127 195 126 204 122 213 120 223 122 231 127 186 138 186 147 186 156 186 165 176 173 181 175 187 177 193 175 199 172 155 141 160 138 167 138 174 143 167 144 160 144 201 142 207 137 214 137 220 140 215 143 208 143 169 195 175 190 182 187 188 188 194 187 203 189 211 194 203 201 195 203 189 204 182 203 175 201 171 195 182 193 188 193 194 193 208 194 195 196 188 196 182 195
138 159 141 173 143 187 146 200 152 211 162 221 175 228 190 231 205 228 219 222 230 212 237 200 240 186 243 171 244 155 245 140 145 129 151 123 160 122 168 124 176 128 195 126 203 122 213 120 223 122 230 127 186 138 186 147 186 156 186 165 176 173 181 175 187 177 193 175 199 173 154 141 159 138 167 138 174 143 167 144 160 144 201 142 207 137 214 137 220 140 215 143 208 143 168 195 175 190 182 187 188 189 194 187 202 190 211 194 203 201 195 203 188 204 182 203 175 201 171 195 182 193 188 193 194 192 208 194 194 196 188 197 182 196
138 160 141 174 143 188 147 201 153 212 162 221 174 228 189 231 204 229 218 222 229 213 237 201 240 187 242 171 244 156 245 140 145 128 152 123 160 122 168 124 176 128 194 126 203 122 213 120 222 122 231 126 186 138 186 147 186 156 185 165 176 173 181 175 187 177 193 175 198 172 154 141 159 137 166 138 174 143 166 144 159 144 201 142 207 137 215 137 221 140 215 143 208 143 168 196 175 190 182 187 188 189 194 187 202 190 211 194 202 201 195 203 188 204 182 203 175 202 171 196 182 193 188 193 194 193 208 194 194 196 188 196 182 196
138 160 141 173 143 187 147 200 152 211 162 221 174 228 189 231 204 229 218 222 229 213 237 200 240 186 242 171 244 156 245 141 144 129 151 124 159 122 168 124 176 127 194 126 203 122 213 120 222 122 230 127 186 138 186 147 186 156 186 165 176 173 181 175 187 176 193 175 199 172 154 142 159 138 166 138 173 143 166 144 159 144 201 142 207 137 214 137 220 140 214 143 208 143 168 196 175 190 182 188 188 189 193 187 202 190 210 194 202 202 194 205 188 205 182 205 175 203 171 196 182 193 188 193 193 192 207 195 194 199 188 199 182 199
138 160 141 174 144 187 147 200 153 212 163 221 175 228 189 231 205 229 218 223 230 213 237 201 240 187 242 172 244 156 246 141 147 129 153 124 161 123 169 125 176 128 194 127 202 123 212 121 222 122 230 127 185 138 185 147 185 156 185 164 176 173 181 175 186 176 192 175 198 172 155 143 160 140 167 139 174 143 167 145 160 145 201 142 207 138 214 138 220 141 214 143 207 143 169 196 175 191 182 188 187 189 193 188 200 190 209 194 201 201 193 203 188 204 182 203 175 202 171 196 182 193 188 193 193 193 206 195 193 197 188 197 182 197
139 160 141 173 144 186 147 199 153 211 162 221 175 228 189 231 204 229 218 223 229 214 237 201 240 187 242 172 244 157 245 141 147 129 153 124 160 123 168 125 176 128 194 126 203 123 212 121 221 122 230 126 185 138 185 147 185 156 185 164 176 173 181 175 186 177 193 175 198 172 156 143 161 140 167 140 174 143 167 145 161 145 201 142 207 138 213 138 219 140 214 143 207 143 169 196 175 191 182 188 188 189 193 188 201 190 209 194 201 201 194 203 188 204 182 203 176 201 172 196 182 193 188 193 193 193 206 195 193 198 188 198 182 198
138 159 141 173 144 186 147 199 153 211 163 221 175 228 189 231 204 229 218 222 230 213 237 201 241 187 243 172 245 156 246 141 146 130 152 124 160 123 168 125 176 128 195 126 203 122 213 120 222 122 230 127 186 138 186 147 185 156 185 165 176 173 181 175 187 177 193 175 198 172 156 143 161 140 167 140 174 143 167 145 161 145 201 142 207 138 214 138 220 141 214 143 208 143 170 196 176 191 182 188 188 189 193 188 200 190 209 194 201 201 194 203 188 203 182 203 176 201 173 196 183 193 188 193 193 193 205 195 193 197 188 198 183 197
139 160 141 173 144 186 147 200 154 212 164 221 176 228 190 230 205 228 219 222 231 213 238 200 241 186 243 171 245 156 246 141 147 130 153 125 161 123 169 125 176 128 194 126 203 123 213 121 222 122 230 127 186 138 186 147 186 156 185 164 176 173 181 175 187 176 193 175 198 172 157 144 161 140 167 140 174 143 168 145 161 146 201 142 207 138 213 138 220 140 214 143 207 143 170 196 176 191 183 188 188 189 193 188 200 190 209 194 201 200 194 202 188 203 183 202 177 201 173 196 183 193 188 193 193 193 205 195 193 197 188 198 183 197
139 159 141 173 144 187 147 200 153 211 163 221 175 228 190 230 205 228 219 222 230 212 237 200 241 186 243 171 244 156 245 141 147 130 153 124 161 123 169 125 176 128 194 126 203 123 213 120 222 122 230 127 186 139 186 147 186 156 186 164 176 173 181 175 187 176 193 175 199 172 156 143 161 140 167 140 174 143 167 144 161 145 202 142 207 138 214 138 220 140 214 143 208 143 170 197 177 191 183 188 188 189 194 188 201 190 209 194 201 200 194 202 189 203 183 203 177 201 173 196 183 193 188 193 194 193 206 195 194 197 188 198 183 197
138 160 141 173 144 186 148 200 154 211 164 221 176 228 190 230 205 228 219 222 230 213 238 200 241 186 243 171 245 156 246 141 147 130 153 124 161 123 169 125 177 128 194 127 203 123 212 121 222 122 230 126 186 139 186 147 186 156 185 165 177 173 182 175 187 177 193 175 198 172 156 144 161 140 167 140 174 143 167 145 161 146 201 142 207 138 214 138 220 141 214 143 208 143 171 197 177 192 183 189 188 190 193 188 201 190 209 194 201 200 194 202 189 203 183 202 177 201 174 197 183 193 188 194 194 193 206 195 194 197 189 197 183 197
139 162 142 175 145 188 148 201 154 212 164 222 177 228 191 231 206 229 219 223 231 213 238 201 241 187 244 172 245 157 246 142 147 130 153 124 161 123 169 125 176 127 195 126 203 123 212 121 222 121 230 126 186 139 186 147 186 156 186 164 177 173 182 176 187 177 193 175 198 173 157 144 161 140 167 140 174 144 168 145 162 146 202 142 207 138 214 138 220 141 214 143 208 143 171 197 177 192 183 189 188 190 193 188 201 191 209 195 201 200 194 202 189 203 184 203 177 202 174 197 184 194 189 194 194 194 206 195 194 197 189 198 184 197
139 161 141 174 144 187 148 200 154 212 164 221 176 229 190 231 205 229 219 223 230 213 238 201 241 187 243 172 244 157 245 142 147 130 153 124 160 123 169 125 176 128 194 127 203 123 212 121 222 122 230 127 186 139 186 147 186 156 186 164 177 174 182 176 187 177 193 175 199 173 157 144 161 140 167 140 174 144 167 145 161 146 202 142 207 138 214 138 220 141 214 143 208 143 171 198 177 192 184 189 189 190 194 188 201 191 209 195 201 200 194 202 189 203 184 202 178 202 174 197 184 194 189 194 194 194 206 195 194 197 189 198 184 198
138 161 142 174 145 188 149 201 155 212 165 222 177 228 191 231 206 228 219 222 230 213 238 201 241 187 243 172 245 157 246 142 146 129 152 124 160 123 168 125 176 127 195 126 203 122 213 120 222 121 230 126 186 139 186 147 186 156 186 165 177 174 182 176 187 177 193 175 199 173 156 144 160 140 167 140 174 144 168 146 161 146 202 142 207 138 214 138 220 141 215 144 208 144 171 198 177 192 184 189 189 190 194 188 201 191 209 195 202 200 195 202 190 203 184 203 178 202 174 198 184 195 189 195 194 194 206 195 194 197 189 197 184 197
138 160 141 174 145 187 148 200 155 212 165 221 177 228 191 231 206 229 219 222 231 213 238 201 241 187 243 172 245 157 246 141 146 129 152 124 160 123 169 125 177 128 195 127 203 123 213 121 222 122 231 126 186 139 186 147 186 156 186 164 177 174 182 176 187 177 193 175 199 173 156 144 161 140 167 140 174 144 168 145 161 146 202 142 207 138 214 138 220 141 215 143 208 143 171 198 177 192 184 189 189 190 194 188 201 191 209 195 202 200 195 202 190 203 184 203 178 202 174 197 184 195 189 195 194 194 206 195 194 197 189 197 184 197
139 159 141 172 144 186 147 199 153 211 164 221 176 228 190 231 205 229 219 223 231 213 238 200 241 186 243 171 244 155 245 140 147 129 152 124 160 123 168 125 176 127 195 126 204 123 213 120 223 122 231 127 186 138 186 147 186 155 186 164 177 174 182 176 187 177 193 175 199 173 156 143 160 139 167 139 174 143 167 144 161 145 202 142 208 138 214 138 220 140 215 143 208 143 171 198 177 192 184 189 189 190 194 189 201 191 209 195 202 200 195 202 189 203 184 202 178 202 174 197 184 195 189 195 194 194 206 195 194 197 189 197 184 197
138 160 141 173 144 187 148 200 155 212 165 221 177 228 191 231 206 229 219 222 231 213 238 201 241 187 243 172 245 157 246 141 147 129 153 124 161 123 169 124 177 127 195 126 204 122 213 120 222 121 230 126 186 138 186 147 186 155 186 164 178 173 182 175 188 177 193 175 198 172 157 143 161 139 168 139 174 143 168 144 162 145 202 142 207 137 214 137 220 140 215 143 208 143 172 198 178 192 184 189 189 190 194 188 201 191 209 195 202 200 195 202 190 203 185 203 178 202 175 197 184 195 189 195 194 194 206 195 194 197 189 197 185 197
138 161 141 174 145 188 149 201 155 212 165 221 177 229 191 231 206 229 219 222 231 213 238 201 241 187 243 172 244 157 245 142 146 128 152 123 160 122 168 124 176 127 195 126 204 122 213 120 222 121 231 126 186 138 186 147 187 155 187 163 178 173 183 175 188 176 194 175 199 172 156 143 161 138 168 138 174 143 168 144 161 145 202 142 208 137 214 136 220 140 215 143 208 143 171 198 178 192 185 189 189 190 194 189 201 191 209 195 202 200 195 202 190 203 185 203 178 202 174 197 185 195 190 195 194 194 206 195 194 197 190 197 185 197
138 160 141 173 144 187 148 200 154 211 164 221 176 228 190 231 205 229 219 223 230 213 237 201 241 187 243 172 244 157 245 141 146 128 152 123 160 122 168 124 176 127 195 126 204 122 213 120 222 122 231 126 186 138 186 147 186 155 187 164 178 173 182 175 188 177 193 175 198 172 156 142 160 138 167 137 174 143 167 144 160 144 202 142 207 137 214 136 220 140 215 143 208 143 171 197 177 192 184 189 189 190 194 189 201 191 209 195 202 200 195 202 190 203 184 203 178 202 174 197 184 195 189 195 194 194 206 195 194 197 189 197 184 197
138 161 141 174 145 188 148 201 155 212 164 221 177 228 191 231 206 228 220 222 231 212 238 200 241 186 243 171 245 156 246 141 146 128 152 123 160 122 169 124 176 127 195 126 204 122 213 120 222 121 231 126 186 138 186 147 186 155 186 164 178 173 182 175 188 177 193 175 199 172 156 142 160 138 167 138 174 143 167 144 161 145 202 142 208 137 215 136 221 140 215 143 208 143 171 198 178 192 184 189 189 190 194 189 201 191 209 195 202 201 195 203 190 204 185 203 178 202 174 197 185 195 189 195 194 195 206 195 194 197 190 197 185 197
138 161 141 174 144 187 148 201 154 212 164 221 176 228 191 231 206 229 219 222 231 213 238 200 241 187 243 172 245 156 245 141 146 129 152 123 160 122 168 124 176 127 194 126 203 122 212 120 222 121 230 126 186 138 186 146 186 155 186 163 178 173 182 175 188 176 193 175 198 172 156 142 161 138 167 138 174 143 168 144 161 145 202 141 207 137 214 136 220 140 215 143 208 143 171 198 178 192 184 189 189 190 194 189 201 191 209 195 201 200 195 202 190 203 185 203 178 202 174 197 184 195 189 195 194 194 205 195 194 197 190 197 185 197
138 160 141 173 144 187 148 200 154 212 164 221 176 229 191 231 205 229 219 223 230 213 237 201 241 186 243 171 244 156 245 141 145 128 152 123 160 122 168 124 176 127 195 126 203 122 212 120 222 121 230 126 186 138 186 147 186 155 186 164 177 173 182 175 188 177 193 175 198 172 156 142 160 138 167 137 174 142 167 144 160 144 202 141 207 137 214 136 220 140 215 143 208 143 171 198 178 192 184 189 189 190 194 189 201 191 209 195 202 200 195 202 190 203 184 203 178 202 174 197 184 195 189 195 194 194 206 195 194 197 189 197 184 197
