116 161 119 177 121 193 125 209 132 223 143 234 157 242 173 245 189 243 203 236 214 225 221 211 225 196 229 181 232 165 234 149 128 128 137 123 146 123 155 127 164 131 184 132 193 128 203 127 213 128 221 134 173 144 173 154 173 163 173 173 161 182 166 184 173 186 179 185 185 182 140 144 146 141 153 142 159 147 152 148 145 148 189 148 196 144 203 144 209 148 203 151 196 150 153 208 160 202 168 200 173 201 178 200 185 203 192 208 185 214 178 217 173 217 167 216 160 214 156 208 167 205 173 206 178 205 189 208 178 210 173 210 167 210
116 161 119 176 121 193 125 209 132 223 143 234 156 243 172 246 188 244 202 237 213 226 220 212 225 197 228 181 232 165 234 149 129 127 137 123 146 123 155 127 163 131 184 132 194 128 203 127 213 128 221 133 173 144 173 154 172 163 172 173 161 182 166 184 172 186 178 185 184 182 140 144 145 141 153 142 159 147 152 148 144 148 189 148 196 144 203 144 209 148 203 151 196 151 152 208 160 203 167 200 173 201 178 200 185 203 192 208 185 215 178 217 172 218 167 217 159 215 156 208 167 206 172 206 178 205 189 208 178 211 173 211 167 210
116 161 118 177 121 193 125 209 132 223 143 234 156 243 172 246 188 244 202 237 213 226 220 212 224 197 228 181 231 165 233 149 128 128 136 123 146 123 154 127 163 131 184 132 194 129 203 127 213 128 221 133 173 144 173 154 172 163 172 173 160 182 166 185 172 187 178 185 184 182 140 145 145 141 153 142 159 147 152 148 145 148 189 148 195 144 203 144 209 148 203 151 195 150 152 208 160 203 168 200 173 201 178 200 185 203 192 208 185 215 178 217 172 218 167 217 159 215 156 208 167 206 173 206 178 206 188 208 177 210 173 211 167 210
116 162 118 177 121 193 125 209 132 223 143 234 156 243 172 246 188 244 202 236 213 225 220 212 224 197 228 181 231 165 233 149 128 128 136 123 146 124 155 127 163 131 184 132 194 129 203 127 213 128 221 134 173 145 173 154 172 163 172 173 160 182 166 185 172 187 178 185 184 182 139 145 145 141 152 142 159 147 152 148 144 148 189 148 196 144 203 144 209 148 203 151 196 151 152 208 159 203 167 200 172 201 178 200 185 203 192 208 185 215 178 217 172 218 166 217 159 215 155 208 167 206 172 206 177 206 188 208 177 210 172 211 167 210
115 162 118 178 120 193 124 209 132 223 143 234 156 243 172 246 188 244 202 236 214 225 221 211 224 196 228 181 231 165 233 149 127 128 135 123 145 124 154 127 163 131 184 132 193 129 203 127 213 129 220 135 173 145 172 154 172 163 172 173 160 182 166 185 172 187 178 185 184 182 139 144 145 141 152 141 158 147 151 148 144 148 188 148 195 144 202 144 208 148 203 151 195 151 152 208 159 203 167 200 172 202 177 200 185 203 192 208 184 215 177 217 172 218 166 217 159 215 155 208 167 206 172 207 177 206 188 208 177 210 172 211 166 210
115 162 118 177 120 193 124 209 131 223 142 234 155 243 171 246 188 244 202 236 213 225 220 211 224 196 228 181 231 165 233 149 127 128 135 123 145 124 154 127 163 131 184 132 193 129 203 127 213 128 220 134 172 144 172 154 172 164 171 173 160 182 165 185 171 187 178 185 183 182 139 144 145 141 152 142 158 147 151 148 144 148 188 148 195 144 202 144 208 148 202 151 195 150 151 208 159 203 167 200 172 202 177 200 184 203 191 208 184 215 177 218 172 218 166 217 159 215 155 208 166 206 172 206 177 206 188 208 177 211 172 211 167 210
115 161 118 177 120 193 124 209 131 223 142 234 155 243 171 246 187 244 201 236 213 225 220 211 224 196 228 181 231 165 233 149 126 128 135 123 145 124 154 127 163 131 183 132 193 129 203 127 213 128 220 134 172 144 172 154 171 164 171 173 160 182 165 185 171 187 177 185 183 183 139 144 144 141 152 142 158 147 151 148 144 148 188 149 195 144 202 144 208 148 202 151 195 151 151 208 159 203 166 200 172 201 177 200 184 203 191 208 184 215 177 218 171 218 166 218 158 215 155 208 166 206 171 206 177 206 187 208 177 211 171 211 166 211
115 161 117 177 120 193 124 209 131 223 142 234 155 243 171 246 187 244 201 236 213 225 220 211 224 196 228 181 231 165 233 149 126 129 134 123 144 123 153 127 162 131 183 132 193 129 203 127 213 129 220 135 172 144 172 154 171 163 171 173 159 182 165 185 171 187 177 185 183 183 139 144 145 141 152 142 158 147 151 148 144 148 188 148 195 144 202 144 208 148 202 151 195 151 151 208 158 203 166 200 171 201 177 200 184 203 191 208 184 215 177 218 171 218 165 217 158 215 154 208 166 206 171 206 177 206 187 208 176 211 171 211 166 211
115 162 118 178 120 194 125 209 132 223 142 234 155 243 171 246 187 244 202 236 213 225 220 211 224 196 228 180 231 165 233 149 126 128 135 123 145 123 154 127 162 131 183 132 193 129 203 127 213 128 220 135 172 145 172 154 171 164 171 173 159 182 165 185 171 187 177 185 183 183 139 144 144 141 152 142 158 147 151 148 143 148 188 149 194 144 202 144 208 148 202 151 195 151 151 208 158 203 166 200 171 201 177 200 184 203 191 208 184 215 177 217 171 218 165 217 158 215 155 208 166 206 171 206 176 206 187 208 176 211 171 211 166 211
115 162 118 178 120 194 124 209 131 223 142 234 155 243 171 246 187 244 202 236 213 225 220 211 224 196 228 180 231 165 233 149 126 128 135 123 145 124 154 127 162 132 183 133 192 129 202 127 212 128 220 134 172 145 172 154 171 164 171 173 159 182 165 185 171 187 177 185 183 183 138 144 144 141 151 142 158 148 150 148 143 148 188 149 194 144 202 144 208 148 202 151 194 151 151 208 158 203 166 200 171 201 177 200 184 203 191 208 184 215 177 218 171 218 165 218 158 215 154 208 166 206 171 206 177 206 187 208 176 211 171 211 166 211
115 162 117 177 120 194 124 209 131 223 141 234 155 243 171 246 187 244 201 237 212 226 220 212 224 197 227 182 231 166 233 150 126 128 134 123 144 124 153 127 162 131 183 132 193 129 202 127 212 129 220 134 172 145 171 154 171 164 171 173 159 182 164 185 170 187 177 185 183 183 138 144 144 141 151 142 157 147 150 149 143 148 188 149 194 144 202 144 208 148 202 151 194 151 151 208 158 202 166 200 171 201 176 200 184 203 191 208 184 215 176 218 171 218 165 217 157 215 154 208 165 206 171 206 176 206 187 208 176 211 171 211 165 211
115 162 117 178 120 194 124 209 131 223 141 234 155 243 170 246 186 244 201 236 212 225 220 212 224 197 228 181 231 165 233 149 126 128 135 124 144 124 153 127 162 131 183 132 192 129 202 127 212 129 220 134 172 145 171 155 171 164 170 174 158 182 164 185 170 187 177 185 183 183 138 144 144 141 151 142 157 147 150 148 143 148 187 149 194 144 201 145 207 148 201 151 194 151 150 208 157 202 165 199 170 201 176 200 183 203 191 208 183 215 176 218 170 219 164 218 157 215 153 208 165 205 170 206 176 205 187 208 176 211 170 212 164 211
115 160 117 176 119 192 123 208 130 222 141 234 154 243 170 247 186 244 200 237 212 225 219 212 223 197 227 181 231 165 233 149 125 128 133 123 144 124 153 127 162 132 182 133 192 129 202 127 212 129 220 135 171 145 171 155 170 164 170 174 158 182 163 185 170 187 176 185 182 183 137 144 144 141 151 142 157 147 150 148 142 148 187 149 194 144 201 144 207 148 201 151 194 151 149 207 156 202 164 199 170 201 175 200 183 203 191 208 183 216 175 218 169 219 163 218 156 215 152 208 164 204 170 205 175 205 187 208 175 212 170 212 164 211
114 161 117 177 119 193 123 209 130 223 140 235 153 244 169 247 185 245 200 237 211 226 219 212 223 198 227 182 230 166 232 149 125 128 133 123 143 124 152 127 161 131 181 132 191 129 201 127 211 129 219 135 170 145 170 155 169 164 169 174 157 182 163 185 169 187 175 185 181 183 137 144 143 141 150 142 156 147 149 149 142 148 186 149 193 144 200 144 207 148 201 151 193 151 148 207 155 201 163 198 169 200 175 199 183 202 191 208 183 216 175 220 168 220 162 219 154 216 151 207 163 203 169 204 175 204 187 208 174 213 169 213 163 212
114 160 116 177 119 193 122 209 129 223 139 235 151 245 167 249 184 247 198 239 210 227 218 213 223 198 226 182 230 166 232 149 124 129 132 123 143 123 152 127 161 131 181 132 191 129 201 127 212 129 219 135 170 144 170 154 169 164 168 174 156 182 162 185 168 187 175 185 181 183 136 144 143 141 150 141 156 147 149 148 142 147 186 148 193 144 200 144 206 148 200 151 193 150 147 207 154 200 162 198 168 200 174 199 183 202 191 208 183 217 174 220 168 220 161 219 153 216 150 207 162 203 168 204 174 204 187 208 174 212 168 212 162 211
114 161 116 178 119 194 123 210 129 225 138 237 151 246 167 251 183 248 198 240 210 229 217 214 222 199 226 183 230 166 232 149 124 128 132 123 142 123 151 127 160 131 181 132 191 129 201 127 211 129 218 135 169 144 169 154 168 164 168 174 156 181 161 184 168 187 175 185 181 183 136 144 142 142 149 142 155 147 148 148 141 147 186 148 192 145 199 146 206 149 199 151 192 151 146 207 153 200 162 197 168 199 174 198 183 202 191 209 182 219 173 222 167 222 160 221 152 217 149 207 161 203 168 204 174 204 187 209 173 213 167 213 161 212
113 162 116 179 118 195 122 211 129 226 139 238 151 247 167 252 183 249 198 241 209 230 217 215 222 199 226 183 229 165 231 148 125 129 133 124 142 124 151 127 159 132 180 133 189 129 200 127 210 129 217 135 169 145 169 155 168 164 167 174 155 182 161 185 167 187 174 185 181 183 136 146 142 145 149 145 155 148 148 149 142 149 185 150 192 148 199 149 205 151 198 153 191 152 146 207 153 200 161 198 167 200 173 199 182 203 190 210 182 220 173 223 166 223 159 222 152 217 149 207 161 203 167 204 173 204 187 210 173 214 166 214 160 213
113 162 115 177 118 194 121 209 128 224 138 236 151 246 167 250 184 248 199 239 210 228 218 213 222 197 226 181 229 165 230 148 125 129 133 125 142 124 151 127 160 132 180 133 189 129 199 127 209 129 217 135 169 146 169 155 168 165 168 174 156 182 161 185 168 188 174 186 180 183 136 149 142 147 149 147 156 149 149 151 142 151 184 150 190 149 197 149 204 151 197 154 190 153 147 208 154 202 162 200 167 202 173 201 181 204 189 210 180 219 172 222 167 222 160 221 153 217 150 208 161 206 167 206 173 206 184 210 172 213 167 213 161 213
113 160 115 175 118 192 121 208 128 222 138 235 151 244 167 248 184 246 199 238 211 226 218 211 222 195 226 179 228 162 229 146 125 129 132 125 142 124 151 127 159 131 179 133 189 129 199 127 209 129 217 135 169 145 168 155 168 164 168 174 156 183 161 186 168 188 174 186 180 184 137 149 142 148 149 148 156 149 149 151 142 152 183 151 190 150 197 150 204 152 197 155 190 154 148 208 156 205 163 203 168 205 172 204 179 206 187 209 179 216 172 218 167 218 162 217 155 214 152 208 163 208 168 209 172 208 183 209 172 211 167 211 163 210
113 160 115 175 118 192 122 208 128 222 138 234 151 243 167 247 184 245 199 237 211 226 218 211 222 196 226 180 229 163 230 147 125 129 132 124 142 124 151 127 160 131 179 133 189 129 199 127 210 129 217 135 169 145 169 155 168 164 168 174 156 183 162 186 168 188 174 186 180 183 137 148 143 148 149 148 156 149 149 151 142 151 184 150 191 150 198 151 204 152 197 154 190 153 149 208 157 206 163 204 167 205 172 204 179 206 187 208 179 215 172 216 167 217 163 216 157 214 153 208 163 208 167 209 172 208 183 209 172 210 168 210 163 209
113 161 115 176 118 193 122 209 128 224 139 236 151 245 167 249 184 247 199 239 210 227 218 212 222 196 226 180 228 163 230 146 125 130 132 125 142 124 151 127 160 131 180 132 189 129 200 127 210 129 217 135 169 145 169 155 168 164 168 174 156 183 161 186 168 188 174 186 180 184 136 148 142 148 148 147 155 148 148 150 142 150 185 150 192 150 198 150 205 151 198 154 191 153 149 209 155 205 163 203 167 205 172 203 180 206 187 210 180 218 172 221 167 221 162 220 155 216 152 209 162 208 167 209 172 208 184 210 172 213 167 214 162 212
113 161 115 178 118 195 122 211 128 227 138 239 151 249 167 253 184 251 198 242 210 230 218 214 222 198 225 181 228 164 230 146 124 129 132 124 141 124 150 127 159 131 180 132 189 129 199 127 209 128 217 134 169 145 168 155 168 165 167 175 155 182 161 185 167 188 174 186 180 183 135 147 141 146 148 146 154 148 147 149 141 149 185 149 192 148 198 149 205 151 198 152 191 152 147 209 153 202 161 199 167 201 173 200 181 204 188 211 181 222 173 225 166 226 160 225 152 220 150 209 161 205 167 206 173 206 184 211 172 216 167 216 160 215
113 162 115 179 118 196 122 212 128 228 138 241 151 251 167 255 183 253 198 244 209 232 217 216 222 200 225 183 229 165 231 148 124 130 132 125 141 125 150 127 158 132 180 133 189 129 199 127 209 129 217 135 168 145 168 155 167 165 167 175 155 182 160 185 167 188 174 186 180 183 135 147 141 145 147 145 154 148 147 149 141 149 185 150 192 148 198 149 204 151 198 152 191 152 146 208 152 201 161 198 167 200 173 199 183 203 190 211 183 223 173 228 166 228 159 227 151 221 149 209 160 203 167 204 173 204 187 211 173 219 166 218 160 217
113 163 115 180 118 196 122 212 128 227 138 240 151 250 167 254 183 252 198 243 209 231 217 216 222 201 225 184 229 167 231 149 124 130 131 125 141 125 150 128 158 132 180 133 189 130 199 128 209 130 217 135 168 146 168 156 167 165 167 176 155 182 161 185 167 188 174 186 180 183 135 146 141 144 148 145 154 148 147 149 141 149 185 150 191 147 198 148 204 151 198 153 191 152 145 207 151 200 160 198 167 199 174 199 183 202 191 209 183 222 174 227 166 227 159 226 150 221 148 207 160 203 167 203 173 204 188 209 173 218 166 218 159 217
113 162 115 178 118 194 122 210 128 224 138 237 151 246 167 251 184 248 198 240 209 229 218 214 222 199 226 183 229 166 231 149 124 131 132 126 141 125 150 128 159 133 180 134 189 130 200 128 210 130 217 136 168 146 168 156 167 166 167 176 155 182 160 186 167 188 174 186 181 183 135 146 141 143 148 144 155 148 147 149 140 149 185 150 192 147 199 147 205 150 199 152 191 152 144 206 152 200 160 198 167 199 174 199 184 202 193 208 184 220 174 223 167 223 159 222 151 217 147 206 160 203 167 203 174 204 189 208 174 215 167 215 160 213
113 162 115 178 118 194 121 209 128 223 138 235 151 244 167 248 184 246 198 238 210 227 218 213 222 199 226 182 229 166 231 149 124 130 131 125 141 125 150 128 159 133 180 133 190 130 200 128 210 130 217 137 169 145 168 156 168 166 167 176 155 183 161 186 167 188 174 186 181 184 135 146 141 143 148 144 155 148 148 149 140 149 185 150 192 146 199 147 205 150 199 152 192 152 144 204 152 199 160 197 167 199 174 198 183 201 192 207 183 216 173 219 166 219 159 218 151 214 147 205 160 202 167 203 173 203 188 207 173 211 167 211 160 210
113 162 115 178 118 194 121 209 128 223 138 234 151 243 167 247 184 245 198 237 210 226 218 213 222 198 226 183 229 166 232 150 124 129 132 125 142 125 151 129 159 133 180 133 190 130 200 128 210 129 218 135 169 146 168 156 168 166 167 176 155 183 161 186 167 188 174 186 181 183 135 146 141 143 148 143 155 148 147 149 140 149 185 150 192 146 199 146 205 149 199 152 192 152 145 205 152 200 161 198 167 199 174 199 183 202 192 207 183 216 173 218 167 218 160 217 151 214 148 205 161 202 167 203 174 203 188 207 173 211 167 211 160 210
114 162 116 178 118 194 121 209 128 223 138 234 151 243 167 246 184 244 198 237 210 226 218 212 222 198 226 182 229 166 231 150 124 130 133 125 142 125 151 129 160 133 180 134 190 130 200 128 210 129 218 136 169 146 169 156 168 166 168 176 156 183 161 186 168 188 175 186 181 183 136 145 142 142 149 143 155 148 148 149 141 149 185 150 192 145 199 145 205 149 199 152 192 152 146 206 153 201 162 199 168 201 173 200 182 202 191 207 182 216 173 218 167 219 161 218 153 215 149 206 161 203 168 204 173 203 187 207 173 212 167 212 161 211
113 162 116 178 118 193 122 209 128 223 138 234 152 243 167 247 184 245 199 237 210 226 218 212 222 197 226 182 230 166 232 149 124 130 132 125 142 125 151 129 160 133 180 134 189 130 199 128 210 130 218 136 169 146 168 156 168 166 168 176 156 183 161 186 168 188 174 186 181 184 136 146 142 143 149 143 155 148 148 149 141 149 185 150 192 146 199 146 205 149 199 152 192 151 146 206 154 202 162 200 168 201 174 200 182 203 190 207 182 215 174 217 168 218 161 217 154 214 149 207 162 204 168 204 173 204 186 207 173 212 168 212 162 211
114 162 116 178 118 194 122 209 128 223 138 234 151 243 167 247 184 244 199 237 210 226 218 212 222 197 226 181 229 166 231 149 123 131 131 125 141 125 150 128 159 133 180 134 190 130 200 128 210 130 218 136 168 146 168 156 168 165 167 175 156 183 161 186 168 188 175 186 181 184 136 146 142 143 148 143 155 149 148 149 141 149 185 150 192 146 199 146 205 150 199 152 192 152 147 206 155 203 162 201 168 202 173 201 181 203 190 207 181 213 174 215 168 216 162 215 155 213 150 207 162 205 168 205 173 205 186 207 173 210 168 210 162 210
114 162 116 178 119 193 122 209 129 223 138 234 151 243 167 246 184 244 199 237 211 226 218 212 222 197 226 182 229 166 231 150 124 130 132 125 142 125 151 129 160 133 180 134 190 130 200 128 210 130 218 137 169 146 169 156 168 165 168 175 156 184 162 186 168 188 175 186 181 184 136 146 142 143 149 143 155 149 148 150 141 149 185 150 192 146 199 146 205 150 199 152 191 152 146 206 155 203 162 201 168 202 173 201 181 203 190 206 181 212 174 214 168 214 162 214 155 212 150 206 162 205 168 205 173 205 186 206 173 208 168 209 163 208
114 163 116 178 118 194 122 209 128 223 138 235 152 243 168 246 185 244 200 237 211 226 219 212 222 197 226 182 229 166 231 150 123 131 131 125 141 125 151 128 160 133 180 134 190 130 200 129 211 130 218 137 169 145 169 156 168 166 168 176 156 183 161 186 168 188 175 186 181 184 135 145 141 142 148 143 155 149 148 149 140 149 185 150 192 145 199 145 205 149 199 152 191 152 147 206 155 203 163 200 168 202 174 200 181 202 190 206 181 211 174 214 168 214 162 214 155 211 150 206 163 205 168 205 174 205 186 206 174 208 168 208 163 208
114 163 116 178 118 193 122 208 128 222 138 234 151 243 167 246 184 244 199 237 211 226 219 212 223 197 226 182 229 166 231 149 124 132 131 126 141 125 150 129 159 133 180 134 190 130 200 128 211 130 218 137 169 145 168 156 168 166 167 176 155 183 161 186 168 188 175 186 181 183 136 146 142 143 148 144 155 149 148 149 141 149 185 150 192 146 199 146 205 149 199 152 191 151 146 206 155 202 162 200 168 201 174 200 182 202 190 205 182 212 174 214 168 215 162 214 154 212 150 206 162 204 168 205 174 204 186 206 174 208 168 209 162 208
113 162 115 177 118 193 122 209 128 223 139 235 152 245 168 248 184 246 199 238 211 227 218 213 222 198 226 182 229 166 231 149 124 131 131 126 141 126 151 129 159 133 179 134 189 130 199 129 210 130 217 136 169 146 168 156 168 166 167 176 155 184 161 187 167 188 174 187 180 184 135 147 141 144 148 145 154 149 147 150 141 149 184 150 191 147 198 148 204 150 198 152 191 152 147 207 154 201 162 199 168 201 174 199 182 202 191 207 182 216 174 219 168 220 161 219 154 216 150 207 162 203 168 204 174 204 187 207 174 212 168 213 162 212
113 163 116 180 118 196 123 212 130 226 140 237 153 246 168 249 185 247 199 238 211 227 219 213 223 198 226 181 229 165 230 148 124 132 131 127 141 126 150 129 159 134 179 135 188 131 198 129 209 131 216 137 168 147 168 157 167 166 167 176 155 184 160 186 167 188 174 187 181 184 135 149 141 148 148 148 155 150 147 151 141 151 184 151 191 150 197 150 204 152 197 154 190 153 147 208 153 202 161 199 168 200 174 199 182 202 191 208 183 218 174 221 168 222 161 221 153 218 150 208 161 204 168 204 174 204 186 208 174 213 168 213 161 213
113 162 115 178 118 195 122 211 129 225 140 237 153 246 169 249 185 246 200 238 211 226 219 212 223 197 226 180 228 164 230 147 123 132 131 126 140 126 150 129 158 133 178 134 187 130 198 128 208 130 216 136 168 147 167 157 167 166 167 175 155 184 160 187 167 189 174 187 180 184 135 150 141 149 147 149 154 150 147 152 140 153 183 152 190 150 197 151 204 153 197 155 190 154 147 210 154 204 162 201 167 202 173 201 181 204 190 209 182 219 173 222 167 223 161 222 153 219 151 210 161 206 167 207 173 206 185 209 173 215 167 215 161 215
113 161 115 177 118 193 122 209 128 223 139 235 152 243 168 247 185 244 200 236 212 224 219 210 223 194 226 178 228 162 229 146 122 132 129 126 139 126 149 128 158 133 178 134 187 130 198 128 208 129 216 136 167 146 167 156 166 166 166 175 155 185 161 187 167 189 173 187 179 184 135 150 141 150 147 149 154 150 147 153 140 153 183 151 190 151 197 151 203 152 197 155 189 154 149 209 156 207 162 205 167 206 171 205 178 206 187 209 179 216 172 218 168 219 163 218 156 215 152 210 163 210 167 210 172 209 182 209 172 211 168 211 163 211
113 161 115 176 118 192 122 208 129 222 139 234 152 242 168 246 184 243 199 236 211 225 219 210 223 194 225 178 228 162 228 146 124 131 130 126 140 125 149 127 158 131 177 133 187 129 197 127 208 128 215 134 167 146 166 155 166 165 165 175 155 184 160 186 166 188 173 186 179 184 135 150 141 150 147 149 154 150 147 152 140 153 182 150 189 150 196 151 203 151 196 154 189 153 150 209 157 207 163 204 167 206 171 204 178 206 186 208 178 214 172 217 168 218 163 217 157 215 153 209 163 209 167 209 171 209 182 208 171 209 168 210 163 210
111 160 114 175 117 191 121 207 128 222 138 234 152 244 168 248 184 245 199 237 211 225 219 210 222 193 225 177 228 161 229 144 122 130 129 124 139 124 149 127 158 131 177 131 187 128 197 126 208 127 216 134 167 145 166 154 166 163 166 173 155 183 160 185 166 187 172 185 178 183 134 148 140 148 147 148 154 149 147 151 140 151 182 150 189 150 196 151 202 151 196 154 189 153 150 209 157 206 163 204 167 205 171 204 177 206 185 209 178 217 171 219 166 219 162 219 157 216 154 210 163 209 167 209 171 209 181 209 171 211 167 211 163 211
111 161 113 177 117 193 121 209 129 224 140 237 152 246 168 250 183 248 198 239 210 226 218 211 222 194 225 178 228 161 229 144 122 131 129 125 139 124 148 126 158 131 176 131 185 127 196 125 206 127 214 133 166 145 166 154 166 163 166 172 155 182 160 185 166 187 173 185 178 182 134 148 140 148 146 148 153 148 147 151 140 151 181 150 188 149 195 150 201 151 195 153 188 152 150 210 156 204 162 201 166 203 171 201 178 205 185 211 178 221 171 224 166 225 162 223 155 219 154 210 162 206 166 207 171 207 181 211 171 216 166 216 162 215
111 161 114 176 117 192 121 208 128 223 139 236 152 245 167 249 182 247 197 238 209 226 218 211 222 194 226 177 228 160 229 144 122 129 129 124 139 123 148 126 157 130 177 130 186 127 196 125 207 127 214 132 166 145 166 154 166 163 166 173 154 182 160 184 166 186 172 185 178 182 133 148 139 148 146 148 153 149 146 150 139 151 182 149 189 149 196 150 203 151 196 153 189 152 148 210 154 203 161 199 166 201 171 200 179 204 186 210 179 221 171 225 166 225 160 224 153 219 151 209 161 205 166 206 171 206 182 210 171 216 166 216 161 215
111 162 114 177 117 192 121 208 128 222 139 233 152 242 167 246 183 244 197 235 210 224 218 210 222 193 226 177 228 161 229 144 122 130 129 124 138 124 148 126 157 130 177 131 186 127 196 125 206 127 214 132 166 144 166 154 166 163 166 173 154 182 160 185 166 186 173 185 179 183 133 148 140 148 146 147 153 148 146 150 140 150 182 149 190 149 196 150 202 151 196 152 189 152 146 207 153 202 161 199 166 201 172 200 180 203 188 208 180 217 172 221 166 221 160 220 153 216 150 207 161 204 166 205 172 205 184 208 171 213 166 213 161 212
111 161 113 176 116 191 120 207 127 221 138 232 151 240 167 244 182 241 197 234 210 223 218 209 222 193 226 177 228 160 229 144 122 128 129 124 139 124 148 126 156 130 177 130 187 127 197 125 207 126 215 131 166 144 166 154 166 163 166 173 154 182 160 185 166 186 172 185 178 183 133 147 139 147 146 146 152 147 146 149 139 149 183 148 190 148 196 149 203 149 196 151 190 151 145 206 153 201 160 199 165 200 171 199 180 202 188 207 180 214 172 217 165 218 159 216 152 213 149 206 160 203 165 204 171 204 184 207 171 210 165 210 160 209
111 161 113 176 116 191 120 206 127 220 137 231 151 239 167 243 183 241 198 233 210 223 217 209 222 194 225 178 228 162 229 146 121 129 129 124 138 124 148 126 157 130 177 131 186 128 197 126 207 127 215 132 167 144 166 154 166 163 166 173 154 182 160 185 166 186 173 185 179 183 133 146 139 145 146 145 152 147 146 148 139 148 183 149 190 147 197 148 203 149 197 151 190 150 145 206 153 201 160 199 166 200 172 199 180 202 189 207 181 214 172 217 166 217 160 216 152 212 149 206 160 204 166 204 172 204 184 207 172 209 166 209 160 208
111 161 114 176 117 191 120 206 127 220 137 231 151 240 166 243 182 241 196 234 209 223 217 209 221 194 225 178 228 162 229 146 121 128 129 123 139 124 148 127 157 131 177 131 187 128 197 126 207 127 215 132 166 144 166 154 166 164 166 174 154 182 159 185 166 187 172 185 178 183 133 145 139 144 146 144 152 147 145 148 139 148 183 148 190 146 197 147 203 149 197 151 190 150 145 206 152 201 160 199 165 200 172 199 180 202 189 206 180 214 172 217 165 217 159 216 152 212 149 206 160 204 165 205 172 204 184 207 172 209 165 209 160 208
111 160 113 175 116 191 120 206 126 220 137 232 150 240 166 243 181 241 196 234 209 223 217 209 221 194 225 178 228 162 229 147 120 129 128 124 138 124 148 127 156 131 177 131 187 128 197 126 207 127 215 133 166 144 166 154 166 164 165 175 153 183 159 185 165 187 172 185 178 183 132 145 139 143 145 143 152 147 145 148 138 148 183 148 190 145 197 146 203 148 197 150 190 150 145 206 152 201 160 199 165 200 172 199 180 202 189 206 180 214 172 217 165 217 159 216 152 212 149 206 160 203 165 204 172 204 184 207 171 209 165 210 159 209
111 161 113 176 116 191 120 207 127 221 137 232 150 240 166 244 181 242 196 234 208 223 216 209 221 194 224 179 227 163 229 147 121 129 129 124 139 124 148 127 157 131 178 132 187 129 197 127 207 128 215 133 167 145 166 155 166 165 166 175 154 183 159 186 166 188 172 186 179 184 133 145 139 143 146 144 152 148 145 148 139 148 183 149 190 145 196 146 203 149 197 151 190 150 145 206 153 201 160 199 166 200 172 199 180 202 188 207 180 215 172 218 165 218 159 217 152 213 149 206 160 203 165 204 172 204 184 207 171 211 165 211 160 210
111 161 114 176 117 191 120 207 127 221 137 232 150 241 166 245 182 242 196 234 209 223 217 209 221 193 225 178 228 162 229 146 120 129 129 125 139 125 148 128 156 131 177 132 187 129 197 127 207 128 215 133 166 145 166 155 166 165 166 175 154 183 160 186 166 188 173 186 179 184 132 145 139 143 146 143 153 148 146 149 138 148 183 149 190 145 197 146 203 149 197 151 190 151 144 207 152 201 160 199 165 201 172 199 180 203 188 207 180 216 172 220 165 220 158 219 151 215 148 207 160 204 165 205 172 204 184 208 171 212 165 212 159 211
111 161 114 176 117 192 120 208 127 222 138 233 151 242 167 246 183 243 197 234 209 223 217 209 221 194 225 178 228 162 229 146 121 130 129 125 139 125 148 128 157 132 177 132 187 129 197 127 207 128 215 133 166 145 166 155 166 165 166 176 154 184 160 186 166 188 173 186 179 184 133 145 139 143 146 144 153 148 146 149 138 149 183 149 189 145 197 145 203 148 197 151 190 151 145 207 152 202 160 199 166 201 172 200 180 203 188 208 180 217 172 221 165 221 159 220 151 216 149 208 160 205 166 205 172 205 184 208 172 213 166 213 160 212
111 161 114 177 117 192 120 208 127 222 138 233 151 243 166 246 182 243 197 235 209 224 217 209 221 194 225 178 228 163 229 147 120 130 128 125 138 125 148 128 156 132 177 132 186 129 196 127 207 128 215 133 167 145 166 155 166 165 166 176 154 184 160 186 166 188 173 186 179 184 133 145 139 143 146 143 153 148 145 149 138 149 182 149 189 145 196 145 203 148 197 151 190 151 144 208 152 203 160 201 166 202 172 201 180 204 188 208 180 217 172 220 166 221 159 220 152 216 148 208 160 206 166 207 172 206 184 209 172 212 166 212 160 212
111 161 114 176 117 192 120 207 127 221 138 233 151 242 166 246 182 243 197 235 209 223 217 209 221 194 225 178 228 162 229 146 120 130 128 125 138 125 148 128 156 132 177 132 187 129 197 127 207 128 215 134 166 145 166 155 166 165 165 176 154 184 159 186 165 188 172 186 178 184 133 145 139 142 146 143 153 148 146 149 138 148 182 149 189 145 196 145 202 148 197 151 190 150 145 208 153 204 161 202 166 203 171 202 179 205 187 208 179 216 172 219 166 220 160 219 152 215 149 209 160 207 166 208 171 207 183 208 171 211 166 212 160 211
111 160 114 175 117 191 120 206 127 221 138 232 151 242 166 245 182 243 196 234 209 223 217 208 221 193 225 178 228 162 229 146 120 130 128 125 138 125 148 127 156 132 177 132 187 128 197 127 207 128 215 134 166 145 166 155 166 165 166 175 154 184 159 186 166 188 173 186 179 184 132 145 139 142 146 143 153 147 146 149 138 148 182 148 189 144 196 145 202 148 197 151 189 150 146 208 154 205 161 203 166 204 171 203 179 206 187 208 179 216 172 218 166 219 160 218 153 215 150 208 161 209 166 209 171 208 183 208 171 210 166 211 161 210
111 160 113 175 116 190 120 206 127 220 138 232 151 241 166 245 182 242 197 234 209 223 217 209 221 194 225 178 228 162 229 146 120 130 128 125 138 125 148 127 157 131 177 132 187 128 197 127 208 128 215 134 166 145 166 155 166 165 166 175 154 184 159 186 166 188 173 186 179 184 133 145 139 143 146 143 153 147 146 149 138 148 183 148 189 145 196 145 202 148 196 151 189 150 146 208 153 206 161 203 165 205 170 203 178 206 187 208 179 215 171 218 165 218 160 218 153 215 149 208 161 209 165 209 171 209 183 208 171 210 166 211 161 210
111 160 114 175 116 191 120 206 127 221 138 232 151 241 166 245 182 242 197 235 209 224 217 209 221 194 225 178 228 162 229 146 121 130 128 125 138 124 148 127 156 131 177 131 187 128 197 127 208 128 215 133 166 145 166 155 166 164 166 175 154 184 159 186 166 188 172 186 178 184 134 146 139 145 146 145 152 148 146 149 139 149 183 149 190 147 197 147 203 149 197 151 190 151 145 208 153 205 161 203 165 205 171 203 179 206 187 208 179 215 171 218 166 219 160 218 153 215 149 208 161 209 165 209 171 209 183 208 171 210 166 211 161 210
111 160 113 175 117 191 120 206 127 221 138 232 151 241 167 245 183 242 197 234 209 223 217 208 222 193 225 177 227 161 229 145 122 131 128 125 138 125 147 127 156 132 177 132 187 129 197 127 207 128 215 134 167 145 166 155 166 165 166 175 154 184 159 186 166 188 172 186 178 184 134 148 140 147 146 147 153 148 146 150 140 150 182 149 189 149 196 149 202 150 195 152 189 151 145 207 153 205 161 203 165 205 170 203 178 206 187 207 179 215 171 218 165 218 160 217 153 214 149 208 161 209 165 209 170 208 183 208 170 210 165 211 161 210
110 161 113 175 116 191 119 206 126 220 137 232 150 240 166 244 182 242 197 233 209 222 217 208 221 193 224 177 227 161 228 145 121 131 128 125 138 124 147 127 156 132 177 132 186 129 196 127 207 128 214 134 166 145 166 155 166 165 166 175 154 184 159 186 166 188 172 186 178 184 133 149 140 149 146 148 152 149 146 151 139 151 182 150 189 150 195 151 201 151 195 153 188 153 145 207 153 205 161 203 165 205 170 203 178 205 187 207 179 214 171 217 165 218 160 217 153 214 149 208 160 208 165 209 170 208 183 207 171 210 165 210 161 209
110 161 113 176 116 192 120 207 127 221 138 232 151 241 167 244 183 242 198 234 210 223 217 208 221 193 225 177 227 161 228 145 121 132 128 125 138 125 148 127 156 131 177 132 186 128 197 127 207 129 215 135 166 145 166 155 166 164 166 174 154 183 160 186 166 188 173 186 179 183 133 148 140 149 146 148 153 149 146 151 139 151 182 150 189 150 196 151 202 151 196 153 189 152 144 207 153 204 161 202 165 204 171 202 179 205 188 207 179 215 171 217 165 218 160 217 153 213 148 207 160 208 165 208 171 208 184 207 171 210 166 210 160 209
111 161 113 176 116 191 119 206 126 221 137 232 150 240 166 244 182 242 197 235 209 224 217 209 221 194 224 177 227 161 228 145 122 130 130 125 139 125 148 127 156 131 176 132 185 128 195 126 206 128 213 133 166 145 166 155 165 164 165 174 153 183 159 186 165 187 172 186 179 183 133 148 139 149 146 148 153 149 146 150 139 151 181 150 189 150 195 151 202 151 195 153 188 152 144 207 152 203 160 201 165 203 171 202 179 204 188 207 179 215 171 218 165 219 159 217 152 214 148 207 160 207 165 207 171 207 184 208 171 210 165 211 160 209
110 160 113 176 116 192 120 207 127 222 138 233 151 241 166 245 182 242 196 234 208 224 216 209 220 194 224 178 226 161 228 145 122 131 129 125 139 125 148 128 156 131 177 132 186 128 195 126 205 128 213 133 166 145 166 155 166 164 166 174 153 183 159 185 166 187 173 186 179 183 133 148 140 148 146 148 153 149 146 150 140 150 182 150 189 149 195 150 201 151 195 153 189 152 144 206 153 203 161 201 166 202 171 201 180 204 188 207 180 215 171 218 165 219 160 218 152 214 148 207 160 206 166 207 171 207 184 207 171 211 166 211 160 210
111 160 113 176 116 192 119 207 126 221 137 232 150 241 166 245 182 242 197 234 209 223 217 209 221 193 224 178 227 162 229 145 122 129 129 125 139 125 148 128 156 132 176 132 185 128 195 126 205 127 213 132 166 145 166 155 165 164 165 174 153 183 159 185 165 187 172 186 178 183 133 147 139 146 146 146 152 149 146 150 139 150 182 150 189 148 195 148 202 150 195 152 188 151 145 207 153 203 160 200 165 202 171 201 179 204 188 207 180 215 171 218 165 218 160 217 152 213 149 207 160 206 165 207 171 206 184 207 171 210 165 211 160 210
111 161 114 176 117 191 120 207 127 221 137 232 150 241 166 245 182 242 197 235 209 224 217 210 221 195 225 179 227 163 229 147 121 130 128 125 138 124 147 127 156 131 177 131 187 128 197 127 207 129 214 134 166 145 166 155 165 164 165 174 153 183 159 186 165 188 172 186 178 183 133 146 139 145 146 145 152 148 145 149 139 149 182 149 189 147 196 147 202 149 196 151 189 150 145 207 153 203 160 201 165 202 171 201 179 204 188 207 180 214 171 217 165 218 160 217 152 213 149 207 160 206 165 207 171 206 184 207 171 210 165 210 160 209
111 162 114 177 117 192 120 208 127 222 138 232 152 241 167 244 183 242 197 234 209 223 217 210 221 194 225 179 228 163 229 147 122 130 129 125 138 125 147 127 156 131 177 132 187 128 196 127 206 128 214 133 166 144 166 155 165 164 165 174 154 183 159 186 165 187 172 186 178 183 133 146 139 143 146 144 152 148 145 148 139 148 183 149 189 146 196 146 202 149 196 151 189 150 144 206 153 203 161 201 165 203 171 201 179 204 188 206 180 213 172 216 166 217 160 216 153 213 148 207 161 207 165 207 171 207 184 207 171 209 166 210 161 209
111 161 114 176 116 191 120 206 126 220 137 231 150 240 166 244 182 241 197 234 209 224 216 210 221 195 224 180 227 164 229 148 122 129 130 124 139 124 148 128 156 132 177 132 186 128 196 127 206 128 214 133 166 145 166 155 165 164 165 174 154 183 160 186 165 187 172 186 178 183 133 146 139 143 146 144 152 148 145 149 139 149 182 149 189 145 196 146 202 149 196 151 189 150 144 206 153 204 160 202 166 203 171 202 179 204 189 206 180 212 172 215 166 215 160 214 153 212 148 207 160 207 166 208 171 207 185 206 171 208 166 208 161 208
111 161 113 176 116 191 119 206 126 220 136 230 150 239 166 243 182 241 197 233 209 223 217 209 221 194 224 178 227 163 229 147 121 130 129 125 139 125 148 128 156 132 177 132 186 129 196 127 207 128 215 134 166 145 166 155 166 164 165 174 154 183 160 186 166 188 172 186 178 183 133 145 139 143 146 143 153 148 146 149 138 149 182 149 189 145 196 145 202 148 196 151 189 151 145 206 153 204 161 202 166 204 172 202 179 204 189 205 180 211 172 214 166 214 161 213 153 211 148 206 161 207 166 208 172 207 185 206 172 207 166 208 161 207
112 161 114 176 117 191 120 206 126 220 137 230 150 238 166 242 182 240 197 233 209 223 217 209 221 194 224 179 227 163 229 148 121 131 129 125 139 125 148 128 157 132 177 132 187 128 197 127 207 129 215 135 166 144 166 154 166 164 166 174 154 183 160 186 166 187 172 186 178 183 133 145 139 142 146 143 153 148 146 149 138 148 182 149 189 144 196 145 203 148 197 151 189 150 144 206 154 203 161 202 166 203 172 202 180 204 189 205 180 210 172 213 167 213 161 213 153 210 148 206 161 207 166 207 172 206 185 205 172 207 167 208 161 207
111 162 114 177 116 192 120 207 126 220 137 230 150 238 166 242 182 239 197 233 209 222 216 209 220 194 224 179 227 164 229 148 121 131 129 125 139 124 148 128 157 132 177 132 187 128 197 127 207 129 215 135 166 144 166 154 166 164 165 174 154 183 160 185 166 187 172 185 178 183 133 145 139 142 146 142 153 148 146 148 138 148 182 149 189 144 196 144 202 148 196 150 189 150 145 206 154 203 161 201 167 203 172 201 180 203 189 205 180 210 172 212 167 213 161 212 153 210 148 206 161 206 166 207 172 206 186 205 172 207 167 207 161 207
111 161 113 175 116 190 119 205 125 218 136 229 149 238 166 242 182 240 197 233 209 222 216 208 220 193 223 178 227 163 228 147 121 130 129 125 139 124 148 128 156 132 176 132 186 128 197 126 207 128 215 134 166 144 166 154 165 164 165 174 154 183 159 185 165 187 172 185 178 183 133 145 139 142 146 143 152 148 145 148 138 148 182 148 189 144 196 144 202 148 196 150 189 150 145 205 153 203 161 201 166 203 172 201 180 203 189 205 180 210 172 212 166 213 161 212 153 210 148 206 161 206 166 207 172 206 186 205 172 206 166 207 161 206
111 161 113 176 116 191 119 206 126 220 136 230 150 238 165 242 181 240 196 233 208 223 216 209 220 194 223 179 226 164 228 148 121 129 129 124 139 125 148 128 156 132 176 132 186 128 196 127 206 128 214 134 166 144 166 154 165 164 165 173 154 183 159 185 165 187 172 186 177 183 132 145 138 142 146 143 152 148 145 149 138 149 182 149 189 144 196 144 202 148 196 151 189 150 144 205 153 203 161 201 166 203 171 201 179 203 189 205 179 210 172 212 166 213 160 212 153 210 147 206 161 207 166 207 171 206 185 205 171 207 166 207 161 207
111 162 113 177 116 192 119 207 125 220 136 230 149 238 165 242 181 240 196 233 208 223 216 210 220 195 223 179 227 164 228 148 121 129 129 124 139 125 148 128 156 132 176 132 186 128 196 127 206 128 214 133 166 144 165 154 165 164 165 173 154 183 159 185 165 187 172 185 177 183 133 145 139 142 146 143 152 148 145 149 138 149 182 149 188 145 195 145 202 148 196 151 189 150 145 206 153 203 161 201 166 203 171 201 179 203 188 205 179 210 172 212 166 213 160 212 153 210 148 206 160 206 166 207 171 206 185 205 171 206 166 207 161 206
111 162 113 177 116 192 119 207 125 220 136 231 150 239 165 242 181 240 196 233 208 223 215 209 220 195 223 179 226 164 228 148 121 129 129 124 139 125 148 128 156 132 176 132 186 128 196 127 206 128 214 133 165 144 165 154 165 164 165 174 153 183 159 186 165 187 171 186 177 183 133 145 139 143 146 143 152 148 145 149 138 149 181 149 188 145 195 145 202 148 196 151 189 150 144 206 153 203 161 201 166 203 171 201 180 203 189 205 180 210 172 213 166 213 160 212 153 210 148 206 161 207 166 207 172 206 185 205 171 206 166 207 161 206
111 162 113 177 116 192 119 207 125 220 136 231 149 239 165 242 181 240 196 233 208 223 216 210 220 195 223 179 226 164 228 148 121 130 129 125 138 125 148 128 156 132 176 132 186 128 196 127 206 128 214 134 165 145 165 155 165 164 165 174 153 183 159 185 165 187 171 186 177 183 132 145 138 142 145 143 152 148 145 149 138 149 182 149 188 145 195 145 202 148 196 151 189 151 144 206 153 203 160 201 165 203 171 201 179 203 188 205 179 210 171 213 165 213 160 212 153 210 147 206 160 207 165 207 171 206 184 206 171 207 165 207 160 207
111 162 113 177 116 192 119 206 126 220 136 231 150 239 166 242 182 240 197 233 209 223 216 209 220 194 224 179 227 164 228 148 120 131 128 125 138 125 148 128 156 132 176 132 186 129 197 127 207 129 215 135 166 144 166 155 165 164 165 174 153 183 159 186 165 188 171 186 177 184 132 145 138 143 146 143 152 148 145 149 138 149 182 149 189 145 196 145 202 148 196 151 189 151 144 206 153 203 160 201 165 203 171 201 179 204 188 205 179 211 171 213 165 213 160 213 153 211 148 206 160 207 165 207 171 207 184 206 171 207 165 207 161 207
111 163 113 177 116 192 119 207 126 220 136 231 149 239 165 243 181 240 196 234 208 223 216 210 220 195 223 180 226 164 228 148 122 130 129 125 139 125 148 128 156 132 177 133 186 129 196 127 206 128 214 134 166 145 165 155 165 164 165 174 154 183 159 186 165 188 172 186 177 183 133 146 139 143 146 144 152 148 145 149 138 149 182 149 188 145 195 145 202 149 196 151 189 151 144 206 153 203 161 201 166 203 171 201 179 203 188 205 179 211 171 213 166 214 160 213 153 211 148 206 161 207 166 207 171 206 184 206 171 207 166 208 161 207
111 162 113 177 116 193 119 207 126 221 136 231 150 239 166 243 182 241 197 233 209 223 217 209 220 195 224 180 227 165 229 149 121 130 129 125 139 125 148 128 157 132 177 132 187 129 197 127 207 129 215 134 166 145 166 155 166 164 166 174 154 183 160 186 165 187 172 186 178 184 133 145 139 143 146 144 153 148 146 149 138 149 182 149 189 145 196 145 202 149 196 152 189 151 145 206 154 203 161 202 166 203 171 202 179 204 188 205 180 211 172 213 166 214 161 213 154 211 148 207 161 207 166 207 172 207 185 206 172 207 166 208 161 207
