137 161 140 175 144 188 149 201 155 213 165 223 178 230 192 233 207 230 220 223 231 213 237 200 240 186 242 171 243 156 243 141 142 130 149 125 157 124 166 126 174 128 192 127 201 123 210 121 220 122 228 126 183 140 183 148 184 157 184 166 175 175 180 177 186 179 192 177 197 174 153 143 158 140 165 139 172 144 165 146 158 147 200 142 205 138 213 137 219 141 213 144 206 144 171 200 177 195 183 191 188 192 193 190 200 192 208 196 201 203 195 206 190 207 184 206 178 205 174 200 183 197 188 197 193 196 205 197 194 199 189 200 184 200
138 161 141 175 144 188 148 202 155 214 165 223 177 231 191 233 206 230 220 223 231 213 238 200 240 185 242 170 243 155 244 140 145 131 150 126 158 124 166 126 174 129 192 127 201 123 210 121 220 122 228 127 183 140 183 148 183 157 184 166 175 175 180 177 186 178 191 176 197 174 154 144 159 141 165 140 172 145 166 146 159 147 200 143 205 138 212 138 218 141 213 144 206 144 171 201 177 195 182 191 188 192 192 190 199 192 208 196 201 202 194 205 189 206 184 206 178 205 174 200 183 197 188 197 193 196 204 197 193 199 188 200 183 200
137 161 140 175 144 188 148 202 155 214 165 223 177 230 192 232 207 229 220 222 231 212 238 199 240 185 242 170 243 154 243 139 144 131 150 126 157 124 165 126 173 128 192 127 201 123 210 121 220 122 228 126 183 139 183 148 184 157 184 166 176 176 180 177 186 178 191 176 197 174 154 144 159 140 165 140 172 144 165 146 159 147 199 143 205 138 212 137 218 140 213 143 206 144 171 201 176 195 182 191 188 192 192 190 199 192 208 196 201 202 194 205 189 206 184 206 177 205 174 200 183 197 188 197 193 196 204 197 193 199 188 200 183 200
137 161 140 175 144 188 148 202 155 214 165 224 178 231 192 233 207 230 220 223 231 213 238 200 240 185 242 170 243 154 244 139 143 130 149 125 157 124 165 126 173 128 192 127 201 123 210 121 220 121 228 126 183 140 183 148 183 157 184 166 176 175 180 177 186 179 191 177 197 174 153 143 158 140 165 139 172 144 165 146 158 147 199 143 205 138 212 137 218 141 213 144 206 144 171 200 177 195 182 191 188 192 192 190 199 192 207 196 200 202 194 205 189 206 184 206 177 205 174 200 183 197 188 197 193 196 204 197 193 198 188 199 183 199
137 160 140 174 144 188 148 201 155 213 165 223 177 231 191 233 206 230 220 223 231 213 238 200 240 185 242 170 243 155 244 139 143 131 149 125 157 124 165 126 173 128 192 127 201 123 210 121 220 122 228 127 183 139 183 148 184 157 184 166 176 175 180 177 186 178 191 176 197 174 153 143 158 140 165 139 172 144 165 146 158 146 199 142 205 138 212 137 218 140 213 144 206 144 171 200 176 195 182 191 188 192 192 190 200 192 208 196 201 202 194 205 189 206 183 206 177 205 174 200 183 197 188 197 193 196 204 196 193 198 188 199 183 199
137 161 140 174 144 188 148 201 154 213 165 223 177 230 192 232 207 229 220 222 231 212 238 199 241 185 242 170 243 155 244 140 143 130 149 125 157 124 165 125 173 128 192 127 200 123 210 121 219 121 228 126 183 139 183 148 183 156 184 165 176 175 180 177 186 178 191 176 197 173 153 144 158 140 165 139 172 144 165 146 158 147 199 142 205 138 212 137 218 140 213 144 205 144 171 200 176 194 183 191 188 192 192 190 199 192 207 196 200 202 194 204 189 205 184 205 177 204 174 200 183 197 188 197 192 196 204 196 193 198 188 199 184 199
137 160 140 174 144 188 148 202 155 213 165 223 177 231 192 233 206 229 220 222 231 213 238 199 240 185 242 170 243 154 243 139 143 130 149 125 157 124 166 125 174 128 192 127 200 123 210 121 220 121 228 126 183 139 183 148 183 157 184 165 176 175 180 177 186 178 191 176 196 174 153 143 157 140 165 139 171 144 165 146 157 146 199 142 205 138 212 137 218 140 213 144 206 144 171 200 176 194 182 191 187 192 192 190 199 192 207 196 200 202 194 205 189 206 184 205 177 205 174 200 183 197 188 197 193 196 204 196 193 198 188 199 183 199
137 162 140 175 144 189 148 202 155 214 165 224 177 231 191 233 206 230 220 223 231 213 238 200 241 186 242 171 243 155 243 140 144 131 150 125 157 124 166 126 173 128 192 127 200 123 210 121 220 121 228 126 183 139 183 148 183 156 183 165 176 175 180 177 185 178 191 176 196 174 154 144 158 140 165 140 172 144 165 146 159 147 199 142 205 138 212 137 218 140 213 143 206 143 171 200 176 195 182 191 187 192 192 190 199 192 207 196 200 201 194 203 189 204 183 204 177 204 174 200 182 197 188 197 192 196 204 196 193 198 188 199 183 199
138 160 141 174 144 188 148 201 154 213 164 223 177 230 191 232 206 229 220 222 231 213 238 200 240 185 242 170 243 155 243 139 145 130 150 125 158 124 166 126 173 128 192 127 200 123 210 121 220 122 228 126 183 139 183 148 183 156 184 165 176 175 180 177 186 178 191 176 196 174 155 144 159 141 165 140 172 144 165 146 159 147 199 142 205 138 211 138 218 140 212 143 205 143 171 200 177 195 182 192 187 193 192 191 198 193 207 196 199 201 193 203 189 204 183 204 177 203 173 200 183 198 188 198 192 197 204 196 192 197 188 198 183 198
137 160 141 173 144 187 148 200 155 212 165 222 178 230 192 232 207 229 220 222 231 212 237 199 240 184 242 169 243 154 243 140 142 130 148 125 157 124 166 125 174 128 191 127 200 123 210 121 220 122 228 127 183 139 184 148 184 157 184 165 176 175 180 177 186 178 192 176 197 174 153 143 158 139 165 139 172 144 165 145 158 146 199 142 205 137 212 137 218 140 213 144 206 144 171 199 177 196 183 193 188 194 192 192 199 193 208 196 200 201 194 203 189 204 184 204 178 203 174 199 183 198 188 198 192 197 205 196 193 197 189 198 184 198
138 161 141 174 144 187 148 201 155 212 165 222 177 230 192 232 207 229 221 222 231 212 238 199 241 185 242 170 243 154 243 139 142 130 148 125 157 124 165 125 173 128 192 127 201 123 210 121 220 122 228 126 183 139 184 148 184 156 184 165 176 175 181 177 186 178 192 176 197 174 152 143 158 139 165 139 172 144 165 145 158 146 199 142 205 137 212 137 219 140 213 144 206 144 170 199 177 195 183 192 188 194 193 192 200 193 209 196 201 200 194 203 189 204 184 204 177 203 173 199 183 198 188 198 193 197 206 196 193 197 189 198 184 198
137 161 140 175 143 188 148 201 155 213 165 222 177 230 192 233 207 229 220 222 231 213 238 200 240 185 242 170 243 155 243 140 142 129 149 124 157 123 166 125 174 128 192 127 201 123 210 121 220 122 228 126 183 139 184 148 184 157 185 166 175 175 180 177 186 178 192 176 197 174 152 143 158 139 165 139 172 143 165 145 158 146 199 142 205 138 212 137 219 141 213 144 206 144 169 199 176 194 183 192 188 193 192 191 200 193 209 196 201 201 194 204 189 205 184 204 177 203 173 199 183 197 188 198 193 197 206 196 193 197 188 198 183 198
137 161 141 175 144 189 148 202 155 214 165 225 177 233 191 235 207 232 220 224 231 214 238 200 241 186 242 171 244 155 244 139 144 130 150 125 158 124 166 125 174 128 192 126 201 123 210 121 219 121 228 126 183 139 184 148 184 157 184 166 175 174 180 177 185 178 191 176 197 173 154 144 159 140 166 140 172 144 166 145 159 146 200 142 205 138 212 138 218 140 212 143 206 143 169 200 174 193 181 190 187 191 192 189 200 191 209 196 202 204 194 207 188 208 182 208 175 206 173 200 181 196 187 196 193 196 205 197 193 199 187 200 182 200
137 161 140 175 144 189 149 203 156 215 165 227 177 235 191 238 206 234 219 226 230 216 237 202 241 187 243 171 244 155 244 139 145 130 150 125 158 124 166 126 173 128 192 127 201 123 210 121 220 122 228 126 183 140 184 149 184 157 183 166 175 174 180 176 185 177 191 175 197 173 154 144 159 141 165 141 172 144 166 146 159 146 200 142 205 139 212 139 218 141 212 144 206 144 169 200 174 191 180 188 186 189 192 188 201 190 209 197 202 207 194 210 187 211 181 211 174 208 172 199 181 194 187 194 193 194 205 197 193 202 187 203 181 202
138 162 141 177 145 191 149 205 156 217 165 228 177 236 191 238 206 235 219 228 230 217 237 203 241 189 243 173 244 156 245 140 145 131 151 126 159 124 167 126 174 129 193 127 201 124 210 121 220 122 227 127 184 139 184 148 184 157 184 166 175 174 180 176 186 177 192 175 198 173 155 145 159 143 165 142 172 144 166 145 160 146 200 143 206 140 212 140 218 142 213 144 206 144 169 200 174 191 180 187 187 188 193 187 202 190 210 197 203 207 195 211 188 212 181 211 174 208 172 199 181 193 187 193 193 192 206 197 194 202 187 203 181 202
138 162 141 176 145 190 149 204 156 216 165 227 177 235 191 237 206 234 219 227 230 216 238 202 241 188 243 172 244 156 245 140 146 132 151 126 159 125 167 126 175 129 192 128 201 124 210 122 220 123 228 127 184 140 184 149 184 157 184 166 175 174 180 176 186 178 192 176 198 173 156 146 161 144 167 143 173 145 167 146 162 147 200 144 206 142 212 142 218 143 212 145 206 145 169 199 174 190 181 187 187 188 193 187 202 190 211 196 203 207 194 210 188 211 181 210 174 207 172 198 181 192 187 192 194 192 207 196 194 203 187 204 181 203
137 162 140 176 144 190 148 203 155 215 164 225 177 233 191 235 206 232 219 225 230 215 238 202 241 187 243 172 245 156 245 140 146 132 151 126 159 125 167 126 175 130 193 128 201 124 211 122 220 122 228 127 184 141 184 149 184 158 184 166 175 174 180 176 186 178 192 176 198 174 156 148 161 146 167 145 174 146 168 148 162 149 200 145 206 144 212 144 218 144 212 146 206 146 168 198 173 190 180 187 187 188 193 187 202 190 211 196 203 206 194 209 187 209 180 209 173 206 171 197 181 192 187 192 193 192 207 196 193 201 187 202 180 201
137 162 140 176 143 189 147 202 154 214 164 224 176 231 190 234 206 231 220 224 231 214 238 202 241 187 243 172 244 156 245 140 147 132 152 127 159 125 167 126 175 129 193 128 202 124 211 122 220 122 228 127 185 141 185 149 184 158 184 166 175 174 180 176 186 178 192 176 198 174 156 148 162 146 167 145 174 147 168 148 162 149 200 145 206 144 212 144 218 145 212 147 206 147 168 197 174 190 180 188 186 189 192 188 201 191 210 197 201 204 192 206 186 207 180 206 174 204 171 197 181 193 186 193 192 193 206 197 192 199 186 199 180 198
138 160 140 173 143 187 146 200 153 212 162 222 175 229 189 232 205 229 219 222 231 212 238 200 241 185 242 170 244 156 245 141 145 132 151 126 159 124 168 126 176 130 193 128 202 124 212 121 222 123 229 128 185 140 185 149 185 158 185 167 175 175 181 177 186 179 192 177 198 174 156 147 162 146 167 145 174 145 168 147 162 148 200 144 206 143 213 143 219 144 213 146 206 146 167 196 175 194 182 193 186 194 191 193 199 194 209 195 200 202 192 204 187 205 182 204 175 202 170 197 182 197 187 198 191 197 206 196 191 199 187 199 182 199
137 159 139 172 142 185 146 198 152 210 161 220 174 228 188 231 204 228 219 222 230 212 238 200 241 185 243 170 244 156 244 141 146 131 152 126 160 124 168 126 176 129 194 128 203 124 212 121 221 122 228 127 185 139 186 149 186 158 185 167 176 175 181 177 186 179 192 177 198 174 156 146 161 144 167 144 174 145 168 147 162 147 201 143 207 142 212 142 218 143 213 145 207 145 168 195 176 195 182 194 187 195 191 194 199 194 209 194 200 200 192 202 188 203 183 202 176 200 171 196 182 198 187 198 192 197 205 195 192 197 187 198 183 197
138 159 140 173 143 186 147 199 153 212 163 222 176 230 190 233 206 230 220 223 231 213 238 200 241 185 243 170 244 155 245 140 146 131 152 125 160 124 168 125 176 128 194 127 203 123 212 121 222 122 230 127 185 139 185 148 185 157 186 167 176 175 181 177 187 178 193 177 198 174 156 145 161 143 167 142 174 144 167 146 161 146 201 143 207 141 213 141 220 142 214 144 207 144 169 197 176 195 183 194 187 195 192 193 199 195 209 195 200 202 193 204 188 205 183 204 177 202 172 197 183 198 188 198 192 198 205 196 192 198 188 199 183 198
137 159 141 172 144 186 148 200 155 213 165 223 177 232 192 235 207 231 220 223 231 212 238 199 241 184 243 169 245 154 245 139 144 129 150 124 159 123 168 124 176 128 194 126 203 123 213 120 223 122 231 127 185 139 186 148 186 157 186 166 177 175 182 176 187 178 193 176 198 174 155 143 160 141 167 141 173 143 167 145 161 145 202 142 208 139 214 139 220 141 214 144 208 143 171 199 177 195 183 192 187 193 192 192 199 194 207 197 199 205 193 208 188 208 183 208 177 205 175 199 183 197 187 197 192 197 203 198 192 200 188 200 183 200
138 160 141 174 145 188 149 201 156 214 166 224 178 233 192 236 206 233 220 225 231 214 238 200 242 186 244 170 245 155 245 140 145 131 150 125 159 123 167 125 176 128 195 126 203 123 213 121 223 122 231 128 185 139 186 148 186 157 186 166 177 175 182 177 187 177 193 176 198 174 156 143 161 141 167 140 174 143 167 145 161 145 201 142 207 139 213 139 219 141 214 143 207 143 171 199 177 194 183 191 188 192 192 191 199 194 207 197 200 206 193 210 188 211 184 210 177 207 175 199 184 196 188 196 192 196 203 198 192 202 188 202 184 202
138 159 141 172 144 186 148 200 155 212 165 223 177 232 191 235 206 232 220 224 231 213 238 199 241 184 243 169 244 154 244 139 144 129 150 124 159 123 167 124 175 127 194 126 203 123 212 121 222 121 230 126 185 139 185 148 185 157 186 166 177 175 182 177 187 178 193 176 198 174 155 143 160 140 166 139 173 143 167 144 160 145 201 142 207 138 213 138 219 140 214 143 207 143 171 199 177 195 184 192 188 193 192 191 199 194 207 196 200 205 193 208 189 209 184 208 178 205 175 199 184 197 188 197 192 196 203 197 192 200 188 201 184 200
138 158 141 172 144 186 148 199 155 212 165 222 178 231 192 234 207 231 220 223 231 212 238 199 241 184 243 169 244 154 244 140 145 129 151 124 159 123 167 125 175 127 194 126 203 123 212 121 222 121 230 126 185 139 185 148 185 157 185 166 177 175 181 177 187 178 192 176 198 174 156 143 160 140 167 140 173 143 167 145 161 146 201 142 207 138 213 138 219 140 214 143 207 143 172 199 177 196 184 193 188 194 192 192 199 194 206 196 200 203 193 206 189 207 185 207 178 204 175 199 184 198 188 198 192 197 203 196 192 199 189 200 184 199
137 159 140 172 144 186 148 200 155 212 165 223 177 231 192 234 207 231 221 224 231 213 238 199 241 185 243 170 244 155 244 140 146 130 151 124 159 123 167 125 175 128 194 127 202 123 212 121 222 122 230 127 184 139 185 148 185 157 185 166 176 175 181 177 186 178 192 176 198 173 156 143 160 140 166 140 173 143 167 144 160 145 201 142 206 139 213 139 219 141 213 143 207 143 172 199 177 196 183 193 187 194 191 192 198 194 206 196 200 203 193 206 189 207 184 207 178 205 175 200 183 198 188 198 192 197 203 196 192 199 188 200 184 200
137 160 140 173 144 187 149 201 155 214 165 224 177 233 192 236 207 233 220 225 231 214 238 201 241 186 243 171 244 155 245 139 145 129 151 124 159 124 167 125 175 128 194 127 202 124 211 121 221 122 229 127 184 139 185 148 185 157 185 166 175 174 180 177 186 178 192 176 198 173 155 144 160 142 166 141 173 144 166 145 160 146 200 143 206 140 212 140 219 142 213 144 206 144 171 199 176 194 182 191 187 192 192 191 200 193 208 197 201 204 194 207 188 208 183 207 177 205 174 199 182 197 187 197 192 196 204 197 193 201 188 202 183 201
138 161 140 174 143 188 148 201 154 214 163 225 175 234 190 237 206 234 220 227 231 216 238 203 241 188 243 172 244 156 245 140 146 131 151 126 159 124 167 126 175 129 193 128 202 124 211 122 221 123 228 128 184 140 184 149 184 158 184 167 174 174 180 177 186 178 192 176 198 173 157 145 162 144 167 143 174 145 167 146 162 146 200 144 206 143 211 143 218 143 211 145 205 145 170 198 175 192 181 190 187 191 192 190 200 192 209 196 201 203 194 206 188 207 182 206 176 203 173 198 182 195 187 195 192 194 206 196 193 200 188 200 182 200
138 161 140 175 144 189 149 203 155 216 165 227 177 235 191 238 207 236 220 228 231 218 238 204 241 188 243 172 244 156 245 140 146 131 151 125 159 124 168 126 175 129 193 128 201 124 211 122 221 123 228 128 184 140 184 149 184 158 184 167 174 174 180 177 186 178 192 176 198 174 156 146 161 145 167 145 173 145 167 147 162 148 200 144 206 144 212 144 218 144 212 146 206 146 170 198 175 192 182 189 187 190 192 189 201 191 210 195 202 205 194 209 188 210 182 209 176 206 173 198 182 194 187 194 193 193 207 196 193 203 188 204 182 203
137 162 140 175 144 190 149 203 156 217 165 228 177 237 192 239 207 236 220 229 231 218 238 204 241 189 243 173 244 157 245 140 146 131 151 126 159 124 167 126 175 129 193 128 201 124 211 122 220 123 228 128 184 141 184 149 184 158 184 166 175 175 180 177 186 179 192 177 198 174 157 147 162 146 167 145 174 146 168 148 162 148 200 145 205 144 211 144 218 145 212 147 206 147 170 200 175 193 182 190 187 191 193 190 201 192 210 198 203 208 194 213 188 213 182 212 175 209 173 200 182 195 187 195 193 195 206 198 193 206 188 207 182 206
138 160 141 174 144 187 148 201 154 215 163 226 176 234 191 238 206 235 220 228 231 217 238 203 241 187 243 172 244 156 244 140 146 131 152 126 159 124 167 126 175 129 193 128 202 124 211 122 221 124 228 129 184 141 185 150 185 158 185 166 176 176 181 179 186 180 192 178 197 175 157 148 162 147 168 146 174 146 168 148 162 149 199 146 205 145 211 145 218 145 212 147 205 147 170 200 177 197 183 195 187 196 192 195 200 196 209 197 201 204 193 207 189 207 184 207 178 206 173 201 183 200 188 200 192 199 205 198 192 201 188 202 184 202
138 161 140 174 143 187 147 201 154 214 163 224 176 232 190 235 206 233 220 226 231 215 238 202 241 187 243 171 244 155 244 140 146 132 151 126 159 125 167 126 175 129 193 129 202 125 212 122 221 124 229 129 185 141 185 150 185 158 185 167 176 177 181 179 187 180 192 178 197 176 157 147 162 146 168 146 174 147 168 148 162 149 199 146 205 145 211 145 217 145 211 148 205 148 170 199 177 197 183 195 188 196 192 195 199 196 209 196 200 201 193 202 188 203 184 203 178 202 173 199 183 199 188 200 192 199 205 197 192 199 188 199 184 199
138 161 140 174 143 187 147 200 153 212 162 222 175 229 190 232 206 229 220 223 231 213 238 200 241 185 243 170 244 154 245 140 147 131 152 126 160 124 167 126 175 129 194 128 203 125 212 122 221 124 229 129 185 141 185 149 185 158 185 167 176 176 181 178 187 179 193 177 198 175 157 147 162 146 168 146 174 146 168 148 162 149 200 145 206 144 212 145 218 145 212 147 206 147 169 198 176 195 183 193 187 195 192 193 199 194 209 196 200 201 193 202 188 203 183 203 177 202 172 198 183 198 187 199 192 198 205 196 192 198 188 198 183 198
138 160 140 173 143 187 146 200 153 212 162 222 175 229 189 231 205 229 219 222 231 212 238 200 241 185 243 170 245 156 245 141 146 132 152 126 160 124 168 126 176 129 193 129 202 124 212 122 222 123 229 128 185 141 185 149 185 158 185 167 175 175 180 177 186 179 193 177 198 174 156 147 162 146 168 146 175 146 168 148 162 149 200 145 207 144 213 144 220 144 213 147 207 147 168 198 175 193 182 191 187 193 192 191 200 193 209 195 200 201 193 203 187 204 181 203 175 202 171 198 182 197 187 197 192 197 206 196 192 198 187 198 182 198
138 160 140 174 143 187 146 201 153 213 163 222 175 229 190 232 205 229 219 222 231 213 238 200 241 186 243 171 245 156 246 140 146 131 152 126 160 124 168 126 176 129 193 129 202 124 212 122 222 123 230 128 185 140 185 149 184 158 184 166 174 174 180 176 186 178 192 176 198 173 156 147 161 146 167 145 174 146 168 148 162 149 200 145 206 144 213 144 219 145 213 147 206 147 168 197 174 190 180 188 186 189 192 188 201 190 210 195 201 202 193 204 187 205 180 204 174 203 171 197 180 194 186 194 192 194 206 196 192 197 186 197 180 196
138 161 140 174 143 187 146 201 153 213 162 223 174 230 189 233 204 231 218 224 230 214 237 202 240 187 243 172 244 157 245 141 147 132 152 126 160 124 168 126 176 129 194 128 203 124 212 122 222 123 229 129 185 140 185 149 185 157 185 166 174 174 180 176 186 178 192 176 199 173 156 147 162 146 167 145 174 146 168 147 162 148 200 145 207 144 213 144 219 144 213 146 207 146 167 197 173 189 180 187 186 188 193 187 201 189 209 196 201 204 193 206 186 206 180 206 173 204 170 196 180 193 186 193 193 193 206 196 192 198 186 198 180 198
138 161 140 174 143 187 147 201 153 213 163 224 175 232 189 235 205 232 218 225 229 215 237 202 240 188 243 172 244 156 245 141 147 131 152 126 160 124 168 126 176 129 194 128 203 124 212 122 222 123 229 128 185 140 185 149 185 157 185 166 175 173 180 176 186 178 192 176 198 173 156 147 162 146 168 145 174 146 168 148 162 149 200 145 207 144 213 144 219 145 213 147 207 147 168 197 173 190 181 187 187 188 193 187 201 190 210 196 202 206 193 208 187 209 180 208 174 205 171 197 181 192 187 193 193 193 206 197 193 200 187 201 181 200
138 161 141 175 144 188 148 202 154 214 164 224 176 232 190 235 205 232 219 226 230 216 238 202 241 187 243 172 245 156 246 140 146 133 151 126 159 124 168 126 176 129 193 128 202 124 212 122 222 124 229 129 185 141 185 149 185 158 185 166 175 174 180 176 186 178 192 176 198 173 157 147 162 146 168 145 174 146 168 148 162 148 200 145 206 144 212 145 218 145 212 147 206 147 169 197 174 191 181 188 187 189 193 188 201 190 210 195 202 204 194 207 187 208 181 207 175 205 171 197 181 192 187 193 193 192 206 196 193 201 187 202 181 201
138 160 140 173 143 187 147 200 153 212 162 223 175 231 190 233 206 231 220 224 231 215 237 201 241 187 243 172 244 157 245 141 145 132 151 126 159 124 168 126 176 129 194 128 203 124 212 122 222 123 230 129 185 140 185 149 185 158 185 167 175 175 180 177 186 178 192 176 198 174 156 146 161 145 167 144 174 145 167 147 162 148 201 144 207 143 212 143 219 144 213 146 207 146 168 195 175 192 182 190 187 191 192 189 200 191 210 193 201 198 194 200 188 201 182 200 176 199 172 196 182 194 187 194 192 194 206 194 193 195 188 196 182 195
138 161 140 173 143 187 147 200 153 211 163 221 175 229 190 231 206 229 220 223 231 213 238 201 241 186 243 171 245 156 245 141 146 131 152 126 159 124 168 126 175 129 194 128 203 124 212 122 221 123 229 128 185 140 185 149 185 157 185 166 175 174 180 177 186 178 192 176 198 173 156 145 161 144 167 143 173 145 167 146 161 147 201 144 207 142 212 142 218 143 213 145 207 145 169 196 176 192 182 189 187 190 192 189 200 191 209 194 201 198 193 200 188 201 182 200 176 199 172 196 182 194 187 194 192 193 205 194 193 196 188 196 182 196
137 161 140 175 143 188 147 201 154 213 164 222 176 229 190 232 205 230 218 223 230 214 237 202 241 188 243 172 244 157 245 141 145 131 151 125 159 124 168 126 176 129 193 128 202 124 212 122 222 123 230 128 185 140 185 149 185 158 184 167 175 174 180 176 186 178 192 176 198 173 155 145 160 142 166 142 173 145 167 146 161 147 201 143 207 141 213 140 219 142 213 145 207 145 169 197 175 192 181 189 187 190 192 189 200 191 208 196 200 203 193 205 187 206 182 205 175 203 172 197 182 193 187 193 192 192 205 196 192 199 187 200 182 199
137 159 140 173 143 186 147 200 154 212 163 222 175 229 190 232 205 229 219 222 230 213 237 200 241 186 243 170 244 155 245 140 145 130 151 125 159 124 167 125 175 128 194 128 202 124 212 121 222 123 230 127 185 140 185 149 185 157 184 167 175 174 180 176 186 177 192 175 198 173 155 144 159 141 165 141 172 144 166 145 160 146 201 143 207 140 213 140 219 142 213 144 207 144 169 197 174 192 181 189 187 190 192 189 200 191 208 196 200 203 193 205 187 206 181 205 175 203 172 197 181 193 187 193 192 193 204 196 192 198 187 199 181 198
137 159 141 172 143 186 147 200 153 212 163 221 175 229 189 232 204 229 218 222 229 213 237 200 240 186 242 171 243 155 244 140 144 129 150 124 159 123 167 125 175 128 194 127 202 124 212 121 221 122 229 127 185 140 185 149 185 158 185 167 176 174 181 176 186 178 192 176 198 173 154 144 159 141 166 141 173 144 166 145 159 146 201 143 207 140 213 139 220 142 214 144 207 144 168 197 174 191 181 189 187 190 192 188 200 191 208 196 200 203 193 206 187 207 181 206 174 204 172 197 181 192 187 192 192 192 204 196 192 199 187 200 181 199
138 160 141 173 144 187 147 200 153 212 163 221 175 229 190 232 204 229 218 222 229 212 237 199 240 185 242 170 244 155 245 139 145 130 151 124 159 123 167 126 175 129 194 127 202 124 212 121 221 122 229 127 185 140 185 149 185 158 185 167 176 174 181 176 187 178 193 176 199 174 155 144 160 141 166 141 173 144 166 145 160 145 201 142 207 140 213 139 219 141 214 144 207 144 169 197 174 191 181 188 187 189 192 188 200 191 208 196 200 203 193 206 187 207 181 206 175 203 172 197 181 192 187 192 192 192 204 196 192 199 187 200 181 199
138 160 141 173 144 187 148 201 154 212 164 222 176 229 191 232 205 229 219 221 230 212 237 198 241 184 242 169 244 154 245 139 145 130 151 125 159 124 167 126 175 128 194 128 202 124 212 122 221 123 229 127 185 140 185 149 185 158 185 167 176 174 181 176 187 178 193 176 198 174 156 144 161 141 167 141 173 144 167 145 161 146 201 143 207 140 213 139 219 141 213 144 207 144 169 197 174 191 181 188 187 189 192 188 200 190 208 196 201 203 193 207 187 208 181 207 175 204 172 197 181 192 187 192 192 192 204 196 192 200 187 201 181 201
138 160 141 174 144 188 148 201 155 213 165 223 178 231 191 233 205 230 219 223 230 213 237 199 241 185 243 170 244 155 245 140 146 130 152 125 160 124 168 126 175 128 194 127 203 124 212 122 222 123 230 128 185 140 186 149 186 158 186 167 176 175 182 177 187 178 193 176 199 174 156 144 161 141 167 141 173 144 167 145 161 145 201 142 207 140 213 139 219 141 214 144 207 144 169 197 175 191 182 188 188 189 193 188 201 190 209 196 202 204 194 208 189 209 183 208 175 205 173 197 182 192 188 192 193 191 205 196 194 201 188 202 183 202
138 160 141 173 144 187 148 200 155 212 165 222 177 231 191 233 205 230 219 223 230 213 237 200 241 185 243 171 245 156 245 141 145 130 151 125 159 124 168 126 175 128 194 128 203 124 212 122 222 123 230 127 185 139 186 149 186 158 186 167 176 175 182 177 187 178 193 177 198 174 156 144 160 141 167 141 173 144 167 145 161 146 201 142 207 139 213 139 220 141 214 143 207 144 170 198 175 192 182 189 188 190 193 188 201 191 208 196 202 204 194 208 188 209 182 208 176 205 173 198 182 193 188 193 193 193 204 196 193 201 188 202 182 201
137 159 141 172 144 186 148 200 155 212 165 222 177 230 191 233 206 230 219 222 230 212 238 199 241 184 243 169 245 155 245 140 145 129 151 124 159 123 168 125 176 128 195 127 203 124 212 121 222 122 230 127 186 139 186 149 186 158 186 167 177 176 182 178 188 179 193 177 199 174 155 143 160 141 167 140 174 144 167 145 160 146 201 142 207 139 213 139 220 141 214 144 207 144 170 198 176 194 183 190 188 191 193 189 201 192 209 196 202 204 195 208 189 209 184 208 177 205 174 199 183 196 188 196 194 195 205 196 194 200 189 201 184 200
137 158 140 172 144 186 148 199 155 211 164 222 177 230 191 233 206 230 219 222 230 212 237 199 241 184 243 169 245 154 245 140 144 129 150 124 159 123 167 125 175 128 195 127 203 123 213 121 222 122 230 127 185 139 185 149 186 158 186 167 177 176 182 178 187 179 193 177 198 174 155 143 160 141 166 140 173 144 166 145 160 146 201 143 207 139 214 139 220 141 214 144 207 144 170 199 177 195 183 192 188 193 193 191 200 193 208 196 201 204 194 207 189 208 184 208 177 205 174 199 183 198 188 198 193 197 204 197 193 199 189 200 184 200
138 157 140 171 143 185 147 198 154 210 164 221 176 229 190 232 205 230 219 222 230 212 237 198 241 184 243 169 244 154 244 139 145 129 151 124 159 123 167 125 175 128 194 127 203 124 212 121 222 122 230 127 185 140 185 149 185 158 186 167 177 176 182 178 187 179 193 177 198 175 155 143 160 141 166 140 173 144 166 146 160 146 201 143 207 139 214 139 220 141 214 144 207 144 171 199 177 196 183 193 188 194 192 192 200 194 208 196 201 204 194 207 189 208 184 207 177 205 174 199 183 198 188 199 192 198 204 197 193 199 189 200 184 200
137 158 140 172 143 185 147 198 154 210 164 221 176 229 191 232 206 229 220 222 231 212 237 199 241 185 243 170 244 155 244 140 145 129 151 124 159 124 168 126 175 128 195 127 203 124 212 122 222 122 230 127 185 140 185 149 186 158 186 167 177 176 181 178 187 179 193 177 198 175 155 143 160 141 166 141 173 144 167 145 160 146 201 143 207 139 213 139 220 141 214 144 207 144 171 199 177 196 183 193 187 194 192 192 199 194 207 196 201 204 194 207 189 208 184 207 178 204 174 200 183 198 188 198 192 197 204 197 193 199 188 200 184 200
137 158 140 172 144 186 148 199 154 211 165 222 177 229 191 232 206 230 220 222 231 212 238 199 241 185 243 170 244 155 244 140 144 130 150 124 159 124 167 125 175 128 194 127 203 124 212 122 222 122 230 127 185 140 185 149 185 158 186 167 177 176 181 178 187 179 193 177 198 175 154 143 160 141 166 140 173 144 166 146 160 146 201 143 207 139 213 139 220 141 214 144 207 144 170 199 176 196 183 193 188 194 192 192 199 194 208 196 201 204 194 207 189 208 184 207 177 205 174 200 183 198 188 198 192 197 204 197 193 199 189 200 184 200
137 159 140 172 144 186 147 199 154 211 164 221 177 229 191 232 206 229 219 222 230 212 237 199 241 185 243 170 244 155 245 140 145 130 151 124 159 124 167 126 175 129 194 128 202 124 212 122 222 123 230 128 185 140 185 149 185 158 185 167 176 176 181 178 187 179 192 177 198 175 155 144 160 141 166 141 173 144 166 146 160 147 201 143 207 140 213 139 219 142 214 145 207 144 170 199 176 196 183 193 187 194 192 192 199 194 208 196 201 203 194 206 189 207 184 206 177 204 174 199 183 198 188 198 192 197 204 196 193 199 188 200 184 199
137 160 141 173 144 187 148 200 154 212 164 222 177 229 191 232 206 229 220 222 231 212 237 199 241 185 243 170 244 155 244 140 144 129 151 125 159 124 167 126 175 129 194 128 202 124 211 122 221 123 230 127 185 140 185 149 185 158 185 167 176 176 181 178 187 179 192 177 198 174 155 144 160 142 166 141 173 144 167 146 160 146 201 143 207 140 213 140 220 142 214 144 207 144 170 199 176 195 183 192 188 193 193 191 200 193 208 196 201 203 194 206 189 207 184 206 177 204 173 199 183 198 188 198 193 197 205 196 193 198 189 199 184 199
137 159 140 172 143 186 147 199 154 211 164 221 176 229 191 232 206 229 219 222 230 213 237 200 240 186 243 171 244 156 244 141 145 129 151 125 160 124 168 126 175 129 195 128 203 124 212 122 222 123 230 128 185 140 185 149 185 158 185 167 176 175 181 177 187 179 193 177 198 174 155 144 160 141 167 141 173 144 167 146 161 146 201 143 207 140 213 140 220 142 214 144 207 144 170 199 176 194 183 191 188 192 193 190 201 193 209 196 202 203 195 206 189 207 184 206 177 204 174 199 183 197 188 197 193 196 205 196 194 199 189 199 184 199
138 160 141 173 144 187 148 200 154 212 164 222 176 230 191 233 206 230 219 223 230 213 237 200 240 186 242 170 244 155 244 140 145 130 151 125 159 124 168 126 176 129 194 128 202 125 212 122 221 123 229 127 185 140 185 149 185 158 185 167 176 175 181 177 186 178 193 177 198 174 156 144 160 142 167 141 173 145 167 146 161 147 201 143 207 140 213 140 219 142 214 145 207 145 170 199 176 194 183 191 188 192 193 190 201 192 209 196 202 204 194 207 189 208 183 207 177 205 174 199 183 196 188 196 193 196 205 197 193 200 188 200 183 200
138 160 141 173 144 187 148 200 154 212 164 222 177 230 191 233 205 230 219 223 230 213 237 200 240 186 242 171 244 156 244 140 145 130 151 125 159 124 167 126 175 129 194 128 203 124 212 122 222 123 230 128 185 140 185 149 185 158 185 167 176 175 181 177 187 178 193 177 198 174 155 144 160 141 166 141 173 144 167 146 160 147 201 143 207 140 213 140 219 142 214 145 207 145 170 199 176 194 182 191 188 192 193 190 201 193 209 196 202 204 194 207 189 208 183 207 177 205 174 199 183 196 188 196 193 196 205 197 193 200 188 200 183 200
137 160 141 173 144 187 148 200 154 212 164 223 177 230 191 233 206 230 219 223 231 213 237 200 240 186 243 171 244 155 245 140 144 130 151 125 159 124 168 126 176 129 194 128 202 125 211 122 221 123 230 127 185 140 185 149 185 158 185 167 176 175 181 177 186 179 192 177 198 174 154 144 160 141 166 141 173 145 166 146 160 147 201 143 207 140 213 140 220 142 214 145 207 145 170 199 176 194 183 191 188 192 193 190 200 193 209 197 201 203 194 206 189 207 183 207 177 204 174 199 183 197 188 197 193 196 205 197 193 199 188 200 183 200
138 158 141 172 144 186 147 199 154 212 164 222 176 230 191 233 205 230 219 223 231 213 238 200 241 186 242 171 244 155 245 140 145 129 151 125 159 124 167 126 175 129 194 128 203 124 212 122 222 123 230 128 185 139 185 149 185 158 185 167 176 175 181 177 186 179 192 177 197 174 155 144 160 141 166 141 173 144 167 146 160 146 201 143 207 139 213 139 220 142 214 144 207 144 170 199 177 194 183 191 188 192 193 191 200 193 209 196 201 203 195 206 189 207 184 206 177 204 174 199 183 197 188 197 193 196 205 197 194 199 189 200 184 200
138 160 141 173 144 187 147 200 154 212 164 222 177 229 191 232 206 229 220 222 231 213 238 200 241 186 242 171 244 156 244 141 144 129 151 124 159 124 167 125 175 128 194 127 203 124 212 122 222 123 230 128 185 139 185 149 185 157 185 166 176 175 181 177 187 178 192 176 197 174 155 143 160 140 167 140 173 144 167 145 160 146 201 143 206 139 213 138 220 141 214 144 207 144 171 199 177 195 183 191 188 193 193 191 200 193 208 196 201 202 194 205 189 206 184 205 177 204 174 199 183 197 188 197 193 196 205 196 193 198 189 199 184 199
138 158 141 171 143 185 147 199 153 211 163 221 176 229 191 232 206 229 220 222 231 212 238 199 241 184 242 169 244 154 244 139 145 129 151 124 159 123 167 125 175 128 194 127 202 124 212 122 221 122 230 127 185 140 185 149 185 157 185 166 176 175 181 177 186 178 192 176 198 174 155 142 159 139 166 139 173 144 166 145 159 145 201 143 207 138 213 138 220 141 214 144 207 144 170 199 177 195 183 192 188 193 193 191 200 193 208 196 201 202 194 204 189 205 184 204 177 203 174 199 183 197 188 197 193 196 205 196 193 198 189 199 184 199
137 161 141 174 144 187 147 200 154 212 164 221 176 229 191 232 206 229 219 223 231 213 238 200 241 186 242 171 244 156 244 141 145 130 151 125 159 124 167 126 175 128 194 128 203 124 212 122 221 123 229 127 185 139 185 148 185 157 185 166 176 175 181 177 186 178 192 177 197 174 155 143 160 140 166 139 173 144 166 146 160 146 201 143 206 138 213 138 219 142 214 145 207 144 170 199 177 195 183 192 188 193 192 192 200 193 208 196 201 202 194 204 189 205 184 204 178 203 174 199 183 197 188 198 193 197 205 197 193 198 188 199 184 199
138 159 141 172 144 186 147 199 154 211 164 221 176 229 191 232 206 230 219 223 231 213 238 200 240 185 242 170 244 155 244 140 145 128 151 124 159 124 168 126 175 128 194 127 202 124 211 122 221 123 229 128 185 139 185 149 185 157 185 166 177 175 181 177 187 179 192 177 197 174 155 143 159 139 166 139 173 144 166 145 159 146 201 143 206 139 213 138 219 141 214 144 207 144 171 199 177 196 183 193 188 194 192 192 199 194 209 196 200 201 194 203 189 204 184 203 178 203 174 199 183 197 188 198 193 197 205 197 193 198 189 198 184 198
138 160 141 174 144 187 148 200 154 212 164 221 176 229 190 232 205 230 219 224 230 214 237 201 240 187 242 172 244 156 244 141 145 129 151 124 159 124 167 126 175 128 194 128 202 124 211 122 221 123 229 128 185 139 185 149 185 157 186 166 177 176 182 178 187 179 192 177 198 175 155 143 160 139 167 139 173 144 167 145 160 146 201 143 206 139 213 138 220 141 214 144 207 144 171 199 178 196 184 193 188 195 193 193 200 194 209 196 201 200 194 202 189 203 185 202 179 202 174 199 184 198 188 198 193 197 206 196 194 197 189 198 184 198
139 159 141 173 144 187 148 200 155 212 164 221 177 229 191 231 206 229 220 223 231 213 237 200 240 186 242 171 244 155 244 140 144 129 151 124 159 124 167 125 175 128 194 127 203 124 212 122 222 123 230 128 185 139 185 148 186 157 186 166 177 176 182 178 187 179 193 177 198 175 154 143 159 139 166 139 173 144 166 146 159 146 201 143 207 138 214 138 220 141 214 145 207 145 171 199 178 196 184 193 188 195 193 193 200 194 209 196 201 200 195 201 190 202 185 202 178 201 174 199 184 198 189 198 193 197 206 196 194 197 189 198 184 197
138 161 141 173 144 186 148 199 154 211 164 220 176 228 191 231 206 229 220 223 231 213 237 200 240 186 242 171 243 156 244 141 145 131 151 125 159 124 167 126 175 129 194 128 202 124 211 122 221 123 229 128 185 140 185 148 185 157 186 166 177 176 182 178 187 179 193 177 198 175 156 144 160 140 167 139 174 144 167 146 161 146 201 143 206 138 213 138 219 142 214 144 207 144 171 199 178 196 184 193 189 194 193 193 200 194 209 196 201 200 194 201 190 202 185 201 179 201 174 199 185 197 189 198 193 197 206 196 194 197 189 197 185 197
139 160 141 173 144 186 148 199 154 211 164 221 177 228 191 231 206 229 219 223 230 213 237 201 240 186 242 171 243 156 244 141 146 130 151 125 159 124 167 126 175 128 194 127 203 124 212 122 222 123 230 128 185 140 185 149 186 157 186 166 177 176 182 178 187 179 193 177 198 175 155 144 160 140 167 140 174 144 167 145 160 146 201 143 206 138 213 138 219 141 214 144 207 144 172 199 179 196 184 194 189 195 193 193 200 194 209 196 201 199 195 200 190 201 186 201 180 201 175 199 185 198 189 198 193 197 206 196 194 196 190 197 185 197
139 161 142 174 145 187 148 200 155 212 164 221 177 229 191 232 206 229 220 223 231 214 237 201 240 187 242 172 244 157 244 142 146 130 152 125 160 124 167 126 175 129 195 128 203 124 212 122 221 123 229 127 185 140 186 149 186 157 186 166 177 176 182 178 187 179 193 177 198 175 156 144 160 140 167 140 173 144 167 146 160 146 201 143 207 138 214 138 220 141 214 145 207 144 172 199 178 196 184 194 189 195 193 193 200 194 209 197 201 200 195 201 190 202 185 202 179 202 175 199 184 198 189 198 194 197 206 197 194 197 189 198 185 197
139 161 142 175 145 188 148 201 155 212 164 222 177 229 191 232 206 229 220 223 231 214 237 202 240 188 242 173 244 157 244 142 146 131 152 125 160 124 168 126 175 129 195 128 203 124 212 122 221 123 230 128 185 139 186 148 186 157 186 166 177 176 182 178 187 179 193 177 198 175 156 144 161 140 167 140 174 144 167 146 161 147 201 143 207 139 213 138 219 141 214 144 207 144 172 199 179 196 184 194 189 194 193 193 200 194 209 196 201 199 195 201 190 201 185 201 179 201 175 199 184 198 189 198 194 197 206 197 194 197 189 197 185 197
139 162 142 175 145 189 149 201 155 213 165 222 177 229 191 232 206 229 220 223 231 214 237 201 241 187 242 172 244 156 244 141 146 130 152 125 160 124 168 126 175 128 195 127 203 124 212 122 222 123 230 128 185 139 186 148 186 157 186 165 177 176 182 177 187 178 193 177 198 175 156 144 161 140 167 140 174 144 167 146 161 146 201 143 207 138 214 138 219 141 214 144 207 144 171 199 178 195 184 193 189 194 193 192 200 193 209 196 201 199 195 201 190 201 185 201 179 201 175 199 184 197 189 197 194 196 206 196 194 196 190 197 185 197
140 162 143 175 145 188 149 201 155 212 165 221 177 228 191 231 206 229 220 223 231 213 238 200 241 186 243 171 244 157 245 142 146 130 151 125 159 124 167 125 175 128 195 127 203 124 212 122 222 123 230 127 186 139 186 148 186 156 186 165 177 175 182 177 187 178 193 176 198 174 156 144 160 140 167 139 174 144 167 145 161 146 202 142 207 138 214 137 220 141 214 144 208 144 171 199 178 195 184 192 189 193 193 192 200 193 209 195 201 199 194 200 190 201 185 201 179 201 174 198 184 197 189 197 194 196 206 196 194 196 189 197 185 197
139 161 142 174 145 187 149 200 155 211 164 221 177 228 191 231 206 229 220 223 231 213 238 201 241 187 243 172 244 157 245 142 147 131 152 125 160 124 168 125 176 128 194 127 203 123 212 121 222 123 230 128 185 139 185 147 186 156 186 165 177 175 182 177 187 178 193 176 198 174 156 144 161 139 167 139 174 144 168 145 161 146 201 142 207 138 214 137 220 141 214 144 207 144 172 199 178 195 184 192 189 193 193 191 200 193 209 195 201 199 195 200 190 201 185 201 179 201 174 198 184 196 189 197 194 196 206 195 194 196 189 196 185 196
140 162 142 174 145 187 149 200 155 212 164 221 177 228 191 231 206 229 220 223 231 213 238 201 241 187 243 172 244 157 245 142 148 130 153 125 161 124 168 125 176 128 195 127 203 123 212 121 222 122 230 127 186 139 186 147 186 156 186 165 178 175 182 177 187 178 193 176 198 174 157 144 161 140 167 140 174 144 167 146 161 146 202 142 207 138 214 137 220 141 215 143 208 143 172 199 178 195 184 192 189 193 193 191 200 193 209 195 201 199 195 200 190 201 185 201 179 201 175 198 184 197 189 197 194 196 206 195 194 196 189 196 185 196
139 161 142 174 145 188 149 200 155 212 165 221 177 228 191 231 206 229 220 223 231 214 238 201 241 187 243 172 244 156 244 141 147 130 153 125 160 124 168 126 175 128 195 127 203 124 212 121 221 122 229 127 185 139 186 147 186 156 186 165 177 175 182 176 187 178 193 176 198 174 156 143 161 139 167 139 174 144 167 145 161 146 202 142 207 138 214 137 220 141 214 144 208 144 172 199 178 195 184 192 189 193 193 191 200 193 209 195 201 199 195 200 190 201 185 201 179 201 175 198 184 197 189 197 194 196 206 195 194 196 190 196 185 196
