131 165 135 179 139 193 144 207 151 219 161 229 174 236 188 238 203 235 216 228 226 217 233 204 235 189 237 174 238 158 239 143 137 135 143 129 152 128 161 130 170 132 188 131 197 127 206 125 216 126 224 130 179 143 180 152 180 161 180 170 172 180 176 182 182 183 187 181 192 179 148 147 153 144 160 143 167 148 160 150 153 151 195 147 201 142 208 141 214 144 209 148 202 148 167 205 173 200 179 196 183 197 188 196 196 198 203 202 197 208 190 211 185 212 180 212 174 210 171 205 179 202 184 202 189 201 200 202 189 204 184 205 180 205
131 165 135 179 139 193 143 207 151 219 161 229 174 236 188 238 203 235 216 227 226 217 232 203 235 189 237 173 238 158 238 143 137 135 143 130 152 128 161 130 169 133 187 131 196 127 205 125 215 126 223 130 179 143 179 152 180 161 180 170 172 180 176 182 182 183 187 181 192 179 147 147 153 144 160 143 167 148 160 150 153 151 194 146 201 142 208 141 214 144 209 148 201 148 167 205 173 200 179 196 183 198 188 196 195 198 203 202 197 208 190 211 185 212 180 211 174 210 170 205 179 202 184 202 188 201 200 202 189 204 184 205 179 205
131 164 135 179 138 193 143 207 151 219 161 229 174 236 188 238 203 234 216 227 226 216 232 203 235 188 237 173 238 158 238 142 137 135 143 129 152 128 161 130 170 133 187 132 196 127 205 125 215 125 224 130 179 143 179 152 180 161 180 170 172 180 176 182 182 183 187 181 192 178 147 147 153 144 160 143 167 148 160 150 153 151 194 147 201 141 208 141 214 144 209 148 201 148 167 205 173 200 179 196 183 197 188 196 195 198 203 202 196 208 190 210 185 211 180 211 174 210 170 205 179 202 184 202 188 201 200 202 189 204 184 204 180 204
131 165 135 179 139 193 144 207 151 219 162 229 174 236 188 238 203 234 216 227 226 216 232 203 235 188 237 173 238 158 238 142 136 135 143 129 152 128 161 130 170 133 188 131 196 127 206 125 215 125 224 130 179 143 180 152 180 161 181 170 172 180 177 182 182 182 188 181 193 178 147 147 153 143 160 143 167 148 160 150 153 150 195 146 201 141 208 141 214 144 209 148 202 148 167 205 173 200 179 196 184 197 188 196 195 198 203 202 197 208 190 210 185 211 180 211 174 210 171 205 179 202 184 202 189 201 200 202 189 203 184 204 180 204
131 165 135 179 139 193 144 207 151 219 161 229 173 236 188 238 203 234 216 227 226 216 232 203 235 188 237 173 238 157 238 142 137 135 143 129 152 128 161 130 170 132 187 131 196 127 205 125 215 125 223 130 179 143 179 152 180 161 180 170 171 180 176 182 182 183 187 181 192 178 147 147 153 143 160 143 167 148 160 150 153 150 194 146 201 141 208 141 214 144 209 147 201 148 167 205 173 199 179 196 183 197 188 195 195 198 203 202 196 208 190 210 185 211 180 211 174 210 170 205 179 202 184 202 188 201 200 202 189 204 184 204 179 204
131 165 134 179 138 193 143 207 151 219 161 229 174 236 188 238 203 234 216 227 226 216 232 202 235 188 237 172 238 157 238 142 136 135 143 129 152 128 161 129 169 132 187 131 196 127 205 125 215 125 223 130 179 143 179 152 180 161 180 170 171 180 176 181 182 182 187 181 192 178 147 147 153 143 160 143 167 148 160 150 152 150 194 146 201 141 208 141 214 144 209 147 201 148 167 205 173 199 178 196 183 197 188 195 195 198 203 202 196 208 190 210 185 211 180 211 173 210 170 205 179 202 184 202 188 201 199 202 189 203 184 204 179 204
131 165 134 179 138 193 143 207 151 219 161 229 173 236 188 238 203 234 216 227 226 216 232 203 235 188 237 173 238 157 238 142 136 135 143 129 151 128 160 129 169 132 187 131 196 127 205 125 215 125 223 130 178 143 179 152 179 161 180 170 171 179 176 181 181 182 187 180 192 178 147 147 153 143 160 143 166 148 160 150 152 150 194 146 200 141 207 141 214 144 208 147 201 148 167 205 172 199 178 196 183 197 188 195 195 197 203 201 196 208 190 210 184 211 179 211 173 210 170 204 179 201 183 201 188 201 199 201 189 203 184 204 179 204
131 164 134 178 138 192 143 206 151 218 161 228 173 235 188 237 203 234 215 226 226 216 232 202 235 188 237 172 238 157 238 141 136 135 142 129 151 128 160 129 169 132 187 131 196 127 205 124 215 125 223 130 179 143 179 152 179 161 180 170 171 179 176 181 181 182 187 180 192 178 147 147 153 143 160 143 167 148 160 150 153 150 194 146 200 141 207 140 214 143 208 147 201 147 166 203 172 198 178 195 183 196 188 194 195 197 203 200 196 207 189 210 184 211 179 211 173 209 170 203 178 201 183 201 188 200 200 201 188 203 184 204 179 204
131 164 134 178 137 192 142 206 149 217 160 227 172 234 187 237 201 233 215 226 226 216 232 203 235 188 236 173 238 157 238 142 136 135 143 129 151 127 160 129 169 132 187 131 196 127 205 124 215 125 223 130 178 143 179 152 179 161 179 170 170 179 175 181 181 182 187 180 192 177 147 147 153 143 160 143 166 148 160 150 152 150 194 146 200 141 207 140 213 143 208 147 201 147 165 203 171 197 177 194 182 196 188 194 195 196 204 200 196 207 189 210 184 211 178 210 172 208 168 203 177 200 183 200 188 199 200 200 188 203 183 204 178 204
130 164 134 178 137 191 141 205 148 217 159 227 171 234 186 236 201 233 214 226 225 215 232 202 235 188 236 173 238 157 238 142 136 135 142 129 151 127 160 129 169 132 186 131 195 127 205 124 215 125 223 130 178 142 178 152 179 161 179 170 170 178 175 180 180 182 186 180 192 177 147 147 152 143 160 143 166 147 159 149 152 150 194 146 200 141 207 140 213 143 208 147 201 147 164 202 170 197 177 194 182 195 187 193 195 195 204 199 196 207 189 210 183 210 177 210 171 208 167 202 177 199 182 199 187 198 200 200 188 204 183 204 177 204
130 164 134 178 137 192 141 205 148 217 159 227 171 234 186 236 201 233 214 225 225 215 232 203 235 188 236 173 238 157 238 142 136 135 142 129 151 128 160 129 169 132 187 131 195 127 205 124 215 125 223 130 178 143 178 152 179 161 179 170 170 178 175 180 180 182 186 180 192 177 147 147 152 143 159 143 166 148 159 149 152 150 194 146 200 141 207 140 213 143 208 147 201 147 163 201 170 196 176 193 182 195 187 193 196 195 204 199 197 207 189 210 183 210 177 210 170 207 166 201 176 198 182 198 188 198 201 199 188 204 182 204 177 204
131 164 134 178 137 192 141 205 148 217 159 226 171 233 186 236 201 232 214 225 225 215 231 203 234 188 236 173 238 158 238 142 136 135 142 129 151 127 160 129 169 132 187 131 196 127 205 124 215 125 223 130 178 142 179 151 179 160 179 170 169 178 175 180 181 182 187 180 193 177 147 147 152 143 159 143 166 148 159 149 152 150 194 146 200 141 207 140 213 143 208 147 201 147 163 201 169 196 176 193 182 194 188 192 196 195 205 198 197 206 189 209 183 210 177 210 170 207 166 201 177 197 182 198 188 197 202 199 188 203 183 204 177 203
131 165 134 179 137 192 142 205 149 217 159 226 171 234 186 236 201 233 214 225 225 216 232 203 235 188 236 173 238 157 238 142 136 135 142 129 151 127 160 129 169 132 187 131 196 127 205 124 215 125 223 130 178 142 179 151 179 161 179 170 170 178 175 180 181 181 187 179 193 177 147 147 153 143 160 143 167 148 160 149 152 150 194 146 200 141 207 140 214 144 208 147 201 147 163 200 170 195 177 193 182 194 188 192 197 194 206 198 198 206 189 209 183 210 177 209 170 207 166 201 177 197 183 197 188 197 202 199 189 202 183 203 177 203
131 165 134 179 138 193 142 206 149 218 159 228 171 235 186 237 201 234 214 227 225 217 231 204 235 189 237 174 238 158 239 142 137 135 143 129 152 127 161 129 170 132 188 131 196 127 206 125 215 125 224 130 179 142 179 152 180 161 180 170 170 178 175 180 181 181 187 179 193 177 147 147 153 143 160 143 167 147 160 149 153 149 194 146 201 141 207 141 214 144 208 147 201 147 163 200 169 195 177 192 182 193 188 192 197 194 206 199 198 207 190 210 183 211 177 211 170 208 166 201 177 197 183 197 188 197 202 199 189 203 183 203 177 203
131 164 134 179 138 193 143 207 150 219 160 230 172 238 186 241 201 238 214 229 225 219 231 205 235 190 237 174 238 158 239 142 137 135 143 129 152 127 161 129 170 132 188 130 197 126 206 124 216 126 224 131 179 142 179 152 180 161 180 170 170 178 175 180 181 181 188 180 193 177 148 147 154 143 160 143 167 147 160 149 154 149 195 146 201 142 208 141 214 144 208 147 202 147 164 202 169 195 176 192 183 193 189 192 198 195 206 200 199 211 190 214 184 215 177 214 170 211 167 202 177 197 183 197 189 197 203 201 189 206 183 207 177 206
131 164 135 179 139 194 143 208 150 220 160 231 172 239 187 241 201 238 214 230 225 220 231 206 235 191 237 175 239 159 239 143 138 135 144 129 152 127 161 129 170 132 188 131 197 127 207 125 217 126 224 132 180 143 180 152 180 161 181 170 171 178 176 180 182 182 188 180 194 177 150 148 155 145 161 145 168 148 161 149 155 150 195 147 201 144 207 144 213 146 208 148 201 148 164 202 170 195 177 192 183 193 189 192 198 195 206 201 199 211 190 215 184 215 177 215 170 211 167 202 177 196 183 197 189 197 203 201 190 207 183 208 177 207
132 164 135 179 139 193 143 207 150 219 161 229 172 237 187 239 202 236 215 228 225 218 232 205 235 190 237 174 238 158 239 142 139 135 144 129 153 127 162 129 170 132 188 131 197 127 206 125 216 126 223 131 180 144 180 152 181 161 181 170 171 178 176 180 182 182 188 180 194 177 151 150 156 149 162 148 169 148 162 151 157 151 194 148 200 147 206 147 212 148 206 150 200 150 165 202 170 195 177 192 183 194 189 193 198 195 205 201 198 210 190 213 183 214 177 213 170 210 168 202 177 196 183 197 189 197 202 201 189 206 183 206 177 206
132 163 135 177 138 191 142 205 150 217 160 227 172 235 187 237 202 234 215 226 226 216 232 203 236 188 237 173 239 157 239 142 140 134 146 128 154 127 163 128 171 132 189 131 198 127 207 125 216 126 223 131 181 144 181 152 181 161 182 171 171 178 177 181 183 182 189 180 195 177 152 150 157 149 163 148 169 149 163 151 158 152 195 148 201 147 207 148 213 148 207 150 201 150 165 201 172 197 179 195 183 196 189 195 196 197 205 200 197 207 189 210 184 210 179 210 172 208 168 202 179 199 184 200 189 199 201 201 189 202 184 203 179 203
132 163 135 177 138 191 143 204 150 217 160 226 172 233 187 236 203 232 216 225 226 215 233 202 236 187 237 172 239 157 239 142 139 134 145 128 154 126 163 128 171 131 190 130 198 126 208 124 217 125 224 131 181 143 182 152 182 161 183 170 172 179 178 181 184 182 190 180 195 178 151 150 157 149 163 148 170 148 163 151 157 152 195 147 202 147 208 147 214 148 208 150 202 150 165 200 173 198 180 197 185 198 189 196 197 197 205 198 197 204 190 206 185 207 180 207 173 205 168 201 180 201 185 201 190 201 202 199 190 200 185 201 180 201
132 163 135 177 139 191 143 204 150 217 160 227 173 234 188 236 203 233 216 226 227 215 233 201 236 187 238 171 239 156 239 141 139 134 145 128 154 126 163 127 172 131 190 130 199 126 208 124 218 125 225 131 182 142 182 151 182 161 183 170 172 179 178 181 184 182 190 180 196 177 151 148 156 147 162 147 169 147 163 149 157 150 196 146 203 146 209 146 215 146 209 149 203 148 166 201 174 199 180 197 185 198 190 197 197 198 206 198 198 204 191 207 186 208 181 207 174 206 169 201 181 201 185 202 190 201 202 199 190 201 186 202 181 202
132 163 135 177 139 191 143 205 151 218 161 228 174 236 188 238 203 234 216 226 227 216 233 202 236 187 238 172 239 157 239 142 139 134 145 128 154 126 163 127 172 130 190 129 199 125 209 123 219 125 226 131 182 141 182 151 183 160 183 170 173 178 178 180 184 182 190 180 196 177 150 147 156 146 162 145 169 147 163 148 156 149 197 146 203 144 209 145 215 145 210 148 203 147 167 202 174 199 181 197 185 198 190 196 197 198 205 200 198 208 191 211 186 212 181 211 174 209 170 202 181 201 185 201 190 201 201 200 191 204 186 205 181 204
131 162 135 177 139 191 144 205 152 218 162 228 174 236 188 239 202 236 215 228 226 216 233 203 236 187 238 172 240 156 240 141 138 133 145 127 154 126 163 127 172 130 190 129 199 125 208 123 218 125 226 130 182 142 182 151 182 160 183 170 173 178 178 180 184 181 190 179 195 177 150 146 156 145 162 144 169 146 162 148 156 149 197 145 203 143 210 143 216 145 210 147 203 147 168 203 174 199 180 195 185 196 189 195 197 197 204 201 198 210 191 214 186 215 181 215 174 211 172 203 181 200 185 201 189 200 200 201 190 206 185 207 181 207
131 162 135 176 139 191 144 205 152 217 163 228 175 236 189 239 203 235 215 227 226 216 233 202 236 187 239 172 240 157 240 141 138 133 145 127 154 125 163 127 172 130 190 129 199 125 208 123 218 125 225 130 181 141 182 151 182 160 183 169 173 178 178 180 184 181 189 179 195 176 150 146 155 143 162 143 169 146 162 148 155 148 197 145 203 142 210 142 216 144 210 146 203 146 169 204 174 198 181 194 185 195 189 194 196 197 203 201 197 210 191 214 186 215 181 214 175 211 172 203 181 200 185 200 189 199 199 201 190 206 185 207 181 206
132 162 135 177 139 191 145 205 153 217 163 227 175 235 189 237 204 234 216 226 227 215 233 202 237 187 239 172 240 157 239 142 138 133 145 127 154 125 163 127 172 130 190 128 199 125 208 123 218 124 226 129 182 141 182 150 182 160 183 169 173 178 178 180 184 181 190 179 195 176 150 145 156 143 162 142 169 146 162 148 155 148 197 144 203 141 210 141 216 143 210 146 203 146 170 203 175 198 181 195 185 195 189 194 196 197 202 200 197 208 191 211 186 212 182 212 176 210 173 203 181 200 185 200 189 199 199 200 190 203 186 204 182 204
132 163 135 177 139 191 144 205 152 217 162 227 175 234 190 237 205 234 217 226 227 215 233 202 236 187 238 172 239 157 239 142 138 132 145 126 154 125 163 127 172 130 190 129 199 125 208 123 218 124 226 130 181 140 182 149 182 159 183 169 173 177 178 179 184 181 190 179 195 176 150 145 155 142 162 142 169 145 162 147 155 148 197 144 203 141 210 140 216 143 210 146 203 146 168 202 175 198 181 196 185 197 190 195 196 197 204 199 198 206 191 208 187 209 182 209 175 207 171 202 181 201 185 201 190 200 201 199 190 201 186 202 182 202
132 162 135 177 139 191 144 205 151 218 161 229 174 237 188 239 204 236 217 228 227 217 233 203 236 188 238 172 239 157 239 141 138 133 145 127 154 125 163 127 172 130 190 129 198 125 208 123 218 124 225 130 181 141 182 150 182 159 182 168 172 177 177 179 183 181 189 179 195 176 150 145 155 142 162 142 169 146 162 147 155 148 196 144 203 141 209 140 215 143 210 146 203 146 167 202 173 198 180 195 185 196 189 195 197 196 205 199 198 207 191 210 186 211 180 210 174 208 170 202 180 200 185 200 190 199 202 199 190 203 185 204 180 204
132 163 135 177 139 192 144 206 151 219 161 231 173 239 188 242 203 238 217 230 227 219 233 204 237 189 239 173 240 157 240 141 138 133 145 127 154 125 163 127 172 130 190 129 198 125 208 123 218 125 225 130 181 141 181 150 181 159 181 168 171 177 177 179 182 180 189 179 195 176 149 145 155 142 162 142 169 146 162 147 155 148 196 145 203 141 209 141 215 143 210 146 203 146 166 203 171 196 178 193 184 194 189 193 198 195 205 201 199 211 190 215 184 216 179 215 171 212 169 203 178 198 184 199 189 198 202 201 190 207 184 207 178 207
132 163 135 178 140 192 144 207 151 220 161 232 173 240 187 243 203 240 216 231 227 219 233 205 236 190 238 174 239 158 240 142 139 133 145 127 154 125 163 127 171 130 190 129 199 125 209 123 218 125 225 130 181 142 181 151 181 160 182 169 171 177 177 179 182 181 189 179 194 177 150 147 156 145 162 144 169 146 162 148 156 149 196 145 203 143 209 144 215 145 209 147 203 147 166 203 170 195 177 192 183 194 189 193 198 196 205 202 199 213 190 217 184 218 178 217 171 213 169 203 178 198 183 199 189 198 201 202 190 208 183 209 178 208
132 161 135 176 139 191 144 205 151 219 160 231 172 239 188 242 203 238 217 230 227 218 233 204 236 188 238 172 239 157 239 141 140 134 146 128 154 126 163 127 171 131 189 130 198 126 208 124 217 125 224 131 181 143 181 151 181 160 182 170 171 177 177 180 183 181 189 179 195 176 152 149 157 149 163 148 169 148 164 150 158 151 195 147 201 146 207 147 213 147 207 149 201 149 167 204 172 198 179 195 184 196 189 195 196 197 203 201 197 211 190 215 185 216 179 215 173 212 170 203 179 200 184 200 189 200 200 202 189 207 184 208 179 207
132 162 135 176 139 191 144 206 151 219 161 230 174 237 189 240 204 236 217 228 227 217 233 202 236 187 238 171 239 156 239 140 140 134 145 128 154 126 163 127 171 131 189 130 198 126 208 124 217 125 224 131 181 142 181 151 182 160 182 169 172 178 177 180 183 182 189 179 195 177 152 150 157 149 163 148 169 148 163 151 157 152 195 146 202 147 207 147 214 147 208 149 202 149 168 203 174 200 180 198 184 198 188 197 195 198 203 200 196 207 190 209 186 210 181 210 175 208 171 203 180 202 184 202 189 201 199 201 189 203 185 204 181 203
132 162 135 177 139 192 144 206 152 220 162 230 174 238 189 240 204 237 217 229 227 217 233 203 236 188 238 172 239 156 239 140 140 135 145 128 154 126 163 128 172 131 190 130 198 126 208 124 217 125 224 131 181 142 182 151 182 160 183 169 173 178 178 180 184 182 190 179 195 177 152 150 157 149 163 148 169 148 163 150 158 151 195 146 202 147 207 147 213 147 207 149 201 149 169 204 175 200 181 198 185 198 189 197 195 198 203 201 197 208 190 211 186 212 182 211 176 210 172 204 181 202 185 202 189 201 199 201 190 204 186 205 182 204
132 163 135 177 139 192 144 206 151 220 161 231 173 239 188 242 203 239 216 231 226 219 233 204 236 189 238 173 239 157 239 141 139 134 145 127 154 126 163 127 172 130 190 129 199 125 208 123 218 125 225 130 181 142 181 151 181 160 182 169 172 178 177 180 183 181 189 179 194 177 151 149 156 148 162 147 169 147 163 150 157 151 196 146 202 146 208 146 215 146 208 149 202 148 168 205 173 198 179 195 184 197 189 195 197 197 203 202 198 213 191 217 185 218 180 217 173 213 171 204 180 201 184 201 189 200 200 202 190 209 185 210 180 209
132 163 135 178 139 193 144 207 151 221 161 233 173 241 188 244 203 240 216 232 226 220 233 206 236 190 238 174 240 157 240 141 139 133 145 127 154 126 163 127 171 130 190 129 199 125 209 123 218 125 225 130 181 142 182 151 182 160 182 169 172 177 177 179 183 181 189 179 195 177 151 148 156 147 162 146 169 147 163 149 156 150 196 146 203 145 209 145 215 146 209 148 203 148 167 205 171 196 178 193 184 194 189 192 198 196 205 203 199 214 191 218 185 219 179 218 172 214 170 204 178 199 184 199 190 198 202 203 190 209 184 210 178 209
132 163 135 178 139 193 144 207 151 221 161 232 173 240 188 243 203 239 216 231 226 220 233 205 236 190 238 174 239 158 240 142 139 134 145 128 154 126 163 127 172 131 190 130 199 125 209 124 218 125 226 131 181 142 181 151 181 160 182 169 171 177 177 179 183 180 189 179 195 176 150 147 156 146 162 145 168 146 162 148 156 149 197 146 203 144 209 144 215 145 209 147 203 147 165 202 170 194 178 191 184 193 190 191 199 194 206 200 200 212 192 216 185 217 178 217 171 213 168 202 178 197 184 197 190 197 203 201 191 207 184 208 178 208
132 163 135 177 138 192 143 205 150 218 160 229 172 237 187 240 202 237 215 229 226 218 233 204 236 190 239 174 240 158 240 142 139 133 145 128 154 126 163 128 172 131 190 130 199 126 208 124 218 125 225 131 181 141 181 151 182 160 182 170 171 177 177 179 183 181 189 179 195 176 150 146 155 145 162 144 168 147 162 148 155 148 197 146 203 143 209 143 215 145 209 147 203 147 164 201 170 194 177 191 183 192 189 191 198 194 207 199 200 209 191 213 185 214 178 213 170 210 167 201 177 196 184 197 190 196 204 199 190 205 184 205 178 204
132 163 135 177 138 191 142 204 149 216 159 227 172 234 187 237 202 234 215 227 226 217 233 204 236 189 238 174 240 159 240 143 139 134 145 128 154 126 163 128 172 131 191 130 199 126 209 124 218 126 226 131 182 141 182 151 182 160 182 169 171 177 177 179 183 181 190 179 195 176 150 146 156 143 162 143 169 147 162 148 156 148 197 146 203 142 210 142 216 145 210 147 204 147 163 199 170 193 178 191 184 192 190 191 199 193 208 198 200 207 191 210 184 211 178 210 170 207 166 199 178 196 184 196 190 196 205 198 191 202 184 203 178 202
132 163 135 177 138 191 142 204 149 216 160 226 172 233 187 235 202 232 216 225 226 216 233 203 236 189 238 174 240 159 241 143 139 133 145 127 154 126 163 128 172 131 191 130 199 126 209 124 218 125 226 130 182 142 182 151 182 160 182 170 171 177 177 179 183 181 190 179 195 176 150 146 156 143 162 143 169 146 162 148 156 148 197 145 203 142 210 141 216 144 210 146 204 147 163 198 170 193 178 191 184 192 190 191 200 193 208 197 200 206 191 209 185 210 178 209 170 206 166 198 178 196 184 196 190 196 205 197 191 203 184 203 178 203
132 163 135 177 138 191 142 204 149 216 159 226 172 233 187 235 202 233 216 226 226 216 233 203 236 189 238 174 240 159 241 143 139 133 145 128 154 126 163 128 172 131 190 130 199 126 209 124 219 125 226 131 182 142 182 151 182 160 182 170 171 177 177 179 183 181 190 179 195 176 150 145 156 142 162 142 169 146 162 148 155 148 197 146 203 141 210 141 216 144 211 147 204 147 163 198 170 193 178 191 184 192 190 191 199 193 208 197 200 206 191 209 185 210 178 209 170 206 166 198 178 196 184 196 190 196 205 197 190 202 184 203 178 202
132 162 135 177 138 191 142 204 149 216 159 226 171 234 187 236 202 234 216 227 227 217 233 203 236 189 238 174 240 158 241 143 139 134 145 128 154 126 163 128 172 131 191 130 199 126 209 124 219 125 226 130 182 142 182 151 182 160 182 170 172 177 177 179 183 181 190 179 196 176 150 145 156 142 162 142 169 147 162 148 155 148 197 146 203 141 210 141 216 144 211 147 204 147 164 199 170 194 178 191 184 193 190 191 199 194 208 198 200 207 191 210 185 211 178 210 171 207 167 199 178 196 184 196 190 196 205 198 191 203 184 204 178 203
132 164 136 178 139 192 143 206 150 218 160 228 172 236 187 238 203 235 216 228 227 218 233 204 236 190 238 174 240 159 241 143 139 134 145 128 154 126 164 128 172 131 191 130 199 126 209 124 218 126 226 131 182 142 182 151 182 160 182 169 172 177 178 180 183 181 190 179 195 177 150 146 156 142 162 142 169 147 162 148 155 148 197 146 203 141 210 141 216 144 211 147 204 147 165 201 172 195 179 192 184 194 190 192 199 194 207 199 199 207 191 211 185 212 179 211 172 208 168 201 179 196 184 197 190 196 204 199 191 204 185 205 179 204
132 163 136 177 139 191 143 204 150 217 160 227 173 235 188 237 204 234 217 227 228 217 234 203 237 189 238 174 240 159 240 144 139 134 145 128 154 126 164 128 172 132 190 131 199 127 209 124 219 126 226 131 181 142 182 151 182 160 182 170 172 178 177 180 184 181 190 179 196 177 150 146 156 142 162 142 169 147 162 148 155 148 197 146 203 141 210 141 216 144 211 147 204 147 165 199 173 195 179 193 185 194 190 193 198 194 207 197 199 203 191 206 185 207 180 206 173 205 169 200 179 197 185 198 190 197 203 198 191 201 185 201 180 201
132 162 135 176 139 190 143 204 150 216 161 226 173 234 188 236 204 233 217 226 228 216 234 203 237 188 238 173 240 158 240 143 139 133 146 127 155 126 164 128 172 132 190 131 199 126 209 124 218 125 226 130 182 142 182 151 182 160 182 170 172 177 177 180 184 181 190 179 196 176 150 145 155 142 162 142 169 147 162 148 155 148 197 146 203 141 210 141 216 143 211 147 204 147 165 199 173 195 179 193 185 194 190 193 198 194 207 196 199 202 192 205 186 206 180 206 173 204 169 199 179 198 185 198 190 197 204 197 191 199 185 200 180 200
132 162 136 176 139 190 143 204 150 216 160 226 173 234 188 236 203 233 216 226 227 216 233 203 236 188 238 173 240 158 240 143 139 133 145 127 155 126 164 128 173 131 190 130 199 126 209 124 219 125 227 131 182 141 182 151 182 160 182 169 172 177 178 179 184 181 190 179 195 176 150 145 155 142 162 142 169 146 162 148 155 148 197 145 203 141 210 140 216 143 211 147 204 147 166 200 172 195 179 192 185 193 190 192 198 194 206 197 199 205 191 208 185 209 180 208 173 206 169 200 179 197 185 197 190 196 203 198 191 202 185 203 179 202
132 163 136 177 139 191 144 205 151 217 161 227 173 234 188 236 203 233 216 226 227 216 233 203 236 189 238 173 240 158 240 143 139 134 145 127 154 126 164 127 172 131 190 130 199 126 209 124 219 125 226 131 181 141 182 151 182 160 182 169 172 177 177 179 183 180 190 178 195 176 150 145 155 142 162 142 169 146 162 148 155 148 197 145 203 141 210 140 216 143 211 146 204 147 166 201 172 195 179 192 185 193 190 192 198 194 207 198 199 206 192 209 185 210 179 210 173 207 169 201 179 196 185 196 191 196 203 198 191 203 185 203 179 203
132 163 136 177 139 191 144 205 151 217 161 227 173 235 188 237 203 234 216 227 227 216 233 203 236 189 238 173 240 158 240 143 139 133 145 127 154 126 163 127 172 131 190 130 199 126 209 124 219 125 226 130 182 141 182 150 182 159 182 169 172 177 177 179 183 180 190 178 195 176 149 145 155 141 162 141 169 146 162 148 155 148 197 145 203 140 210 140 216 143 211 146 204 146 166 200 172 194 179 192 184 193 190 191 198 194 206 198 199 206 191 210 185 211 179 211 172 208 169 200 179 196 184 196 190 196 203 198 191 203 185 204 179 204
132 163 136 177 139 191 144 205 151 217 161 227 173 235 188 237 203 234 216 227 227 217 233 204 236 190 238 174 240 159 240 143 139 133 145 127 154 126 163 127 172 130 190 129 199 125 209 124 219 125 226 130 181 141 182 150 182 159 182 169 172 177 177 179 183 180 189 178 195 176 150 145 155 141 162 141 169 146 162 148 155 148 196 145 203 140 210 140 216 143 211 146 204 146 166 201 172 194 179 191 184 193 190 191 198 194 206 198 199 207 191 210 185 211 179 211 172 208 169 201 179 196 184 196 190 196 203 198 190 203 185 204 179 203
132 163 136 177 139 192 144 206 151 218 161 228 173 236 188 238 203 235 216 228 226 217 233 204 236 189 238 174 240 158 240 143 139 133 145 127 154 125 163 127 172 130 190 129 199 125 209 123 219 125 226 130 181 141 182 150 182 159 182 168 172 177 177 179 183 180 190 178 195 176 150 145 155 141 162 141 169 146 162 147 155 148 197 145 203 140 210 140 216 143 211 146 204 146 166 201 172 194 179 191 184 192 190 191 199 193 207 199 199 208 191 212 185 213 179 212 172 209 169 201 179 196 184 196 190 195 203 199 191 204 185 205 179 205
132 163 136 178 139 192 144 206 151 219 161 230 173 237 188 240 203 237 216 229 227 218 233 204 236 189 238 174 240 158 240 142 139 133 145 127 154 125 163 127 172 130 190 129 199 125 209 123 218 125 226 130 181 141 182 150 182 159 182 168 172 177 177 179 183 180 189 178 195 176 150 145 155 141 162 141 169 146 162 147 155 148 196 145 203 140 210 140 216 143 211 146 204 146 166 201 172 194 179 191 184 192 190 191 199 194 207 199 200 209 191 213 185 214 179 213 172 210 169 201 179 196 184 196 190 196 203 199 191 205 185 206 179 205
132 163 135 177 139 192 144 206 151 219 161 230 173 238 188 240 203 237 216 229 226 219 233 205 236 190 238 174 240 158 240 142 139 133 145 127 154 125 163 127 172 130 190 129 199 125 209 123 218 125 226 130 181 141 182 150 182 159 182 168 172 177 177 179 183 180 189 178 195 176 150 145 155 141 162 141 169 146 162 147 155 148 196 145 203 140 210 140 216 143 211 146 203 146 166 201 172 194 179 191 184 193 190 191 198 194 206 199 199 209 191 213 185 214 179 213 172 210 169 201 179 196 184 196 190 196 203 200 190 206 184 206 179 206
132 163 136 177 139 192 144 206 151 219 161 230 173 238 188 241 204 237 216 229 227 218 233 205 236 189 238 174 240 158 240 142 139 133 145 127 154 125 163 127 171 130 190 130 199 125 209 123 218 125 226 130 181 142 181 150 182 159 182 168 172 177 177 179 183 180 189 178 195 176 149 145 155 141 162 141 169 146 162 148 155 148 196 145 203 140 210 140 216 143 211 146 203 146 166 202 172 195 179 192 184 193 190 191 199 194 206 200 199 209 191 213 185 215 179 214 172 211 169 202 179 197 184 197 190 196 203 200 191 206 185 207 179 207
133 164 136 179 140 193 145 207 152 220 162 231 174 238 189 241 204 237 217 229 227 218 233 204 237 189 238 174 240 158 240 142 139 133 145 127 154 125 163 127 172 130 190 129 199 125 208 123 218 125 226 130 181 141 182 150 182 159 182 168 172 177 178 179 184 181 190 179 195 176 150 145 155 141 162 141 169 146 162 148 155 148 196 145 203 140 210 140 216 143 211 146 203 146 166 202 172 195 179 192 184 193 190 192 199 194 206 199 200 210 192 214 186 215 180 215 173 211 169 202 179 197 185 197 190 196 203 200 191 207 185 208 180 207
132 164 136 179 140 193 145 207 152 220 162 231 174 238 189 241 204 237 216 229 227 218 233 205 236 190 238 174 239 158 240 143 139 133 145 127 154 125 163 127 172 130 190 129 199 125 208 123 218 125 226 130 181 141 182 150 182 159 182 168 172 177 178 179 183 181 189 179 195 176 149 145 155 141 162 141 169 146 162 148 155 148 196 145 203 140 210 140 216 143 211 146 203 146 167 203 172 196 179 193 185 194 190 192 199 194 206 199 200 209 192 214 186 215 180 215 173 212 169 203 180 197 185 197 190 197 203 200 191 207 185 207 180 207
132 164 136 178 140 193 145 207 152 220 162 230 174 238 189 240 204 237 217 229 227 218 233 204 237 189 238 174 239 158 240 142 139 133 145 127 154 125 163 127 172 130 190 129 199 125 208 123 218 125 226 130 181 141 182 150 182 159 182 168 173 177 178 179 184 181 189 179 195 176 150 145 155 141 162 141 169 146 162 148 155 148 196 145 203 140 210 140 216 143 211 146 203 146 167 203 172 196 180 193 185 194 190 193 198 195 206 199 200 209 192 213 186 214 180 214 173 211 170 202 180 198 185 198 190 197 203 200 191 206 185 207 180 207
132 163 136 178 140 192 144 206 151 219 161 229 174 237 188 240 203 236 216 228 227 217 233 204 236 189 238 173 240 158 240 142 139 133 145 127 154 125 163 127 172 130 190 129 199 125 208 123 218 124 226 129 181 141 181 150 182 159 182 168 172 177 177 179 183 181 189 179 194 176 150 145 155 142 162 142 169 146 162 148 155 148 196 145 203 140 210 140 216 143 210 146 203 147 166 202 172 196 179 193 185 194 190 193 198 195 206 199 199 208 191 212 186 213 180 213 173 210 169 202 180 198 185 198 190 197 203 199 191 205 185 206 180 206
132 163 136 178 140 192 144 205 151 218 162 228 174 236 189 238 204 235 217 227 228 216 234 203 237 188 238 172 240 157 240 141 139 132 145 127 154 125 163 127 172 130 190 129 199 125 208 123 218 124 226 129 181 141 181 150 182 159 182 168 173 177 178 179 183 181 189 179 195 176 149 145 155 142 162 142 169 146 162 148 155 149 196 145 203 141 210 141 216 143 210 147 203 147 167 202 173 196 180 193 185 194 190 193 198 195 206 198 199 207 192 210 186 211 181 211 174 209 170 202 180 198 185 199 190 198 203 199 191 203 185 204 180 204
132 162 136 177 140 190 144 204 151 216 162 227 174 234 189 236 204 233 217 226 228 215 234 202 237 187 238 172 239 157 240 142 139 133 145 127 154 125 163 127 172 130 190 129 199 125 208 123 218 125 226 130 181 141 181 150 182 159 182 168 172 177 178 179 183 181 189 179 195 176 149 145 155 142 162 142 169 146 162 148 155 149 196 145 203 141 210 141 216 143 210 147 203 147 167 201 174 197 180 194 185 195 190 193 197 195 206 198 198 205 191 208 186 209 181 209 174 207 170 201 180 198 185 198 190 198 203 198 190 202 185 203 180 203
132 163 136 177 140 191 144 204 151 216 162 226 174 233 189 235 204 232 218 225 228 214 234 201 237 187 238 172 239 157 240 142 139 133 145 127 154 125 163 127 172 130 190 129 199 125 208 123 218 125 226 130 181 141 181 150 182 159 182 168 172 177 178 180 184 181 189 179 195 176 150 145 155 142 162 142 169 146 162 148 155 149 196 145 203 141 210 141 216 143 210 147 203 147 167 201 174 197 180 194 185 196 190 194 197 195 206 197 198 202 192 205 186 206 182 206 175 205 170 201 181 199 185 199 190 198 203 198 191 200 186 200 181 200
132 163 136 177 139 191 144 205 151 216 161 226 174 232 189 235 204 232 217 225 228 215 234 203 236 188 238 173 239 158 240 143 139 133 145 127 154 126 163 127 172 131 190 130 199 126 208 124 218 125 226 130 181 141 182 150 182 159 182 168 173 178 178 180 184 181 189 179 195 176 150 146 155 142 162 142 169 147 162 149 155 149 196 145 203 141 210 141 216 143 210 147 203 147 167 201 174 197 181 195 185 196 190 194 197 195 206 197 198 201 191 204 186 204 182 204 175 204 170 201 181 199 185 199 190 198 203 197 190 199 186 200 181 200
132 164 136 177 140 191 144 205 151 216 161 226 174 232 189 234 204 231 217 225 227 215 233 203 236 188 238 173 239 158 240 143 138 133 145 127 154 126 163 127 171 130 190 130 199 126 208 124 218 125 226 130 181 141 182 150 182 159 183 168 173 178 178 180 184 181 190 179 195 176 149 146 155 142 162 142 169 147 162 148 155 149 196 145 203 141 210 140 216 143 210 147 203 147 167 201 175 197 181 195 185 196 190 194 197 195 206 197 198 201 191 203 187 204 182 204 175 204 170 201 181 199 185 199 190 198 203 197 191 198 186 199 182 199
132 163 136 177 139 191 144 205 151 217 161 226 174 232 189 234 204 231 217 225 227 216 233 203 236 188 238 173 239 158 239 143 138 134 145 127 154 126 163 128 172 131 189 130 198 126 208 124 218 125 226 131 181 142 181 150 182 159 182 168 173 178 178 180 183 181 189 179 195 177 149 146 155 142 162 142 169 147 162 149 155 149 196 146 203 141 210 141 216 143 210 147 203 147 167 201 175 198 181 195 185 196 189 194 197 195 206 197 198 201 191 203 187 204 182 204 176 203 170 201 181 199 185 199 190 198 203 197 191 198 186 199 181 199
132 163 136 177 139 191 144 205 151 217 161 226 174 233 188 235 203 232 217 226 227 216 234 203 236 188 238 173 239 158 239 142 138 134 145 128 154 126 163 128 172 131 190 130 199 126 208 124 218 125 226 130 181 141 181 150 182 159 182 168 173 178 178 180 184 181 189 179 195 177 149 146 155 142 162 142 169 147 162 149 155 149 196 145 203 141 210 141 216 143 210 147 203 147 167 201 175 197 181 195 185 196 190 194 197 195 207 197 198 201 192 203 187 204 182 204 176 204 170 201 181 199 186 199 190 198 203 197 191 198 186 199 182 199
132 163 136 177 139 191 144 205 151 216 162 226 174 232 188 234 203 232 216 226 227 216 233 203 236 188 238 173 239 158 239 143 139 134 145 127 154 126 163 128 172 131 190 130 199 126 208 124 218 125 226 130 181 142 182 150 182 159 182 168 173 178 178 180 184 181 189 179 195 177 150 146 155 142 162 142 169 147 162 149 155 149 196 146 203 141 209 141 216 143 210 147 203 147 167 201 175 197 181 195 185 196 190 194 197 195 206 197 199 201 192 203 187 204 182 204 176 204 170 201 181 199 186 199 190 198 203 197 191 199 186 199 182 199
132 163 136 177 139 191 144 205 151 216 161 226 174 232 189 234 204 232 217 225 227 216 233 203 236 189 238 174 239 158 239 143 139 134 145 127 154 126 163 128 172 131 190 130 199 126 208 124 218 125 226 131 181 142 182 151 182 159 182 168 173 178 178 180 184 181 190 179 195 177 150 146 155 142 162 142 169 147 162 149 155 149 196 145 203 141 210 140 216 143 211 147 203 147 167 201 175 197 181 195 185 196 190 194 197 195 207 197 199 201 192 203 187 204 182 204 176 203 170 201 181 199 186 199 190 198 204 197 191 199 186 199 182 199
132 163 136 177 139 191 144 205 151 217 161 226 174 232 189 234 204 232 217 225 227 216 233 203 236 188 238 173 239 158 240 143 138 133 145 127 154 126 163 128 172 131 190 130 199 126 208 124 218 125 226 130 181 142 182 150 182 159 182 168 173 178 178 180 184 181 189 179 194 177 149 145 155 142 162 142 169 147 162 148 155 149 196 146 203 141 210 140 216 143 211 147 203 147 168 201 175 197 181 195 185 196 190 194 197 195 206 197 198 201 192 203 187 204 182 204 176 204 171 201 181 199 186 199 190 198 203 197 191 198 186 199 182 199
132 164 136 178 139 192 144 205 151 217 162 226 174 233 189 234 204 232 217 225 227 216 233 203 236 188 238 173 239 158 240 143 138 133 145 127 154 126 163 128 172 131 190 130 198 126 208 124 218 125 226 130 181 141 182 150 182 159 182 168 173 178 178 180 184 181 189 179 194 177 149 145 155 142 162 142 169 147 162 149 155 149 196 145 203 140 210 140 216 143 211 147 204 147 167 201 175 198 181 195 185 196 190 194 197 195 207 198 199 201 192 203 187 204 182 204 176 204 170 201 181 199 186 199 190 198 203 198 191 198 186 199 182 199
132 164 136 178 139 191 144 205 151 217 161 226 174 232 189 234 204 231 217 225 228 216 234 203 236 189 238 173 239 158 240 143 138 134 145 128 154 126 163 128 172 131 190 130 199 126 209 124 218 125 226 131 181 141 182 150 182 159 182 168 173 178 178 180 184 181 189 179 194 177 149 145 155 142 162 142 169 147 162 148 155 149 197 145 203 140 210 140 216 143 211 147 204 147 168 202 175 198 181 195 185 196 190 194 197 195 206 198 198 201 191 203 187 204 182 204 176 204 171 201 181 199 186 199 190 198 203 198 191 198 186 199 182 199
132 164 136 178 139 191 144 205 151 217 161 226 174 232 189 234 204 231 217 225 227 215 233 203 236 188 238 173 239 158 240 143 138 133 145 127 154 126 163 128 172 131 190 130 198 126 208 124 218 125 226 130 181 142 182 150 182 159 182 168 173 178 178 180 184 181 189 179 194 177 149 145 155 142 162 142 169 147 162 149 155 149 196 146 203 140 210 140 216 143 211 147 203 147 168 201 175 198 181 195 185 196 189 194 197 195 206 198 198 202 191 203 187 204 182 204 176 204 171 201 181 199 185 199 190 198 203 198 190 199 186 199 181 199
132 164 136 178 140 192 144 205 151 217 162 226 174 232 189 235 204 232 216 225 227 216 233 203 236 189 238 173 239 158 239 143 138 134 145 128 154 126 163 128 172 131 190 130 199 126 208 124 218 125 226 131 181 142 181 151 182 159 182 169 173 178 178 180 184 181 189 179 194 177 149 145 155 142 162 142 169 147 162 149 154 149 196 145 203 140 210 140 216 143 211 147 203 147 168 202 175 197 181 195 185 196 190 194 197 195 206 198 198 202 192 203 187 204 182 204 175 204 171 201 181 199 186 199 190 198 203 198 191 198 186 199 181 199
132 164 136 178 139 192 144 205 151 217 161 226 174 233 189 235 203 232 216 225 227 216 233 203 236 189 238 173 239 158 239 143 138 134 145 128 154 126 163 128 172 131 189 130 198 126 208 124 218 125 226 131 181 142 181 151 182 159 182 169 173 178 178 180 183 181 189 179 194 177 149 145 155 142 162 142 169 147 162 149 154 149 196 145 203 140 210 140 216 143 210 147 203 147 168 202 175 198 181 195 185 196 189 194 197 196 206 198 198 202 191 203 187 204 182 204 176 204 171 201 181 199 185 199 190 198 203 198 190 199 186 199 181 199
132 164 136 178 139 192 144 205 151 217 161 226 174 232 189 235 203 232 216 225 227 216 233 203 236 188 238 173 239 158 239 143 138 134 145 128 154 126 163 128 172 131 189 131 198 126 208 124 218 125 226 130 181 142 181 151 181 159 182 169 173 178 178 180 183 181 189 179 194 177 149 146 155 142 162 142 169 147 162 149 155 149 196 145 203 141 210 140 216 143 210 147 203 147 168 202 175 198 180 195 185 196 189 194 197 196 206 198 198 202 191 204 186 205 182 205 176 205 171 201 181 200 185 200 190 199 203 198 190 199 186 200 181 200
132 163 135 177 139 191 144 205 151 217 161 226 174 233 189 235 204 232 216 226 227 216 233 203 236 189 238 174 239 158 239 143 139 134 145 128 154 126 163 128 172 131 189 130 198 126 208 124 218 125 226 130 181 142 181 151 182 160 182 169 173 178 178 180 183 181 189 179 194 177 150 146 156 144 162 144 169 147 162 149 156 149 196 146 203 142 209 142 215 144 210 147 203 147 168 202 175 198 181 195 185 196 190 194 197 196 206 198 198 202 192 204 187 205 182 205 176 204 171 201 181 200 186 200 190 199 203 198 191 199 186 200 181 200
132 163 136 178 139 192 144 205 151 217 161 227 174 233 188 235 203 232 216 226 227 216 233 203 236 189 238 173 239 158 240 142 140 134 146 128 154 127 163 128 171 131 190 130 199 126 208 124 217 125 224 130 181 142 182 151 182 159 183 168 173 179 178 180 184 181 190 179 195 177 152 149 157 148 163 147 170 148 164 150 158 151 196 146 202 145 208 145 214 146 208 148 202 148 168 202 175 198 181 195 185 196 190 194 197 196 206 198 198 202 192 204 187 205 182 205 176 205 170 201 181 200 186 200 190 199 203 198 191 199 186 200 182 200
132 163 135 177 139 191 144 205 151 217 161 226 173 232 188 235 203 232 216 225 227 216 233 203 236 188 238 173 239 157 240 142 140 134 146 128 154 126 163 128 171 131 190 130 198 126 208 124 217 125 224 130 181 142 182 151 182 159 182 168 173 178 178 180 184 181 189 180 195 177 152 150 157 149 163 148 170 148 164 151 158 151 196 146 202 146 208 146 214 146 208 149 202 148 168 202 175 198 181 196 185 196 190 195 197 196 206 198 198 202 192 203 187 204 182 204 176 204 171 201 181 200 186 200 190 199 203 198 191 199 186 200 182 200
132 164 136 178 139 192 144 205 151 217 161 226 173 233 188 235 203 232 216 226 227 216 233 203 236 188 238 173 239 158 239 142 140 135 145 128 154 127 163 128 171 131 190 130 198 126 208 124 217 125 225 130 181 142 182 151 182 160 182 169 173 179 178 180 184 181 189 180 195 177 151 149 157 148 163 147 169 148 163 150 157 151 196 146 202 145 208 145 215 146 209 148 203 148 168 202 175 198 181 196 185 196 190 195 197 196 206 198 198 202 191 204 187 205 182 205 176 205 170 202 181 200 185 200 190 199 203 198 191 199 186 200 181 200
