130 164 134 179 138 193 143 208 150 220 161 231 173 238 187 241 201 238 214 230 225 219 231 206 234 191 236 175 238 159 238 144 137 135 143 129 152 128 161 130 170 133 188 132 197 128 207 126 216 127 224 132 179 144 180 153 180 162 180 172 171 181 176 183 181 184 187 182 192 180 147 147 153 143 160 143 167 148 160 150 153 151 195 148 201 143 208 142 215 146 209 149 202 149 167 207 172 201 178 197 183 199 187 197 195 200 202 204 196 211 189 214 184 215 179 215 173 213 170 206 178 203 183 203 188 202 199 204 188 207 183 208 179 207
130 164 134 179 138 193 143 208 150 220 160 230 172 238 186 240 201 237 214 230 224 219 231 206 234 191 236 176 238 160 238 144 137 134 143 129 152 128 161 130 170 133 188 132 197 128 206 126 216 127 224 132 179 144 179 153 179 162 180 171 171 181 176 183 181 184 187 182 192 180 147 147 153 143 160 143 167 148 160 150 153 151 195 148 201 143 208 142 214 145 209 149 202 149 166 207 172 201 178 197 182 199 187 197 194 200 202 204 195 211 189 213 184 214 179 213 173 212 170 206 178 203 183 203 187 202 198 204 188 206 183 207 178 207
130 164 134 179 138 193 143 208 150 220 160 230 172 238 186 240 201 237 214 230 224 219 231 206 234 191 236 175 238 159 238 144 137 135 143 129 152 128 161 130 170 133 188 132 197 128 206 126 216 127 224 132 179 144 179 153 180 162 180 171 171 181 176 183 181 184 187 182 192 180 147 147 153 143 160 143 167 148 160 150 153 151 195 148 201 143 208 142 214 145 209 149 201 149 166 206 172 201 178 197 182 199 187 197 194 199 202 204 195 210 188 213 183 214 178 213 172 212 169 206 178 203 183 203 187 202 198 204 188 206 183 207 178 206
130 164 134 179 138 193 143 207 150 219 160 230 172 237 187 239 201 236 214 229 225 219 231 206 234 191 236 175 238 160 238 144 137 135 143 129 152 128 161 130 169 133 188 132 196 129 206 126 216 127 224 132 179 144 179 153 180 162 180 172 171 181 176 183 181 184 187 182 192 180 147 147 153 143 160 143 167 149 160 150 153 151 194 148 201 143 208 142 214 145 209 149 201 149 166 206 172 201 178 197 182 199 187 197 194 199 202 204 195 210 189 212 184 213 179 213 173 211 169 206 178 203 183 203 187 202 198 204 188 205 183 206 178 206
130 165 134 179 138 193 142 207 150 219 160 229 172 237 186 239 201 236 213 229 224 218 231 205 234 191 236 175 238 160 238 144 136 135 143 129 152 128 161 130 169 133 188 132 197 129 206 126 215 127 224 132 179 144 179 153 179 162 180 172 171 181 175 183 181 184 187 182 192 180 147 147 153 143 160 143 167 149 160 151 152 151 194 148 201 143 208 142 214 145 209 149 201 149 166 206 172 200 177 197 182 198 187 197 194 199 202 203 195 209 188 212 183 213 178 212 172 211 169 206 178 203 182 203 187 202 198 203 187 205 183 206 178 206
130 165 134 179 137 193 142 207 149 219 160 229 172 237 186 239 201 236 214 228 224 218 231 205 234 191 236 175 238 160 238 145 136 135 143 129 152 128 161 130 169 134 188 133 197 129 206 126 216 128 224 133 179 144 179 153 179 162 180 172 170 181 175 183 181 184 187 182 192 180 147 147 153 144 160 144 166 149 160 150 152 151 194 148 201 143 208 142 214 146 209 149 201 149 165 205 171 200 177 197 182 198 187 197 194 199 202 203 195 209 188 212 183 213 178 212 172 210 168 205 177 203 182 203 187 202 198 203 187 205 183 205 178 205
130 164 133 178 136 192 141 206 148 218 159 228 171 236 186 238 200 235 214 228 225 218 231 205 234 190 236 175 238 159 238 144 136 135 143 130 152 129 161 131 170 134 188 133 197 129 206 127 216 128 224 132 179 145 179 154 179 163 180 172 170 181 175 183 181 184 187 182 192 180 147 148 153 144 160 144 167 149 160 151 152 151 194 148 201 143 208 143 214 146 209 149 201 150 164 205 171 200 177 197 182 198 187 196 194 199 202 203 195 209 188 212 183 213 177 212 171 210 168 205 177 202 182 203 187 202 199 203 187 205 182 206 177 206
130 164 133 178 136 193 141 207 148 219 158 228 170 236 185 238 200 236 213 228 224 218 231 205 234 190 236 175 238 160 238 145 137 136 143 130 152 129 161 131 170 134 188 134 197 129 206 127 216 128 224 133 179 145 179 154 179 163 179 173 169 181 175 183 180 184 186 183 192 180 147 148 153 144 160 144 167 149 160 151 153 151 195 148 201 143 208 143 214 146 209 150 201 150 163 204 169 199 176 196 181 198 187 196 194 199 203 202 195 209 188 212 182 213 176 212 170 210 166 204 176 201 181 202 187 201 199 203 187 206 182 206 176 206
130 164 133 178 136 192 140 206 147 218 157 228 169 235 184 238 199 236 212 228 223 219 230 206 234 191 236 176 238 160 239 145 136 136 143 130 152 129 161 131 170 135 188 134 197 129 207 127 216 128 224 133 179 145 179 154 179 163 180 173 169 181 175 183 180 184 187 183 192 180 147 148 153 144 160 144 167 149 160 151 153 151 195 148 201 144 208 143 214 146 209 150 201 150 163 203 169 198 176 196 181 197 187 196 195 198 204 202 196 210 187 212 182 213 176 212 169 210 166 203 176 200 181 201 187 200 200 202 187 206 181 206 176 206
131 164 134 178 137 193 141 206 148 218 158 228 170 236 185 239 200 236 213 228 224 219 231 205 234 191 236 175 238 160 239 144 136 136 143 131 152 130 162 132 170 135 188 134 197 130 207 128 217 129 225 133 179 145 180 155 180 164 180 173 170 181 175 183 181 185 187 183 193 180 147 148 153 144 160 144 167 150 160 151 153 151 195 149 201 144 208 143 215 146 209 150 202 150 162 202 168 198 176 196 182 197 187 196 196 198 205 202 197 210 188 213 182 214 176 213 168 210 165 203 176 200 182 200 187 200 201 202 188 207 182 207 176 206
131 164 134 179 137 193 141 207 148 219 158 228 170 236 184 239 200 236 213 229 224 219 231 206 234 191 236 176 238 160 239 144 137 137 143 131 152 130 162 132 170 135 188 134 197 130 207 128 217 129 225 134 179 145 180 155 180 164 180 174 170 181 175 183 181 185 187 183 193 181 147 148 153 145 160 145 167 150 160 151 153 151 195 149 201 144 208 144 215 147 209 150 202 150 162 202 168 198 176 195 182 197 188 195 196 198 205 201 197 210 188 213 182 214 176 213 168 210 165 203 176 200 182 200 188 200 202 202 188 206 182 207 176 206
131 164 134 179 137 193 141 207 148 219 158 229 170 237 184 240 200 237 213 230 224 220 231 207 234 192 237 176 238 160 239 145 137 137 143 131 152 130 161 132 170 135 189 134 198 130 207 128 217 129 225 134 180 145 180 155 180 164 180 174 170 181 175 183 181 185 187 183 193 181 148 148 153 145 160 145 167 150 160 151 153 151 195 149 201 144 208 144 215 147 209 150 202 150 161 202 168 197 176 195 182 196 188 195 197 197 206 202 197 210 188 213 182 214 175 213 168 210 165 203 176 199 182 200 188 200 202 202 188 206 182 207 176 206
131 164 133 179 137 194 141 208 148 220 158 231 170 240 184 243 199 240 212 232 223 222 230 208 234 193 237 177 238 161 239 144 137 137 144 131 153 130 162 132 170 135 189 134 198 130 207 128 217 129 225 135 180 146 180 155 180 164 180 174 170 181 175 183 181 185 188 183 193 181 148 148 154 146 161 145 167 150 161 151 154 151 195 149 202 145 208 145 215 148 209 150 202 150 162 203 168 197 176 195 182 196 188 195 198 198 206 203 198 214 189 217 182 218 175 217 168 213 165 203 176 199 182 200 189 200 203 203 189 209 182 210 175 209
131 164 134 180 137 195 142 209 149 222 159 233 171 242 185 244 200 241 213 233 224 222 231 209 234 194 237 177 238 161 239 145 138 137 144 131 153 130 162 132 171 135 189 134 198 131 207 128 217 130 224 135 180 146 180 156 181 165 181 174 170 181 175 183 182 185 188 183 194 181 149 150 155 149 161 149 168 150 161 152 155 152 195 150 201 149 207 149 214 150 208 152 201 152 163 204 168 197 176 195 182 196 189 195 198 198 206 204 199 215 190 219 183 219 176 218 168 214 165 204 176 200 182 200 189 200 203 204 189 211 183 211 176 210
131 165 134 180 138 195 142 209 150 222 160 232 171 240 185 243 200 240 213 232 224 221 231 208 235 192 237 176 238 160 239 144 138 138 144 132 153 130 162 132 171 136 189 135 198 131 208 128 217 130 224 135 180 147 180 156 181 165 181 175 170 181 175 184 182 185 188 183 194 181 150 153 156 152 162 151 168 152 162 154 156 155 195 151 201 151 207 151 213 151 207 154 201 153 163 204 169 198 176 196 182 197 188 196 197 199 205 204 197 214 189 217 182 218 176 217 169 213 166 204 176 200 182 200 188 200 202 204 188 210 182 210 176 209
131 163 134 178 137 192 141 207 149 220 159 230 171 238 185 241 201 238 213 230 224 219 232 205 235 190 237 175 239 159 239 144 139 137 145 131 153 130 162 132 171 135 189 135 198 131 208 128 217 129 224 134 181 147 181 156 181 165 181 175 171 182 176 184 182 186 189 184 194 181 151 153 156 153 162 152 169 152 163 155 157 155 195 151 201 151 207 151 213 151 208 154 201 154 164 205 171 201 178 198 183 199 188 198 196 200 203 204 196 211 189 214 183 215 178 215 171 212 168 205 178 203 183 204 188 203 199 204 188 207 183 208 178 207
131 163 134 178 137 192 142 206 149 219 159 230 171 237 185 240 200 237 213 229 224 218 231 205 235 190 237 174 239 159 239 144 139 137 145 131 154 130 163 132 171 135 189 134 198 130 208 128 218 129 225 134 181 147 181 156 181 165 181 175 171 182 176 185 182 186 188 184 194 181 151 153 156 153 162 152 169 152 163 155 157 156 195 151 201 151 207 151 214 151 208 154 201 153 165 205 172 203 178 201 183 202 187 200 194 202 202 204 195 210 188 213 184 214 179 213 172 211 168 205 178 205 183 205 187 204 199 204 188 206 183 207 179 206
131 162 134 177 137 192 142 206 149 219 159 230 171 237 186 240 201 237 214 229 225 218 232 204 235 189 237 173 239 158 239 142 138 137 144 131 153 129 162 131 171 134 190 134 199 130 208 127 218 128 225 134 181 146 181 155 181 164 181 174 171 182 176 184 182 186 188 184 194 181 150 153 156 153 162 152 169 151 162 154 156 155 195 150 202 150 208 150 215 150 208 153 202 152 166 206 173 204 179 201 183 202 187 201 193 202 201 204 195 210 188 213 184 214 179 213 173 211 169 206 179 205 183 206 187 205 198 204 187 206 183 207 179 206
131 163 134 178 138 193 143 208 150 221 160 232 172 240 186 243 201 240 214 232 224 220 231 206 235 191 237 175 239 159 239 143 138 137 144 131 153 129 162 131 171 135 190 133 199 129 208 127 218 128 225 134 181 145 181 155 181 164 182 174 171 182 177 184 183 186 188 184 194 181 150 151 156 151 162 150 168 150 162 153 156 154 196 149 202 149 208 149 214 149 208 152 202 152 167 207 173 204 179 201 183 202 187 201 194 203 202 205 195 213 189 216 184 217 180 216 174 214 170 207 179 206 183 206 187 205 198 205 188 208 184 209 180 209
130 164 134 179 138 194 143 209 150 223 160 234 172 243 187 245 202 242 214 233 225 221 231 207 235 192 237 175 239 159 239 143 138 136 144 130 153 129 163 131 171 134 190 133 199 129 208 126 218 128 225 133 181 146 181 155 181 164 181 174 171 181 176 184 182 185 188 183 194 181 149 151 155 150 161 149 168 150 162 152 155 153 196 149 203 148 209 148 215 149 209 151 203 151 166 208 172 201 178 198 183 199 188 198 196 201 203 206 197 216 190 220 184 220 178 220 172 217 170 208 178 204 183 204 188 204 199 206 189 210 184 211 178 211
131 164 134 180 138 195 144 210 151 224 161 236 172 244 187 247 201 243 214 235 224 223 231 209 235 193 237 177 239 160 239 143 137 136 144 130 153 129 162 131 170 134 190 133 199 129 208 127 217 128 225 133 180 145 181 154 181 164 181 173 171 181 176 183 182 185 188 183 193 180 149 149 154 148 161 147 167 149 161 151 154 151 196 148 202 146 209 146 215 148 209 150 203 150 166 207 170 199 177 196 183 197 189 196 197 199 204 206 198 217 190 221 183 222 177 221 170 217 169 207 177 202 183 202 189 202 201 206 189 212 183 213 177 212
131 165 134 180 138 195 143 210 151 223 160 235 172 243 187 246 201 243 214 235 224 223 231 209 235 193 237 177 239 160 239 144 137 136 144 130 153 129 162 131 171 135 189 133 198 129 208 127 217 128 225 133 180 145 180 154 181 164 181 173 171 181 176 183 182 184 188 183 193 180 149 149 154 146 161 146 167 149 161 151 154 151 196 148 202 145 208 145 215 147 209 150 202 150 165 207 170 199 177 196 183 197 189 196 198 198 205 205 199 216 190 220 184 221 177 220 170 217 168 207 177 202 183 202 189 201 201 205 190 211 183 212 177 211
131 164 134 179 138 194 143 208 150 221 160 233 173 241 188 243 203 240 215 232 225 220 232 206 235 191 237 175 238 159 239 144 137 136 144 131 153 129 162 131 171 135 189 134 198 130 208 127 218 128 225 134 180 145 181 155 181 164 181 174 171 182 176 184 182 185 189 183 194 181 149 148 155 146 161 146 168 149 161 151 154 151 196 148 202 145 209 145 215 147 209 150 202 150 165 206 171 201 178 199 184 200 189 198 197 200 205 204 198 212 191 216 185 217 179 217 172 214 168 206 179 204 184 204 189 204 202 204 190 209 184 210 179 210
131 164 134 178 138 193 143 207 150 220 160 232 173 240 188 242 203 239 216 231 226 219 232 205 235 190 237 175 239 159 239 144 137 136 144 131 153 129 162 132 171 135 189 134 198 130 207 128 217 129 225 134 180 145 181 155 181 164 182 174 171 183 177 185 183 186 189 184 194 181 149 149 154 146 161 146 168 150 161 152 154 152 195 149 202 145 208 144 215 147 209 150 202 150 166 205 173 203 180 201 184 202 189 200 197 201 205 202 198 209 190 212 185 213 180 212 174 211 169 206 180 206 184 206 189 205 201 203 190 206 185 207 180 206
131 165 135 179 138 194 143 208 150 221 160 232 173 240 188 243 203 239 216 231 226 220 232 206 235 191 237 175 238 159 239 144 137 137 144 131 153 130 162 132 171 136 189 135 198 130 208 128 217 129 225 134 180 146 181 155 182 165 182 175 171 182 177 185 183 186 189 184 195 181 149 149 154 146 161 146 168 150 161 152 154 152 195 149 202 145 209 145 215 147 209 150 202 150 165 205 172 202 179 200 184 202 189 200 197 201 205 202 198 209 191 213 185 214 180 213 173 211 168 206 179 205 184 206 189 205 202 203 190 206 185 207 180 207
131 164 134 179 138 194 143 208 150 222 161 234 173 242 187 244 202 241 215 233 225 221 232 207 235 192 237 175 239 159 239 143 138 138 144 131 153 130 162 132 171 136 189 135 198 130 208 128 217 129 225 134 180 147 181 156 181 165 181 175 171 182 176 184 182 186 189 184 194 181 150 151 156 150 162 149 168 151 162 153 156 153 195 150 202 148 208 148 214 149 208 152 202 152 165 206 171 201 178 198 183 199 189 198 198 199 205 203 199 213 191 218 184 219 178 218 171 215 168 206 178 203 183 204 189 203 202 204 190 210 184 211 178 211
132 165 135 180 138 195 143 209 151 223 160 234 172 243 187 245 202 242 215 234 225 222 232 208 235 193 237 176 238 160 239 144 139 137 145 131 154 130 162 132 171 136 189 135 198 130 207 128 217 129 224 134 180 147 180 156 180 165 180 175 169 182 175 184 181 186 188 183 194 181 150 153 156 152 162 152 168 152 162 154 156 155 195 151 201 150 207 151 214 151 208 153 201 153 164 205 169 199 177 196 183 197 189 196 198 198 206 203 199 214 191 219 184 220 177 219 170 215 167 205 177 201 183 201 189 201 203 203 190 211 183 212 177 211
131 164 134 179 138 194 143 209 150 223 160 234 171 243 186 246 201 242 214 234 225 223 232 208 235 193 237 177 238 160 238 144 139 137 145 132 153 130 162 132 170 136 189 135 198 130 207 128 217 129 224 134 180 147 180 156 180 165 180 174 169 181 175 184 181 185 188 183 194 180 150 153 156 153 162 152 169 152 162 155 156 155 194 151 201 151 207 151 213 151 207 153 201 153 163 204 169 198 176 195 182 196 189 195 198 197 206 203 199 215 190 219 184 220 177 220 169 215 166 205 177 200 183 200 189 200 203 203 190 211 183 212 177 211
131 165 134 180 138 195 143 209 150 223 160 235 171 243 186 246 201 243 214 235 225 223 232 208 235 193 237 176 238 160 238 144 139 138 144 132 153 130 162 132 170 136 189 135 197 130 207 128 216 129 224 134 180 147 180 156 180 165 180 174 169 181 175 184 181 185 188 183 194 180 150 154 156 153 162 152 169 152 162 155 156 156 194 151 201 151 207 151 213 151 207 154 201 153 163 205 168 198 176 195 183 196 189 195 198 197 206 203 200 216 191 221 184 222 177 222 169 217 166 205 177 200 183 200 189 200 203 204 190 213 183 214 177 213
130 165 134 180 138 195 143 209 150 223 160 234 172 243 187 245 202 242 215 234 225 222 232 208 235 193 237 176 238 160 239 144 139 137 145 132 153 130 162 132 170 136 188 134 197 130 207 128 216 129 223 133 180 147 180 156 180 165 180 174 170 181 175 184 182 185 188 183 194 181 151 154 156 154 162 153 168 153 163 155 157 156 194 152 200 152 206 152 212 152 206 154 200 154 164 205 169 198 177 195 183 197 189 196 198 198 206 203 199 214 190 219 183 220 177 219 170 216 166 205 177 200 183 200 189 200 203 203 189 211 183 212 177 212
131 165 134 179 137 194 142 208 150 220 160 231 171 239 186 242 201 239 214 232 225 221 232 207 235 192 237 176 238 160 238 144 139 138 145 132 153 130 162 132 171 136 188 135 197 131 207 128 216 129 224 135 180 148 180 157 180 166 180 175 170 182 175 184 182 186 188 184 194 181 150 154 156 154 161 153 168 153 162 155 156 156 194 152 200 151 206 152 213 151 207 154 201 154 163 204 170 199 177 196 182 198 188 196 197 198 205 201 197 209 189 213 183 214 177 213 170 210 167 204 177 200 183 201 188 200 202 202 189 207 183 207 177 207
130 163 133 178 137 192 141 206 149 218 158 229 170 237 185 239 200 237 214 230 225 220 232 206 235 191 237 175 238 159 239 143 138 138 144 132 153 130 162 132 171 136 189 135 198 130 208 128 218 130 225 136 180 147 180 156 180 166 180 175 169 182 175 184 182 186 188 184 195 181 150 153 156 153 161 152 168 152 162 155 156 155 195 151 201 151 207 151 214 151 207 153 201 153 163 202 170 199 177 197 182 198 188 197 196 198 205 200 197 206 189 209 183 210 177 210 171 207 167 203 177 201 182 201 188 201 202 201 188 204 183 204 177 204
131 164 133 178 137 193 141 206 149 219 159 229 170 236 185 239 200 236 213 229 224 219 231 206 235 192 237 176 238 160 239 144 138 138 144 132 153 130 162 132 171 136 189 135 198 131 208 128 218 130 225 136 180 147 180 156 180 166 180 175 169 182 175 184 182 186 188 184 194 181 150 153 155 152 161 151 168 152 162 154 156 154 195 151 202 150 208 151 214 151 208 153 202 153 163 202 170 198 177 197 182 198 188 197 196 198 205 201 197 208 189 211 183 212 177 211 170 209 166 203 177 200 182 201 188 200 202 201 188 205 183 206 177 205
131 164 134 179 137 193 141 207 149 219 159 229 170 237 185 240 200 237 213 230 224 220 231 206 235 192 237 176 239 160 240 144 138 138 144 132 153 130 162 132 171 136 189 135 199 131 208 128 218 130 225 136 180 147 181 156 181 166 181 175 170 181 175 184 182 186 188 183 195 181 149 152 155 151 161 150 168 151 161 153 155 153 195 150 202 149 208 149 214 150 208 152 202 152 162 202 169 198 176 196 182 197 189 196 197 197 206 201 198 210 189 213 183 214 176 214 169 210 165 203 176 200 182 200 189 200 203 202 189 207 183 208 176 207
131 165 134 179 137 194 141 208 148 220 158 230 170 238 185 240 200 238 213 230 224 220 231 207 235 193 237 177 239 161 239 145 138 137 144 131 153 130 162 132 171 136 190 135 199 131 208 128 217 129 225 134 180 146 181 156 181 165 181 175 170 181 176 184 182 185 188 183 194 181 149 150 155 149 161 148 167 150 161 152 155 152 196 150 202 148 208 148 215 149 209 151 202 151 162 203 168 197 176 195 183 196 189 195 198 197 206 201 198 211 190 214 183 215 176 215 168 211 165 203 176 200 183 200 189 200 203 202 189 206 183 207 176 206
131 164 133 179 137 194 141 208 149 220 159 231 170 239 185 242 200 239 213 231 223 220 231 207 234 193 237 177 238 160 239 144 137 137 144 131 153 130 162 132 171 136 189 135 198 131 207 128 217 129 225 134 180 146 180 155 181 165 181 175 170 181 175 183 182 185 188 183 194 181 148 149 154 147 161 147 167 150 161 152 154 152 195 149 202 146 208 146 214 148 209 151 202 151 162 202 168 197 176 195 182 196 189 195 198 197 206 201 199 212 190 216 183 217 176 216 168 212 165 203 176 199 182 200 189 200 203 202 189 208 183 209 176 208
131 164 134 179 137 194 142 208 149 221 159 232 171 240 186 242 201 239 213 231 224 220 231 207 235 192 237 176 239 160 239 144 137 137 144 131 153 130 162 132 170 136 189 135 198 131 207 128 217 129 225 134 180 146 180 155 180 165 181 175 170 181 175 184 181 185 188 183 194 181 148 149 154 147 161 147 167 150 161 152 154 152 195 149 202 146 208 146 215 148 209 151 202 151 162 203 168 197 176 195 183 196 189 195 198 197 207 202 199 213 190 217 183 218 176 217 168 213 165 203 176 200 183 200 189 200 203 202 189 209 183 210 176 209
131 164 134 179 137 194 142 208 150 221 160 232 172 240 186 242 201 239 213 231 224 220 231 207 235 192 237 176 238 160 239 144 137 137 143 131 152 130 162 132 170 136 189 135 198 131 207 128 217 129 225 134 180 146 180 155 180 165 180 175 170 181 175 184 181 185 188 183 194 181 148 149 154 146 161 146 167 150 161 152 154 152 195 149 202 145 208 145 214 148 209 151 202 151 162 203 168 197 176 195 183 196 189 195 198 197 207 202 199 213 190 217 183 218 176 217 168 213 165 203 176 199 183 200 189 199 204 202 189 210 183 210 176 210
131 164 134 179 137 194 142 208 149 220 159 231 171 239 186 241 201 238 214 230 224 220 231 206 235 191 237 176 238 160 239 144 137 137 143 132 152 130 161 132 170 136 189 135 197 131 207 128 217 129 225 135 180 146 180 156 180 165 180 175 170 182 175 184 181 186 188 184 193 181 148 149 154 146 160 146 167 150 160 152 153 152 195 149 201 145 208 145 214 147 209 151 202 151 162 203 168 197 176 195 182 197 189 196 198 198 206 202 199 213 190 217 183 217 176 217 168 213 165 203 176 199 182 200 189 200 203 203 189 210 182 211 176 210
130 164 134 179 137 194 141 208 149 220 159 230 171 238 186 241 201 238 213 229 224 219 231 206 235 191 237 175 238 159 239 143 137 137 143 132 152 131 161 133 170 136 189 135 197 131 207 129 217 129 225 134 180 146 180 156 180 165 180 175 170 182 175 184 181 186 187 184 193 181 148 149 154 146 161 146 167 151 160 152 153 152 195 150 201 145 208 145 215 147 209 151 202 151 162 203 168 198 176 196 182 198 188 196 197 199 205 203 197 213 188 216 182 216 176 215 168 212 165 203 176 200 182 201 188 201 202 203 188 208 182 209 176 208
130 164 133 178 137 192 141 206 148 219 158 229 170 237 184 240 199 237 213 229 224 219 231 206 234 191 236 175 238 160 239 144 136 137 143 132 153 131 162 133 170 137 188 135 197 131 207 129 217 129 225 134 179 146 180 156 180 165 180 175 170 183 175 185 181 187 187 184 193 182 147 149 153 146 160 146 167 151 160 152 153 153 195 150 201 145 208 145 214 147 209 151 202 151 162 203 169 201 176 200 181 201 187 200 195 201 204 203 195 210 187 213 181 214 176 213 169 210 165 204 176 204 181 205 187 204 200 204 187 207 181 207 176 207
130 163 133 177 137 192 141 205 148 217 158 228 170 236 184 239 200 236 213 228 224 218 231 205 234 190 236 175 238 159 238 144 136 137 143 132 152 131 161 133 170 136 189 135 197 131 207 129 217 129 225 134 180 146 180 156 180 166 181 176 171 183 176 186 182 187 188 185 193 182 147 149 153 146 160 146 167 151 160 152 153 153 195 149 201 145 208 144 215 147 209 151 202 151 162 203 171 203 178 202 182 203 187 202 195 203 204 202 196 209 188 212 183 212 178 212 171 209 166 204 177 206 182 207 187 206 201 203 188 205 183 206 178 205
130 164 133 178 137 192 141 206 149 218 158 229 171 237 185 240 201 237 214 229 224 218 231 205 234 190 237 174 238 159 238 143 137 137 143 131 152 131 161 133 170 136 188 135 197 131 206 128 216 129 225 134 180 146 180 156 180 166 181 176 171 183 176 185 182 187 188 184 193 182 147 149 153 146 160 146 167 150 160 152 153 153 195 149 201 145 208 144 214 147 209 151 202 151 164 204 171 203 178 201 183 203 188 201 196 202 205 202 197 210 189 213 184 214 179 214 172 211 167 205 178 206 183 207 188 206 201 203 189 207 184 208 179 207
130 165 134 179 137 194 142 208 149 221 159 231 171 239 186 242 201 238 214 231 224 220 231 206 234 191 236 176 238 160 238 144 137 137 143 131 152 130 161 132 170 136 189 134 197 130 207 128 216 129 224 134 179 146 180 155 180 165 180 175 170 182 175 185 181 186 187 184 193 181 147 149 153 146 160 146 167 150 160 152 153 152 195 149 201 145 208 144 214 147 209 150 202 151 164 205 170 201 177 199 183 200 188 199 197 201 205 203 198 212 190 215 184 216 178 215 171 213 167 206 177 204 183 205 189 204 201 204 189 207 183 208 178 207
130 165 134 180 137 194 142 209 150 221 160 232 172 240 186 242 201 239 214 231 224 220 231 206 235 192 237 176 238 159 239 143 137 137 143 132 152 130 161 132 169 136 188 134 197 130 206 128 216 129 224 134 179 146 179 155 179 165 179 175 169 182 175 184 181 186 187 183 193 181 147 149 153 146 160 145 167 150 160 152 153 152 195 149 201 144 208 144 214 147 209 150 202 150 163 204 169 198 176 196 182 197 188 196 197 198 206 203 198 213 190 217 183 217 176 217 169 213 166 205 176 201 182 201 188 201 202 203 189 208 183 209 176 208
130 165 134 180 137 195 142 209 150 221 160 232 172 240 187 243 201 239 214 231 224 220 231 206 235 192 237 176 238 160 239 144 137 137 143 131 152 130 161 132 169 135 188 134 196 130 206 128 216 129 224 133 179 146 179 155 179 165 179 175 169 181 175 184 181 185 187 183 193 181 147 149 153 145 160 145 166 150 160 152 153 152 195 149 201 144 208 144 214 147 209 150 201 150 163 204 168 198 176 195 182 196 188 195 198 197 206 202 198 213 190 217 183 218 176 217 169 213 166 204 176 200 182 200 188 200 203 202 189 209 182 209 176 209
130 165 134 180 137 194 142 208 150 221 160 232 172 240 186 242 201 239 214 231 224 220 231 206 235 192 237 176 238 160 239 144 136 137 143 131 152 130 161 132 170 135 188 134 197 130 206 128 216 129 225 134 179 146 179 155 179 165 179 174 169 181 175 183 181 185 187 183 193 180 147 149 153 145 160 145 167 150 160 152 153 152 194 149 201 144 208 144 214 147 209 150 201 150 162 203 168 197 176 195 182 196 188 195 198 197 207 201 199 212 190 216 183 217 176 217 168 213 165 204 176 200 182 200 188 199 204 202 189 209 183 209 176 209
131 165 134 180 138 195 142 209 150 221 160 232 172 239 187 242 201 238 214 231 225 220 231 206 235 192 237 176 238 160 239 144 137 137 143 131 152 130 161 132 169 135 188 134 197 130 206 127 216 128 224 133 179 146 180 155 180 165 180 174 170 181 175 183 181 185 188 183 193 180 148 149 153 146 160 146 167 150 160 152 153 152 195 149 201 145 208 145 214 147 209 150 202 150 162 203 168 197 176 195 183 196 189 195 198 197 207 201 199 212 190 216 183 217 177 216 169 213 165 204 176 200 183 200 189 200 204 202 190 209 183 209 176 209
130 164 133 179 137 194 141 208 149 220 159 231 171 239 186 241 201 238 214 230 225 220 231 206 235 192 237 176 238 160 239 144 138 137 144 132 152 130 161 132 170 135 189 134 197 130 207 128 216 128 224 133 179 146 180 155 180 165 180 174 170 181 175 183 181 185 187 183 193 180 149 151 155 150 161 149 167 150 161 152 155 153 195 149 201 148 207 148 213 149 207 151 201 151 162 203 168 197 176 195 182 196 189 195 198 197 207 201 199 211 190 215 183 216 177 216 169 212 165 203 176 200 182 200 189 199 204 201 189 209 183 209 176 209
131 164 133 179 137 193 141 207 149 220 159 230 171 238 186 240 201 237 214 229 225 219 231 205 235 191 236 175 238 160 238 144 138 137 144 131 153 130 162 131 170 135 188 134 197 130 206 127 216 128 223 134 179 146 179 156 179 165 179 174 169 181 175 183 181 185 187 183 193 180 150 153 155 152 161 151 168 151 162 154 156 155 194 150 200 150 206 150 212 150 206 153 200 153 162 203 168 197 176 195 182 197 188 195 198 197 207 200 199 210 190 214 183 215 176 215 169 211 165 203 176 200 182 200 189 199 203 201 189 208 183 208 176 208
131 164 133 178 137 193 141 207 148 219 159 229 171 237 185 239 201 236 214 228 225 218 231 205 234 190 236 175 238 159 238 144 138 137 144 131 153 129 161 131 170 134 188 134 197 129 206 127 216 128 223 133 179 146 179 155 179 164 179 174 169 181 175 183 181 185 187 182 193 180 150 153 156 152 162 151 168 152 162 154 156 155 193 151 200 150 206 150 212 150 206 153 200 153 162 202 168 197 176 195 182 196 188 195 197 197 206 200 198 210 189 214 183 214 176 214 169 211 165 203 176 200 182 200 188 199 203 201 189 207 183 208 176 207
130 164 133 179 136 193 141 206 148 219 158 229 170 236 185 238 201 235 214 227 225 217 231 204 235 190 236 174 238 159 238 144 138 137 144 131 153 129 162 131 170 135 188 134 196 129 206 127 216 128 223 133 179 146 179 155 180 164 180 173 169 180 175 183 181 184 188 182 193 180 150 153 156 152 162 151 168 152 162 154 156 155 193 150 200 150 206 150 212 150 206 153 200 152 162 202 169 197 176 195 182 196 188 195 197 197 206 200 198 209 189 212 183 213 177 213 169 210 165 202 176 199 182 200 188 199 203 201 189 206 183 207 176 206
130 164 133 178 136 192 140 206 147 218 158 228 170 235 185 238 200 235 213 227 224 217 231 204 234 189 236 174 238 159 239 144 138 137 144 131 152 129 161 131 170 134 188 133 197 129 206 126 216 128 223 133 179 146 179 155 179 164 179 173 169 180 174 182 181 184 187 182 193 179 150 153 155 152 161 151 168 151 161 154 155 154 193 150 200 150 206 150 212 150 206 152 200 152 162 201 168 197 176 195 181 196 187 195 196 197 205 200 197 208 188 211 182 212 176 212 169 209 165 202 176 199 182 199 187 199 202 200 188 205 182 206 176 205
130 163 133 178 136 192 140 206 147 218 158 228 170 235 184 237 200 235 213 227 224 217 231 204 234 189 237 173 238 158 239 142 137 136 144 130 152 129 161 131 170 134 188 133 197 129 206 126 216 127 223 132 179 145 179 154 179 163 180 173 169 180 175 183 181 184 187 182 192 180 149 152 155 152 161 151 167 151 161 153 155 154 193 150 200 149 206 150 212 149 206 152 200 152 162 201 169 197 176 195 181 196 187 195 196 197 204 200 196 208 188 211 181 212 176 211 169 209 165 202 176 199 181 199 187 199 201 201 187 205 181 206 176 205
130 163 132 177 136 192 140 205 147 218 157 228 169 235 183 238 198 235 211 228 223 218 230 205 233 190 236 175 238 159 239 143 137 136 143 130 152 129 161 131 169 134 188 133 197 129 206 126 216 128 223 133 179 145 179 154 179 163 179 173 169 180 174 182 180 184 187 182 192 180 149 151 155 150 160 150 167 150 161 152 155 153 194 149 200 148 206 148 212 149 206 151 200 151 162 202 169 198 176 195 181 197 186 195 194 197 203 201 195 208 187 211 181 211 176 211 169 209 165 202 176 200 181 200 186 200 200 201 186 205 181 205 176 205
130 164 133 179 136 192 140 206 147 218 157 228 169 235 183 238 198 235 212 228 223 218 230 205 233 190 236 174 237 159 238 143 137 136 143 130 152 129 160 131 169 134 188 133 197 129 206 126 215 127 222 132 179 145 179 154 179 163 179 173 169 181 174 183 180 184 186 182 192 180 148 150 154 149 160 149 166 150 160 152 154 152 194 149 200 147 206 147 212 148 207 150 201 150 162 202 169 198 176 196 181 197 186 196 194 198 203 201 195 207 187 210 181 211 176 210 169 208 165 203 176 200 181 201 186 200 199 201 187 204 181 205 176 205
130 164 133 178 136 192 140 206 147 218 157 228 169 235 184 238 199 235 212 227 223 217 230 204 234 189 236 174 237 159 238 143 136 136 142 130 151 129 161 131 169 134 187 133 196 129 206 126 215 127 223 133 178 145 179 154 179 163 179 173 169 181 174 183 180 184 186 182 192 180 147 149 153 147 159 147 166 150 159 151 153 152 194 148 200 146 207 146 213 147 207 150 201 150 162 203 169 199 175 196 181 198 186 196 194 198 202 201 194 207 187 210 181 211 176 210 169 208 166 203 176 201 181 201 186 200 198 202 186 204 181 205 176 204
129 164 133 178 136 192 140 205 147 217 157 228 169 235 184 237 198 235 212 228 223 218 230 205 233 190 235 175 237 159 238 144 136 135 143 130 152 129 161 131 169 135 187 133 196 129 205 127 214 127 223 132 178 144 179 154 179 163 179 173 169 181 174 183 180 185 186 182 191 180 147 149 153 147 159 146 166 150 159 151 153 152 194 148 200 145 206 145 213 147 207 150 200 150 162 203 170 199 176 197 181 198 186 197 194 198 202 201 194 207 187 209 182 210 176 209 170 208 166 203 176 202 181 202 187 201 199 202 187 204 181 204 176 204
130 165 133 179 136 193 140 206 147 218 158 228 170 235 185 237 199 234 212 227 223 217 230 204 233 190 235 174 237 159 238 144 135 136 142 130 151 129 160 131 169 135 187 133 195 129 204 127 214 127 222 132 178 144 178 154 179 163 179 173 169 181 175 183 180 185 186 183 191 180 146 149 152 146 159 146 166 150 159 151 152 152 193 148 200 145 206 144 213 146 207 150 200 150 162 203 170 200 176 197 181 198 187 197 194 199 202 201 195 207 188 209 182 210 177 209 170 208 166 203 176 202 181 203 187 202 199 202 187 203 182 204 177 204
129 165 133 179 136 193 140 206 147 218 158 228 170 235 184 237 199 235 212 227 223 217 230 204 233 189 235 174 237 159 237 144 135 137 142 131 151 130 160 131 169 135 187 134 195 129 205 127 215 128 223 133 178 145 178 154 179 163 179 173 169 181 174 183 180 185 186 183 191 180 146 149 152 146 159 146 166 150 159 152 152 152 193 149 200 144 207 144 213 146 207 150 200 150 163 203 170 200 176 198 182 199 186 197 194 199 203 201 195 207 188 209 182 210 177 210 170 208 166 204 176 203 182 203 187 202 199 202 187 203 182 204 177 204
130 165 133 179 136 193 141 206 148 218 158 228 170 235 185 237 199 234 212 227 223 217 230 204 234 190 235 174 237 159 237 143 135 136 142 131 151 129 160 131 169 135 187 134 195 129 205 127 215 128 223 133 178 145 178 154 179 163 179 173 170 181 174 184 180 185 186 183 191 180 146 149 152 146 159 145 166 150 159 152 152 152 193 148 200 144 207 143 213 146 207 150 200 150 163 204 170 201 177 198 182 199 187 197 194 199 203 201 195 207 188 209 183 210 177 210 171 208 166 204 177 203 182 203 187 202 199 202 187 203 182 204 177 204
130 165 133 179 136 193 141 206 148 218 158 227 171 234 185 237 200 234 213 227 224 217 231 204 234 189 236 174 237 159 237 143 135 136 142 131 151 130 160 131 169 135 186 134 195 129 205 127 215 128 223 133 178 145 178 154 179 164 179 173 170 182 175 184 180 185 186 183 192 180 146 149 152 145 159 145 166 150 159 152 152 152 194 148 200 144 207 143 213 146 208 150 200 150 163 204 171 201 177 198 182 200 186 198 194 199 203 201 195 207 188 209 183 210 178 209 171 208 166 204 177 203 182 204 187 203 200 202 187 203 183 204 178 203
130 164 133 178 136 192 141 205 148 217 158 227 170 234 185 237 200 234 213 227 224 217 231 204 234 190 236 175 237 159 237 144 136 137 142 131 151 129 160 132 169 135 187 134 196 129 205 127 215 128 224 133 178 145 179 154 179 163 179 173 170 182 175 184 181 185 187 183 192 180 147 149 152 145 159 145 166 150 159 152 152 152 194 148 200 144 207 143 213 146 208 150 201 150 163 204 171 201 177 198 182 200 187 198 194 199 203 201 195 206 188 209 183 210 178 209 171 208 166 204 177 203 182 204 187 203 200 201 187 203 183 204 177 203
130 164 133 178 136 192 141 205 148 217 158 227 170 234 185 237 200 234 213 227 224 217 231 204 234 189 236 174 237 159 238 143 136 136 142 131 151 129 160 131 169 135 187 133 196 129 205 127 215 128 224 132 178 145 179 154 179 163 180 173 170 182 175 184 181 185 187 183 192 180 147 148 152 145 159 145 166 150 159 151 152 152 194 148 200 143 207 143 213 146 208 149 201 149 163 204 171 201 177 198 182 199 187 198 194 199 203 201 195 206 188 209 183 209 178 209 171 208 167 204 177 203 182 203 187 202 200 201 188 203 183 204 178 203
130 164 133 178 137 192 141 205 148 217 158 227 171 234 185 237 200 234 213 227 224 217 230 204 234 190 236 174 237 159 237 143 136 136 142 131 151 129 160 131 169 135 187 134 196 129 205 127 215 128 224 133 179 145 179 154 179 163 180 173 170 181 175 183 181 185 187 183 192 180 146 148 152 145 159 145 166 149 159 151 152 152 194 148 200 143 207 143 213 146 208 149 201 149 163 204 171 201 177 198 182 199 187 197 195 199 203 201 196 206 189 209 183 210 178 209 171 208 167 204 177 203 182 203 188 202 200 201 188 203 183 204 178 203
130 164 133 177 136 191 141 205 148 217 158 227 171 234 185 237 200 234 213 227 224 217 231 204 234 189 236 174 237 158 238 143 136 136 143 131 151 129 160 131 169 135 187 134 196 129 206 127 216 128 224 133 178 145 179 154 179 164 179 173 170 182 175 184 181 185 187 183 192 180 147 148 152 145 159 145 166 150 159 151 152 152 194 148 200 144 207 143 214 146 208 149 201 150 164 204 171 201 177 198 182 199 187 198 195 199 203 201 196 206 189 209 183 209 178 209 172 208 167 204 178 203 183 203 188 202 200 201 188 203 183 204 178 203
130 165 133 179 137 193 141 206 148 218 159 228 171 235 185 237 200 234 213 227 224 217 231 204 234 190 236 175 237 159 237 144 136 136 143 131 152 129 161 131 169 135 187 134 196 130 205 127 215 128 224 133 178 145 179 154 179 163 180 173 170 182 175 184 181 185 187 183 192 180 147 148 152 145 159 145 166 150 159 151 152 152 194 148 200 144 207 143 213 146 208 149 201 150 164 204 171 201 177 198 182 199 187 197 195 199 204 201 196 206 189 209 184 210 178 209 172 208 167 204 178 203 183 203 188 202 200 201 188 203 183 204 178 203
130 164 133 178 136 192 141 206 148 217 159 227 171 235 185 237 200 234 213 227 224 217 231 205 234 190 236 175 237 159 237 144 135 136 142 131 151 130 160 132 169 135 187 134 196 130 206 127 215 128 224 133 178 145 179 154 179 163 179 173 170 182 175 184 181 185 186 183 192 181 146 149 152 145 159 145 166 150 159 152 152 152 194 148 200 143 207 143 214 146 208 150 201 150 164 204 171 201 177 198 182 199 187 198 195 199 203 201 196 206 189 209 183 210 178 209 172 208 167 204 178 203 182 203 187 202 200 202 188 203 183 204 178 203
130 165 133 179 137 193 141 206 148 218 158 228 171 235 185 237 200 234 213 227 224 217 231 204 234 189 236 174 237 159 237 144 135 137 142 131 151 130 160 132 169 135 187 134 196 130 205 127 215 128 224 133 178 145 179 154 179 163 179 173 170 182 175 184 181 185 186 183 192 181 146 149 152 145 159 145 166 150 159 152 152 152 194 148 200 144 207 143 214 146 208 150 201 150 164 204 171 201 177 198 182 199 187 197 195 199 204 201 196 206 189 209 183 210 178 209 172 208 167 204 178 203 183 204 188 202 200 202 188 203 183 204 178 203
130 165 133 178 137 192 141 206 148 217 158 227 170 234 185 237 199 235 213 228 224 218 230 205 234 190 236 175 237 159 237 144 136 136 142 131 151 130 160 132 169 135 187 134 196 130 205 127 215 128 223 133 178 145 178 154 179 163 179 173 170 182 175 184 181 185 186 183 192 181 146 149 152 145 159 145 166 150 159 152 152 152 194 149 200 144 207 143 214 146 208 150 201 150 163 204 171 201 177 198 182 199 187 197 195 199 203 201 195 206 188 209 183 210 178 209 171 208 167 204 177 203 182 204 187 202 200 202 188 203 183 204 178 203
130 165 133 179 137 193 141 206 148 218 159 228 171 235 186 237 201 234 213 227 224 217 231 204 234 190 236 175 237 159 237 144 136 136 142 131 152 129 160 131 169 135 187 134 196 130 205 127 215 128 223 133 178 145 179 154 179 163 180 173 170 182 175 184 181 185 187 183 192 181 146 149 152 145 159 145 166 150 159 152 152 152 194 149 200 144 207 143 214 146 208 150 201 150 164 204 171 201 177 198 182 199 187 197 195 199 203 201 196 206 189 209 183 210 178 210 171 208 167 204 177 203 183 203 188 202 200 202 188 203 183 204 178 203
130 165 133 179 137 193 141 206 148 218 158 228 171 235 185 237 200 234 213 227 224 218 231 205 234 190 236 175 237 160 238 144 136 136 143 130 152 129 160 132 169 135 188 133 196 129 205 127 215 128 223 132 179 144 179 154 179 163 180 173 170 182 175 184 181 185 186 183 191 180 146 148 152 145 160 145 166 150 159 152 152 152 194 148 200 143 207 143 213 146 208 150 201 150 164 204 171 201 177 198 182 199 187 197 195 199 203 201 196 206 189 208 183 209 178 209 172 208 167 204 177 203 182 203 187 202 200 202 188 203 183 203 178 203
130 165 133 179 137 193 141 206 148 218 158 227 171 235 185 237 200 234 213 227 224 217 231 204 234 189 235 174 237 159 237 144 135 136 142 131 151 129 160 131 169 135 187 134 196 129 205 127 215 128 224 132 178 144 179 154 179 163 179 173 170 181 175 183 181 184 187 182 192 180 146 148 152 145 159 145 166 149 159 151 152 152 194 148 200 143 207 143 213 146 208 149 201 149 164 204 171 201 177 198 182 199 187 197 195 199 203 201 196 206 189 209 183 210 178 209 171 208 167 204 177 203 183 203 188 202 200 201 188 202 183 203 178 203
130 165 133 179 137 192 141 206 148 218 159 227 171 234 186 237 200 234 213 227 224 217 231 204 234 189 236 175 237 159 238 144 136 136 142 130 151 129 160 131 169 135 187 134 196 129 205 127 215 128 224 132 178 144 179 154 179 163 180 173 170 181 175 183 181 184 186 182 192 180 146 148 152 145 159 145 166 150 159 151 152 152 194 148 200 143 207 143 214 146 208 149 201 149 164 204 171 200 177 198 182 199 187 197 195 199 203 201 196 206 189 209 184 210 178 209 172 208 167 204 178 203 183 203 188 202 200 201 188 203 183 203 178 203
