108 188 110 204 114 219 119 232 127 244 138 253 151 261 165 263 180 260 191 252 200 242 207 229 210 216 213 202 216 188 217 173 119 152 126 145 136 143 147 144 156 147 174 147 184 144 194 143 203 146 208 153 166 161 166 169 166 177 167 186 155 198 160 200 165 201 170 200 175 199 131 165 137 160 144 160 151 165 144 167 136 167 178 166 185 161 192 162 197 166 192 169 185 168 147 225 153 217 160 213 165 215 169 213 177 218 182 225 177 232 170 234 165 235 160 234 153 231 152 224 160 220 165 220 169 220 178 224 170 225 165 226 160 225
109 188 112 203 115 219 120 232 128 244 139 254 151 261 166 264 180 261 192 253 201 242 207 229 211 216 213 202 216 187 217 173 120 152 127 145 136 143 147 144 156 147 175 148 184 144 194 143 203 146 209 153 166 161 166 169 166 178 166 186 155 198 160 200 165 201 170 200 175 199 130 165 136 161 144 161 151 166 144 167 136 167 178 166 185 162 193 162 198 166 193 169 185 168 147 225 153 217 160 214 165 215 170 214 177 218 183 225 177 232 170 235 165 235 160 235 153 231 152 224 160 220 165 221 170 221 179 225 170 226 165 226 160 226
109 188 112 204 115 219 120 233 128 245 139 255 151 262 165 264 179 261 191 253 200 243 207 231 211 218 213 203 216 189 217 174 119 153 126 146 136 143 147 144 156 148 175 148 184 144 194 144 204 147 209 154 166 161 166 169 166 177 166 186 155 198 160 200 165 201 170 200 175 199 131 165 137 161 144 161 151 166 144 167 137 168 178 166 185 162 193 162 198 166 192 169 185 168 147 225 154 218 161 214 165 215 170 214 177 219 183 226 177 233 170 235 165 236 160 235 153 232 151 225 161 221 165 221 170 221 179 225 170 226 165 227 161 226
109 188 112 204 115 219 120 233 128 245 139 255 151 262 166 264 180 261 192 253 201 243 207 230 211 217 214 203 216 189 218 174 120 152 127 146 136 143 147 144 157 148 176 148 185 145 195 144 204 147 210 154 166 161 166 170 166 178 167 187 155 199 160 201 166 202 170 201 175 199 130 165 137 161 144 161 151 166 144 168 137 168 178 167 185 162 193 162 198 167 193 169 185 169 147 226 153 218 161 214 165 216 170 215 177 219 183 226 177 233 170 235 165 236 160 235 153 232 152 225 160 221 165 221 170 221 179 225 170 227 165 227 161 227
110 187 112 202 115 217 120 231 128 244 138 254 151 262 166 264 181 261 192 253 201 242 208 229 211 215 214 201 216 186 218 172 120 152 127 146 137 143 147 144 157 148 175 148 185 145 195 144 204 147 210 154 166 161 166 170 166 178 167 187 156 199 161 201 166 202 170 201 175 199 131 165 137 161 145 161 151 166 144 168 137 168 179 167 185 162 193 163 198 167 193 169 185 169 148 226 154 218 161 214 165 216 170 214 177 219 183 226 177 233 171 236 165 236 160 235 153 232 152 225 161 221 165 221 170 221 179 225 170 227 165 227 161 226
109 188 112 203 115 218 120 233 128 245 139 255 152 262 166 264 181 261 192 253 201 242 207 229 211 216 214 202 216 187 218 173 120 152 127 146 137 143 147 144 157 148 176 148 185 145 195 144 204 147 210 154 166 161 166 170 167 178 167 187 156 199 161 201 166 202 171 201 175 200 131 165 137 161 145 161 151 166 145 168 137 168 179 167 185 162 193 163 198 167 193 169 185 169 148 226 154 218 161 214 165 216 170 214 177 219 183 226 177 233 171 236 165 236 160 235 154 232 152 225 161 221 165 221 170 221 179 225 170 227 165 227 161 226
110 186 112 201 115 217 120 231 128 243 139 254 152 261 166 264 181 261 192 253 201 242 208 229 212 216 214 201 217 187 218 173 120 152 127 146 137 143 147 144 157 148 175 148 185 145 195 144 204 147 210 154 166 162 166 170 167 178 167 187 156 199 161 201 166 202 171 201 175 200 131 165 137 161 145 161 151 166 144 168 137 168 178 167 185 162 193 163 198 167 193 169 185 169 148 226 154 218 161 215 165 216 170 215 177 219 183 226 177 233 171 235 165 236 161 235 154 232 152 225 161 222 165 222 170 222 179 226 170 226 165 227 161 226
110 187 112 203 116 218 120 232 128 244 139 254 152 261 167 263 181 260 192 252 201 242 208 229 212 216 214 202 216 188 218 173 120 153 127 146 137 143 148 144 157 148 176 148 185 145 195 144 204 147 210 155 166 161 167 170 167 178 167 187 155 199 161 201 166 202 171 201 175 200 131 165 137 161 145 161 151 166 145 168 137 168 179 167 186 162 193 163 198 167 193 169 186 169 147 226 154 219 161 215 165 217 170 215 177 220 183 226 177 231 171 233 166 234 161 233 154 231 152 225 161 222 165 222 170 222 179 225 170 225 166 225 161 225
109 187 111 203 114 218 119 232 128 244 139 254 152 261 166 263 181 260 192 252 201 242 208 229 212 216 214 202 216 187 218 173 120 152 128 146 137 144 148 145 157 148 176 149 185 145 195 144 204 148 210 155 167 162 167 170 167 178 167 187 156 199 161 201 166 202 171 201 175 200 131 165 137 162 145 162 151 166 145 168 137 168 179 167 186 163 193 163 198 167 193 170 186 169 148 226 154 220 161 216 166 218 170 216 177 220 183 226 177 231 171 233 166 233 161 233 154 230 151 225 161 223 166 223 170 223 180 225 170 224 166 225 162 224
109 187 112 203 115 218 120 232 128 244 139 254 152 261 167 264 181 260 192 252 201 242 207 230 211 217 214 202 216 188 218 173 120 153 127 146 137 144 148 145 158 149 176 149 185 145 195 144 205 148 210 155 167 161 167 170 167 178 168 187 156 200 161 201 166 202 171 202 175 200 131 165 137 162 145 162 151 166 145 168 137 168 179 167 186 163 193 163 198 167 193 170 186 169 147 226 154 220 162 216 166 218 171 217 177 221 184 226 177 231 171 233 166 234 161 233 154 231 151 226 162 223 166 224 170 223 180 226 170 224 166 225 162 224
110 187 112 203 115 218 120 232 129 245 140 254 153 262 167 264 181 260 193 252 202 242 208 230 212 217 214 202 216 188 218 174 120 153 127 146 137 144 148 145 157 149 176 149 185 145 195 145 205 148 210 155 167 162 167 170 167 179 167 188 156 200 161 202 166 203 171 202 175 201 132 166 138 162 145 162 152 166 145 168 138 168 179 167 186 163 193 163 198 167 193 170 186 169 148 226 155 220 162 216 166 218 170 217 178 221 184 226 178 231 171 234 166 234 161 234 155 231 152 225 162 223 166 224 170 223 180 226 171 225 166 225 162 225
110 188 112 203 115 219 120 233 128 245 139 255 152 262 167 264 181 261 193 252 202 242 208 230 212 216 214 202 216 188 218 173 120 153 127 146 136 144 147 145 157 149 175 148 185 145 195 144 204 148 210 155 166 162 167 170 167 178 167 187 156 200 161 201 166 202 171 202 175 200 131 166 137 162 145 161 151 166 145 168 137 168 178 167 185 162 193 163 198 167 193 169 185 169 148 226 155 220 162 216 166 218 171 216 178 220 184 226 178 233 171 235 166 235 162 235 154 232 152 225 162 223 166 224 171 223 180 226 171 226 166 226 162 226
110 188 112 203 116 219 120 233 128 245 139 255 152 262 166 265 180 262 192 254 201 243 207 230 211 217 214 203 216 188 218 173 120 152 127 146 137 143 148 145 157 149 175 149 185 145 195 144 204 147 210 155 166 162 166 170 167 178 167 187 156 200 161 201 166 202 171 201 175 200 130 166 137 161 145 161 151 166 144 168 137 168 179 167 185 162 193 163 198 167 193 170 185 169 148 227 154 219 161 215 165 217 170 216 178 220 184 227 178 234 171 237 166 238 161 237 154 234 152 226 161 222 165 223 170 223 179 226 170 228 166 229 161 228
109 187 112 202 115 218 120 232 129 244 140 255 152 263 167 266 181 262 192 253 201 242 207 229 211 216 214 201 216 186 218 171 120 152 127 146 137 144 148 145 157 149 175 149 184 145 195 144 204 147 210 155 166 161 166 170 167 179 167 188 155 199 160 201 166 202 170 201 175 200 131 165 137 161 145 161 151 166 145 167 137 168 178 167 185 162 193 163 198 167 193 169 185 169 148 226 154 219 161 215 165 216 170 215 178 220 184 226 178 235 171 238 166 239 161 238 154 234 152 226 161 222 165 222 170 222 179 226 170 229 165 229 161 229
109 187 111 203 114 219 119 233 128 245 139 255 152 262 166 265 181 261 192 253 201 242 207 229 211 216 214 201 216 186 218 172 120 153 127 146 136 143 147 144 157 148 175 148 184 145 194 144 204 147 210 154 166 161 166 170 166 178 167 187 155 199 160 201 166 202 171 201 175 199 130 165 137 161 144 161 151 166 144 167 136 168 178 167 185 162 193 163 198 167 193 169 185 169 148 226 154 218 161 214 165 216 170 214 178 219 183 226 178 234 171 237 166 237 160 237 153 233 152 225 161 221 165 221 170 221 179 225 170 228 165 228 161 228
109 187 112 203 115 218 119 232 127 244 139 253 152 261 166 263 181 260 193 252 202 241 208 229 212 216 214 201 216 187 218 172 119 152 126 145 136 143 147 144 157 148 175 148 185 144 195 144 204 147 209 154 166 161 166 169 166 178 167 186 155 198 160 200 166 201 171 200 175 199 130 165 137 161 144 161 151 166 144 167 137 167 179 166 185 162 193 162 198 166 193 168 185 168 147 225 154 217 161 214 165 215 170 214 177 218 183 224 177 230 171 232 166 233 161 232 154 230 151 224 161 220 165 221 170 220 179 224 170 224 165 224 161 224
110 187 112 203 115 218 119 232 128 244 139 254 152 261 166 263 181 260 193 251 202 241 208 228 211 215 214 201 216 187 218 172 119 153 126 145 136 143 147 144 156 147 175 148 185 144 195 143 204 147 210 154 166 160 166 169 166 177 166 186 155 198 160 200 166 201 170 200 175 199 130 165 137 161 144 161 151 165 144 167 137 167 178 166 185 162 192 162 198 166 192 168 185 168 147 223 154 217 161 213 165 215 170 213 177 217 183 223 177 228 170 230 165 230 160 230 154 228 151 223 161 220 165 220 170 220 179 222 170 222 165 222 161 221
109 187 112 202 115 218 120 232 128 244 139 254 152 261 167 263 181 260 193 252 201 241 207 229 211 216 214 202 216 187 218 173 119 152 126 145 136 143 147 144 157 148 175 148 185 144 195 143 204 147 210 154 166 160 166 169 166 177 166 186 155 198 160 200 165 201 170 200 175 199 131 165 137 161 144 160 151 165 144 166 137 167 178 165 185 161 192 162 198 166 192 168 185 167 147 223 154 217 160 213 165 215 169 213 176 217 183 223 177 228 170 229 165 230 160 229 154 228 151 222 160 220 165 220 169 220 179 222 170 221 165 222 161 221
110 186 112 202 115 217 119 232 127 244 138 254 151 261 166 264 181 261 193 252 202 242 208 229 212 216 214 201 216 187 218 172 120 152 127 145 136 142 147 144 157 148 175 148 185 144 195 143 204 146 209 153 166 161 166 169 166 177 166 186 155 198 160 200 165 201 170 200 175 199 131 165 137 161 144 161 151 165 144 167 137 167 178 166 185 162 193 162 198 166 193 169 185 168 147 224 154 218 161 214 165 216 170 214 177 218 184 225 177 231 171 233 165 233 160 233 154 230 151 224 161 221 165 221 170 221 180 224 170 225 165 225 161 225
109 186 112 202 115 217 120 232 128 245 139 255 152 264 166 266 181 263 192 254 202 242 208 229 212 215 215 200 216 185 218 171 120 152 126 145 136 143 147 144 157 147 175 148 185 144 195 144 204 147 209 154 166 161 166 169 166 178 166 186 155 198 160 200 166 201 170 200 175 199 131 165 137 161 144 160 151 165 144 167 137 167 178 166 185 162 193 162 198 166 193 169 185 168 147 225 153 218 161 214 165 216 170 215 178 219 184 226 178 235 171 238 165 239 160 238 153 234 151 225 161 221 165 221 170 221 180 225 170 230 165 230 161 230
109 186 112 201 115 217 120 232 128 244 139 255 152 263 166 266 180 263 192 253 201 242 208 228 212 214 215 199 217 184 218 169 120 152 127 145 137 143 147 144 156 148 175 148 185 144 195 143 204 147 210 154 166 161 166 169 166 178 167 186 155 198 161 200 166 201 171 200 175 199 131 164 137 161 144 160 151 165 144 167 137 167 178 166 185 161 193 162 198 166 193 168 185 168 147 225 153 218 161 214 165 216 170 214 178 219 183 226 178 235 171 239 165 240 160 239 153 235 151 225 161 220 165 221 170 221 179 225 170 230 165 231 161 230
109 187 112 202 115 218 120 232 128 245 140 255 152 263 166 265 180 262 192 253 201 242 208 230 212 216 215 201 217 186 218 172 120 153 126 145 136 143 147 143 157 148 175 148 185 144 195 143 204 147 210 154 166 161 166 169 166 177 167 186 155 198 161 200 166 201 171 200 175 199 131 165 137 161 145 160 151 165 145 167 137 167 178 166 185 161 193 162 198 166 193 168 185 168 147 225 153 218 161 214 165 215 170 214 178 218 184 225 178 234 171 238 166 238 160 238 153 234 151 225 161 220 165 220 170 220 179 225 170 229 165 230 161 229
110 187 113 203 116 218 121 232 129 244 140 254 152 261 167 264 181 260 192 252 201 242 208 229 212 216 215 201 217 187 218 172 120 152 127 145 137 142 147 143 157 147 175 147 185 143 195 143 204 146 210 153 166 160 166 169 167 177 167 186 156 198 161 200 166 201 171 200 175 199 131 164 137 160 145 160 151 165 145 166 137 167 178 166 185 161 193 162 198 166 193 168 185 168 148 225 154 218 161 214 165 216 170 214 177 219 183 225 178 232 171 234 166 235 161 234 154 231 152 224 161 221 165 221 170 221 179 224 170 225 165 226 161 225
109 187 112 202 115 218 120 232 128 244 139 254 152 261 166 263 181 260 192 252 201 241 208 229 211 215 214 201 216 186 218 172 120 152 127 145 136 142 147 143 157 147 175 147 185 143 195 143 204 146 210 153 166 160 167 168 167 177 167 186 156 198 161 199 166 201 171 200 175 199 131 164 137 160 145 160 151 165 145 166 137 167 179 165 185 161 193 161 198 165 193 168 185 167 148 225 154 218 161 214 166 216 170 214 177 218 183 224 177 230 171 232 166 233 161 232 154 230 152 224 161 221 166 222 170 221 179 224 170 223 166 224 161 223
110 186 112 201 115 217 120 231 128 243 139 253 151 260 166 263 181 260 192 252 201 241 207 229 211 216 214 201 216 187 218 172 120 151 127 144 136 142 147 143 157 147 175 147 185 143 195 143 204 146 210 153 166 160 166 168 167 177 167 186 156 198 161 199 166 201 170 200 175 198 131 164 137 160 145 160 151 165 144 166 137 166 178 165 185 161 193 161 198 165 193 168 185 167 148 224 154 218 161 214 165 216 170 214 177 218 183 225 177 230 171 232 166 233 161 232 154 229 152 224 161 221 165 221 170 221 179 224 170 224 165 224 161 223
109 188 112 203 115 218 120 232 128 244 139 253 151 260 166 263 180 259 192 252 201 242 207 230 211 216 214 202 216 188 218 173 120 151 127 145 137 142 147 143 157 147 176 146 185 143 195 143 204 146 210 153 166 160 166 168 167 177 167 186 156 198 161 199 166 201 171 200 175 198 131 164 137 160 145 160 151 164 145 166 137 167 179 165 185 161 193 161 198 165 193 168 186 167 147 225 154 218 162 214 166 215 171 214 178 218 183 224 178 231 171 233 166 234 161 233 154 230 152 224 162 221 166 221 170 221 180 224 170 224 166 224 162 224
109 187 111 203 114 218 119 232 127 244 138 253 151 261 166 263 180 260 192 252 202 242 208 230 212 216 215 202 217 187 218 173 120 151 127 144 137 141 147 142 157 146 175 147 185 143 195 142 204 145 210 153 166 159 167 168 167 175 167 184 156 197 161 199 166 200 171 199 175 198 131 164 137 160 145 160 151 164 145 166 137 166 179 165 186 160 193 161 198 165 193 167 186 167 147 224 153 217 161 213 165 215 170 213 178 218 184 224 178 231 171 234 166 234 160 233 153 230 151 223 161 220 165 220 170 220 180 224 170 225 166 226 161 225
109 187 112 202 115 217 119 231 127 243 138 253 151 260 166 263 180 260 192 252 202 242 208 229 212 216 214 201 216 187 218 172 120 151 127 144 137 141 147 142 157 146 176 147 185 143 195 142 204 145 210 153 166 159 166 167 167 176 167 184 155 197 161 198 166 199 171 199 175 198 131 163 137 159 145 159 151 164 145 166 137 166 179 165 186 160 193 161 198 165 193 167 186 167 147 224 154 216 161 212 166 214 170 213 178 217 184 224 178 231 171 234 165 234 160 234 153 230 151 223 161 219 165 219 170 219 180 223 170 226 165 226 161 225
109 188 111 203 114 218 119 232 127 244 139 254 151 261 166 263 180 260 192 252 201 242 208 229 212 216 215 201 216 187 218 172 119 151 126 144 136 141 147 142 157 146 175 146 185 142 195 142 204 145 210 153 166 159 166 168 166 176 167 184 155 197 160 198 166 199 171 199 176 197 131 163 137 159 145 159 151 164 145 166 137 166 178 165 185 160 193 160 198 165 193 167 185 167 147 223 153 216 161 212 166 213 171 212 178 217 184 224 178 231 171 234 166 235 160 234 153 231 151 223 161 218 165 218 171 218 181 223 171 227 166 227 161 227
109 188 112 204 115 219 120 233 128 245 139 255 152 262 166 264 180 261 192 253 201 243 208 230 212 216 215 202 217 187 218 172 120 151 127 144 136 141 147 142 157 146 175 146 185 142 195 142 204 145 210 153 166 159 166 168 167 176 167 184 155 197 161 198 166 199 171 199 175 198 131 163 137 159 145 159 151 164 145 165 137 166 179 165 185 160 193 161 198 165 193 167 186 167 147 224 153 216 161 212 165 213 170 212 178 217 184 224 178 233 171 237 165 238 160 237 153 233 151 223 161 218 165 218 170 218 180 224 170 229 165 229 161 229
110 188 113 204 116 219 121 233 129 245 139 255 152 262 166 265 180 261 191 253 201 242 208 230 211 216 214 201 217 187 218 172 120 151 127 144 137 141 147 142 156 146 176 146 185 142 196 142 205 145 210 153 166 159 167 167 167 176 167 184 156 196 161 198 166 199 171 198 175 197 131 163 138 159 145 159 151 164 145 165 138 166 179 164 185 160 193 161 198 165 192 167 185 166 147 224 153 216 161 212 166 213 171 212 178 217 184 224 178 234 171 238 165 238 160 237 152 233 151 223 161 218 165 218 171 218 180 224 171 230 165 230 161 229
108 187 110 203 113 219 119 233 128 245 140 255 152 262 166 264 180 261 191 252 201 242 207 229 212 215 215 201 217 186 218 171 121 151 127 143 137 141 147 142 157 146 175 146 185 142 195 141 204 145 209 153 166 159 167 167 167 175 167 184 155 196 161 198 166 199 171 198 176 197 132 164 138 161 145 161 151 164 145 166 138 166 178 165 185 162 191 163 197 166 191 168 184 167 147 224 153 216 161 212 166 213 171 212 178 216 184 224 178 234 171 238 166 238 160 238 153 233 151 223 161 217 166 218 171 218 180 224 171 230 166 230 161 229
110 186 113 202 116 217 121 232 129 244 140 254 152 261 167 263 180 260 192 252 201 241 207 228 211 214 214 200 217 185 219 171 121 150 127 143 137 141 147 141 157 145 176 145 185 141 195 141 204 144 210 152 166 159 167 167 167 175 167 184 156 196 161 198 166 199 171 198 176 197 132 164 138 161 145 161 152 164 145 166 138 166 178 165 185 162 192 163 197 166 192 167 185 167 147 223 154 215 161 211 166 213 171 212 178 216 184 224 178 233 171 236 166 237 160 236 153 232 151 223 161 217 166 217 171 217 180 223 171 228 166 228 161 228
109 185 112 200 115 216 120 230 128 242 139 253 152 260 166 262 180 259 192 250 201 240 207 227 211 213 214 199 216 184 218 170 121 149 127 143 137 140 147 141 156 145 176 145 185 141 195 141 204 144 209 151 166 158 166 167 167 175 167 184 155 196 161 197 166 198 171 198 175 196 131 163 137 160 145 160 151 163 145 165 137 166 178 164 185 161 192 161 197 164 192 167 185 166 147 223 154 214 161 211 165 212 171 211 178 215 184 223 178 231 171 234 165 234 160 234 153 230 151 222 161 217 165 217 170 217 180 222 170 225 165 226 161 225
109 186 111 201 115 217 120 231 128 243 139 253 152 259 166 261 180 258 192 250 201 240 207 227 212 214 214 199 216 185 218 170 120 150 127 142 136 140 147 141 157 145 175 144 185 141 195 140 204 143 209 150 166 158 166 166 167 174 167 183 155 195 161 197 166 198 171 197 175 196 131 163 137 159 144 159 151 163 145 164 137 165 178 163 185 160 192 160 197 163 192 166 185 165 147 222 153 214 160 210 165 211 170 210 178 215 183 222 177 229 171 231 165 232 160 232 153 228 151 221 160 216 165 217 170 216 179 221 170 223 165 224 160 223
110 185 112 200 115 215 120 229 127 242 138 252 150 259 165 261 179 258 191 250 200 239 206 227 211 213 214 198 216 184 218 170 120 150 126 142 136 139 147 140 156 144 175 144 185 140 195 140 204 143 209 150 165 157 165 166 166 174 166 183 155 195 160 196 165 197 170 196 175 195 131 162 137 158 144 158 151 162 144 164 137 164 178 163 185 159 192 159 197 163 192 165 185 164 146 221 153 213 160 209 165 211 170 209 177 214 183 221 177 228 170 231 165 231 159 231 152 228 150 221 160 216 165 216 170 216 179 221 170 222 165 223 160 223
109 183 111 198 114 214 119 229 127 241 137 251 150 258 164 260 178 257 190 249 200 239 207 226 211 213 214 198 216 183 218 168 120 149 126 142 136 139 146 140 156 144 175 143 184 140 194 139 203 142 209 149 165 157 165 165 165 173 165 182 154 194 159 196 165 197 170 196 175 194 131 161 137 158 144 158 151 162 144 163 137 164 177 162 184 158 191 159 197 162 191 164 184 164 146 221 152 213 159 209 164 210 169 209 176 214 182 221 176 227 170 231 164 231 159 231 151 227 150 220 159 215 164 216 169 215 178 220 169 223 164 223 159 223
109 182 112 197 114 213 119 227 127 240 137 250 150 258 164 260 178 257 190 249 200 238 206 225 210 212 213 197 216 182 218 167 120 148 126 141 136 139 146 140 156 143 174 143 184 139 194 139 203 142 209 149 165 156 165 165 165 173 165 182 154 194 159 195 164 196 169 196 174 194 130 161 136 157 144 157 150 161 144 163 136 163 177 162 184 158 191 158 197 162 191 164 184 164 146 220 152 212 159 208 164 210 169 209 177 213 182 221 177 229 170 232 164 233 159 232 151 228 150 220 159 215 164 215 169 215 178 220 169 223 164 224 159 223
110 183 112 198 115 213 120 227 127 239 138 250 150 257 164 260 178 257 190 249 200 238 206 226 211 212 213 198 216 183 218 168 120 147 126 140 136 138 146 139 155 143 174 142 183 139 193 138 203 141 208 148 164 156 164 164 164 172 165 181 154 193 159 195 164 196 169 195 174 193 130 160 136 156 143 156 150 161 143 162 136 163 177 161 184 157 191 157 197 161 191 164 184 163 146 219 152 212 159 208 164 209 169 208 177 213 182 220 177 228 169 231 164 232 158 231 151 227 150 219 159 214 164 214 169 214 178 219 169 223 164 223 159 223
109 181 112 196 115 212 119 226 127 239 139 249 151 256 166 258 180 255 192 247 202 237 209 225 213 211 215 196 217 182 218 167 120 147 126 140 136 137 146 138 155 142 174 142 183 138 193 138 202 141 208 148 164 155 164 163 165 171 165 180 154 192 159 194 164 195 169 194 174 193 130 160 137 156 144 156 150 160 144 162 136 162 177 161 184 157 191 157 196 160 191 163 184 162 146 218 152 211 159 207 164 208 168 207 176 211 183 218 176 224 169 226 164 227 159 226 152 224 150 217 159 214 164 214 168 214 179 217 168 219 164 219 159 218
110 181 112 196 115 211 119 226 127 237 138 247 151 254 166 256 180 253 193 245 202 235 209 223 213 210 215 195 216 181 218 166 119 147 126 140 135 137 146 138 155 142 174 141 183 138 193 137 202 140 208 147 165 155 165 163 165 171 165 179 154 192 159 193 164 194 169 193 174 192 130 159 136 155 143 155 150 159 144 161 136 161 177 160 184 156 191 156 196 160 191 162 184 162 146 217 153 210 159 206 164 208 169 207 176 211 183 217 176 222 169 223 164 224 159 223 153 221 150 216 160 213 164 213 169 213 179 216 169 216 164 216 160 216
109 180 112 195 115 211 119 225 127 237 138 246 151 253 166 255 181 252 193 244 203 234 209 222 212 208 214 194 216 180 217 165 119 146 126 139 136 136 146 137 155 141 173 141 183 137 193 137 202 140 208 147 164 154 165 162 165 170 165 179 154 191 159 192 164 193 169 193 174 191 130 158 136 155 143 154 150 159 143 160 136 161 177 159 184 155 191 156 196 159 191 162 184 161 146 216 153 209 159 206 164 207 169 206 176 210 184 216 177 221 170 223 165 224 159 223 153 221 150 216 160 212 164 213 169 212 179 215 169 215 164 216 160 215
110 182 113 196 116 211 120 225 127 237 138 246 150 253 165 255 179 252 191 245 201 235 207 224 211 210 213 196 215 182 217 167 120 146 126 138 135 135 146 136 155 140 174 140 183 136 193 136 202 139 208 146 165 153 165 161 165 170 165 178 154 190 159 192 164 193 169 192 174 191 130 158 136 154 143 154 150 158 143 160 136 160 177 159 184 155 191 155 196 159 191 161 184 161 146 216 153 209 160 205 164 206 169 205 176 209 183 216 177 223 169 225 164 226 160 225 153 222 150 216 160 211 164 211 169 211 179 215 169 218 164 218 160 218
109 178 111 193 115 209 119 223 127 235 138 245 151 253 165 255 179 252 191 244 201 234 207 221 211 207 214 193 216 178 217 163 120 145 126 138 136 135 146 136 155 140 174 140 183 136 193 136 202 139 207 146 164 153 164 161 164 170 165 178 154 190 159 191 164 193 169 192 174 190 130 157 136 153 143 153 150 158 144 159 136 160 177 158 183 154 190 155 196 158 191 161 183 160 146 216 152 208 159 204 164 206 169 205 176 209 182 216 177 225 169 228 164 229 159 228 152 224 150 215 159 210 164 211 169 210 178 216 169 220 164 221 159 220
110 179 113 194 115 210 120 224 128 236 139 246 151 253 165 256 179 253 191 244 200 234 207 222 211 208 213 193 215 179 217 164 120 145 126 138 135 135 146 136 155 139 174 140 183 136 193 135 202 139 208 146 164 152 164 161 164 169 164 178 154 189 159 191 164 192 169 191 174 190 130 157 136 153 143 153 150 157 143 159 136 159 177 158 184 154 191 154 196 158 191 160 184 160 146 216 152 208 159 204 164 205 169 204 176 209 183 216 177 225 169 228 164 229 159 228 151 224 149 215 159 210 164 210 169 210 178 216 169 220 164 220 159 220
110 178 112 194 116 209 120 223 128 236 139 246 151 253 165 256 179 252 191 244 200 234 207 221 211 208 214 193 216 178 218 163 119 145 125 137 135 134 146 135 155 139 173 139 183 135 193 135 202 138 207 146 164 152 164 160 164 169 164 178 153 189 158 191 163 192 169 191 173 189 130 157 136 153 143 153 150 157 143 158 136 159 176 157 183 154 190 154 196 158 190 160 183 159 145 216 151 207 159 204 163 205 168 204 176 208 182 216 176 225 169 229 163 230 158 229 151 225 149 215 159 209 163 209 168 209 178 215 168 221 163 222 159 221
110 179 113 194 116 209 120 223 127 235 138 246 150 253 164 256 177 253 189 245 199 235 205 222 210 208 213 194 215 179 217 164 119 144 125 137 135 134 145 135 154 138 174 138 183 135 193 134 202 138 207 146 164 152 164 160 164 168 164 177 153 188 158 190 163 191 168 190 173 189 130 157 136 153 143 153 150 157 143 158 136 159 176 157 183 154 190 155 195 158 190 160 183 159 145 215 151 207 158 204 163 205 168 204 176 208 182 216 176 226 169 230 163 230 158 229 150 225 148 215 158 209 163 209 168 209 178 215 168 221 163 222 158 221
110 179 113 194 116 209 121 223 129 235 139 246 151 254 164 257 178 253 190 245 200 234 207 222 212 208 215 194 217 179 218 164 120 144 126 137 135 134 145 134 154 138 173 139 182 135 193 135 202 138 207 146 163 152 163 160 163 168 163 176 153 188 158 190 163 191 168 190 173 189 131 158 137 155 143 155 150 157 144 159 137 159 176 158 182 156 189 157 195 159 189 161 182 160 145 215 150 207 158 203 163 205 168 204 176 208 182 216 176 226 169 230 163 230 157 229 150 225 148 215 158 209 163 209 168 209 177 215 168 221 163 222 158 221
110 177 113 192 116 208 121 222 129 235 139 245 150 253 164 256 178 253 190 245 200 234 207 221 211 207 214 192 217 178 218 163 120 144 126 136 135 133 145 134 154 138 173 138 183 135 193 134 202 138 207 146 163 152 163 160 163 168 163 176 153 188 158 190 163 191 168 190 173 189 131 157 137 155 144 155 150 157 144 159 137 159 176 158 183 155 189 156 195 159 189 161 183 160 145 215 151 207 158 203 163 204 168 203 176 208 182 216 176 225 168 229 163 230 158 229 150 224 149 214 158 209 163 209 168 209 178 215 168 221 163 221 158 220
111 177 114 192 117 207 121 221 129 234 139 244 151 252 165 255 179 252 191 243 200 233 207 220 212 207 215 193 217 178 219 164 120 144 126 136 136 133 146 134 155 138 174 138 183 134 194 134 203 138 208 146 164 151 164 159 164 167 164 176 154 188 159 189 164 190 169 189 174 188 132 156 138 153 144 153 151 156 145 158 138 158 177 157 184 154 191 155 196 158 191 160 184 159 146 214 151 206 159 202 163 204 169 203 177 207 183 215 177 224 169 228 164 228 158 227 151 223 149 214 159 208 163 209 169 209 179 215 169 220 163 220 159 219
112 177 114 193 117 208 122 222 130 234 140 245 152 252 166 254 180 251 192 243 201 233 208 220 213 207 216 193 218 179 220 164 121 142 128 136 137 133 147 134 156 137 175 138 185 134 195 134 204 138 209 145 165 151 165 159 165 167 165 176 155 188 160 189 165 190 170 190 174 188 132 156 138 152 145 152 152 156 145 157 138 158 178 157 185 153 192 154 197 157 192 159 185 159 147 214 152 206 160 202 164 204 169 203 177 207 183 215 177 223 170 226 165 227 159 226 152 222 150 214 160 209 164 209 169 209 179 214 170 218 164 219 160 218
113 178 115 193 118 208 123 222 130 234 141 245 153 252 167 254 181 251 192 243 202 233 208 220 212 207 215 192 218 178 219 164 122 143 128 136 137 133 148 134 157 137 176 138 185 134 195 134 204 138 210 145 166 151 166 159 167 167 167 176 156 187 161 189 166 190 171 189 175 188 133 155 139 152 146 152 152 156 146 157 139 158 179 157 186 153 193 154 198 157 193 159 186 159 147 214 154 206 161 202 165 204 170 203 178 207 184 214 178 222 171 225 165 226 160 225 153 222 151 214 161 208 165 209 170 209 180 214 170 217 165 218 161 217
112 180 115 195 118 210 123 224 131 236 142 245 154 252 167 254 181 251 193 244 202 234 209 221 213 208 216 194 218 180 220 165 122 144 128 136 138 133 148 134 157 138 176 138 186 134 196 134 205 138 211 145 167 151 167 159 167 167 167 175 156 188 161 189 166 190 171 189 176 188 133 156 139 152 146 152 152 156 146 158 139 158 179 157 186 153 193 154 199 158 194 160 186 159 149 215 154 206 162 202 166 204 171 203 179 207 185 215 179 222 172 225 166 225 161 225 154 221 152 214 162 209 166 209 171 209 181 214 171 217 166 217 162 217
112 178 115 193 118 208 123 222 131 235 142 245 154 252 168 255 182 252 193 244 203 233 209 221 213 208 216 194 218 179 220 165 122 143 129 136 138 133 148 134 158 138 177 138 186 135 196 134 205 138 210 146 167 151 167 160 167 168 167 176 157 188 161 190 167 190 172 190 176 188 133 156 139 153 146 152 153 156 146 158 139 158 180 157 186 153 193 154 199 158 193 160 186 159 149 215 155 207 162 203 167 204 171 203 178 207 185 215 179 222 172 225 167 225 162 225 155 222 152 214 162 209 167 210 171 209 181 214 171 217 167 217 162 217
112 178 114 193 118 209 123 223 131 235 141 245 154 252 168 254 182 252 193 244 202 233 209 221 213 208 216 194 217 180 219 166 122 143 128 136 138 133 148 134 158 138 176 138 185 135 196 134 205 138 210 146 167 151 167 160 167 167 167 176 157 188 162 189 167 190 172 190 176 188 132 156 138 153 146 152 152 156 146 158 138 159 179 157 186 153 193 154 199 158 193 160 186 159 148 215 154 207 162 203 167 204 171 203 178 207 185 215 179 222 172 225 167 226 162 225 154 222 152 214 162 210 167 210 171 210 180 214 171 217 167 217 162 217
112 181 114 196 118 211 123 225 131 237 142 246 155 253 169 254 182 251 193 243 202 233 208 221 212 208 215 194 217 180 219 166 121 144 128 137 137 134 148 134 157 138 176 138 185 134 195 134 204 138 210 145 167 151 167 159 167 167 167 175 156 188 161 190 167 190 171 190 176 189 133 156 139 152 146 152 152 156 146 158 138 158 179 157 186 153 193 154 198 158 193 160 186 159 149 215 155 207 162 202 166 204 171 203 179 207 185 215 179 222 172 225 166 225 161 225 154 222 152 214 162 209 166 209 171 209 181 214 171 216 166 217 162 217
111 180 114 195 117 210 122 224 130 236 141 246 154 252 167 254 181 252 193 244 202 234 208 222 212 209 215 194 217 180 218 166 121 143 127 136 136 133 147 134 156 138 175 137 185 134 195 134 204 138 209 145 166 151 166 159 166 167 166 176 155 188 160 190 165 190 170 190 175 189 131 156 137 152 145 152 151 156 145 158 137 158 178 157 185 153 192 154 197 158 192 160 185 159 148 215 154 206 161 202 165 204 170 203 178 207 184 215 178 222 171 225 166 225 161 225 153 221 151 214 161 209 165 209 170 209 180 214 170 216 165 217 161 216
111 180 113 195 117 210 122 224 130 236 141 246 153 252 167 254 181 251 193 243 202 233 208 220 212 207 214 193 216 179 218 166 120 144 126 137 136 134 146 134 156 138 174 138 184 134 194 134 203 137 208 145 165 151 165 159 165 167 166 175 155 188 160 189 165 190 170 190 175 188 131 156 137 152 144 152 151 157 144 158 137 159 178 157 184 153 191 153 197 157 192 160 185 159 147 215 153 207 160 203 165 204 169 203 177 207 183 215 177 222 170 225 165 225 160 224 153 221 151 214 160 209 165 210 169 209 179 214 170 216 165 217 160 216
110 180 113 195 116 211 121 224 129 236 140 246 152 253 166 255 180 252 192 244 201 234 207 222 211 208 214 194 216 180 217 166 120 144 126 137 135 134 146 135 155 138 174 138 183 135 194 134 203 138 208 146 165 152 165 160 165 167 165 176 154 189 159 190 164 191 169 190 174 189 131 157 137 153 144 153 150 157 144 159 137 159 177 157 184 153 191 154 197 158 191 160 184 160 147 216 153 207 160 203 164 204 169 203 176 208 183 215 177 223 170 226 164 226 159 226 152 222 151 215 160 210 164 210 169 210 179 215 169 217 164 217 160 217
110 180 113 195 116 210 120 224 128 236 138 246 151 253 166 255 180 252 191 245 201 234 207 222 211 208 214 194 216 180 217 166 119 144 126 137 135 135 145 135 155 139 174 139 183 135 193 135 202 138 207 146 164 152 164 160 164 168 164 177 154 189 159 190 164 191 169 191 173 189 130 157 136 153 143 153 150 157 143 159 136 159 177 158 183 154 190 155 196 158 190 160 183 160 146 216 152 208 159 204 163 205 168 204 175 208 182 216 176 223 169 225 163 226 159 225 152 222 150 215 159 210 163 210 168 210 177 215 168 217 163 218 159 217
110 181 112 196 115 211 120 225 127 237 138 247 151 254 165 256 179 253 191 245 200 235 206 222 210 209 212 194 215 180 217 166 119 145 125 138 135 135 145 136 155 139 174 139 183 136 193 135 202 139 208 147 164 153 164 161 164 169 164 177 153 189 158 191 163 192 168 191 173 190 130 158 136 154 143 154 149 158 143 159 136 160 177 159 183 155 190 155 196 159 190 161 183 161 146 217 152 208 159 204 163 206 168 204 175 209 181 216 176 224 169 226 164 227 159 226 152 223 150 216 159 211 163 211 168 211 177 215 168 218 164 218 159 218
109 180 112 194 115 210 119 224 127 236 138 247 151 254 165 256 179 253 191 245 200 234 206 222 210 208 213 194 215 180 217 166 119 145 125 138 134 136 145 136 154 139 173 139 182 136 193 136 201 139 207 147 163 153 163 161 163 170 163 178 153 190 158 192 163 192 168 192 173 190 130 158 136 154 143 154 149 158 143 160 136 160 176 159 183 155 190 156 195 159 190 161 183 161 145 217 151 209 158 205 163 206 168 205 175 210 181 217 175 224 168 227 163 227 158 227 151 224 149 216 158 212 163 212 168 212 177 216 168 219 163 219 158 218
109 180 111 195 114 210 119 225 127 237 138 247 150 254 165 256 179 253 191 246 200 235 206 222 210 209 212 195 215 180 216 166 118 145 125 138 134 136 144 137 154 140 173 140 182 137 192 136 201 139 206 146 163 154 163 162 163 170 163 179 153 190 158 192 163 193 168 192 172 191 129 158 135 155 142 155 149 159 142 160 135 161 176 159 183 156 190 156 195 160 190 162 183 161 145 217 151 209 158 205 163 207 168 205 175 210 181 217 175 225 168 227 163 228 158 227 151 224 149 217 158 212 163 212 168 212 177 217 168 219 163 220 158 219
109 180 111 195 114 211 119 225 126 237 137 247 149 255 164 257 178 254 190 245 199 234 205 222 209 208 212 194 214 180 216 165 118 146 125 139 134 136 144 137 154 140 172 140 181 137 191 137 200 140 206 147 163 154 163 162 163 171 163 179 152 191 157 193 162 194 167 193 172 191 129 159 135 155 142 155 149 159 142 160 135 161 175 159 182 156 189 156 195 160 189 162 182 161 145 217 151 209 158 206 162 207 167 206 174 210 180 218 174 225 168 228 162 228 157 228 150 225 149 217 158 212 162 212 167 212 176 217 167 220 162 220 158 219
108 182 111 197 114 213 119 227 126 238 137 248 149 255 163 257 177 254 190 246 199 236 206 224 210 211 212 196 214 182 216 167 117 146 124 139 133 136 143 137 153 141 172 141 181 137 191 137 200 140 206 147 162 154 162 163 162 171 162 179 152 191 157 193 162 194 167 193 172 192 128 159 134 155 142 155 148 159 142 161 134 161 175 160 182 156 189 156 194 160 189 162 182 162 145 218 150 210 157 206 162 207 167 206 174 211 180 218 174 225 167 228 162 228 157 228 150 225 148 217 157 212 162 213 167 212 176 217 167 220 162 220 157 220
107 182 110 197 114 212 118 226 126 238 137 248 149 255 163 257 177 254 189 247 198 236 205 224 209 211 212 196 214 182 215 167 117 146 124 139 133 136 143 137 152 140 172 140 181 137 191 137 199 140 205 147 162 154 162 162 162 171 162 179 152 191 157 193 162 194 166 193 171 192 128 159 134 155 141 155 148 159 141 161 134 161 174 160 181 156 188 156 194 160 188 163 181 162 144 218 150 210 157 206 162 207 167 206 174 211 180 218 174 225 167 228 162 229 157 228 150 225 148 217 157 212 162 213 167 213 176 217 167 220 162 220 157 220
107 181 110 196 113 211 118 226 126 238 137 248 149 255 164 257 178 254 189 246 198 235 205 223 209 209 211 195 213 180 215 166 116 146 123 139 133 137 143 137 152 141 171 141 181 137 191 137 200 140 205 148 162 154 162 163 161 171 161 180 151 191 156 193 161 194 166 193 171 191 127 159 133 155 141 155 147 159 141 161 133 161 175 159 181 156 189 156 194 160 189 162 181 162 144 218 150 210 157 206 161 207 166 206 174 210 180 218 174 225 167 228 162 229 157 228 150 225 148 217 157 212 162 213 166 212 176 217 167 220 162 220 157 220
107 182 110 198 114 213 119 227 127 239 137 248 150 255 164 257 178 254 190 246 199 236 204 224 208 210 211 196 214 182 215 167 116 146 123 139 132 136 142 137 152 141 171 140 181 137 190 137 199 140 205 147 161 154 161 162 162 170 162 179 151 191 156 193 161 194 166 193 171 191 128 159 133 155 141 155 147 159 141 161 133 161 174 159 181 155 188 156 194 160 188 162 181 162 144 218 150 210 157 206 161 207 166 206 174 210 180 218 174 225 167 228 162 228 157 228 150 225 148 217 157 213 162 213 167 213 176 217 167 220 162 220 157 220
107 181 110 196 113 211 118 226 126 238 137 248 149 255 164 257 178 254 190 246 199 235 205 222 209 209 212 194 214 180 215 166 116 146 123 139 133 136 143 137 152 141 171 141 180 137 190 137 199 140 205 148 161 154 161 162 161 170 161 179 151 191 156 193 161 194 166 193 171 192 127 159 133 155 141 155 147 159 141 161 133 161 174 159 181 155 188 156 194 160 188 162 181 162 144 218 150 210 157 206 161 207 166 206 174 211 180 218 174 225 167 228 162 228 157 228 150 225 148 218 157 213 162 213 166 212 176 217 166 220 162 220 157 220
107 182 110 197 113 212 118 226 126 238 137 248 149 255 164 257 178 254 190 246 199 236 205 224 209 210 212 196 214 181 215 167 116 147 123 140 133 137 143 138 152 141 171 141 181 138 190 137 199 141 205 148 162 154 162 163 162 171 162 180 151 191 156 193 161 194 167 193 171 192 127 160 133 156 141 155 147 160 141 161 133 162 174 160 181 156 188 157 194 160 188 163 181 162 144 218 150 210 157 206 162 208 166 207 174 211 180 218 174 226 167 228 162 229 157 228 150 225 148 218 157 213 162 213 167 213 176 218 167 220 162 221 157 220
107 181 110 196 113 211 118 226 126 238 137 248 149 255 164 258 178 255 189 246 199 235 205 222 209 209 212 194 214 180 215 166 117 147 123 140 133 137 143 138 153 142 171 142 181 138 191 137 200 141 206 148 162 155 162 163 162 171 162 180 151 192 156 194 161 195 167 194 171 192 128 160 134 156 141 156 148 160 141 162 134 162 175 160 182 156 189 157 194 160 189 163 181 163 145 219 150 211 157 207 162 208 167 207 174 211 180 219 174 226 167 229 162 230 157 229 150 226 148 218 157 213 162 214 167 213 176 218 167 221 162 221 157 220
108 182 111 197 114 212 119 226 127 239 137 249 150 256 164 258 178 255 190 246 199 236 205 223 209 210 212 195 214 181 216 166 117 147 124 140 133 138 144 138 153 142 172 142 181 138 191 138 200 141 206 148 162 155 162 163 162 172 162 180 152 192 157 194 162 195 167 194 172 193 128 160 134 156 142 156 148 160 142 162 134 162 175 160 182 156 189 157 194 161 189 163 182 163 145 219 150 211 157 207 162 209 167 207 174 212 180 219 174 226 167 229 162 230 157 229 150 226 148 218 157 214 162 214 167 214 176 218 167 221 162 221 157 221
108 182 111 197 114 212 119 226 127 239 137 249 150 256 164 258 178 255 190 247 199 237 205 224 209 210 212 196 214 182 216 168 118 147 124 140 134 138 144 138 153 142 172 142 181 139 191 138 200 141 206 148 162 155 162 164 162 172 162 181 152 192 157 194 162 195 167 194 172 193 129 160 134 156 142 156 148 160 141 162 134 162 175 161 182 157 189 157 195 161 189 163 182 163 145 219 151 211 157 207 162 209 167 207 174 212 180 219 174 227 168 229 162 230 157 229 151 226 149 219 158 214 162 214 167 214 176 219 167 221 162 221 158 221
108 181 111 196 114 212 119 226 126 238 137 249 150 256 164 258 178 255 190 247 199 237 205 224 209 210 212 196 214 182 216 167 117 147 124 140 133 138 144 138 153 142 172 142 181 139 191 138 201 141 207 148 162 155 163 164 163 172 163 180 152 192 157 194 162 195 167 194 172 193 128 160 134 156 141 156 148 160 141 162 134 162 175 161 182 157 189 157 195 161 189 163 182 163 145 219 151 211 158 207 162 209 167 207 174 212 181 219 175 227 168 229 163 230 158 229 151 226 149 219 158 214 162 214 167 214 177 219 167 221 163 221 158 221
