124 166 126 183 128 200 134 216 144 230 156 242 170 250 185 253 200 250 211 241 220 229 227 216 232 203 236 188 239 174 241 159 142 135 151 129 162 127 174 129 184 133 203 135 213 132 223 132 231 136 235 144 193 147 193 156 193 165 194 175 179 186 184 188 190 190 196 189 200 188 154 149 161 147 168 147 175 150 168 152 161 152 203 154 210 151 218 152 223 155 217 157 210 156 167 212 175 205 184 202 189 204 194 203 200 208 205 215 200 222 193 224 187 225 182 223 174 220 172 212 183 209 188 210 193 210 201 214 193 215 188 215 183 214
123 165 125 183 128 200 133 217 143 230 155 241 169 250 185 253 199 250 210 242 219 230 226 216 231 203 235 188 237 173 240 158 142 134 151 129 162 127 174 129 184 133 203 135 213 132 222 132 231 136 235 143 193 147 193 156 194 165 194 175 179 186 185 188 190 189 196 189 200 188 153 149 161 147 168 147 175 151 168 152 160 152 203 154 211 151 218 152 223 155 217 157 210 156 168 212 176 205 184 202 189 204 194 203 200 208 206 215 200 222 193 225 188 225 182 224 174 220 172 212 184 209 189 210 193 210 201 214 193 216 188 216 183 215
124 166 126 183 128 200 134 217 143 230 155 241 169 250 184 253 199 250 210 242 219 230 226 216 231 203 234 188 237 173 239 159 142 134 151 129 162 127 174 129 184 133 203 135 212 132 222 132 231 135 235 143 193 147 193 156 193 165 194 175 179 186 184 188 190 190 196 189 200 188 153 149 161 146 168 146 175 150 168 152 160 152 203 153 211 151 218 152 223 155 217 157 210 156 168 212 176 205 184 202 189 204 194 203 200 208 205 215 199 223 193 225 187 225 182 224 174 220 172 212 183 209 188 210 193 210 201 214 193 215 188 216 183 215
124 167 126 185 128 202 134 217 143 231 155 242 169 250 184 253 199 250 210 242 219 230 226 218 231 205 235 190 238 175 240 161 142 135 151 129 162 127 173 128 183 133 203 135 212 132 222 132 231 135 235 143 193 147 193 156 193 165 193 175 178 186 184 188 190 189 195 189 200 187 153 148 160 146 168 146 175 150 168 152 160 152 203 153 211 150 218 151 223 155 217 157 210 156 167 212 175 205 183 202 188 204 193 203 200 208 205 215 199 222 192 225 187 225 182 224 174 220 171 212 183 209 188 210 193 210 201 214 193 215 188 216 183 215
123 166 125 184 128 202 134 218 143 231 155 242 169 250 184 253 199 251 210 242 220 231 227 218 233 205 238 190 241 175 243 160 142 134 151 128 162 127 173 128 183 133 203 134 212 132 222 132 231 135 235 143 193 147 193 156 193 165 193 175 178 185 184 188 190 189 195 189 200 187 153 148 160 145 168 145 175 149 168 151 160 151 203 153 211 149 218 150 223 154 217 156 210 155 167 212 175 205 183 202 188 203 193 203 200 208 205 215 199 222 192 225 187 225 181 224 174 220 171 212 183 209 188 209 192 210 201 214 192 215 187 215 182 215
123 166 125 184 128 201 134 217 143 231 156 242 169 250 185 253 199 250 210 241 219 229 226 216 231 202 235 187 238 172 240 157 142 134 150 128 162 126 173 128 183 133 202 134 212 132 222 131 230 135 235 143 193 147 193 156 193 165 193 174 179 185 184 187 190 189 195 189 200 187 153 147 160 145 168 145 175 149 168 151 160 151 203 153 210 149 218 150 223 154 217 156 210 155 167 212 175 205 184 201 188 204 193 202 200 207 205 215 200 222 193 224 188 225 182 224 174 220 171 212 183 209 188 209 193 209 201 214 193 215 188 215 183 215
123 167 125 184 128 201 134 217 143 231 155 242 169 250 184 253 199 251 211 242 220 231 228 218 233 204 237 190 240 175 242 160 142 134 151 128 162 126 173 128 184 132 203 134 212 132 222 131 230 135 235 143 193 146 193 156 193 165 193 174 178 185 184 187 190 189 195 188 200 187 153 148 160 145 168 145 175 150 168 151 160 151 203 153 211 149 218 150 223 154 217 156 210 155 167 212 175 205 183 201 188 203 193 202 200 207 205 215 200 222 193 225 187 225 182 224 174 220 171 212 183 209 188 209 193 209 201 214 193 215 188 215 183 215
123 166 126 184 128 201 134 218 144 231 156 242 169 250 185 253 199 251 210 242 219 230 225 216 230 202 234 188 237 173 239 158 142 134 151 128 162 126 174 128 184 133 202 134 212 132 222 131 230 135 235 143 193 146 193 156 193 165 193 174 179 185 184 187 190 189 195 188 200 187 153 148 161 145 168 145 175 149 168 151 160 150 203 152 210 149 218 150 223 154 217 156 210 155 167 212 175 205 183 202 188 204 193 203 200 207 205 215 200 222 193 225 187 225 182 224 174 220 171 212 183 209 188 209 193 209 201 214 193 216 188 216 183 215
124 166 126 184 128 201 134 217 144 231 155 242 169 251 184 253 198 251 210 242 219 230 226 217 231 203 235 188 238 173 240 158 142 134 151 128 162 126 173 128 184 132 203 134 212 131 222 131 230 135 235 142 193 147 193 156 193 165 193 174 178 185 184 187 190 189 195 189 200 187 153 148 161 145 168 145 175 150 168 151 160 151 203 153 210 149 218 150 223 154 217 156 210 155 167 212 175 205 183 201 188 203 193 202 200 208 205 215 199 223 193 226 187 226 181 225 174 221 171 212 183 209 188 209 193 209 201 215 193 216 187 216 182 216
123 167 126 184 128 202 134 218 144 231 156 243 169 251 184 254 198 251 210 242 218 231 225 217 231 204 234 189 237 174 239 159 142 134 151 128 162 126 173 128 184 133 202 134 212 132 222 131 230 135 235 143 193 147 193 156 193 165 193 174 178 185 184 187 190 189 195 189 200 187 153 148 160 145 168 145 175 150 168 151 160 151 203 153 210 149 218 150 223 154 217 156 210 155 167 213 175 205 183 201 188 203 193 202 200 207 204 215 199 223 192 226 187 226 181 225 174 221 171 212 183 209 188 209 193 209 200 215 192 216 188 217 183 216
124 167 126 184 128 201 134 217 143 231 155 243 168 251 184 254 198 252 210 243 220 232 227 219 233 205 237 191 240 176 242 161 142 134 151 128 162 126 173 128 184 132 203 134 213 131 222 131 230 135 235 143 193 146 193 156 193 165 193 174 178 185 184 187 190 189 195 189 200 187 153 147 161 144 168 144 175 150 168 151 160 150 203 153 210 149 218 150 223 154 217 156 210 155 167 213 175 205 183 201 188 203 193 202 200 208 204 215 199 223 192 226 187 226 181 225 174 221 171 212 183 209 188 209 193 210 200 215 193 216 187 216 183 216
123 166 125 183 128 200 133 216 142 230 154 241 168 250 184 253 198 251 210 242 219 230 226 216 231 203 235 188 237 173 239 158 142 134 151 128 162 126 173 128 184 132 203 134 213 132 222 132 231 135 235 143 193 146 193 156 193 164 193 174 179 185 184 187 190 189 195 189 200 187 153 147 161 144 168 144 175 149 168 150 160 150 203 152 210 149 218 150 223 154 217 156 210 155 167 212 175 205 184 202 189 204 193 203 200 208 205 215 199 222 193 224 187 224 182 223 174 220 172 212 183 209 188 210 193 210 201 214 193 214 188 215 183 214
124 165 126 183 128 200 133 216 142 230 154 241 168 249 184 252 198 250 210 241 218 230 224 216 229 203 233 188 236 174 238 159 142 134 151 128 162 126 174 128 184 133 203 134 213 131 223 131 231 135 235 143 193 146 193 155 194 164 194 174 179 185 185 187 190 189 196 189 200 187 153 147 161 144 169 144 175 149 168 151 160 150 203 152 211 149 218 150 223 154 217 156 210 155 167 211 176 206 184 203 189 205 193 204 199 208 204 215 199 220 193 222 188 222 183 221 175 218 171 212 184 211 188 211 193 211 200 214 193 212 188 212 184 212
124 166 126 183 128 201 133 217 142 230 154 241 168 249 184 252 198 249 210 240 218 229 225 216 229 202 233 188 235 174 238 159 142 134 151 128 162 126 173 127 184 132 204 134 213 131 223 131 231 135 235 142 193 146 193 155 193 164 194 174 179 185 185 187 190 189 195 189 200 187 153 147 161 144 169 144 175 149 168 151 160 150 203 152 210 149 218 150 223 154 217 156 210 155 167 211 176 206 184 203 189 205 193 204 199 208 204 214 199 220 193 221 188 222 183 221 175 218 172 211 184 210 188 211 193 211 200 214 193 212 188 212 184 212
124 165 126 183 129 200 134 216 143 230 154 241 168 249 184 252 199 250 210 241 219 229 225 216 229 202 233 188 236 173 238 159 142 133 151 128 162 126 173 127 184 132 203 134 213 131 222 131 231 135 235 142 193 146 193 155 194 164 194 174 179 185 185 187 190 189 196 188 200 187 153 147 161 144 168 144 175 149 168 150 160 150 203 152 211 148 218 150 223 154 218 156 210 155 168 212 176 206 184 203 189 205 194 203 200 208 204 215 199 221 193 223 188 224 183 222 175 219 172 212 184 210 189 211 193 211 200 214 193 213 188 214 184 213
124 165 126 182 129 200 134 216 144 230 156 242 170 250 185 253 199 250 211 241 220 229 227 216 231 202 235 187 238 173 240 158 142 134 151 127 163 125 175 127 185 132 203 134 213 131 223 131 231 135 236 142 194 146 194 155 194 164 194 173 180 185 185 187 191 189 196 188 201 187 153 147 161 144 169 144 176 149 168 150 160 150 203 152 211 148 218 149 224 153 218 156 210 155 167 212 176 205 184 202 189 204 194 203 200 208 205 215 200 223 193 227 188 227 182 226 174 222 171 212 184 210 189 210 193 210 201 214 193 217 188 217 184 216
124 165 126 183 129 200 135 217 144 231 156 243 170 251 185 254 199 252 211 242 220 230 227 217 232 203 236 188 238 173 240 158 142 134 151 128 162 126 174 127 185 132 204 134 213 131 223 131 231 135 236 142 194 146 194 155 194 164 194 174 179 185 185 187 191 189 196 188 201 187 154 147 161 144 169 144 176 149 169 151 161 150 204 152 211 148 219 150 224 154 218 156 211 155 167 213 175 205 185 202 189 204 194 203 201 208 206 215 201 225 194 229 188 229 183 228 174 223 171 212 184 209 189 209 194 210 201 215 194 219 189 219 184 219
124 166 126 184 129 201 134 217 144 231 156 243 170 251 185 254 199 251 211 242 220 231 226 217 232 204 236 189 238 174 241 159 142 134 151 128 163 126 175 128 185 132 203 134 213 131 223 131 231 135 236 143 194 146 194 155 194 164 194 174 179 185 185 187 191 189 196 188 201 187 154 147 161 144 169 144 176 149 169 150 161 150 204 152 211 148 219 150 224 154 218 156 211 155 167 213 175 205 184 201 189 203 194 202 201 208 205 215 201 225 194 229 188 230 182 229 174 224 171 213 184 209 189 209 194 209 201 215 194 220 188 220 183 219
123 166 126 184 129 202 134 218 144 231 156 243 170 251 185 254 199 252 211 243 220 231 228 218 233 204 237 190 240 175 242 160 143 134 152 128 163 126 175 128 185 132 204 134 213 131 223 131 232 135 236 143 194 146 194 155 194 164 195 174 180 185 185 187 191 188 196 188 201 187 154 147 161 144 169 144 176 149 169 150 161 150 204 152 211 149 219 150 224 154 218 156 211 155 167 212 175 205 184 201 189 203 194 202 201 207 205 216 200 225 194 229 188 229 182 228 174 223 171 212 184 208 189 209 194 209 201 215 194 219 188 220 183 219
123 166 125 183 128 201 134 217 143 231 155 243 169 251 184 254 198 251 210 243 220 231 227 218 233 205 238 190 241 175 243 160 143 134 152 128 163 126 175 128 185 132 204 134 213 131 223 131 232 135 236 142 194 146 194 155 194 165 194 174 179 185 185 187 191 189 196 188 201 187 154 147 161 144 169 144 176 149 169 151 161 150 204 152 211 148 219 150 224 154 218 156 211 155 167 212 175 205 184 201 189 203 194 202 201 207 205 215 200 223 193 227 187 227 182 226 174 222 171 212 183 208 188 209 193 209 200 215 193 217 188 218 183 217
123 166 126 183 128 201 133 217 142 231 154 242 167 250 183 253 198 251 210 243 220 232 228 219 233 206 238 191 241 176 243 161 143 133 152 128 163 126 175 128 185 132 204 134 213 131 223 131 232 135 236 142 194 146 194 155 194 164 194 174 179 185 185 187 191 189 196 188 201 187 154 147 161 144 169 144 176 149 169 150 161 150 204 152 211 148 219 150 224 154 218 156 211 155 167 211 175 204 184 201 188 203 194 202 200 207 205 215 199 222 193 224 187 224 181 223 174 219 171 211 183 208 188 209 193 209 201 214 193 215 188 215 183 214
123 165 125 182 127 199 132 216 141 229 152 241 167 249 182 252 197 250 209 242 218 231 224 218 229 204 233 189 235 175 238 160 143 134 152 128 163 126 175 128 185 132 204 134 213 131 223 131 232 135 236 143 194 146 194 155 194 164 194 174 180 185 185 187 191 188 196 188 200 187 153 147 161 144 169 144 176 149 168 150 160 150 204 152 211 149 219 150 224 154 218 156 211 155 167 210 176 204 184 201 189 203 193 203 199 207 204 215 198 220 192 221 187 221 181 220 174 217 171 210 183 209 188 210 193 210 200 214 192 212 188 212 183 211
124 165 126 183 128 200 133 216 142 230 154 241 168 249 183 252 198 250 210 242 219 231 226 218 231 204 235 189 238 175 240 160 142 133 151 128 163 126 175 128 185 132 203 134 213 131 223 131 231 135 236 142 194 146 194 155 194 164 194 174 179 185 185 187 190 189 196 188 200 187 154 147 161 144 169 144 176 149 169 150 160 150 204 152 211 148 219 150 224 154 218 156 211 155 168 211 176 205 184 202 189 204 193 203 199 208 204 215 198 220 192 222 187 222 182 220 175 217 172 210 183 209 188 210 193 210 200 214 192 212 188 212 183 211
123 165 126 182 128 200 133 216 142 230 154 241 168 249 183 253 198 251 210 243 220 232 227 219 233 205 237 190 241 175 243 160 143 133 152 128 163 126 174 128 185 132 203 134 213 131 223 131 231 135 236 142 193 146 193 155 193 164 194 174 179 185 185 187 190 189 196 189 200 187 154 147 161 144 169 144 176 149 168 151 160 150 204 152 211 148 218 150 224 154 218 156 210 155 170 212 177 206 185 203 189 205 193 203 199 208 203 216 198 222 192 224 188 224 183 223 176 219 174 212 184 210 188 211 193 211 200 215 193 214 188 214 184 213
124 166 126 183 129 201 134 217 143 231 155 243 168 252 183 255 198 252 210 244 219 232 226 219 232 206 237 191 240 176 242 161 143 134 152 128 163 126 175 128 185 132 203 134 213 131 223 131 231 135 236 142 194 147 194 156 194 165 194 174 179 185 185 187 191 189 196 189 200 187 154 147 161 144 169 144 176 150 169 151 161 150 204 153 211 149 218 150 224 154 218 156 210 155 169 213 176 206 185 202 189 204 193 203 200 208 204 217 199 225 193 228 187 228 182 227 175 223 173 213 184 210 188 210 193 211 200 216 193 218 188 218 184 217
123 167 125 185 128 202 135 219 144 233 156 245 169 253 184 257 198 254 209 245 218 233 225 220 231 206 236 191 239 176 241 160 142 134 151 128 163 126 175 128 185 132 203 134 213 131 223 131 231 135 236 142 194 147 194 156 194 164 194 174 180 185 185 187 191 189 196 189 201 187 154 147 161 144 169 144 176 149 169 151 161 151 204 153 211 149 218 150 223 154 218 156 210 155 168 214 175 206 184 202 189 204 194 203 200 208 203 218 199 228 193 232 187 232 182 231 174 226 172 214 184 210 188 210 193 210 199 217 193 222 188 222 183 221
124 166 126 184 129 201 134 218 143 232 156 244 169 253 184 257 199 254 210 245 220 233 227 219 233 205 237 190 240 175 243 159 143 134 152 128 163 126 174 128 185 132 203 135 213 132 223 132 231 135 236 143 193 147 193 156 194 165 194 175 179 185 185 187 190 189 196 189 201 187 154 147 161 144 169 144 176 150 168 151 160 151 204 153 211 149 219 150 224 154 218 156 211 155 168 214 175 206 184 202 189 204 194 203 200 208 204 217 200 228 193 232 187 233 182 231 173 226 172 214 183 209 188 210 193 210 200 217 193 222 188 222 183 221
123 166 126 184 128 202 134 219 144 232 156 244 170 253 185 256 199 253 210 244 219 232 227 219 232 205 237 191 240 176 243 160 143 134 152 128 163 126 175 128 185 133 203 135 213 132 223 132 231 135 236 143 194 147 194 156 194 165 194 174 179 185 185 187 191 189 196 189 201 187 154 147 161 144 169 144 176 150 169 151 161 150 204 153 211 149 218 150 223 154 218 156 210 155 167 213 175 205 184 202 189 203 194 202 200 208 204 217 200 227 193 231 187 232 182 231 173 225 171 213 184 209 188 209 193 210 200 216 193 221 188 221 183 221
124 166 126 184 129 201 134 218 144 232 156 243 169 252 185 255 199 252 210 243 219 232 226 218 231 205 235 190 238 175 241 160 142 135 151 128 163 126 175 128 185 133 203 135 213 131 223 132 231 135 236 143 194 147 194 156 194 165 194 174 179 185 185 187 191 189 196 189 201 187 154 147 161 144 169 144 176 150 169 151 160 151 203 153 211 149 218 150 223 154 218 156 210 155 168 213 175 205 184 201 189 203 194 202 201 207 205 216 200 225 193 229 188 230 182 229 174 224 171 213 184 209 189 209 194 209 200 215 193 219 188 220 183 219
124 165 126 183 129 200 134 216 143 230 155 242 169 250 184 253 198 251 210 242 218 230 225 217 230 204 234 189 237 174 239 159 143 134 152 128 163 126 175 128 185 133 203 134 213 131 223 131 231 135 236 143 194 146 194 155 194 165 194 174 179 185 185 187 191 189 196 188 201 187 154 147 161 144 169 144 176 149 169 150 161 150 204 152 211 148 218 150 223 154 218 156 210 155 168 211 176 205 185 202 189 204 194 203 200 208 205 215 200 222 193 225 188 225 183 224 175 220 172 211 184 209 189 210 193 210 201 214 193 215 188 216 184 215
124 166 126 183 128 201 133 217 142 230 154 241 168 249 184 252 199 250 211 242 220 230 226 218 231 204 235 190 238 175 240 161 143 134 152 128 163 126 175 128 185 133 203 134 213 131 223 131 231 135 236 143 194 146 194 155 194 164 194 174 180 185 185 187 191 189 196 189 201 187 154 147 161 144 169 144 176 149 168 151 161 150 203 152 211 149 218 150 223 154 218 156 210 155 168 211 176 205 185 202 189 204 194 203 200 208 205 214 199 220 193 221 188 222 183 221 175 217 172 211 184 210 189 211 194 211 201 214 193 212 189 212 184 211
124 165 126 183 128 200 133 216 142 230 154 241 169 249 185 252 200 250 212 241 220 230 227 217 232 203 235 189 238 174 240 160 142 135 151 128 162 126 174 128 185 132 203 134 213 131 223 131 232 135 236 143 194 146 194 155 194 165 194 174 180 185 185 187 191 189 196 189 201 187 154 147 161 144 169 144 176 149 169 150 161 150 204 152 211 149 218 150 223 154 218 156 211 155 168 211 177 205 185 202 190 205 194 203 200 208 205 214 200 219 194 221 188 222 183 220 176 217 172 211 184 210 189 211 194 211 201 213 194 212 189 212 184 211
124 166 126 183 129 200 134 216 143 230 155 241 170 249 185 252 200 250 212 241 222 230 229 217 233 204 237 190 240 175 242 160 143 134 152 128 163 126 175 128 185 133 204 134 213 131 223 131 232 135 236 143 194 146 194 155 195 164 195 174 180 185 186 187 191 189 197 189 201 187 154 147 161 144 169 144 176 149 169 151 161 150 204 152 211 149 219 150 224 154 219 156 211 155 168 211 177 206 186 203 190 205 195 204 201 208 206 214 200 220 194 223 189 223 184 222 176 218 172 211 185 211 190 211 194 211 202 214 194 213 189 213 185 212
124 166 126 183 129 201 134 217 144 230 155 242 169 250 185 253 199 251 210 242 219 231 226 218 232 205 236 190 238 175 240 161 143 134 152 128 163 126 175 128 186 133 204 134 213 131 223 131 232 135 236 143 194 146 195 156 195 165 195 174 180 185 186 187 192 189 197 189 201 187 155 148 162 145 170 145 176 150 169 151 161 151 204 153 211 149 219 151 224 155 218 156 211 155 168 212 177 206 185 203 190 204 194 203 201 208 206 215 200 223 194 226 189 226 183 225 176 221 173 212 185 210 189 211 194 211 202 214 194 216 189 216 185 215
125 166 127 183 129 201 135 217 144 231 156 242 170 251 186 254 200 252 212 243 222 231 229 218 234 205 239 190 241 175 244 160 144 134 153 128 164 126 175 128 185 133 204 134 214 131 223 131 232 135 236 143 194 147 194 156 195 165 195 174 180 185 186 187 192 189 197 189 202 187 155 148 162 146 170 147 176 150 169 152 162 151 204 153 211 151 219 152 224 155 218 157 211 156 169 212 177 205 185 202 190 204 195 203 202 208 206 215 201 224 195 227 189 228 183 226 175 222 173 212 185 208 190 209 195 209 202 214 195 218 189 218 184 217
124 167 127 185 129 202 134 218 144 231 156 242 170 250 186 253 200 251 211 242 219 230 225 217 230 204 233 189 236 175 239 160 143 135 152 128 163 126 175 128 185 133 204 134 214 131 224 131 232 135 236 143 195 147 195 156 195 165 196 175 180 185 186 188 192 190 197 189 202 188 154 149 162 147 170 147 177 151 169 152 161 152 204 154 211 151 219 152 224 156 218 158 211 157 168 212 177 205 186 202 190 204 195 203 202 208 206 215 201 223 195 226 189 226 183 225 176 220 173 211 185 209 190 209 195 210 202 214 195 216 190 217 185 216
124 164 127 182 129 200 134 216 143 230 156 241 170 249 186 252 201 249 213 240 222 229 228 215 232 202 236 187 238 172 240 158 144 134 153 128 164 126 176 128 186 133 205 135 214 132 224 131 233 135 237 143 195 147 195 156 196 165 196 175 180 185 186 187 192 189 198 189 202 187 154 148 162 146 169 147 177 150 169 151 162 151 205 153 212 151 219 152 224 155 218 157 211 156 168 210 177 205 186 202 190 204 195 203 202 208 208 214 201 220 195 222 189 222 184 221 176 217 172 210 185 209 190 210 195 210 203 213 195 213 190 213 185 212
125 166 127 183 129 201 133 217 142 231 155 241 170 249 186 251 202 249 214 241 223 230 229 217 234 204 237 189 240 175 242 160 144 134 153 128 164 126 176 128 186 133 205 135 214 132 224 131 232 135 237 143 195 146 195 155 196 165 196 174 181 185 186 187 192 189 197 189 202 187 154 148 162 146 170 146 176 150 169 151 162 151 205 153 212 150 219 151 224 155 219 157 212 155 168 210 177 204 186 201 190 203 195 202 202 207 207 214 201 219 195 221 189 221 184 220 176 217 173 210 185 209 190 209 195 210 203 213 195 212 190 212 185 211
124 166 126 183 128 201 133 217 143 230 155 241 169 249 186 252 201 250 213 241 222 230 228 217 233 204 236 190 239 175 240 160 144 134 153 128 164 126 176 128 187 133 205 134 214 131 224 131 233 135 237 143 195 146 195 155 195 165 196 174 181 185 186 187 192 189 197 188 202 187 155 148 162 145 170 145 177 150 170 151 162 151 205 153 212 150 219 151 224 155 218 157 211 156 168 211 177 204 186 201 190 203 195 202 202 207 207 214 201 220 195 222 189 222 183 221 176 218 173 211 185 209 190 209 195 210 203 213 195 213 190 213 185 212
124 166 126 184 128 201 134 217 143 231 155 242 169 250 185 253 200 251 211 242 220 231 227 219 231 205 235 190 238 175 240 161 143 134 152 128 164 126 175 128 186 132 204 134 214 131 224 131 232 135 237 143 195 146 195 156 195 165 195 175 180 185 186 187 192 189 197 189 202 187 155 148 162 145 170 145 177 149 169 151 161 151 204 153 212 149 219 151 224 155 218 156 211 155 169 212 177 205 185 201 190 203 195 202 201 207 206 215 201 222 194 224 189 225 183 223 175 220 173 212 185 209 190 210 194 210 202 215 194 215 189 215 184 214
124 166 126 184 129 201 134 217 144 231 156 242 170 251 186 253 200 251 211 242 221 231 228 219 233 205 237 190 240 175 242 160 143 134 152 128 164 126 175 128 186 132 204 134 214 131 224 131 232 135 236 143 195 146 195 156 195 165 195 174 180 185 186 187 192 189 197 188 202 187 154 147 162 145 170 145 176 149 169 151 161 151 204 153 212 149 219 150 224 154 218 156 211 155 168 212 176 205 185 201 190 203 195 202 201 208 206 216 201 223 194 226 188 226 183 225 175 221 173 212 184 209 189 209 194 209 202 215 194 216 189 216 184 215
124 165 126 183 129 201 134 217 144 231 156 242 170 251 186 253 200 251 211 242 220 231 227 217 232 204 236 189 239 175 241 160 143 134 152 128 163 126 175 128 186 132 204 134 214 131 223 131 232 135 236 143 194 146 195 155 195 165 195 174 180 185 186 187 191 189 197 188 201 187 154 147 162 145 169 145 176 149 169 151 161 151 204 152 212 149 219 150 224 154 218 156 211 155 168 213 176 205 185 201 189 203 195 202 201 208 205 216 201 224 194 227 188 227 183 226 175 222 172 212 184 209 189 210 194 210 201 215 194 216 189 217 184 216
124 167 126 184 129 202 134 217 143 231 156 242 170 250 185 253 199 250 211 242 219 230 226 217 231 203 234 189 237 174 239 160 143 134 152 128 163 126 175 128 185 132 204 134 213 131 223 131 232 135 236 143 194 146 195 156 195 165 195 174 180 185 186 187 192 189 197 189 201 187 154 147 162 145 169 145 176 149 169 151 161 150 204 153 211 149 219 150 224 154 218 156 211 155 168 213 177 206 185 202 190 204 195 203 201 208 205 216 200 223 193 225 188 226 183 225 175 221 173 212 184 210 189 210 194 211 201 215 194 215 189 216 184 215
124 166 126 183 128 201 134 217 143 230 155 241 169 249 185 252 199 249 211 241 220 230 226 217 231 204 235 189 238 174 240 160 143 133 152 127 163 126 175 128 186 133 204 134 213 131 223 131 232 135 236 142 194 146 194 155 195 165 195 174 180 186 186 188 192 190 196 189 201 188 154 147 162 145 169 145 176 149 169 151 161 150 204 152 211 149 218 150 224 154 218 156 211 155 168 212 177 207 185 203 190 205 195 204 201 209 205 215 200 221 194 223 189 224 183 223 175 219 172 212 185 211 190 212 194 212 201 215 194 213 189 214 185 213
124 166 126 183 129 201 134 217 143 230 155 241 169 249 185 252 199 249 211 241 219 229 225 216 230 203 234 188 237 174 239 159 143 134 152 128 163 126 175 128 185 133 204 134 213 131 223 131 232 135 236 143 194 146 195 156 195 165 195 174 180 186 186 188 192 189 197 189 201 188 154 147 162 145 169 145 176 149 169 151 161 150 204 152 211 149 219 150 224 154 218 156 211 155 168 212 177 207 186 203 190 205 195 204 201 209 205 215 200 221 194 223 189 224 183 223 175 219 172 212 185 211 190 212 194 212 201 214 194 213 189 214 185 213
124 165 126 182 129 200 134 216 143 229 155 241 170 249 185 252 199 249 211 240 219 229 225 216 230 203 234 189 237 174 239 160 143 134 152 128 163 126 175 127 185 132 204 134 214 131 224 131 232 135 237 143 194 146 194 155 195 165 195 174 180 186 186 188 192 190 197 189 201 188 155 147 162 145 170 145 176 149 169 151 161 151 204 152 211 149 219 150 224 154 218 156 211 155 167 211 176 207 185 204 190 206 195 205 201 209 206 214 200 221 194 223 189 224 183 223 175 219 171 212 185 211 190 212 194 212 202 214 194 213 189 214 185 213
124 165 126 183 129 200 135 216 144 230 156 241 170 250 185 253 199 250 211 241 219 230 227 217 232 203 235 189 238 174 240 160 143 134 152 128 163 126 175 128 185 132 204 134 214 131 224 131 232 135 236 143 194 146 195 156 195 165 195 174 180 186 186 188 192 189 197 189 201 187 154 147 162 145 169 145 176 149 169 151 161 151 204 153 212 149 219 150 224 154 219 156 211 155 167 212 176 206 185 203 189 205 194 204 201 209 206 215 201 222 194 226 188 226 183 225 175 221 172 212 184 210 189 211 194 211 202 214 194 216 189 216 184 215
124 165 126 183 129 200 135 216 144 230 156 241 170 250 186 253 200 250 211 241 220 229 227 216 232 202 236 187 239 173 241 158 143 134 152 128 163 126 175 128 185 132 204 134 214 131 224 131 232 135 236 143 195 147 195 156 195 165 195 175 180 185 186 188 192 189 197 189 202 188 154 147 162 145 170 145 176 150 169 151 161 151 204 153 212 149 219 151 224 154 218 156 211 155 168 212 176 206 185 202 190 204 195 203 201 208 206 215 201 224 194 228 188 228 183 227 175 222 172 212 185 209 189 209 194 210 202 215 194 218 189 219 184 218
124 166 127 183 129 201 135 217 144 230 157 241 170 250 185 253 199 250 211 241 220 230 227 217 232 203 236 188 239 173 241 158 143 135 152 128 163 126 175 128 185 133 204 134 214 131 224 131 232 135 237 143 194 147 195 156 195 165 195 175 180 185 186 188 192 190 197 189 202 188 154 148 162 145 170 145 176 150 169 151 161 151 204 153 212 149 219 151 224 155 219 157 211 156 168 212 176 205 185 202 190 204 195 203 202 208 206 215 201 225 194 229 189 229 183 228 175 223 172 212 185 209 190 209 195 209 202 215 195 219 189 219 184 219
124 167 126 184 129 202 135 218 145 231 157 242 171 250 186 253 200 251 211 242 221 230 228 217 234 204 238 189 241 174 243 159 143 135 152 129 164 127 175 129 186 133 204 135 214 132 224 132 232 136 237 143 195 148 195 157 195 165 195 175 180 186 186 188 192 190 197 189 202 188 154 149 162 146 170 146 176 151 169 152 161 152 205 154 212 150 219 151 224 155 219 157 212 156 168 213 176 206 185 202 190 204 195 203 202 208 206 216 201 225 194 229 188 229 183 228 175 223 172 213 185 209 189 210 194 210 202 215 194 219 189 219 184 219
124 166 127 184 129 202 135 218 145 231 157 243 170 251 185 254 199 251 211 242 220 230 227 218 233 204 237 190 240 175 242 160 144 135 153 129 164 127 176 129 186 134 205 136 214 133 224 132 233 136 237 143 195 148 195 157 195 166 195 175 180 186 186 189 192 190 197 190 202 188 155 149 162 146 170 146 177 151 170 152 162 152 205 154 212 150 219 151 224 155 219 157 211 156 168 213 176 206 185 202 190 204 195 203 202 208 206 216 201 224 194 228 188 229 183 228 175 223 172 213 185 209 190 210 195 210 202 215 194 219 189 219 184 218
124 166 126 184 129 202 135 218 144 232 157 243 171 251 186 254 200 251 212 242 221 231 229 218 235 204 239 189 242 174 244 159 144 135 153 129 165 127 176 129 186 134 205 136 214 133 224 132 233 136 237 143 195 148 195 158 195 167 195 176 180 187 186 189 192 191 197 190 202 189 155 149 162 146 170 146 177 151 170 153 162 152 205 154 212 150 219 151 225 155 219 158 212 157 168 213 176 206 185 203 190 204 195 204 202 208 207 216 201 224 194 227 189 228 183 227 175 223 172 213 185 210 190 210 195 210 202 215 194 217 189 218 184 217
125 166 127 184 129 202 135 218 144 231 156 243 170 251 185 254 199 252 211 243 220 231 228 218 233 204 237 189 240 174 242 160 144 135 153 130 165 128 176 130 186 134 205 136 215 133 225 133 233 136 237 144 195 148 195 158 195 167 195 177 181 187 186 189 192 191 197 190 202 189 155 149 163 146 170 147 177 151 170 152 162 152 205 154 212 151 220 152 225 156 219 158 212 157 168 212 176 206 185 203 190 205 195 204 201 209 206 216 200 223 194 226 188 227 183 225 175 221 172 212 185 210 189 210 194 211 202 215 194 217 189 217 184 216
125 166 127 184 129 201 134 217 144 231 156 242 169 250 185 253 199 251 211 242 219 230 226 217 231 203 234 189 237 174 240 160 144 135 153 129 164 128 176 130 186 135 205 136 214 133 224 133 233 137 237 144 195 148 195 157 195 167 195 177 180 187 186 189 192 191 197 190 202 189 155 149 162 146 170 146 177 151 170 152 162 152 205 154 212 151 220 152 225 156 219 158 212 157 167 212 176 206 185 203 190 205 195 204 201 209 206 216 200 223 194 226 188 226 183 225 175 221 172 212 184 210 189 211 194 211 202 215 194 216 189 217 184 216
125 165 127 183 129 201 135 217 144 231 155 242 169 250 184 253 198 251 210 243 219 231 225 218 230 205 234 190 237 175 240 160 144 135 153 129 164 128 176 130 186 135 204 136 214 133 224 133 233 137 237 145 195 148 195 157 195 167 195 176 180 187 185 189 191 191 197 190 202 189 154 149 162 146 169 146 177 151 169 152 161 152 204 154 212 151 219 152 225 156 219 158 211 157 167 212 176 206 184 203 189 205 195 204 202 209 206 216 201 223 194 226 188 226 182 225 174 220 171 212 184 209 189 210 194 211 203 215 194 217 189 217 184 216
125 166 127 184 129 201 135 217 144 230 155 242 169 250 184 253 198 251 209 243 218 231 225 218 230 205 233 190 236 176 239 161 143 135 153 130 164 128 176 130 186 134 204 136 214 133 224 133 233 136 237 144 194 148 195 157 195 166 195 176 180 187 185 189 191 191 197 190 201 189 154 149 162 146 169 146 177 151 169 152 161 152 204 154 212 151 219 152 224 156 219 158 211 157 167 212 176 206 185 203 190 205 195 204 201 209 206 216 200 223 194 226 188 226 182 225 174 220 171 212 184 209 189 210 194 211 202 215 194 217 189 217 184 216
125 166 127 184 130 201 135 217 144 231 156 242 169 250 184 253 199 251 211 243 220 232 228 219 233 205 237 190 240 175 242 161 144 135 153 129 164 127 175 129 186 134 205 136 214 133 224 133 233 136 237 144 194 148 194 157 194 166 194 176 180 186 185 189 191 191 197 190 202 189 154 148 162 146 170 146 177 151 169 152 161 152 205 154 212 150 220 152 225 156 219 158 212 157 167 212 176 206 184 202 189 205 195 204 201 209 207 216 201 223 194 226 188 226 182 225 174 221 172 212 184 209 189 210 194 210 203 215 194 216 189 217 183 216
125 165 127 183 129 200 135 217 144 230 156 242 170 250 185 253 199 251 211 242 219 230 226 217 231 204 235 189 238 174 240 159 144 135 153 129 164 127 176 129 186 134 204 135 214 133 224 132 233 136 237 144 195 148 195 157 195 166 195 176 180 186 186 189 191 191 197 190 201 189 154 148 162 146 170 146 177 151 169 152 161 152 205 154 212 150 219 151 225 155 219 158 212 157 168 212 176 206 185 202 189 205 195 204 201 208 207 215 201 223 194 225 188 226 183 225 175 220 172 212 184 210 189 210 194 210 203 215 194 216 189 216 184 215
125 165 127 183 129 200 135 217 144 230 156 242 170 250 185 252 199 250 210 241 219 229 226 216 231 203 234 188 237 174 240 159 143 135 153 129 164 127 175 129 185 134 205 135 214 133 224 132 232 136 237 144 195 148 195 157 195 166 195 176 180 186 185 188 191 190 197 190 201 188 154 148 161 146 169 146 176 150 169 152 161 151 204 154 212 150 219 151 224 155 219 157 211 156 167 212 176 205 185 202 190 204 195 203 202 208 207 215 201 222 194 225 188 225 183 224 175 220 172 212 184 210 189 210 194 210 203 215 194 216 189 216 184 215
124 167 127 184 129 202 135 217 144 231 156 242 170 250 186 252 200 250 211 241 220 230 226 217 231 203 234 189 237 174 240 159 143 135 152 129 163 127 175 129 185 133 204 135 214 132 224 132 232 136 237 144 194 147 194 157 195 166 195 176 180 186 185 188 191 190 197 189 201 188 154 148 162 145 169 146 176 150 169 151 161 151 204 153 212 150 219 151 224 155 219 157 211 156 168 211 176 205 184 202 189 204 195 203 201 208 206 215 201 222 194 224 188 225 182 223 175 219 172 211 184 209 189 210 194 210 202 214 194 216 189 216 183 215
124 166 127 183 129 201 135 217 144 230 156 241 170 249 185 252 199 249 211 241 219 229 226 216 231 203 234 189 237 174 240 159 143 134 152 129 163 127 174 129 185 133 204 135 214 132 223 132 232 136 237 143 194 147 194 157 194 166 194 176 179 186 185 188 191 190 196 189 201 188 154 148 161 145 169 145 176 150 169 151 161 151 204 153 212 150 219 151 224 155 219 157 211 156 167 211 176 205 184 202 189 204 194 203 201 208 206 215 200 222 193 225 188 225 182 224 174 219 171 211 184 209 189 210 194 210 202 214 193 215 188 216 183 215
124 165 126 183 129 200 134 216 144 230 156 241 169 249 185 252 199 250 211 241 220 229 227 217 232 203 236 189 238 174 241 160 143 134 152 129 163 127 175 129 186 133 204 135 214 132 224 132 232 136 237 144 194 147 194 156 194 165 194 175 179 185 185 188 191 190 196 189 201 188 154 148 161 145 169 145 176 150 169 151 161 151 204 153 212 150 219 151 224 155 218 157 211 156 167 211 175 205 184 201 189 204 194 203 201 207 206 214 200 222 193 225 187 225 182 224 174 219 171 211 183 208 188 209 194 209 201 214 193 215 188 216 183 215
125 165 127 183 129 200 134 216 144 230 156 241 169 249 185 252 199 250 211 242 221 231 229 218 234 205 239 190 242 176 244 161 143 134 152 128 163 126 175 128 185 133 204 135 213 132 224 132 232 136 237 144 194 147 194 156 194 165 193 175 179 185 185 188 191 190 196 189 201 188 154 147 161 145 169 145 176 150 169 151 161 151 204 153 211 150 219 151 224 155 218 157 211 156 167 211 175 205 184 201 189 204 194 203 201 208 206 215 200 222 193 224 187 224 182 223 174 219 171 211 183 209 188 209 193 210 202 214 193 215 188 215 183 214
125 165 127 183 129 200 135 216 144 229 156 241 169 249 185 252 200 249 212 241 221 230 229 217 234 204 238 190 241 175 243 160 143 134 152 128 163 126 175 128 185 133 204 135 213 132 223 132 232 136 237 144 194 147 194 156 194 165 193 175 179 185 185 188 191 189 196 189 201 187 154 147 161 145 169 145 176 150 169 151 161 150 204 153 211 150 219 151 224 155 218 157 211 156 167 211 175 205 184 201 189 203 194 203 201 208 206 214 200 222 193 224 187 224 182 223 174 219 171 211 184 208 188 209 194 209 202 214 193 215 188 215 183 214
125 165 126 182 129 200 135 216 144 229 155 240 169 248 184 252 199 249 211 241 220 230 227 217 233 203 236 189 239 174 241 160 143 134 152 128 163 126 175 128 185 133 203 135 213 132 223 132 232 135 236 143 194 146 194 156 194 165 194 174 179 185 185 187 191 189 196 189 201 187 154 147 161 145 169 145 176 149 169 151 161 151 204 153 211 149 219 151 224 155 218 157 211 156 167 211 175 204 184 201 189 203 194 202 201 207 206 214 200 221 193 224 187 224 182 223 174 219 171 211 183 208 188 209 193 209 202 213 193 215 188 215 183 214
124 166 126 183 129 200 134 216 144 230 156 241 169 249 185 252 200 250 212 241 221 230 228 217 233 204 237 190 240 175 243 160 143 133 152 128 163 126 175 128 185 133 203 135 213 132 223 132 232 135 236 143 194 147 194 156 194 165 194 174 179 185 185 187 191 189 196 189 201 187 154 147 161 145 169 145 176 149 169 151 161 151 204 153 212 149 219 151 224 155 218 157 211 156 167 211 176 204 184 201 189 203 194 202 201 207 206 214 200 221 193 224 187 224 182 223 174 219 171 211 184 208 188 209 194 209 202 214 193 215 188 215 183 214
124 166 126 183 129 201 135 217 144 230 156 241 169 249 185 252 200 250 212 241 221 230 228 218 233 204 237 190 240 175 242 160 143 134 152 128 163 126 174 128 185 133 203 135 213 132 223 132 232 136 236 143 194 147 194 156 194 165 194 175 179 185 185 188 191 189 196 189 201 187 153 148 161 145 169 145 176 150 169 151 161 151 204 153 211 149 219 150 224 155 218 157 211 156 167 211 175 204 184 201 189 203 194 202 201 207 206 214 200 222 193 224 188 224 182 223 174 219 171 211 183 208 188 209 194 209 202 214 193 215 188 215 183 214
124 165 126 182 129 199 134 215 143 229 155 241 169 249 184 252 198 250 210 241 218 230 225 217 230 203 234 189 237 174 239 160 143 134 152 128 163 126 174 128 184 133 203 135 213 132 223 132 231 136 236 143 193 147 193 156 194 165 194 175 179 185 184 188 190 189 196 189 201 188 153 147 161 145 169 145 176 150 168 151 160 150 204 153 211 149 218 151 224 155 218 157 211 156 167 211 175 204 184 201 188 203 193 202 200 207 205 214 200 221 193 224 187 224 182 223 174 219 171 211 183 209 188 209 193 209 201 214 193 215 188 215 183 214
124 166 127 183 129 200 134 216 144 230 156 241 169 249 184 252 198 250 210 241 219 230 225 217 230 204 234 189 237 175 240 160 143 135 151 129 163 127 174 128 185 133 203 135 213 132 223 132 232 136 236 144 193 147 193 156 194 165 194 175 179 185 184 188 190 189 196 189 200 188 153 148 161 145 169 145 176 150 168 151 160 151 204 153 211 150 219 151 224 155 218 157 211 156 167 211 175 205 184 202 188 204 194 203 200 208 205 214 200 222 193 224 187 224 182 223 174 219 171 211 183 209 188 209 193 210 201 214 193 215 188 215 183 214
125 165 126 183 129 200 134 216 143 230 155 241 169 249 184 252 199 250 211 242 220 230 227 218 233 204 237 189 240 175 242 160 143 135 152 129 163 127 175 129 185 133 203 135 213 132 223 132 231 136 236 144 193 147 193 156 193 166 193 175 179 186 184 188 190 190 195 189 200 188 154 148 161 145 169 145 176 150 168 151 161 151 204 153 211 150 218 151 224 155 218 157 211 156 167 211 175 205 183 202 188 204 194 203 200 208 206 215 200 222 193 224 187 224 181 223 174 219 171 211 183 209 188 210 193 210 202 214 193 215 188 215 182 214
124 167 126 184 129 201 134 217 144 230 155 241 169 249 184 252 199 250 211 242 220 231 228 218 233 204 237 190 239 175 241 161 143 135 152 129 163 127 174 129 185 134 203 136 213 133 223 132 231 136 236 144 193 147 193 157 193 165 193 175 179 186 184 188 190 190 196 189 201 188 154 148 161 145 169 145 176 150 168 151 161 151 204 153 211 150 218 151 224 155 218 157 210 156 167 212 175 205 184 202 188 204 194 203 201 208 206 215 200 222 193 224 187 225 182 223 174 220 171 211 183 209 188 210 193 210 202 214 193 215 188 215 183 214
124 165 126 183 129 200 135 216 144 230 156 241 169 250 185 253 199 250 211 241 220 230 227 217 233 203 237 189 240 174 242 159 143 135 152 129 163 127 174 129 185 134 204 135 213 132 223 132 232 136 236 143 194 147 194 157 194 166 194 175 179 186 185 188 191 190 196 189 201 188 154 148 161 145 169 146 176 150 169 151 161 151 204 153 211 150 219 151 224 155 218 157 211 156 167 211 176 205 184 202 189 204 194 203 201 208 205 214 200 222 193 225 187 225 182 224 174 220 172 211 183 209 188 210 193 210 201 214 193 215 188 215 183 214
124 164 126 182 129 199 134 215 143 229 155 241 169 249 185 252 199 250 211 241 221 230 229 217 234 204 238 189 241 175 243 160 143 134 152 129 163 127 174 129 184 133 203 135 213 132 223 132 232 136 236 143 193 147 193 157 193 166 193 175 179 186 185 188 190 190 196 189 200 188 154 148 161 145 169 145 176 150 168 151 161 151 204 153 211 150 218 151 224 155 218 157 211 156 167 211 176 205 184 202 189 204 194 203 201 208 206 215 200 221 193 224 188 224 182 223 174 219 172 211 183 209 188 210 194 210 202 214 194 215 188 215 183 214
124 166 126 183 129 200 134 216 144 230 156 241 170 249 185 252 199 250 211 242 221 231 228 218 234 204 238 190 241 175 243 160 143 135 151 129 163 127 174 129 184 133 203 135 213 132 223 132 232 136 236 144 193 147 193 156 193 165 193 175 179 186 185 188 191 190 196 189 201 188 154 148 161 145 169 145 176 150 168 151 160 151 204 153 211 150 219 151 224 155 218 157 211 156 167 212 175 205 184 202 189 204 194 203 201 208 206 215 200 221 193 224 188 224 182 223 174 219 171 211 183 209 189 210 194 210 202 214 193 215 188 215 183 214
