135 180 137 195 140 209 145 223 152 234 162 243 174 249 187 250 202 249 215 243 226 234 234 222 239 207 243 192 244 176 244 161 139 141 146 137 154 135 163 137 170 141 194 140 202 134 212 131 222 131 231 136 182 153 183 163 183 173 183 183 173 192 178 194 184 195 190 194 195 191 147 157 154 152 162 151 169 157 162 160 153 160 199 156 206 150 215 149 222 153 215 157 207 158 164 217 171 211 179 208 184 209 189 207 198 210 208 215 199 223 190 226 185 227 179 226 171 223 168 216 179 214 185 214 190 214 203 215 189 218 184 219 179 218
135 180 138 194 141 208 145 222 152 234 162 243 174 249 188 250 202 249 215 242 226 233 234 220 239 206 242 191 243 175 243 160 139 141 146 137 154 136 162 137 170 141 194 140 202 134 213 131 223 132 232 137 183 153 183 163 183 173 184 184 174 192 179 194 184 195 190 194 195 192 147 157 154 152 162 151 169 157 162 160 153 160 200 156 207 150 215 149 222 154 216 158 207 158 165 217 172 211 179 208 185 209 190 207 198 211 208 215 199 223 191 226 185 227 179 226 172 223 169 217 179 214 185 214 190 214 204 216 190 218 185 219 179 218
135 179 138 194 141 208 145 222 152 234 162 243 174 249 188 251 202 249 215 242 226 233 234 221 239 207 242 191 244 176 244 160 139 141 146 137 154 136 163 137 171 141 194 141 203 135 213 131 223 131 232 136 183 153 183 163 183 173 184 183 174 193 179 195 184 196 190 194 195 192 147 157 154 152 162 151 169 157 162 160 153 160 200 156 207 150 215 149 222 154 216 158 207 158 165 217 172 211 179 208 185 209 190 208 198 211 208 215 199 223 191 227 185 227 179 227 172 224 169 217 179 214 185 215 190 214 203 216 190 218 185 219 179 218
136 181 138 195 141 209 146 223 152 234 163 243 175 249 188 251 203 249 216 242 227 233 235 221 240 207 243 192 245 176 244 161 140 142 147 138 155 137 163 137 171 141 194 140 202 134 212 131 223 132 232 137 183 153 184 163 184 173 184 183 174 193 179 195 185 196 190 194 196 192 148 157 154 152 162 151 169 157 162 160 154 161 200 156 207 150 216 149 222 154 216 158 208 158 165 217 172 211 180 208 185 209 190 208 199 211 208 215 199 223 191 227 186 227 180 227 172 224 169 217 180 214 185 215 191 214 204 216 190 218 185 219 180 218
136 180 138 194 141 209 146 222 152 234 163 243 175 249 188 251 202 249 215 243 227 234 235 222 241 208 244 192 246 177 246 161 140 142 146 138 155 136 163 137 171 141 195 140 203 134 213 131 224 132 233 137 183 153 183 163 184 173 184 184 174 193 179 195 184 196 190 194 196 192 148 157 154 152 162 151 169 157 162 160 154 160 200 156 207 150 216 149 223 154 216 158 208 158 165 217 172 211 179 208 185 209 190 208 199 211 208 215 199 223 191 227 185 228 180 227 172 224 169 217 180 214 185 215 190 214 204 216 190 218 185 219 180 219
137 180 139 194 142 209 146 223 153 234 163 243 175 249 189 251 203 249 216 242 227 233 236 221 241 207 245 192 246 176 246 161 140 141 147 137 155 136 164 137 171 142 194 140 203 134 213 131 224 132 233 137 183 153 184 163 184 173 184 184 174 193 179 195 185 196 190 194 196 192 148 157 154 152 163 151 170 157 162 160 154 160 200 156 207 150 216 149 223 154 217 158 208 158 165 217 172 211 180 208 185 209 190 208 199 211 208 215 199 223 191 227 185 227 180 227 173 224 169 217 180 214 185 215 190 214 204 216 190 218 185 219 180 218
136 180 138 194 141 208 145 222 152 234 163 243 175 249 189 251 203 249 216 243 227 234 235 222 241 208 244 192 246 177 246 161 140 141 147 137 155 136 163 137 171 141 195 140 203 134 213 131 224 132 233 137 183 153 184 163 184 173 184 183 174 193 179 195 185 196 190 194 196 192 148 157 154 152 163 151 170 157 162 160 154 161 200 156 207 150 216 149 223 154 217 158 208 158 165 217 172 211 180 208 185 209 190 208 199 211 208 215 200 223 191 227 186 227 180 227 172 224 169 217 180 214 185 215 191 214 204 216 190 218 185 219 180 218
137 180 139 194 142 208 146 222 153 234 163 243 175 249 189 251 203 249 216 242 227 233 235 220 241 206 244 191 246 176 245 160 140 141 147 138 155 136 164 137 171 141 195 140 203 134 213 131 224 132 233 137 183 153 184 163 184 173 184 184 175 193 180 195 185 196 191 194 196 192 148 157 155 152 163 151 170 157 163 160 154 160 200 156 207 150 216 149 223 154 217 158 208 158 165 217 173 211 180 208 186 209 191 208 200 211 209 216 200 223 192 227 186 228 180 227 173 224 169 217 180 214 186 215 191 214 205 216 191 218 186 219 180 218
136 180 138 194 142 208 146 222 153 234 163 243 175 249 189 251 203 249 216 243 227 233 235 221 241 207 244 192 245 176 245 161 140 142 147 138 155 136 163 137 171 141 195 140 203 134 213 131 223 132 232 137 183 153 184 163 184 173 184 183 174 193 179 195 185 196 191 194 196 192 148 157 154 152 163 151 170 157 162 160 154 160 200 156 207 150 216 149 223 154 217 158 208 158 166 217 172 211 180 208 185 209 191 208 199 211 209 215 200 223 191 227 186 227 180 227 173 224 170 217 180 214 186 215 191 214 205 216 191 218 186 219 180 218
136 180 138 194 141 208 146 222 153 234 163 243 175 249 189 251 203 249 216 243 227 233 235 221 240 207 244 191 245 176 245 160 139 142 146 137 154 135 163 137 171 141 195 140 203 134 213 131 224 131 233 137 183 153 184 163 184 173 184 184 174 193 179 194 185 196 190 194 196 192 148 157 154 152 163 151 169 157 162 160 154 160 200 156 207 149 216 149 222 153 216 157 208 157 166 217 173 212 180 208 185 210 190 208 199 211 208 215 200 223 191 227 186 227 181 227 173 224 170 217 180 215 186 216 191 215 204 216 191 218 186 219 181 218
136 180 139 195 142 209 146 223 153 235 163 244 175 250 188 252 202 250 215 244 226 234 233 221 238 207 241 191 243 176 243 160 139 142 146 137 155 136 163 137 171 141 195 140 203 134 213 131 224 132 233 137 183 152 183 163 184 173 184 183 174 193 179 195 185 196 190 194 196 192 148 157 154 152 163 151 170 157 162 159 154 160 200 155 207 149 216 149 223 153 216 157 208 157 166 217 173 213 180 209 185 211 190 209 198 212 208 215 199 223 191 226 186 227 181 226 174 223 170 217 181 217 186 217 190 216 204 216 190 218 186 218 181 218
137 180 139 194 142 209 146 223 153 235 163 245 174 251 188 253 202 251 215 245 226 235 234 223 240 208 244 192 245 177 245 161 139 142 146 137 155 135 163 136 171 141 195 140 203 134 213 131 224 132 233 137 183 153 184 163 184 173 184 184 174 193 179 195 185 196 190 195 196 192 148 157 154 152 163 151 170 157 162 160 154 160 200 156 207 149 216 149 222 154 216 158 208 158 166 217 173 213 181 210 185 212 190 210 198 213 208 215 199 223 190 226 186 227 181 226 174 223 170 217 181 217 185 218 190 217 204 216 190 218 185 219 181 218
136 180 138 194 141 209 146 224 153 236 163 245 175 252 189 254 203 251 216 245 227 235 234 222 240 208 244 192 245 176 245 160 139 141 146 137 155 136 164 137 171 141 195 140 203 134 213 131 224 131 233 137 183 153 184 163 184 173 184 184 174 193 179 195 185 196 190 195 196 192 148 157 154 152 162 151 169 157 162 159 154 160 200 156 207 149 216 149 222 153 216 158 208 157 166 217 174 214 181 211 186 212 190 210 199 213 208 215 199 223 191 226 186 227 181 226 174 223 170 218 181 218 186 218 190 218 204 216 190 218 186 219 181 218
136 180 138 195 141 209 146 223 152 235 162 245 174 252 188 254 202 252 215 245 225 235 232 222 237 208 241 192 243 176 243 160 139 142 145 137 154 136 163 137 170 141 194 140 203 134 213 131 223 132 232 137 183 153 184 163 184 173 184 184 174 193 179 195 185 196 190 195 196 192 148 157 154 152 162 151 169 157 162 159 154 160 200 156 207 149 215 149 222 153 216 158 207 158 166 217 173 214 181 211 186 212 190 210 198 213 207 215 199 223 191 227 186 227 181 227 174 224 170 218 181 218 186 218 190 218 203 216 190 218 186 219 181 218
136 181 138 196 142 211 147 225 153 237 163 247 175 254 188 256 202 253 215 247 226 237 233 224 239 209 243 193 244 177 244 161 139 141 146 137 154 136 163 137 171 141 195 140 203 134 213 131 224 132 233 137 183 153 184 163 184 173 184 184 174 193 179 195 185 197 191 195 196 192 148 157 154 152 162 151 169 157 162 159 154 160 200 156 207 150 216 149 222 154 216 158 208 157 166 218 173 214 181 210 185 212 190 210 199 213 208 216 199 224 191 229 186 230 181 229 173 225 170 218 181 218 186 218 190 218 204 217 190 220 186 220 181 220
136 181 138 196 142 211 147 226 153 237 163 247 175 254 189 256 203 254 215 246 226 236 233 223 238 209 242 193 243 177 243 160 139 142 146 138 154 136 163 138 171 142 195 141 203 135 213 132 223 132 232 137 183 153 183 163 184 174 184 184 174 193 179 195 185 197 190 195 196 192 147 158 154 152 162 152 169 157 162 160 154 161 200 156 207 150 215 149 222 154 216 158 207 158 165 218 172 213 180 209 185 211 190 209 200 212 209 216 200 226 192 230 186 231 180 231 172 227 169 218 180 216 186 217 191 216 205 217 191 221 186 222 180 221
136 181 138 196 141 211 146 225 153 237 163 247 175 254 189 256 203 253 216 246 227 236 235 223 241 209 244 193 246 177 246 161 139 141 146 137 155 137 163 138 171 142 195 141 203 135 213 132 224 132 233 137 183 154 184 164 184 175 184 185 174 194 179 196 185 197 190 195 196 193 148 158 154 153 162 152 169 158 162 160 154 161 200 156 207 150 215 150 222 154 216 158 208 158 165 218 172 212 180 209 185 210 190 208 200 211 209 216 201 226 192 231 186 232 180 231 173 227 169 219 180 215 186 216 191 215 205 217 191 222 186 222 180 222
136 181 138 196 141 211 146 225 152 236 162 246 174 252 188 254 203 252 216 245 227 235 235 223 240 208 243 193 245 177 244 161 140 142 147 138 155 137 164 138 171 142 194 142 203 136 213 132 223 133 232 138 183 154 184 164 184 175 184 185 174 194 179 196 185 197 191 195 196 193 148 158 154 153 162 152 169 158 162 160 154 161 200 157 207 150 215 150 222 154 216 158 207 158 165 218 172 212 180 209 185 210 191 209 200 212 209 217 200 226 192 230 186 231 180 230 172 226 170 218 180 215 186 215 191 215 205 217 191 221 186 222 180 221
136 181 138 195 141 209 146 223 152 235 162 245 174 251 188 253 203 251 215 245 226 235 233 222 237 207 240 192 242 176 241 161 139 143 146 139 155 138 164 138 171 143 195 142 203 136 213 132 223 133 233 138 183 154 184 164 184 175 184 185 174 194 179 196 185 197 191 195 197 193 148 158 154 153 162 152 169 158 162 160 154 161 200 157 207 151 216 150 223 154 216 158 208 158 166 218 173 212 180 209 185 211 190 209 199 212 208 217 199 224 191 228 186 228 180 227 173 224 170 218 180 215 186 216 191 215 203 217 190 219 186 219 180 218
136 180 139 194 142 208 146 222 152 234 161 244 173 251 188 253 203 251 216 244 226 235 233 221 237 207 240 191 242 175 242 160 139 142 146 138 155 137 164 139 171 143 195 142 203 136 213 132 224 133 233 138 183 154 184 164 184 175 184 186 174 194 179 196 185 197 191 195 197 193 148 158 154 153 162 152 170 158 162 160 154 161 200 156 208 151 216 150 223 154 217 158 208 158 166 218 173 212 180 209 185 211 190 209 199 212 208 216 199 224 191 227 186 227 180 227 173 223 170 217 180 215 185 216 190 215 203 217 190 218 185 218 180 217
136 181 139 195 142 210 147 224 153 236 162 246 174 252 189 254 203 251 216 245 227 235 233 222 238 207 241 192 243 176 242 161 140 142 147 138 155 138 164 139 171 143 195 142 203 136 213 133 224 133 233 138 184 154 184 164 184 175 184 186 174 194 179 196 185 197 191 196 197 193 148 158 154 153 162 153 170 158 162 161 154 161 200 157 208 151 216 150 223 155 217 159 208 159 167 218 173 213 180 209 186 211 190 209 199 212 208 216 200 224 191 228 186 229 181 228 173 225 171 218 181 216 186 216 191 216 204 217 191 218 186 219 180 218
137 181 139 195 142 210 147 224 153 237 163 247 175 253 189 255 204 253 216 246 227 236 233 222 237 208 240 192 242 176 242 161 140 143 147 139 155 138 164 139 171 143 195 142 203 136 213 133 223 133 233 137 184 154 184 165 184 175 184 186 174 194 180 197 185 198 191 196 196 193 148 159 154 154 163 153 170 158 162 161 154 162 200 157 208 151 216 150 223 155 217 159 208 159 166 219 173 213 181 210 186 211 191 209 199 213 208 217 200 227 192 231 186 232 181 231 173 227 171 219 181 217 186 217 191 217 204 218 191 220 186 221 181 220
136 182 139 197 142 212 147 226 153 238 164 248 176 254 190 256 204 254 217 246 228 236 235 223 240 208 244 193 245 177 245 160 140 142 147 138 155 138 164 139 171 143 195 142 203 136 213 133 223 133 233 138 183 155 184 165 184 176 184 187 174 195 179 197 185 198 191 196 197 194 148 159 154 154 163 153 170 159 162 161 154 162 200 157 208 151 216 151 223 155 216 159 208 159 166 219 173 213 181 210 186 211 191 209 200 213 209 217 200 228 192 233 186 234 180 233 173 229 171 219 181 217 186 217 191 217 204 218 191 221 186 222 181 222
137 183 139 198 143 213 147 227 154 239 164 248 176 255 189 257 204 254 217 247 227 237 235 225 241 211 245 195 247 179 246 163 140 143 147 139 156 139 164 139 172 143 195 142 203 136 213 133 224 134 233 139 183 155 184 165 184 176 184 186 174 195 180 197 185 198 191 196 197 194 148 159 155 154 163 153 170 159 163 161 155 162 200 157 207 151 216 151 223 155 216 159 208 159 166 219 173 213 181 210 186 211 191 209 200 212 209 217 200 227 192 232 186 233 180 232 173 228 170 219 181 217 186 217 191 217 205 218 191 221 186 222 180 221
136 182 139 197 142 212 147 227 153 238 164 248 175 254 189 256 203 253 216 247 227 237 234 225 240 210 243 195 245 179 245 163 140 144 147 140 155 139 164 140 172 144 195 143 203 137 213 134 223 134 233 139 183 155 184 166 184 176 184 187 174 195 179 197 185 198 191 196 197 194 148 159 154 154 163 153 170 159 163 162 154 162 200 158 207 152 216 151 223 155 216 159 208 159 165 219 172 213 180 210 186 211 191 210 200 212 210 216 201 227 192 232 186 233 180 232 172 228 169 219 180 216 186 216 191 216 206 217 191 222 186 223 180 223
137 182 139 197 142 212 147 226 153 238 164 247 176 253 189 255 204 252 217 246 227 236 234 223 239 209 242 193 243 177 243 161 140 144 147 140 156 139 164 140 172 144 195 143 203 137 214 134 224 134 233 139 184 155 184 165 184 176 185 187 174 195 180 197 185 198 191 196 197 194 148 159 155 154 163 153 170 159 163 161 155 162 200 157 207 152 216 151 223 155 216 159 208 159 165 218 172 213 180 210 186 211 191 210 200 212 210 216 201 226 192 231 187 232 180 231 173 227 169 219 180 216 186 216 191 215 206 217 191 222 186 223 180 223
136 182 138 197 141 211 146 226 153 237 163 247 176 253 189 255 203 252 216 246 227 236 234 223 238 208 241 193 242 177 242 161 140 143 147 139 156 138 164 140 171 144 195 143 203 137 213 134 224 134 233 138 184 155 184 166 185 176 185 187 175 195 180 197 186 198 192 196 197 194 148 159 155 154 163 154 170 159 163 162 154 162 200 158 208 152 216 151 223 155 217 159 208 159 165 218 173 213 181 210 186 212 191 210 200 212 210 216 201 226 192 230 187 231 181 230 173 226 169 218 181 216 186 216 192 216 206 217 191 222 186 223 181 222
133 182 136 196 141 211 146 225 152 237 163 246 175 252 189 254 203 252 216 245 227 236 234 223 239 209 242 193 244 178 244 162 139 143 146 139 155 138 164 140 171 144 196 143 204 137 214 133 224 134 233 138 184 155 184 166 185 176 185 187 175 195 180 197 186 198 192 197 197 194 148 159 155 154 163 153 170 159 163 162 154 162 201 158 208 152 216 151 223 155 217 159 208 159 165 217 173 213 181 210 186 211 191 210 200 212 210 216 201 225 192 230 187 231 181 230 173 226 169 218 181 215 186 216 192 215 206 217 191 222 186 222 181 222
136 182 138 197 141 212 146 226 153 237 164 246 176 252 190 254 204 251 217 244 228 235 235 223 240 209 243 193 245 178 245 162 139 144 147 140 155 139 164 140 172 145 195 143 204 137 213 134 224 134 233 139 184 156 184 166 185 177 185 187 175 195 180 197 186 199 192 197 197 194 148 159 154 154 163 154 170 159 163 162 154 162 201 158 208 152 216 151 223 155 217 159 208 160 165 217 172 213 181 210 186 212 191 210 201 212 211 215 201 225 192 229 187 230 181 229 173 225 168 217 181 216 186 216 192 215 207 216 192 221 186 222 181 222
136 183 138 197 141 212 146 226 153 238 164 247 176 253 190 255 204 252 216 245 228 236 236 224 241 210 245 194 246 178 245 163 140 144 147 140 155 139 164 140 171 145 195 143 203 137 213 134 224 135 233 139 183 155 184 166 184 176 184 187 174 195 179 198 185 199 191 197 197 194 148 159 155 154 163 154 170 159 163 162 154 163 200 158 207 152 216 151 223 156 216 159 208 160 164 217 172 213 180 210 186 212 191 210 200 212 211 215 201 225 192 229 186 230 180 230 172 226 168 218 180 215 186 216 191 215 207 216 191 221 186 222 180 222
137 184 139 199 142 214 147 228 154 239 165 248 177 255 190 256 204 254 217 247 227 237 235 225 240 211 243 195 244 179 244 163 139 144 147 140 155 139 164 140 171 144 195 143 203 137 213 134 224 134 233 139 184 155 184 166 185 177 185 187 174 195 180 197 186 199 191 197 197 194 148 160 154 155 163 154 170 159 162 162 154 163 200 158 207 152 216 151 223 156 216 160 208 160 164 218 172 213 181 211 186 212 191 210 201 212 210 216 201 227 192 232 187 233 181 232 172 228 168 218 181 216 187 217 192 216 206 217 192 222 186 223 181 223
137 183 139 198 142 214 147 228 154 240 165 249 177 256 191 258 205 255 217 247 228 237 236 224 241 209 245 193 246 177 246 161 139 144 147 140 155 139 164 140 171 144 195 143 203 137 213 134 224 134 233 139 183 156 184 166 184 177 185 187 175 196 180 198 186 199 192 197 197 194 148 160 154 154 162 154 170 159 162 162 154 163 200 158 207 152 216 151 223 156 217 160 208 160 165 219 173 214 181 211 187 212 192 210 201 213 211 216 202 227 193 233 187 234 181 233 173 229 169 219 181 218 187 218 192 217 206 217 192 222 187 223 181 223
137 183 139 198 143 213 147 227 154 239 165 249 177 255 191 257 205 255 218 247 228 237 236 224 241 210 244 194 245 178 245 162 140 144 147 140 156 139 164 140 172 144 195 143 203 137 213 134 224 134 233 139 184 156 184 166 185 177 185 187 175 196 180 198 186 199 192 197 198 194 148 160 155 154 163 154 170 160 163 162 154 163 201 158 208 152 216 151 223 156 217 160 208 160 166 220 173 214 181 211 187 212 192 210 201 213 211 217 202 227 193 232 188 233 182 232 174 229 170 220 182 218 187 218 192 217 206 218 192 222 187 223 182 222
136 183 139 197 142 212 147 226 154 238 165 248 177 254 191 256 205 253 218 246 228 236 235 223 239 208 242 193 243 177 243 161 140 145 147 141 156 139 165 140 172 144 195 143 203 137 213 134 224 134 233 139 184 156 185 166 185 176 185 187 175 195 180 198 186 199 192 197 198 194 148 160 155 154 163 154 170 159 163 162 155 163 201 158 208 152 216 151 223 155 217 159 209 160 167 219 174 214 182 211 187 212 192 210 201 213 211 216 202 226 194 230 188 231 182 231 175 227 171 219 182 217 187 217 193 217 206 217 193 222 188 222 182 222
136 181 139 196 142 211 147 225 154 237 164 247 176 253 190 255 205 252 218 246 229 236 236 223 241 208 244 192 246 176 245 161 140 144 147 140 155 139 164 140 172 144 195 143 203 137 213 134 224 134 233 139 184 155 184 166 184 176 185 187 175 195 180 197 186 199 191 197 197 194 148 159 154 154 162 154 170 159 162 162 154 163 200 158 207 152 216 151 223 155 217 160 208 160 166 219 174 214 181 211 187 212 192 210 201 213 210 216 201 225 193 229 188 229 182 229 174 226 170 219 181 217 187 217 192 217 206 217 192 220 187 221 182 220
136 182 139 197 142 212 147 226 154 237 164 247 176 253 190 254 205 252 218 245 229 235 236 222 242 208 245 192 246 176 245 161 139 144 146 140 155 139 163 140 171 144 195 143 203 137 213 134 224 134 233 139 183 156 184 166 184 176 184 187 175 195 180 198 185 199 191 197 197 194 148 159 154 154 162 154 170 159 162 162 154 163 200 158 207 152 216 151 223 155 216 159 208 160 166 219 173 214 181 211 186 213 191 211 200 213 210 216 201 224 193 228 187 229 182 228 174 226 170 219 181 217 187 218 192 217 206 216 192 220 187 220 181 220
135 183 138 197 141 212 146 226 153 237 164 247 176 253 190 254 204 252 217 244 229 235 236 222 241 208 245 193 246 177 245 161 138 144 146 140 154 139 163 140 171 144 194 143 202 137 212 134 223 134 233 139 182 156 183 166 183 176 184 187 174 196 179 198 185 199 190 197 196 194 147 160 153 155 162 154 169 160 162 162 153 163 199 158 207 152 215 151 222 155 216 159 207 160 165 219 173 214 180 211 186 212 191 211 200 213 210 215 201 224 192 229 187 230 181 229 173 226 169 219 181 217 186 218 191 217 206 216 191 220 186 221 181 220
136 183 138 198 141 212 146 226 153 238 164 247 176 253 190 255 205 252 218 245 228 236 236 223 240 209 244 193 245 178 244 162 139 146 146 142 154 140 163 140 170 144 194 143 202 137 212 134 222 135 232 139 182 156 183 166 183 176 184 187 174 196 179 198 185 199 190 197 196 194 147 160 153 155 161 154 169 160 161 162 153 163 199 158 206 152 215 151 222 155 215 160 207 160 165 219 172 214 180 211 185 212 190 210 200 213 210 216 201 226 192 230 186 231 181 231 173 227 169 219 180 217 186 217 191 216 205 217 191 221 186 222 180 222
135 184 138 199 141 214 146 227 153 239 164 249 176 255 190 257 204 254 217 247 228 237 235 224 240 210 243 194 244 179 244 163 139 145 146 141 154 140 162 140 170 144 194 143 202 137 212 134 222 134 231 139 182 156 183 166 183 176 183 187 174 196 179 198 185 199 190 197 196 194 147 160 153 155 161 154 169 160 161 162 153 163 199 158 206 152 215 151 222 155 215 160 207 160 165 220 172 214 180 211 185 212 190 210 199 213 209 217 200 227 192 232 186 233 180 232 172 228 169 220 180 218 186 218 191 217 205 218 191 222 186 223 180 222
136 183 138 198 141 212 146 226 153 238 163 248 175 254 189 255 203 253 216 247 226 237 233 224 237 209 240 193 241 177 241 162 139 146 145 141 154 140 163 141 171 145 193 144 202 137 212 134 222 135 231 140 182 156 183 166 183 177 183 187 174 196 179 198 185 199 190 197 196 195 147 160 153 155 162 154 169 160 161 163 153 163 199 158 207 152 215 151 222 156 216 160 207 160 165 219 172 214 180 211 186 213 191 211 199 213 209 217 200 225 192 228 186 229 181 228 173 225 169 219 180 218 186 218 191 217 205 217 191 220 186 221 180 220
136 182 138 197 141 211 146 225 152 237 162 246 174 253 188 255 203 253 216 246 227 237 235 224 240 209 243 194 245 178 244 162 139 145 146 141 154 140 163 140 170 144 194 143 202 137 212 134 223 135 232 139 182 156 183 166 183 176 183 187 174 196 179 198 184 199 190 197 196 194 147 160 153 155 161 154 169 159 161 162 153 163 199 158 206 152 215 152 222 156 215 160 207 160 166 219 172 214 180 211 185 212 190 211 199 213 209 216 199 223 191 226 186 227 180 226 173 224 169 219 180 217 185 218 190 217 205 217 190 218 185 219 180 218
136 182 138 196 141 210 146 224 152 236 162 246 174 252 188 255 202 253 215 246 226 236 233 223 238 209 242 193 243 178 243 162 139 144 146 140 154 140 163 140 170 144 194 143 202 137 212 134 223 134 232 139 182 155 183 166 183 176 183 187 174 195 179 198 184 199 190 197 196 194 147 160 153 155 162 154 169 160 161 162 153 163 199 158 207 152 215 152 222 156 216 160 207 160 165 219 172 214 179 212 185 213 190 211 198 213 207 217 199 224 191 227 186 228 180 227 173 224 169 219 180 218 185 218 190 217 203 217 190 218 185 219 180 219
136 181 138 196 141 210 146 224 152 236 162 246 174 253 188 255 202 253 215 246 226 236 233 223 239 208 243 193 245 176 244 160 139 143 146 139 154 139 163 140 170 144 194 143 203 137 212 133 223 134 233 138 183 156 183 166 183 176 184 187 174 196 179 198 184 199 190 197 196 195 147 160 153 155 161 154 169 159 161 162 153 163 200 158 207 152 215 152 222 156 216 160 207 160 166 220 173 215 180 212 185 214 189 212 198 214 207 218 198 225 190 228 186 229 180 228 173 225 170 220 180 218 185 219 190 218 203 218 190 219 185 220 180 219
136 181 138 196 141 210 146 224 152 236 162 246 174 253 188 255 202 252 215 246 226 236 233 223 238 208 242 193 244 177 244 161 138 143 145 139 154 139 163 140 171 144 194 143 203 137 213 134 223 134 233 139 183 155 183 166 183 176 184 187 174 196 179 198 184 199 190 197 196 195 147 159 154 155 162 154 169 159 161 162 153 163 200 158 207 152 215 152 222 155 216 160 207 160 166 219 173 216 180 213 185 214 189 212 198 215 207 218 198 225 191 229 186 229 180 229 174 226 170 220 180 219 185 220 190 219 203 218 190 220 185 221 180 220
136 181 138 196 141 210 146 224 152 236 162 246 174 253 188 255 203 253 216 246 226 236 234 222 239 208 243 192 244 176 244 160 139 143 146 139 155 139 163 140 171 144 194 143 202 137 212 134 223 134 233 138 183 155 183 166 184 176 184 187 174 196 179 198 185 199 191 197 196 195 148 159 154 155 162 154 169 159 162 162 154 163 200 158 207 152 215 152 222 155 216 160 207 160 166 219 173 215 181 213 186 214 190 212 198 215 208 217 199 225 191 229 186 230 181 229 174 226 170 219 181 219 186 220 190 219 204 218 190 220 186 221 181 220
136 183 138 197 142 212 146 226 153 238 163 248 176 254 190 256 204 253 217 246 227 236 235 223 240 209 244 193 245 178 244 162 139 144 147 140 155 139 164 140 172 144 195 143 203 137 213 134 223 134 233 139 183 156 184 166 184 176 184 187 174 196 179 198 185 199 191 197 197 195 148 160 154 155 162 154 170 159 162 162 154 163 200 158 207 152 216 152 222 156 216 160 208 160 167 220 173 215 181 212 186 213 191 211 199 214 208 217 200 226 192 231 187 232 181 231 174 228 170 220 181 219 186 220 191 219 204 218 191 221 186 222 181 222
136 184 138 198 142 213 147 227 154 239 164 248 176 255 190 257 204 254 217 246 228 236 235 223 240 209 244 193 245 178 245 162 139 145 146 141 155 140 164 140 171 144 195 143 203 137 213 134 224 135 233 139 184 156 184 166 185 177 185 187 174 196 180 198 186 199 192 197 197 194 148 160 154 155 162 155 170 160 162 163 154 163 200 158 207 152 216 152 223 156 216 160 208 160 166 220 173 215 181 211 186 212 191 210 200 213 209 217 201 228 193 233 187 234 181 233 173 229 170 220 181 218 187 218 192 218 205 218 192 222 187 223 181 223
137 184 139 199 142 213 147 227 154 239 164 249 176 255 190 257 204 254 217 247 228 237 236 224 241 210 245 194 246 178 246 162 139 144 147 140 155 139 164 141 171 145 195 144 203 138 213 135 224 135 234 139 184 157 184 167 185 177 185 188 175 196 180 198 186 200 192 198 197 195 148 160 154 155 163 155 170 160 162 163 154 164 200 159 208 153 216 152 223 156 217 161 208 161 166 220 173 215 181 211 187 212 192 210 201 213 210 217 202 228 193 233 187 234 181 233 173 230 170 220 181 218 187 218 192 217 205 218 192 222 187 223 181 223
137 184 139 199 142 213 147 227 153 239 164 249 176 255 190 257 204 254 217 247 227 237 235 224 239 209 242 194 244 178 244 163 140 145 147 141 156 140 164 141 171 145 195 144 203 138 213 135 224 135 233 140 183 157 184 167 184 178 185 188 174 196 180 198 186 200 192 198 197 195 149 160 155 156 163 155 170 160 163 163 155 164 200 159 207 153 216 153 223 157 216 161 208 161 165 220 172 214 181 211 187 212 192 210 201 213 210 217 201 227 193 232 187 233 181 233 173 229 169 220 181 218 187 218 192 217 206 218 192 222 187 223 181 223
135 184 138 199 142 214 146 228 153 239 163 249 176 255 190 257 204 254 217 247 227 237 234 224 239 210 242 195 244 179 244 163 139 146 147 142 155 141 164 141 172 145 195 144 204 138 214 135 224 136 233 140 184 156 185 167 185 178 186 188 175 196 180 198 186 200 192 198 198 195 148 161 155 156 163 155 170 160 163 163 154 164 200 159 208 153 216 152 223 156 217 161 208 161 165 220 172 214 181 211 187 212 192 211 201 213 210 217 202 227 193 232 187 233 181 233 173 229 169 220 181 217 187 218 192 217 206 218 192 222 187 223 181 223
137 184 139 198 142 213 147 227 154 238 164 248 176 253 190 255 204 253 217 246 228 237 235 224 241 210 244 194 245 179 245 163 140 146 148 142 156 140 165 141 172 145 195 144 203 138 213 135 224 136 233 140 184 157 185 167 185 178 185 188 175 196 180 198 186 200 192 198 198 195 149 161 155 155 163 155 170 161 163 163 155 164 201 159 208 153 216 152 223 156 217 161 208 161 165 219 173 214 181 211 187 213 192 211 202 213 211 217 202 227 193 232 187 233 181 232 173 228 169 219 181 217 187 217 192 216 207 218 192 223 187 224 181 224
137 183 140 198 142 212 147 226 154 238 164 247 176 253 190 255 205 252 217 246 228 236 235 223 239 209 242 193 243 178 243 162 140 145 148 142 156 140 165 141 173 146 196 144 204 138 214 135 225 136 234 140 185 156 185 167 186 178 186 188 175 196 181 198 187 200 193 198 199 195 149 160 155 155 164 155 171 160 163 163 155 164 201 159 208 153 217 152 224 157 218 161 209 161 165 219 173 214 182 211 187 213 193 211 202 213 212 216 203 226 194 230 188 231 182 231 174 227 169 219 182 217 188 217 193 217 207 217 193 222 188 223 182 223
138 183 140 198 143 212 147 226 154 238 165 247 177 253 191 255 205 252 218 246 228 236 236 223 240 209 243 193 244 178 244 162 141 146 148 142 156 141 165 141 173 145 197 144 205 139 215 135 225 136 234 141 185 157 186 167 186 178 186 188 176 196 181 198 187 200 193 198 199 195 149 160 156 155 164 155 171 161 164 163 156 164 201 159 209 153 217 152 224 157 218 161 209 161 166 219 174 214 182 212 188 213 193 211 202 213 212 216 203 226 194 230 188 231 182 230 174 227 169 219 182 217 188 218 193 217 208 217 193 222 188 223 182 222
138 183 140 198 143 212 148 226 155 238 165 247 178 253 191 255 205 252 218 246 228 236 235 223 240 209 242 193 243 178 243 162 141 146 149 142 157 141 166 141 173 146 197 144 205 139 215 135 225 136 234 141 186 157 186 167 187 178 187 188 176 196 182 199 188 200 194 198 199 195 150 160 156 155 165 155 172 161 164 163 156 164 202 159 209 153 218 152 225 157 219 161 210 161 166 219 174 214 183 212 188 213 193 211 202 213 212 216 203 225 194 229 189 230 183 230 175 226 170 219 183 218 188 218 194 218 208 217 194 221 188 222 183 222
139 183 141 197 144 212 148 226 155 237 165 247 178 253 192 255 206 252 218 246 229 236 235 223 239 209 242 193 243 178 243 162 142 145 150 142 158 141 167 141 174 146 197 145 205 139 215 136 225 136 234 141 186 157 187 167 187 178 187 189 177 196 182 198 188 200 194 198 200 195 150 160 157 155 165 155 172 161 165 163 157 164 203 159 210 153 218 152 225 157 219 161 210 161 167 219 175 215 183 212 189 213 194 211 202 214 212 217 203 225 195 229 189 230 183 229 176 226 171 219 183 218 189 219 194 218 208 218 194 220 189 221 183 221
138 183 140 197 144 212 149 225 155 237 166 246 178 252 191 254 205 252 218 245 228 236 236 223 240 209 243 194 244 178 244 163 143 145 150 141 159 140 167 141 175 146 198 144 206 139 216 135 226 136 235 141 187 157 188 167 188 178 188 189 177 196 183 198 189 200 195 198 200 195 151 160 158 155 166 155 173 161 166 163 158 164 203 159 210 153 219 153 225 157 219 161 211 161 168 218 176 215 184 212 189 214 194 212 202 214 212 217 203 224 195 228 190 229 184 228 177 225 172 219 184 219 189 220 194 219 208 218 194 219 189 220 184 220
136 181 138 195 143 209 147 223 154 235 165 245 177 252 191 254 206 252 218 245 229 235 236 222 241 208 244 192 245 177 244 162 142 143 150 139 159 139 167 140 175 145 199 144 207 138 216 135 226 135 235 140 188 156 188 167 188 177 189 188 178 196 183 198 189 199 195 198 200 195 151 160 158 155 166 155 173 160 166 163 158 163 204 159 211 153 219 153 226 157 220 161 211 161 169 218 177 215 185 212 190 214 194 212 203 214 212 217 203 224 195 228 190 229 185 228 177 225 172 218 185 219 190 220 195 219 208 218 194 220 190 220 185 220
137 183 140 197 144 212 149 225 156 237 167 246 179 252 193 254 207 251 219 245 230 235 236 222 241 208 244 193 245 178 244 163 143 145 151 141 159 140 168 140 176 145 199 144 208 138 217 135 227 135 236 140 188 156 189 166 190 177 190 188 179 196 184 198 190 199 196 198 201 195 152 160 159 155 167 155 174 160 167 163 159 163 204 159 212 153 220 153 227 157 221 161 212 161 170 218 178 215 186 212 190 214 195 212 203 214 212 217 204 224 196 227 191 228 186 228 178 225 174 218 186 219 191 220 195 219 209 218 195 219 191 220 186 220
137 180 140 195 144 210 149 224 156 235 166 245 179 252 193 254 207 252 220 245 230 235 237 222 242 207 245 191 246 176 246 161 144 143 151 139 160 138 169 140 176 145 200 144 208 138 218 134 228 135 237 140 189 156 190 166 190 177 190 188 179 196 185 198 190 199 196 197 202 195 153 159 159 155 168 154 175 159 167 162 159 163 205 158 213 153 221 153 227 156 222 161 213 161 170 217 178 215 186 212 191 214 195 212 204 214 213 217 204 224 196 227 191 228 186 228 179 224 174 218 186 219 191 220 196 219 209 217 196 219 191 220 186 219
139 183 142 197 146 212 151 225 158 236 168 246 180 252 194 253 208 251 221 245 231 235 238 223 243 208 246 193 248 179 248 164 144 144 151 139 160 138 169 140 177 144 201 144 209 138 219 135 229 135 238 140 190 155 190 166 191 176 191 187 180 196 185 198 191 199 197 197 202 195 153 159 160 155 168 154 175 160 168 162 160 163 206 159 213 153 221 153 228 157 222 161 214 161 171 217 179 214 187 212 191 213 196 212 204 214 214 216 205 224 197 227 192 228 187 227 179 224 174 218 187 219 191 220 196 219 210 217 196 219 191 220 187 219
138 181 141 195 145 210 150 224 157 235 167 245 179 251 193 253 208 251 220 245 230 235 238 222 243 208 246 193 248 178 248 162 144 142 152 138 161 138 170 140 178 144 201 143 210 137 219 134 230 134 238 139 191 155 191 166 191 176 192 187 180 195 186 197 191 199 197 197 203 195 154 159 160 155 169 154 176 160 169 162 160 163 206 158 213 153 222 152 228 156 222 161 214 161 171 217 179 214 187 212 192 213 196 212 205 214 214 216 205 224 197 227 192 228 187 227 179 224 175 218 187 219 192 219 197 219 210 217 196 219 192 219 187 219
139 181 141 196 145 210 151 224 158 235 168 245 180 251 194 253 208 251 221 245 231 235 239 223 244 209 248 193 250 178 250 163 146 142 153 139 162 138 171 140 178 144 202 143 210 137 220 134 230 135 239 139 191 155 191 166 192 176 192 187 181 195 186 197 192 199 198 197 203 195 154 159 161 154 169 154 176 159 169 162 161 163 207 158 214 153 222 152 229 156 223 161 214 161 171 217 179 214 187 211 192 213 197 211 206 214 215 216 206 224 197 227 192 228 187 227 180 224 175 218 187 219 192 219 197 218 211 217 197 219 192 219 187 219
139 182 142 196 146 211 151 224 158 236 169 245 180 251 194 253 208 251 221 245 232 235 240 222 246 208 250 193 251 178 250 163 146 143 153 139 162 138 171 139 179 144 202 143 210 137 220 134 230 134 239 139 191 155 191 166 192 176 192 187 181 195 187 197 192 198 198 197 203 195 155 159 161 154 169 154 176 159 169 162 161 163 207 158 214 152 222 152 229 156 223 161 215 161 171 217 180 214 188 211 192 213 197 211 206 213 215 216 206 223 198 227 192 228 187 227 180 224 175 218 188 218 193 219 197 218 211 217 197 219 192 219 188 219
139 182 142 196 146 211 151 224 158 236 169 245 181 251 195 253 209 251 221 245 232 235 239 222 245 208 248 193 249 178 249 163 146 143 154 139 162 138 171 139 179 144 202 143 211 137 220 134 230 135 239 139 191 155 192 166 192 176 192 187 181 195 187 197 192 199 198 197 204 194 155 159 161 154 169 154 176 159 169 162 161 163 207 158 214 152 223 152 229 156 223 160 215 160 172 217 180 214 188 211 193 213 198 211 206 213 216 216 207 223 198 227 193 228 188 227 180 224 176 218 188 218 193 219 198 218 212 217 198 218 193 219 188 218
139 182 141 196 146 211 151 224 158 235 168 245 180 251 194 253 208 251 220 245 232 235 239 223 245 209 249 193 250 178 250 163 145 143 153 139 162 138 171 139 178 144 202 143 211 137 221 134 231 134 240 139 191 155 191 166 192 176 192 187 181 195 187 197 192 199 198 197 204 194 154 159 161 154 169 154 176 159 169 162 161 163 207 158 214 153 223 152 229 156 223 160 215 160 172 217 180 214 188 211 193 213 198 211 206 214 215 216 207 223 198 227 193 228 188 227 180 224 175 218 188 218 193 219 198 218 212 217 198 218 193 219 188 218
139 182 142 197 146 211 151 225 159 236 169 245 181 251 195 253 209 251 221 245 232 235 239 223 244 209 248 193 249 178 249 163 146 143 153 139 162 139 171 140 179 144 202 143 211 137 221 134 231 135 240 140 191 155 192 166 192 176 193 187 181 195 187 197 193 199 198 197 204 195 155 159 161 154 169 154 177 159 169 162 161 163 207 158 215 152 223 152 230 156 224 161 215 160 172 217 180 214 188 211 193 213 198 211 207 213 216 216 207 223 199 227 193 228 188 228 181 224 176 218 188 218 193 219 198 218 212 217 198 218 193 219 188 219
139 181 142 196 146 210 151 224 158 235 168 245 180 251 194 253 208 251 220 245 231 235 239 223 244 208 247 193 248 178 248 163 145 142 153 138 162 138 171 140 178 144 202 143 211 137 221 134 231 134 240 139 191 155 191 166 192 176 192 187 181 195 187 197 192 199 198 197 204 194 154 159 161 154 169 154 176 159 169 162 161 162 207 158 215 153 223 152 229 156 224 160 215 160 172 217 180 214 188 211 193 213 198 211 206 214 215 217 207 224 198 227 193 228 188 227 180 224 176 218 188 218 193 219 198 218 211 217 198 218 193 219 188 219
139 181 141 196 146 210 151 224 158 235 168 245 180 251 194 253 208 251 220 245 231 236 240 224 246 210 250 195 252 179 252 164 145 143 153 139 162 138 171 140 179 144 202 144 211 138 221 134 231 135 240 140 191 156 192 166 192 176 192 187 181 196 187 198 192 199 198 197 204 195 155 159 161 154 170 154 176 159 169 162 161 163 207 158 215 152 223 152 230 156 224 160 215 161 172 218 180 214 188 212 192 213 197 211 206 214 215 217 206 224 198 227 193 228 188 228 180 224 175 218 188 219 193 219 198 219 211 218 197 219 192 219 188 219
139 182 141 197 146 211 151 225 158 236 169 245 181 251 195 253 209 251 221 245 232 235 240 223 246 209 250 194 252 179 251 164 145 142 153 138 162 138 171 140 179 145 202 144 211 138 221 134 231 135 240 140 191 156 192 166 192 177 192 188 181 196 187 198 192 199 198 198 204 195 155 159 161 154 170 154 176 160 169 162 161 163 207 159 215 152 223 152 230 156 224 161 215 161 172 218 180 215 188 212 193 213 198 212 206 214 215 217 206 224 198 227 193 228 188 228 180 224 176 219 188 219 193 219 198 219 211 218 198 219 193 220 188 219
139 183 141 198 145 212 151 225 158 236 169 245 180 251 194 253 208 251 220 245 231 236 239 224 244 210 248 195 249 180 249 165 145 144 153 140 162 139 171 140 178 145 202 144 210 138 220 135 230 135 239 140 191 156 192 167 192 177 192 188 181 196 187 198 192 199 198 198 203 195 154 159 161 154 169 154 176 160 169 162 161 163 207 159 214 153 223 152 229 157 223 161 215 161 172 218 180 215 188 212 192 213 197 211 206 214 215 217 206 224 198 228 193 228 188 228 180 225 175 219 188 219 193 219 198 219 211 218 197 219 193 220 188 219
138 183 141 198 146 212 151 226 158 237 169 245 180 251 194 253 208 251 220 245 231 235 239 223 245 209 249 194 250 179 250 164 145 144 152 140 161 139 170 140 178 145 202 144 210 138 220 135 230 135 239 140 191 156 191 166 192 177 192 188 181 196 186 198 192 199 198 198 203 195 154 159 161 154 169 154 176 160 169 162 160 163 207 159 214 153 222 152 229 156 223 161 215 161 171 218 179 215 188 212 192 213 197 212 206 214 215 217 206 224 198 228 192 228 187 228 180 225 175 219 188 219 192 219 197 219 211 218 197 219 192 220 188 219
139 183 141 197 145 211 150 225 158 236 168 245 180 251 193 253 207 251 219 245 230 236 237 224 243 210 246 194 247 180 247 165 145 144 153 140 161 139 170 140 178 145 201 144 210 138 220 135 230 135 238 140 190 156 191 166 191 177 192 188 181 196 186 198 191 199 197 198 203 195 153 160 160 155 169 154 176 160 168 162 160 163 206 159 214 153 222 152 229 157 223 161 214 161 171 218 179 215 187 212 192 214 197 212 205 214 214 217 206 224 197 227 192 228 187 228 179 224 175 219 187 219 192 219 197 219 211 218 197 219 192 220 187 219
140 183 142 197 145 212 150 225 157 236 168 245 179 251 193 253 207 251 219 245 231 236 239 224 245 210 249 196 250 180 250 165 145 144 152 140 161 139 170 140 177 145 200 144 209 138 219 135 229 136 239 140 190 156 190 166 190 177 191 188 180 196 185 198 191 199 197 198 202 195 153 159 160 154 168 154 175 160 168 162 160 163 206 159 213 153 221 152 228 157 222 161 214 161 170 218 178 215 186 212 191 213 196 212 205 214 214 217 205 224 197 227 191 228 186 227 179 224 174 219 186 219 191 219 197 219 210 218 196 219 191 220 186 219
140 183 142 197 145 212 150 225 157 237 167 245 179 251 193 253 207 251 219 245 230 236 237 223 243 210 246 195 247 180 247 164 144 144 152 140 160 139 169 140 177 145 200 144 209 138 219 135 229 136 238 140 189 156 190 166 190 177 190 187 180 196 185 198 190 199 196 198 202 195 153 160 159 154 168 154 175 160 168 162 159 163 205 159 213 152 221 152 228 157 222 161 213 161 170 218 178 215 186 212 191 213 196 212 204 214 213 217 205 224 196 227 191 228 186 227 178 224 174 219 186 219 191 219 196 218 210 218 196 219 191 220 186 219
