141 175 143 188 146 203 151 216 158 228 168 238 180 245 194 248 208 246 220 240 230 232 237 221 241 207 244 193 245 178 246 163 149 142 156 137 165 136 174 138 182 142 203 141 211 137 220 135 230 135 238 140 192 154 192 163 192 172 192 181 183 191 187 193 192 194 197 193 203 191 158 157 165 152 173 152 179 158 172 160 164 160 208 157 215 152 223 152 229 156 224 160 216 160 174 214 181 210 188 207 192 208 197 207 205 210 214 215 206 220 198 222 193 223 188 222 180 219 177 214 188 213 193 214 197 213 211 215 198 214 193 215 188 214
141 176 144 190 147 204 152 218 159 230 169 240 182 247 196 250 210 248 222 242 231 233 237 221 241 208 244 193 246 178 246 164 150 144 157 139 166 138 175 140 183 144 204 143 212 138 222 136 231 137 239 142 193 155 193 164 193 174 193 183 184 193 188 195 193 196 199 195 204 193 159 158 165 154 173 154 180 159 173 162 165 162 209 159 216 154 224 153 230 158 224 162 217 161 174 216 182 212 189 209 194 210 198 209 206 212 215 216 207 222 199 224 194 224 189 224 182 221 178 216 189 215 194 216 198 215 211 217 199 216 194 217 189 216
141 181 143 195 146 209 151 222 158 233 168 242 180 249 193 251 207 250 219 245 229 237 236 227 240 214 242 200 244 186 244 171 151 147 158 141 167 140 176 142 183 146 204 144 212 140 221 140 230 142 237 147 194 157 194 166 194 175 194 185 183 195 189 197 194 198 199 196 205 195 159 159 166 155 174 155 180 161 173 163 165 163 209 160 216 155 224 155 230 159 224 163 217 163 175 217 182 213 189 210 194 212 199 211 207 214 216 218 208 223 200 225 195 225 189 224 183 222 179 217 189 216 194 217 199 216 212 218 200 218 195 218 190 217
141 180 143 194 147 208 152 221 160 233 169 243 181 250 195 252 208 250 220 245 230 237 237 226 241 213 244 198 244 183 244 168 151 146 158 142 167 141 176 143 183 147 205 145 213 141 222 139 230 140 238 145 194 158 194 167 194 176 195 186 184 196 189 198 194 199 200 198 205 196 160 160 166 156 174 156 180 161 173 164 165 164 209 161 217 156 225 155 230 160 225 164 217 163 176 219 183 214 190 211 195 213 200 212 208 215 216 219 208 224 200 226 195 227 190 226 183 224 179 219 190 218 195 218 200 218 213 219 200 219 195 219 190 219
141 179 142 194 146 208 151 221 159 233 169 243 181 250 195 252 208 250 220 245 229 237 236 226 241 213 243 199 244 184 244 170 151 146 159 142 168 141 177 144 184 148 206 147 213 142 222 140 231 140 239 145 195 159 195 168 195 177 195 187 184 196 189 199 195 200 200 198 205 197 160 160 166 156 175 156 181 162 174 164 166 164 210 162 217 156 225 156 231 160 226 165 218 164 176 219 183 215 190 212 195 214 200 213 208 216 216 219 208 225 200 227 195 227 190 227 183 224 179 219 190 218 195 219 200 218 212 219 200 220 195 220 190 220
141 180 144 195 147 209 152 222 160 234 170 243 182 251 196 253 209 251 221 245 230 237 237 225 242 212 244 198 245 183 246 168 151 146 159 142 168 142 176 144 184 148 206 147 214 142 223 140 232 140 240 145 195 159 195 168 195 178 195 188 185 197 190 199 195 200 201 199 206 197 160 161 167 157 175 157 181 162 174 165 166 165 210 162 218 157 226 156 231 161 226 165 218 165 176 219 183 215 191 213 196 214 200 213 208 216 217 220 208 225 201 227 196 228 191 227 183 224 179 219 191 219 196 220 200 219 213 220 200 220 196 220 191 220
142 180 145 194 148 208 153 221 161 233 171 243 183 250 197 252 210 250 222 245 231 236 238 225 243 212 245 198 246 183 246 168 152 146 160 141 169 141 178 143 185 148 207 146 215 142 224 140 233 140 241 145 196 158 196 168 196 177 196 187 185 196 190 198 195 200 201 198 207 197 161 160 167 156 175 156 182 162 175 164 167 164 211 162 218 156 226 156 232 161 227 164 219 164 176 219 184 215 191 212 196 214 201 213 209 216 217 219 208 224 201 227 196 227 191 226 184 224 179 219 191 219 196 219 201 219 213 220 201 220 196 220 191 219
142 176 144 191 148 205 152 219 160 232 171 242 183 249 197 252 210 250 222 244 231 235 237 223 241 210 243 195 245 181 245 166 152 145 160 141 169 140 178 143 186 147 207 146 215 142 224 139 233 140 241 145 197 157 196 167 196 176 196 186 186 196 191 198 196 199 201 198 206 196 161 159 167 155 175 155 182 161 175 163 167 163 211 161 218 156 226 156 232 160 227 164 219 164 176 218 184 214 192 212 196 213 201 212 208 215 217 219 209 224 201 226 196 227 191 226 184 223 180 218 191 218 196 219 201 218 213 219 201 219 196 219 192 219
141 177 144 192 148 206 153 220 161 232 172 242 184 249 197 251 211 249 222 244 232 235 238 224 242 211 245 196 247 181 247 166 152 144 160 140 169 139 178 142 185 146 207 145 216 141 225 138 234 139 241 145 197 157 197 166 196 176 196 186 186 195 191 197 196 198 201 197 207 195 161 159 167 155 176 155 182 161 175 163 167 163 211 161 218 155 226 155 232 160 227 163 219 163 177 217 184 214 192 211 196 213 201 211 208 214 217 218 209 224 201 226 196 226 191 226 184 223 180 218 191 217 196 218 201 218 213 219 201 218 196 219 192 218
142 176 144 191 147 205 152 219 160 232 171 242 183 249 197 252 210 250 222 244 231 235 237 223 242 210 244 195 246 180 246 165 152 144 159 140 169 139 178 141 186 145 207 145 215 140 224 138 234 139 241 144 197 156 197 165 197 175 197 185 186 194 191 196 196 198 202 196 207 195 161 158 167 154 175 154 182 160 175 162 167 162 211 160 218 155 226 154 232 159 227 163 219 162 177 217 184 213 192 210 196 212 201 211 208 214 217 218 209 224 201 226 196 227 191 226 184 223 180 217 192 217 196 218 201 217 213 218 201 218 196 219 192 218
141 176 144 191 147 205 152 219 160 232 171 243 183 250 197 253 210 251 222 245 231 235 237 224 241 210 244 195 246 180 246 164 152 144 159 139 168 138 177 140 185 144 208 143 216 139 225 137 234 138 241 143 197 156 197 165 196 174 196 184 186 194 191 196 196 197 201 196 206 194 161 158 167 154 175 154 182 159 175 162 167 162 211 160 219 154 227 154 232 159 227 162 219 162 177 218 184 213 191 210 196 211 201 210 208 214 216 219 209 225 201 228 196 228 191 227 184 224 181 218 191 216 196 217 201 217 213 219 201 219 196 220 191 219
141 176 144 191 148 206 153 221 161 234 171 244 183 252 197 255 210 253 222 246 231 237 238 225 243 211 247 196 250 181 251 166 152 143 160 138 169 138 178 140 186 145 207 144 215 139 225 137 234 138 242 143 197 156 196 165 196 174 196 184 186 194 190 196 196 197 201 196 206 194 161 158 167 153 175 153 182 159 175 161 167 162 211 160 218 154 226 154 233 159 227 162 219 162 177 219 184 213 191 209 196 211 200 210 208 214 216 220 208 228 201 231 196 232 191 231 184 227 181 219 191 216 196 217 200 216 212 220 200 222 196 223 191 222
142 177 144 192 148 207 153 221 161 234 171 245 183 253 197 255 210 253 221 247 231 237 237 226 242 212 245 197 247 182 247 166 152 144 159 139 168 139 177 141 185 145 207 144 215 140 225 138 234 139 241 144 197 156 196 165 196 175 196 184 185 194 190 197 196 198 201 197 206 195 161 159 167 154 175 154 182 160 175 162 167 163 211 160 218 154 226 154 232 159 227 163 219 163 177 219 184 214 191 211 195 213 200 211 208 215 216 220 208 227 201 230 196 231 191 230 183 227 180 219 191 218 195 219 200 218 212 220 200 222 196 222 191 222
142 176 144 191 147 206 152 220 159 233 169 244 182 252 195 255 209 253 221 247 230 238 237 226 241 212 244 198 246 183 247 167 151 146 159 141 168 140 177 142 185 146 207 145 215 141 225 140 234 142 242 147 196 157 196 167 196 176 195 186 185 196 190 198 195 199 201 198 206 196 160 160 167 155 175 155 182 161 175 164 166 164 211 162 218 156 226 156 232 160 227 164 218 164 176 219 183 216 191 213 195 215 199 214 207 217 216 220 208 226 200 229 195 229 191 228 183 225 179 219 191 220 195 220 200 220 212 220 200 222 195 222 191 221
140 182 141 197 144 212 149 225 157 237 167 247 180 255 194 257 207 255 220 250 230 241 237 230 242 216 244 202 245 187 245 173 152 148 159 143 168 142 177 144 185 148 207 148 215 143 224 141 233 142 240 148 196 159 196 169 195 178 195 187 184 197 189 200 195 201 200 200 206 198 160 161 167 157 175 157 182 163 175 165 166 165 210 163 218 158 226 157 232 162 226 166 218 166 176 220 184 217 191 215 195 216 200 215 208 218 217 221 208 227 200 230 195 230 190 229 183 226 179 220 191 221 195 222 200 221 213 221 200 223 195 223 191 223
140 182 141 197 144 212 149 226 157 238 168 249 180 257 194 259 208 257 220 251 231 241 238 229 242 215 245 200 245 186 245 171 151 149 159 144 168 143 177 145 185 149 206 148 215 144 224 142 233 143 241 149 196 161 196 170 195 179 195 189 184 199 189 201 194 202 200 201 206 199 160 162 167 158 175 158 182 164 175 166 166 166 210 164 218 159 226 158 232 163 226 167 218 167 175 221 183 218 191 215 195 217 200 216 208 219 217 222 208 230 200 234 195 234 190 233 183 229 179 222 190 222 195 223 200 222 213 222 200 226 195 226 190 225
140 186 141 201 145 216 150 229 157 241 168 251 180 259 195 261 209 259 221 252 231 243 238 231 243 218 245 203 247 188 247 173 152 150 159 144 168 143 177 146 185 150 206 150 215 145 224 142 233 143 241 149 196 161 196 171 195 180 195 190 184 199 189 201 195 203 201 201 206 200 160 163 167 159 175 159 182 165 175 167 166 167 211 165 218 159 226 159 232 164 227 168 218 167 175 222 182 218 191 215 195 216 200 215 209 219 218 223 209 232 201 235 195 236 190 235 182 231 179 223 190 222 195 222 200 222 214 223 200 226 195 226 190 226
137 187 138 202 141 217 147 230 156 242 167 251 180 259 195 261 209 258 221 252 231 243 238 232 242 218 245 204 246 190 245 176 152 150 159 145 169 143 178 146 186 150 207 150 215 145 224 143 233 144 241 150 196 162 196 171 196 180 196 190 184 199 189 201 195 203 201 202 206 200 160 164 167 159 176 159 182 165 175 167 167 168 211 166 218 160 226 160 232 165 227 168 219 168 174 222 182 217 190 214 195 216 201 215 210 218 218 223 209 231 201 235 195 236 189 234 181 230 178 222 190 221 195 222 201 221 214 223 201 225 195 226 190 225
140 184 141 199 144 214 150 228 158 240 169 250 181 258 195 260 208 257 220 251 231 242 238 231 243 218 246 203 247 188 247 174 152 149 160 144 169 144 178 146 185 151 207 150 215 145 224 143 234 144 241 150 196 162 196 171 195 181 195 190 184 199 189 201 195 203 200 202 206 200 162 164 168 161 176 161 182 166 175 168 167 168 211 166 218 162 226 162 231 166 226 169 218 169 174 222 182 217 190 214 195 216 200 215 209 218 217 223 209 231 200 235 194 235 189 234 181 230 177 222 190 220 195 221 200 221 213 223 200 227 195 227 190 227
141 181 143 196 145 211 150 225 158 237 168 247 180 255 194 258 208 256 220 251 231 242 239 231 245 218 249 204 250 189 251 175 152 149 160 145 169 144 178 146 185 150 207 150 215 146 224 146 233 147 241 151 196 162 195 172 195 181 194 190 183 199 188 201 194 203 200 201 206 200 162 166 169 165 175 165 182 166 175 168 169 168 211 167 218 167 225 167 231 168 224 170 218 170 173 221 181 217 189 214 194 216 199 215 208 218 216 223 207 229 199 232 193 232 188 232 180 228 177 221 189 220 194 221 199 220 212 223 199 224 194 225 188 224
140 180 142 195 145 210 149 224 157 236 167 246 179 254 192 257 206 256 219 251 230 243 239 233 246 220 249 205 251 191 251 176 152 149 159 145 168 144 177 145 185 150 206 150 214 146 223 145 232 147 241 151 195 162 195 171 194 180 194 190 183 198 188 201 193 202 199 201 205 200 162 165 168 165 175 164 181 166 175 168 168 168 211 167 218 166 224 167 231 168 224 169 218 169 173 220 181 216 188 214 194 216 199 215 207 218 216 222 207 227 199 230 193 230 187 229 180 226 177 221 188 220 193 221 199 221 212 222 199 222 193 223 188 222
136 183 136 198 139 213 144 227 153 240 164 250 177 257 191 260 205 258 218 252 230 243 238 232 242 218 245 204 246 189 246 175 151 148 159 144 168 143 177 145 185 149 206 149 214 145 224 143 233 145 240 150 195 162 195 171 194 180 194 189 183 198 188 200 193 202 199 201 205 199 161 164 168 163 175 162 181 165 174 167 167 167 210 166 218 163 224 164 230 166 224 169 218 168 173 221 181 217 189 214 194 216 199 214 207 218 215 223 207 229 199 232 193 232 188 231 180 227 177 221 189 220 194 221 199 220 211 223 199 223 193 224 188 223
139 184 140 200 143 215 148 228 156 240 166 250 178 258 192 260 205 258 217 252 228 244 236 233 241 220 244 205 245 191 246 176 152 148 159 144 168 143 177 145 185 149 206 149 214 145 223 143 232 145 240 150 195 161 195 170 194 180 194 189 182 198 187 201 193 202 199 201 205 199 161 163 167 160 175 160 181 165 174 167 167 167 210 166 217 162 225 162 230 166 225 169 217 168 173 221 181 217 189 214 193 215 199 214 207 218 215 223 207 231 198 235 192 235 187 234 180 230 177 222 188 219 193 220 198 220 211 224 198 226 193 227 188 226
138 184 139 199 142 213 147 227 155 239 164 249 176 257 190 260 204 258 217 252 227 244 235 232 240 219 243 205 245 190 245 175 151 149 158 144 167 142 177 144 184 149 205 149 214 144 223 144 232 146 240 152 194 161 194 170 194 179 193 189 182 198 187 200 193 202 199 201 204 199 160 163 167 160 175 160 181 165 174 166 166 166 209 165 217 161 224 162 230 166 224 168 217 168 171 221 179 216 188 213 193 215 198 214 207 217 215 223 206 231 198 235 192 235 186 234 178 230 175 221 187 218 193 219 198 219 211 223 198 227 192 227 187 226
137 186 138 201 141 216 145 229 153 241 164 251 176 258 190 261 204 259 217 253 228 245 236 234 241 221 244 207 245 193 245 178 151 150 159 145 167 143 177 145 184 149 205 149 214 145 223 146 232 149 239 153 194 161 194 170 193 180 193 189 182 198 187 201 192 203 198 201 204 199 159 163 166 159 174 159 181 165 173 167 165 166 209 166 217 161 225 161 231 166 225 169 217 168 171 221 179 216 188 213 193 215 199 214 207 218 216 223 207 231 198 235 192 235 186 234 178 230 175 222 187 218 193 219 198 219 212 223 198 227 192 228 187 227
138 187 139 202 141 217 146 230 155 241 165 251 177 258 191 261 205 259 217 253 228 245 236 234 241 221 244 208 245 194 246 180 151 150 158 145 167 144 177 145 184 150 205 150 214 146 223 146 232 149 239 154 194 162 194 171 194 180 193 189 182 199 187 201 192 203 198 202 204 200 159 164 166 160 174 160 180 166 173 168 165 168 209 167 217 162 225 162 230 167 225 170 217 169 171 222 179 217 188 214 193 216 198 215 207 218 215 224 207 232 198 236 192 236 186 235 178 231 175 222 188 219 193 220 198 220 212 224 198 228 192 229 187 228
136 189 137 204 140 219 145 232 154 243 165 252 177 259 191 262 204 260 216 254 227 246 235 235 240 223 243 208 244 195 245 180 150 151 158 146 167 145 177 146 185 151 206 150 214 147 224 147 232 150 240 155 195 163 194 172 194 181 194 191 182 200 187 202 193 204 199 203 204 201 159 164 166 160 174 160 180 167 173 168 165 168 209 167 217 162 225 162 231 167 225 171 217 170 171 223 179 218 188 215 193 217 199 216 207 219 215 224 207 233 198 237 192 237 186 236 178 232 175 223 188 220 193 221 198 221 212 225 198 229 192 229 187 229
139 186 140 201 143 217 148 230 156 241 166 251 177 259 191 262 204 260 216 254 228 246 237 236 243 223 247 209 249 195 250 180 151 152 158 147 168 146 177 148 185 152 206 151 214 147 224 148 233 150 241 155 195 164 194 173 194 182 193 192 182 201 187 204 193 205 199 204 205 202 160 165 166 161 175 161 181 167 174 169 166 169 210 168 217 163 225 163 231 168 226 171 218 170 173 224 180 219 188 216 193 218 198 217 207 221 215 226 206 234 198 237 192 238 187 237 179 233 177 224 188 221 193 222 198 222 211 226 198 229 193 230 188 229
141 182 143 197 146 212 150 226 157 239 168 249 179 257 193 260 207 259 220 252 230 243 237 232 241 218 244 203 246 188 246 173 152 150 159 146 168 146 177 148 184 153 206 152 214 148 224 146 233 147 241 152 195 164 195 174 194 183 194 193 183 202 188 204 194 206 199 204 205 203 160 166 167 162 175 162 181 168 174 170 166 169 210 168 218 163 226 163 232 168 226 171 218 171 173 225 181 220 189 218 193 219 198 218 206 222 215 227 206 234 198 236 193 237 188 236 180 232 177 225 188 224 193 224 198 224 211 227 198 228 193 228 188 228
142 182 144 196 146 211 150 226 158 238 168 249 180 257 194 260 208 258 221 252 231 243 238 231 242 218 245 203 246 188 247 173 152 151 159 146 168 146 177 148 185 152 207 152 215 148 224 148 233 149 241 154 196 164 195 174 195 183 195 193 184 202 189 204 194 206 200 205 205 203 160 165 167 161 175 161 182 168 174 170 166 170 211 169 218 163 226 163 232 168 227 171 218 171 174 225 181 221 189 218 194 220 199 219 207 222 215 227 207 233 199 236 194 236 188 235 181 231 177 225 189 224 194 225 199 225 212 227 199 227 194 228 189 227
142 182 144 196 147 211 151 225 158 238 168 249 180 257 195 260 209 258 221 252 231 243 238 231 242 218 245 203 246 189 247 174 152 150 159 145 169 145 178 147 186 152 207 151 216 147 225 146 234 148 242 153 196 164 196 173 195 182 195 192 184 202 189 204 195 205 200 204 206 203 161 165 167 161 176 161 182 167 175 169 166 169 211 168 219 162 227 162 233 167 227 171 219 171 175 224 182 220 190 217 195 219 200 218 208 222 216 226 208 233 200 236 194 236 189 235 182 231 178 225 189 223 194 224 200 224 212 227 200 228 195 228 190 227
143 183 145 198 148 212 152 227 159 239 169 250 181 258 195 261 209 259 221 253 231 245 239 233 243 220 246 205 248 190 250 174 152 151 160 146 169 145 178 147 186 151 208 150 217 147 226 147 235 149 243 154 197 163 196 173 196 182 195 192 185 201 190 203 195 205 201 204 206 202 161 165 168 161 176 161 183 167 175 169 167 169 212 168 219 162 227 162 234 167 228 171 219 170 175 225 183 220 190 217 195 218 200 217 209 221 217 227 208 234 200 237 195 237 189 236 182 232 179 225 190 222 195 223 200 223 213 227 200 229 195 229 190 228
142 183 145 198 148 213 153 228 160 240 170 251 182 260 196 263 210 261 221 255 232 245 239 234 244 220 247 205 249 190 249 175 152 151 160 146 169 145 178 147 186 151 208 151 217 147 226 147 235 149 243 154 197 164 197 173 196 182 196 192 185 202 190 204 196 205 201 204 207 203 161 165 168 160 176 161 183 167 175 169 167 169 212 168 219 162 228 162 234 167 228 171 220 171 176 226 183 220 191 217 196 219 201 218 209 222 217 228 209 236 201 239 195 240 190 239 182 234 179 226 191 224 195 225 201 224 213 228 201 230 196 230 190 229
142 183 145 198 148 213 153 227 160 240 170 251 182 260 196 263 210 261 221 255 232 245 239 234 244 220 247 205 249 190 250 174 152 151 160 146 169 145 178 147 186 152 208 151 217 147 227 148 235 150 243 155 197 164 197 173 196 183 196 193 185 202 190 204 195 206 201 205 206 203 161 165 168 161 176 161 183 168 175 169 167 169 212 168 219 162 228 163 234 168 228 171 220 171 176 226 183 222 191 219 195 220 200 219 209 223 217 227 209 234 201 238 196 238 190 237 183 233 180 226 191 225 195 226 200 225 213 228 200 229 196 229 191 229
143 182 145 198 148 213 152 227 160 240 170 251 182 260 196 263 210 261 222 254 232 245 239 233 243 219 246 204 247 189 248 173 152 151 160 146 169 145 178 147 186 152 208 151 216 147 226 147 235 149 243 154 197 164 196 173 196 183 196 193 185 203 190 205 195 206 201 205 207 203 161 165 168 161 176 161 183 168 175 170 167 170 212 168 219 163 227 163 233 167 228 171 219 171 176 226 183 222 191 219 196 221 200 220 209 223 217 227 209 234 201 236 196 237 190 236 183 232 179 226 191 226 196 227 200 226 213 227 201 228 196 229 191 228
142 183 144 198 148 213 152 227 159 240 169 251 181 260 195 263 209 261 221 254 232 245 239 233 243 219 247 204 249 189 250 174 152 151 159 146 168 145 177 148 185 153 207 152 216 147 225 146 234 148 243 153 196 164 196 174 196 183 195 193 184 203 189 205 195 207 201 205 206 203 161 166 167 162 176 162 182 168 175 171 167 171 211 169 219 163 227 163 233 168 227 172 219 171 175 226 182 222 190 219 195 221 200 220 208 224 217 228 208 236 200 239 195 239 189 238 182 234 179 227 190 226 195 227 200 227 213 228 200 230 195 230 190 230
142 187 144 202 147 217 152 231 160 243 170 254 182 262 195 264 209 262 221 255 232 246 239 235 244 221 248 207 250 192 251 176 151 153 158 147 168 146 177 148 185 153 207 152 215 148 225 146 235 147 242 153 196 165 195 174 195 184 195 194 184 203 189 206 195 207 200 206 206 204 160 167 167 163 175 163 182 169 174 171 166 171 211 169 218 164 226 164 233 168 227 172 219 172 174 227 181 222 190 219 195 221 200 220 209 223 218 228 209 237 200 241 194 242 189 241 181 236 178 227 189 226 195 227 200 226 214 229 200 232 195 232 189 232
141 187 144 202 147 217 151 232 159 244 169 255 181 263 195 265 209 263 221 257 231 247 239 235 244 222 247 207 249 192 250 176 151 153 158 148 168 147 177 149 185 154 206 153 215 149 224 147 234 148 242 154 195 166 195 175 195 185 194 195 184 204 189 206 194 208 200 206 205 205 160 168 166 164 175 164 181 170 174 172 166 172 210 170 218 164 226 164 233 169 227 173 218 172 173 227 181 223 189 220 194 221 200 220 209 224 218 229 209 239 200 243 194 243 188 242 180 238 177 228 189 226 194 227 200 227 214 229 200 233 194 233 189 232
141 188 143 204 146 219 151 233 158 246 168 257 179 265 193 268 207 266 220 259 230 250 238 238 243 224 246 209 248 193 249 178 151 155 158 150 167 148 177 150 185 155 206 155 214 150 224 149 233 151 241 156 195 167 195 176 195 186 194 196 183 205 188 207 194 209 200 208 205 206 160 169 166 165 175 165 181 171 174 173 166 173 210 171 218 166 226 166 232 170 226 174 218 173 173 228 181 224 189 221 194 222 199 221 209 225 217 230 209 241 200 244 194 245 188 244 180 239 177 229 189 227 194 228 199 228 213 231 199 234 194 235 188 234
141 188 143 203 146 218 151 233 158 246 168 257 180 265 193 269 207 267 219 260 229 250 236 238 241 223 244 208 246 192 247 176 150 155 157 150 166 149 176 151 184 156 206 155 214 150 223 149 233 150 240 155 195 167 195 177 195 187 194 197 184 206 189 208 194 210 199 209 205 207 159 169 166 165 174 165 181 171 173 173 165 173 209 172 217 166 225 166 231 170 226 174 217 174 172 229 180 225 188 222 193 224 199 223 208 226 216 231 208 241 199 245 193 245 187 244 179 239 175 229 188 229 193 230 199 230 213 232 199 236 193 236 188 235
140 187 143 202 145 217 149 231 157 245 167 256 179 265 193 268 207 266 219 259 229 250 236 237 241 223 244 208 246 193 247 177 149 156 157 151 166 149 176 152 184 157 205 156 213 151 223 150 233 151 240 157 195 168 194 178 194 188 194 198 183 207 188 209 193 211 199 210 204 208 159 170 165 166 174 166 180 172 173 174 165 174 209 173 217 167 225 167 231 171 225 175 217 175 172 229 180 226 188 224 193 226 198 225 206 228 215 231 206 239 198 243 192 243 187 242 179 237 176 230 188 231 193 231 198 231 212 232 198 234 193 235 187 234
139 188 141 203 144 218 148 233 155 246 164 257 176 265 191 267 205 266 217 260 228 251 236 239 241 226 243 210 244 196 244 181 150 156 157 151 166 150 175 153 183 157 205 156 213 152 222 151 231 153 239 157 194 169 194 179 194 188 194 199 182 208 187 210 192 212 198 210 204 209 158 170 165 166 173 167 179 173 172 174 164 174 209 173 216 167 224 167 230 172 225 176 217 175 172 229 180 227 188 226 192 227 197 226 205 229 214 231 205 237 197 239 192 240 187 239 179 235 175 230 188 231 192 232 197 232 211 232 197 233 192 233 187 233
138 187 139 202 142 218 146 232 153 245 163 256 175 265 189 267 204 266 217 260 228 251 235 239 240 225 243 210 244 195 245 180 150 157 157 151 166 151 175 153 182 158 204 156 212 152 222 150 231 151 239 157 193 169 193 179 193 189 193 199 182 208 187 210 192 212 198 210 204 209 158 170 164 166 173 166 179 173 172 175 164 175 208 173 216 167 224 167 230 171 225 175 216 175 171 229 180 227 188 226 192 227 197 226 205 229 214 231 205 237 197 239 192 240 187 239 179 236 175 230 187 232 192 233 197 232 210 232 197 233 192 233 187 233
138 188 140 203 142 218 147 232 154 245 163 256 176 264 190 267 204 266 216 259 226 250 234 239 239 225 242 210 243 195 244 180 149 156 156 152 165 151 174 153 182 158 204 156 212 152 221 151 230 152 238 157 193 169 193 179 193 189 193 199 182 208 187 210 192 212 198 211 204 209 157 171 164 166 173 167 179 173 172 175 163 175 208 173 216 167 224 167 230 172 224 175 216 175 172 229 180 228 188 226 192 228 197 226 205 229 214 231 205 237 197 239 192 240 187 239 180 236 175 230 188 232 192 233 197 232 210 232 197 233 192 233 188 232
139 187 141 202 143 217 147 232 155 245 164 256 176 264 190 267 205 265 217 258 227 249 235 237 239 223 242 208 243 194 243 179 148 157 156 152 165 151 174 154 182 158 204 156 212 152 221 152 230 154 238 158 193 169 193 179 193 189 193 199 182 209 187 211 192 212 198 211 203 209 157 171 163 166 172 167 179 173 171 175 163 175 208 173 215 167 223 167 230 172 224 176 216 175 172 229 180 228 188 226 192 228 197 226 205 229 214 231 205 237 197 239 192 240 187 239 180 235 176 230 188 232 192 233 197 232 210 232 197 232 192 233 188 232
139 187 141 202 144 217 149 231 157 244 166 255 177 264 191 266 205 265 217 258 228 249 236 237 241 223 244 207 246 192 246 177 149 156 156 151 165 151 174 154 181 158 203 157 211 152 220 150 230 150 239 155 192 169 192 179 192 189 192 200 181 209 186 211 192 212 198 211 203 209 157 171 164 167 172 167 178 173 171 175 163 175 208 173 215 167 223 167 229 171 224 175 216 175 172 230 180 228 188 226 192 228 197 226 205 229 214 230 205 238 197 241 192 241 187 241 179 237 175 231 187 232 192 233 197 232 210 231 196 233 192 234 187 233
139 187 141 203 145 218 150 232 157 245 166 257 178 265 192 267 206 265 218 258 228 248 235 236 240 223 242 208 243 193 243 177 149 155 157 151 165 151 174 154 181 158 203 157 211 153 220 150 229 150 237 154 193 169 193 179 193 189 193 200 181 209 187 211 192 212 198 211 203 209 157 171 163 167 172 167 178 173 171 175 163 175 208 173 215 167 223 167 229 171 224 175 216 175 172 230 180 228 188 226 192 228 197 226 205 229 214 231 205 239 197 241 192 242 187 241 179 237 176 231 188 233 192 233 197 233 210 232 197 234 192 234 188 234
139 189 142 204 145 219 149 233 157 245 167 255 178 264 192 266 205 264 217 258 227 248 234 237 239 223 242 209 243 194 244 179 149 158 156 153 165 152 174 154 182 158 204 157 212 153 221 152 230 153 238 158 193 170 193 179 193 189 193 200 182 209 187 211 193 212 198 211 204 209 157 171 164 167 173 167 179 173 172 175 163 175 208 173 215 167 223 167 230 172 224 176 216 176 172 230 180 228 188 226 193 228 198 226 206 229 215 231 206 238 198 241 193 242 187 241 180 237 176 231 188 232 193 233 198 232 211 232 198 234 193 235 188 234
139 189 141 203 144 218 148 232 156 245 166 255 178 263 192 266 206 264 218 258 227 248 235 237 239 224 242 209 244 194 244 179 149 157 157 153 166 152 175 154 182 158 205 156 213 153 222 153 230 154 238 158 194 170 194 179 194 189 194 200 182 209 187 211 193 212 199 211 204 209 158 171 164 167 173 167 179 174 172 176 163 175 208 173 216 167 224 167 230 172 225 176 216 176 173 230 181 228 189 226 193 227 198 226 207 228 215 231 207 238 199 241 193 242 188 241 181 237 176 231 189 232 193 233 198 232 212 232 198 234 193 234 189 234
140 187 142 202 146 216 151 231 158 243 169 255 181 263 195 266 208 264 220 257 229 247 236 235 240 221 243 206 245 191 245 176 150 156 158 152 167 151 175 154 183 158 205 157 213 152 222 150 232 150 239 155 194 170 194 179 194 189 194 200 183 208 189 211 194 212 200 211 205 209 158 171 165 167 174 167 180 173 173 175 164 175 209 173 217 167 225 167 231 171 226 175 217 175 174 230 182 227 189 225 194 227 199 226 207 228 216 231 207 239 199 242 194 242 189 241 181 238 177 230 189 232 194 232 199 232 212 232 199 234 194 234 190 234
140 187 143 202 147 217 151 231 159 244 169 254 182 263 195 266 209 264 221 257 230 247 237 235 241 221 244 206 245 191 245 176 150 155 158 151 167 151 176 153 184 158 206 157 214 152 223 150 233 150 240 155 195 169 195 179 195 189 195 199 184 208 189 210 195 212 200 210 206 208 159 171 166 167 174 167 181 173 173 175 165 175 210 173 217 167 226 167 232 171 226 175 218 175 174 229 182 227 190 225 194 227 199 225 208 228 217 231 208 238 200 241 195 242 190 241 182 237 178 230 190 231 194 232 199 232 213 231 200 233 195 234 190 233
141 187 143 202 147 217 151 231 159 244 170 254 182 263 196 265 209 263 220 257 230 247 237 235 241 222 244 207 246 192 246 176 151 155 159 151 168 150 177 153 184 157 207 156 215 152 224 149 234 150 241 155 196 169 196 178 196 188 196 199 185 208 190 210 195 211 201 210 206 208 160 171 166 166 175 166 181 173 174 175 166 175 211 173 218 167 226 166 233 171 227 175 219 175 174 229 183 227 190 224 195 226 200 225 208 228 217 230 209 238 201 241 195 241 190 240 182 237 178 230 190 231 195 232 200 231 213 231 200 233 195 233 191 232
141 187 144 201 147 216 152 230 159 243 170 254 182 262 196 265 209 263 221 257 231 247 238 236 242 222 245 207 246 192 246 177 152 155 159 150 168 150 177 152 185 157 208 156 216 151 225 149 234 150 242 156 196 168 196 178 196 188 196 198 185 207 190 209 196 211 201 210 207 208 160 170 167 166 175 166 182 172 174 174 166 174 211 173 219 166 227 166 233 171 228 175 219 175 175 229 183 226 191 224 195 226 200 224 209 227 217 230 209 238 201 240 195 241 190 240 183 236 179 229 191 231 195 231 200 231 214 231 200 232 196 232 191 232
141 186 144 201 147 216 152 230 160 243 170 254 182 262 196 265 210 263 221 256 231 247 238 235 242 221 245 206 247 191 247 176 152 155 160 150 169 150 178 152 185 157 208 156 216 151 225 149 235 150 242 155 197 168 197 178 197 188 197 198 185 207 191 209 196 211 202 209 207 208 161 170 167 166 176 166 182 172 175 174 167 174 212 172 219 166 227 166 233 171 228 174 220 174 175 229 183 226 191 224 196 225 201 224 209 227 218 230 209 237 201 240 196 241 191 240 183 236 179 229 191 230 196 231 201 231 214 231 201 232 196 232 191 232
141 186 144 201 147 216 152 230 160 243 171 254 183 262 197 265 210 263 222 256 231 247 238 235 242 221 245 206 247 191 247 176 152 155 160 150 169 150 178 152 186 157 208 156 216 151 225 149 235 150 242 155 197 168 197 178 197 188 197 198 186 207 191 209 196 211 202 209 208 208 161 170 168 166 176 166 183 172 175 174 167 174 212 172 219 166 228 166 234 171 228 175 220 174 176 229 184 226 192 224 196 225 201 224 209 227 218 230 209 238 201 240 196 241 191 240 184 236 179 229 192 230 196 231 201 231 214 231 201 232 196 232 192 231
141 186 144 201 147 216 152 230 160 243 171 254 183 262 197 265 210 263 222 256 232 246 239 235 243 221 246 206 248 191 248 176 152 156 159 151 169 150 178 152 186 157 208 156 217 151 226 149 235 150 243 156 197 168 197 178 197 188 197 198 186 207 191 209 197 211 202 209 208 207 161 170 168 166 176 166 183 172 175 174 167 174 212 172 219 166 228 166 234 171 228 174 220 174 176 229 184 226 192 224 197 225 201 224 209 227 218 231 209 237 202 240 196 240 191 239 184 236 179 230 192 230 196 231 201 231 214 231 201 232 197 232 192 231
141 187 144 202 147 217 152 231 160 243 170 254 183 263 197 266 210 263 222 257 232 247 238 235 243 222 246 207 247 191 248 176 152 155 160 151 169 150 178 152 186 157 208 156 217 151 226 149 235 150 243 155 197 168 197 178 197 188 197 198 186 207 191 209 197 211 202 209 208 208 161 170 168 166 176 166 183 172 175 174 167 174 212 172 219 166 228 166 234 171 228 175 220 174 176 229 184 226 192 224 197 225 201 224 209 227 218 231 209 238 202 241 196 241 191 240 184 237 180 230 192 230 197 231 201 230 214 231 201 232 197 232 192 232
141 187 144 202 147 216 152 231 160 244 171 255 184 263 198 266 211 263 223 256 232 247 239 235 243 221 246 206 247 191 247 176 151 156 159 151 169 150 178 152 186 157 208 156 216 151 225 150 235 151 242 156 197 169 198 178 198 188 198 198 186 207 191 210 197 211 203 210 208 208 161 170 167 166 176 166 183 172 175 174 167 174 212 172 219 166 228 166 234 171 228 175 220 175 176 229 185 226 192 223 197 225 202 224 210 227 218 231 210 238 202 241 197 241 192 240 184 237 180 230 192 230 197 231 202 230 215 231 202 232 197 232 192 232
141 187 144 202 147 217 152 231 160 244 171 255 184 263 198 266 211 264 223 256 232 247 239 235 243 221 246 206 247 191 247 176 152 155 160 151 169 150 178 153 186 157 209 156 217 151 226 149 235 150 242 155 197 169 197 178 198 188 198 198 186 207 192 209 197 211 203 209 208 208 161 171 167 166 176 166 182 172 175 174 167 174 212 172 219 166 227 166 233 171 228 175 220 175 176 229 184 226 192 223 197 225 201 224 210 227 218 231 210 238 202 241 196 242 191 241 184 237 180 230 192 230 197 231 201 231 214 231 202 232 197 233 192 232
141 187 143 202 147 217 152 231 160 244 170 254 183 263 197 266 210 263 221 257 231 247 237 235 242 222 245 207 247 192 247 176 152 155 160 151 169 150 178 153 186 157 208 156 216 152 225 149 234 150 242 155 197 169 197 179 198 189 198 199 186 208 191 210 197 212 203 210 208 208 161 171 167 166 176 166 183 173 175 175 167 175 212 173 219 167 227 166 234 171 228 175 220 175 177 230 184 226 192 224 197 225 201 224 209 227 218 231 210 238 202 241 197 242 191 241 184 237 180 231 192 230 197 231 201 231 214 232 202 232 197 233 192 232
141 188 144 203 147 218 152 233 161 245 171 256 184 264 198 266 211 264 223 257 233 247 240 236 244 222 247 207 248 192 248 177 151 156 159 151 168 150 178 153 186 157 208 156 216 152 225 150 234 151 242 156 197 169 197 179 197 188 197 199 186 208 191 210 197 211 202 210 208 208 161 171 167 166 176 166 182 173 175 175 167 175 212 173 219 167 227 166 233 171 228 175 220 175 177 230 184 226 192 224 197 225 201 224 210 227 218 231 210 239 202 242 197 242 191 241 184 237 180 231 192 230 197 231 201 231 214 232 202 233 197 233 192 232
141 188 143 203 147 218 152 232 160 245 170 255 183 263 197 266 211 263 222 257 232 247 238 235 243 222 246 207 247 192 247 177 151 155 159 151 168 150 178 153 186 157 208 156 216 151 225 149 235 150 242 155 197 169 197 179 197 188 197 198 186 208 191 210 197 211 202 210 208 208 160 171 167 166 175 166 182 173 175 175 166 175 212 173 219 167 227 166 233 171 228 175 220 175 176 230 184 226 192 224 196 225 201 224 209 227 218 231 209 239 202 242 196 242 191 241 184 238 180 231 192 230 196 231 201 231 214 232 201 232 197 233 192 232
140 187 143 202 147 217 152 231 160 244 170 255 183 263 197 266 210 264 222 257 231 247 238 235 242 222 245 207 247 192 247 176 151 155 159 151 169 150 178 152 186 157 208 156 216 152 225 149 234 150 242 155 197 169 197 178 197 188 197 198 186 208 191 210 197 211 202 210 207 208 160 170 167 166 175 166 182 172 175 174 167 174 211 172 219 167 227 166 233 171 228 175 219 175 176 230 184 226 191 223 196 225 201 224 209 227 217 231 209 239 202 242 196 242 191 241 184 238 180 231 191 230 196 231 201 230 213 232 201 233 196 233 191 232
140 187 143 203 147 218 152 232 160 244 171 255 183 263 197 266 210 263 222 257 232 247 239 235 243 221 246 206 248 191 248 176 151 155 159 150 168 150 178 152 186 157 208 156 216 151 225 149 234 150 242 156 197 169 197 178 197 188 197 198 186 207 191 209 196 211 202 210 208 208 160 170 167 166 175 166 182 172 175 174 166 174 211 172 219 166 227 166 233 171 228 175 219 175 176 231 184 226 192 223 196 225 201 224 209 227 217 231 209 239 202 242 196 243 191 242 184 238 180 231 191 230 196 231 201 230 213 232 201 233 196 233 192 232
141 187 143 202 147 217 152 231 160 244 171 255 183 263 197 266 211 264 222 257 232 247 238 235 243 221 246 207 247 191 247 176 152 155 159 150 169 150 178 152 185 157 208 156 216 151 225 149 234 150 242 155 197 169 197 178 197 188 197 198 185 207 191 209 196 211 202 209 207 208 160 170 167 166 175 166 182 172 175 174 166 174 211 172 219 166 227 166 233 171 228 175 219 175 176 231 184 226 192 223 196 225 201 223 209 227 217 232 209 239 201 243 196 243 191 242 184 238 180 231 191 230 196 230 201 230 213 232 201 234 196 234 191 233
141 187 143 202 147 217 152 231 160 244 171 255 183 264 197 266 210 264 222 257 231 247 238 235 242 221 245 206 247 191 247 175 151 155 159 151 168 150 177 153 185 157 208 156 216 151 225 149 234 150 241 155 197 169 197 178 196 188 196 198 185 207 190 209 196 211 202 209 207 207 160 170 167 166 175 166 182 172 175 175 166 175 211 172 219 166 227 166 233 171 227 175 219 175 177 231 184 226 191 223 196 225 201 223 209 227 217 232 209 240 202 243 196 244 191 243 184 239 180 231 191 230 196 230 201 230 213 232 201 234 196 234 191 234
140 188 143 203 147 218 153 233 161 245 171 256 183 264 197 267 211 264 222 258 232 248 239 236 244 222 248 207 250 191 250 176 151 155 159 150 168 150 177 152 185 157 208 156 216 151 225 149 234 150 242 155 197 168 197 178 197 188 197 198 185 207 191 209 196 211 202 209 207 207 160 170 167 166 175 166 182 172 175 174 166 174 211 172 219 166 227 166 233 171 227 174 219 174 177 231 184 226 191 223 196 224 201 223 209 227 217 232 209 240 202 244 196 244 191 244 184 240 181 231 191 229 196 230 201 230 213 232 201 235 196 235 191 234
140 188 143 203 147 218 152 232 160 245 171 256 183 264 197 267 210 265 222 258 232 249 239 237 244 223 247 208 249 192 250 177 151 155 159 151 168 150 177 152 185 157 207 156 216 151 225 149 234 150 242 155 196 169 196 178 196 188 196 198 185 207 190 209 196 211 202 209 207 207 160 170 167 166 175 166 182 172 174 174 166 174 211 172 218 166 227 166 233 171 227 175 219 174 177 232 184 226 191 223 196 225 201 223 209 227 217 232 209 241 201 244 196 245 191 244 184 240 181 232 191 229 196 230 201 230 213 232 201 235 196 235 191 234
140 188 143 203 147 218 152 232 160 245 171 256 183 264 197 267 211 264 222 257 232 247 238 235 242 221 245 206 246 191 247 176 151 155 158 151 168 150 177 152 185 157 207 156 215 151 224 149 234 150 241 155 197 169 197 178 197 188 197 198 185 207 191 209 196 211 202 209 207 207 160 170 166 166 175 166 182 172 174 174 166 174 211 172 218 166 227 166 233 171 227 175 219 174 177 232 184 226 191 223 196 225 201 223 209 227 217 232 209 240 202 244 197 244 191 243 184 240 181 232 191 230 196 230 201 230 213 233 201 234 196 235 192 234
140 188 143 203 147 218 152 233 160 246 171 256 183 264 197 267 211 264 222 257 232 248 239 236 243 222 246 206 247 191 248 176 151 155 159 151 168 150 177 153 185 157 207 156 215 151 225 149 234 150 241 155 196 169 196 179 197 188 197 198 185 208 191 210 196 211 202 210 207 208 160 171 166 166 175 166 181 172 174 174 166 175 211 172 218 167 227 166 233 171 227 175 219 174 177 232 184 226 191 223 196 225 201 223 209 227 217 232 209 240 202 243 196 244 191 243 184 239 181 232 191 230 196 230 201 230 213 233 201 234 196 235 191 234
140 189 143 204 147 219 152 233 161 246 171 257 184 264 198 267 211 264 223 258 233 248 240 236 244 222 248 207 250 192 250 177 151 155 159 151 168 150 177 153 184 157 207 156 215 151 224 149 234 149 242 154 196 169 196 179 196 188 196 198 185 207 190 210 196 211 202 210 207 208 160 171 166 167 175 166 181 172 174 174 166 175 211 172 219 167 227 166 233 171 227 175 219 174 177 232 184 226 191 223 196 225 201 223 209 227 217 232 209 240 202 243 196 244 191 243 184 240 181 232 191 230 196 231 201 230 213 233 201 234 196 235 191 234
140 188 142 203 146 218 152 233 160 246 170 256 183 264 197 267 211 264 222 257 232 248 239 236 243 222 246 207 247 191 247 176 151 156 158 151 168 151 177 153 185 157 207 156 216 151 225 149 234 150 241 156 196 169 196 179 196 189 196 199 185 208 190 210 196 211 202 210 207 208 160 171 166 166 175 166 181 173 174 175 166 175 211 173 218 167 227 166 233 171 227 175 219 175 177 232 184 227 191 223 196 225 201 224 209 227 217 233 209 240 202 243 196 243 191 243 184 239 181 232 191 230 196 231 201 231 213 233 201 234 196 234 191 234
140 188 142 203 146 218 152 232 160 245 170 256 183 264 197 267 211 264 222 257 232 248 239 236 243 222 246 207 247 192 248 176 151 156 159 151 168 151 177 153 185 157 207 156 215 152 224 150 234 150 241 155 197 169 197 179 197 189 197 199 185 208 190 210 196 211 202 210 207 208 160 171 167 167 175 167 181 173 174 175 166 175 211 173 219 167 227 167 233 171 227 175 219 175 176 232 184 227 191 223 196 225 201 224 209 227 216 233 209 240 202 243 196 243 191 243 183 239 180 232 191 231 196 231 201 231 213 233 201 234 196 234 191 234
140 188 142 203 146 218 152 232 160 245 170 256 183 264 197 266 211 264 222 257 232 248 239 236 243 222 245 207 247 191 247 176 151 156 159 151 168 151 177 153 185 157 207 156 215 152 224 149 233 150 241 155 196 169 197 179 197 188 197 199 185 208 191 210 196 211 202 210 207 208 160 171 167 167 175 166 182 173 174 175 166 175 211 172 218 166 226 166 232 171 227 175 219 174 177 232 184 227 191 223 196 225 201 224 209 227 217 232 209 240 202 243 196 243 191 242 183 239 180 232 191 230 196 231 201 230 213 233 201 234 196 234 191 233
