129 185 132 199 135 213 140 227 147 240 157 250 169 258 183 260 198 258 211 251 222 242 229 231 233 218 234 203 235 188 235 173 137 154 143 148 152 147 160 149 168 153 189 152 197 148 207 145 216 147 225 152 178 166 178 175 177 184 177 194 169 204 173 206 178 207 184 205 189 204 146 169 152 164 160 164 166 170 159 172 151 173 195 170 202 164 210 163 216 168 210 172 202 172 161 225 169 223 175 221 179 223 183 222 192 224 202 226 193 231 185 233 180 233 176 233 169 230 165 226 175 227 180 228 184 227 199 226 184 228 180 228 176 227
129 185 132 199 135 213 139 227 146 239 156 249 168 257 182 260 197 258 210 252 222 243 229 232 234 218 235 203 236 188 236 173 137 153 143 148 152 147 160 149 168 153 189 152 197 148 207 145 216 147 225 152 178 166 178 175 177 184 177 194 169 204 173 206 178 207 184 205 190 204 146 169 152 164 159 164 166 170 159 172 151 172 195 170 202 164 210 163 216 168 210 172 202 171 160 225 168 223 175 221 179 222 184 221 192 223 203 225 193 230 185 232 180 232 175 232 168 230 164 225 175 226 179 227 184 226 199 225 184 227 180 227 175 227
129 184 131 198 135 212 139 226 146 239 156 249 168 257 183 260 198 258 211 251 221 242 229 231 233 217 235 202 235 187 235 172 136 153 143 148 152 147 160 149 168 153 189 152 197 148 207 145 216 147 225 151 178 166 178 175 177 184 177 194 168 203 173 205 178 206 184 205 189 203 146 168 152 164 160 164 166 170 159 172 151 172 195 169 202 164 210 163 216 168 210 171 202 171 161 225 168 222 175 220 179 222 184 220 192 223 202 225 193 230 185 232 180 233 175 232 169 230 164 225 175 226 179 227 184 226 199 225 184 227 180 227 175 227
129 185 132 199 135 213 139 227 146 239 156 249 168 257 182 260 197 258 210 252 221 243 229 232 233 218 235 203 235 188 236 173 137 153 143 148 152 147 160 149 168 153 189 153 197 148 207 145 216 147 225 152 178 166 178 175 177 184 177 194 168 203 173 205 178 206 184 205 189 203 146 168 152 164 159 164 166 170 159 172 151 172 195 169 202 164 210 163 216 168 210 171 202 171 161 225 168 222 175 220 179 222 183 220 192 223 203 225 193 230 185 232 180 232 176 232 169 230 164 225 175 226 179 227 184 226 199 225 184 227 180 227 176 226
129 184 132 198 134 213 139 227 146 239 156 249 168 257 182 260 197 258 210 252 221 243 229 231 233 218 235 203 235 188 236 172 137 153 143 148 152 147 160 149 168 153 189 153 197 148 207 145 216 147 225 152 178 166 178 175 177 184 177 194 168 203 173 205 178 206 184 205 190 203 146 168 152 164 159 164 166 170 159 172 151 172 195 169 202 164 210 163 216 168 210 171 202 171 161 225 168 222 175 220 179 221 183 220 192 222 202 225 193 230 185 232 180 232 175 232 168 230 164 225 175 226 179 226 184 226 199 225 184 227 180 227 175 226
129 185 132 199 135 214 139 227 146 239 156 250 168 257 182 260 197 258 210 252 221 243 229 232 233 218 235 203 236 188 236 173 137 153 144 148 152 147 161 149 168 153 189 152 197 148 207 145 216 146 225 151 178 165 178 175 177 184 177 194 169 203 173 205 178 206 184 205 190 203 146 168 152 164 160 164 166 170 159 172 151 172 195 169 202 164 210 163 216 167 210 171 202 171 161 225 168 222 175 220 179 221 184 220 192 222 202 225 193 231 185 233 180 233 175 232 168 230 164 225 175 226 179 226 184 226 198 226 184 226 180 227 175 226
129 186 132 200 135 215 140 228 147 241 157 251 169 259 182 261 197 259 210 252 221 244 229 232 233 219 235 203 236 188 236 173 137 152 144 148 152 147 161 149 168 153 189 153 197 148 207 145 216 146 225 151 178 166 178 175 177 184 177 194 168 203 173 205 178 206 184 205 190 203 146 168 152 164 160 164 166 170 159 172 151 172 195 169 202 164 210 163 216 167 210 171 202 171 162 226 168 222 175 219 179 221 184 219 192 222 202 226 193 233 185 236 180 236 175 236 168 233 165 226 175 226 179 226 184 226 198 226 184 227 180 228 175 227
129 186 132 200 135 214 140 228 147 241 157 251 168 259 182 262 197 260 210 253 221 244 229 233 234 219 235 204 236 188 237 173 137 152 144 147 153 147 161 149 169 153 189 153 197 148 206 145 216 146 225 151 178 166 178 175 177 184 177 194 168 203 173 205 178 206 184 205 190 203 146 168 152 164 160 164 166 170 159 172 151 172 195 169 202 164 210 163 216 168 210 171 202 171 162 227 168 222 174 218 179 220 184 218 193 222 202 227 193 235 185 238 180 239 174 238 168 235 165 227 174 225 179 226 184 225 198 227 185 230 180 230 175 230
129 185 132 199 135 214 140 228 147 241 158 252 169 260 183 263 197 260 210 253 222 244 229 232 234 218 236 203 237 187 238 172 137 152 143 148 152 147 161 149 169 153 189 152 197 148 207 145 217 146 226 151 178 165 178 175 177 184 177 194 169 203 173 205 178 206 184 205 190 203 146 168 152 164 160 164 166 169 159 172 151 172 195 169 202 163 210 163 216 167 210 171 202 171 162 227 168 221 175 218 179 219 184 218 193 222 202 227 194 236 185 240 180 241 175 240 168 236 166 227 175 225 179 225 184 225 198 227 185 231 180 232 175 231
129 185 132 199 135 213 140 227 147 240 158 251 169 259 183 262 198 259 210 252 222 243 229 231 234 217 236 202 237 187 238 171 137 152 144 147 152 147 161 149 168 153 189 153 197 148 207 145 217 146 226 151 178 166 178 175 177 184 177 194 169 203 173 205 178 206 184 205 189 203 146 168 152 164 160 164 166 170 159 172 151 172 195 169 202 163 210 163 216 167 210 171 202 171 162 227 167 221 174 218 179 219 184 218 193 221 201 227 193 236 185 239 180 240 175 239 168 235 165 227 175 224 179 225 184 224 198 227 184 231 180 231 175 231
129 186 132 200 135 215 140 229 148 241 158 251 170 259 184 261 198 259 211 252 222 243 229 231 233 218 235 203 236 188 237 172 137 153 144 148 152 147 161 149 168 153 189 153 197 148 206 145 216 146 225 151 178 166 178 175 177 184 177 194 169 203 173 205 178 206 184 205 190 203 146 168 152 164 160 164 166 170 159 172 151 172 195 169 202 163 210 163 216 168 210 171 202 171 162 226 168 221 175 218 179 220 184 218 193 221 202 226 193 234 185 237 180 238 175 237 168 234 165 226 175 224 180 225 184 224 198 226 185 229 180 230 175 229
129 185 132 199 135 214 140 228 147 240 158 250 169 258 183 261 198 258 210 251 221 243 229 231 233 218 235 203 236 188 236 173 137 153 144 148 152 147 161 149 168 154 189 153 197 148 207 146 216 147 225 151 178 166 178 175 177 184 177 194 169 203 173 205 178 206 184 205 190 203 146 169 152 164 160 164 166 170 159 172 151 172 195 169 202 164 210 163 216 168 210 171 202 171 161 226 168 221 175 218 180 220 184 218 193 221 202 226 194 233 186 236 180 237 175 236 168 233 165 226 175 224 180 225 185 224 198 226 185 229 180 229 175 229
129 186 132 200 135 215 140 228 147 240 157 251 169 259 182 261 197 259 209 253 221 244 229 233 233 219 235 204 236 189 237 174 137 153 144 148 152 147 161 149 169 154 189 153 198 148 207 146 217 147 225 152 179 166 178 175 178 184 177 194 169 203 173 205 179 207 184 205 190 203 146 169 152 165 160 164 166 170 159 172 151 173 195 169 202 164 210 164 216 168 210 172 202 171 161 226 168 221 175 218 179 220 184 218 193 221 203 226 194 234 185 237 180 238 175 237 168 233 165 226 175 224 180 225 185 224 199 226 185 229 180 230 175 229
129 186 132 200 136 215 140 229 147 241 158 251 169 259 183 262 197 260 210 253 221 244 229 232 234 218 236 203 237 188 237 172 137 154 144 149 152 147 161 150 169 154 189 153 197 148 207 146 217 147 225 152 179 166 178 175 178 185 177 195 168 204 173 206 178 207 184 205 190 203 146 169 152 164 160 164 166 170 159 172 152 172 195 169 202 164 210 164 216 168 210 171 202 171 161 227 168 222 175 219 180 220 184 219 193 222 202 227 194 235 185 238 180 239 175 238 168 235 165 227 175 225 180 225 185 225 198 227 185 230 180 231 175 230
130 186 132 200 136 215 140 229 147 241 158 251 169 259 183 261 197 259 210 252 221 244 229 232 234 219 236 204 236 189 236 174 137 154 144 149 152 148 161 150 169 154 190 153 198 149 207 147 217 148 225 153 179 166 178 176 178 185 177 195 169 204 174 206 179 207 185 206 190 204 146 169 152 165 160 165 166 171 159 173 151 173 195 170 202 164 210 164 217 168 211 172 203 172 161 227 168 222 175 219 180 221 184 219 193 222 202 227 193 233 186 235 180 236 175 235 168 232 165 227 175 225 180 226 185 225 198 227 185 228 180 228 175 228
130 186 132 200 136 215 140 229 148 241 158 252 169 259 183 262 198 259 210 252 221 243 229 232 233 218 235 203 236 188 236 173 137 154 144 149 153 148 161 150 169 154 190 154 198 149 207 147 216 148 225 152 179 166 179 176 178 185 178 195 169 204 174 206 179 207 185 206 190 204 146 169 152 165 160 165 167 170 159 172 152 173 195 170 202 164 210 164 216 168 210 172 202 172 162 226 168 222 175 219 180 221 184 219 193 222 202 226 193 232 186 234 181 235 176 234 169 231 165 226 175 225 180 226 185 225 198 226 185 227 181 227 176 227
130 186 132 200 136 215 140 229 147 242 157 252 169 260 183 263 198 260 211 253 222 244 229 232 234 219 235 203 236 188 236 173 137 154 144 149 152 148 161 150 169 154 190 153 198 149 207 147 217 148 225 153 179 166 179 176 178 185 178 195 169 204 174 206 179 207 185 206 190 204 146 169 152 165 160 165 166 170 159 172 152 173 195 170 202 164 210 164 216 168 210 172 203 172 162 227 168 222 175 219 180 221 185 219 193 222 202 227 194 234 186 237 180 237 175 236 168 233 165 227 175 226 180 226 185 226 198 227 185 229 180 229 175 228
129 187 132 201 136 215 140 230 148 242 158 253 169 261 183 263 198 261 211 254 222 245 230 233 234 219 236 204 236 189 237 173 137 154 144 149 153 148 161 150 169 154 190 154 198 149 207 147 217 148 226 153 179 166 179 176 178 185 178 195 169 204 174 206 179 207 185 206 190 204 146 169 152 165 160 164 166 170 159 172 152 172 195 170 202 165 210 164 216 168 211 172 203 172 162 227 168 222 175 219 180 221 185 219 194 223 202 227 194 236 186 240 180 241 175 240 168 236 165 227 175 225 180 226 185 225 198 228 185 231 180 232 175 231
129 187 132 201 136 216 140 230 148 242 158 252 170 260 184 262 198 260 210 253 221 244 229 232 233 219 235 204 236 189 236 173 137 154 144 149 153 148 161 150 169 155 189 154 197 149 207 147 216 148 225 153 179 166 179 176 178 186 178 196 169 204 174 206 179 207 185 206 190 204 146 169 152 165 160 165 167 170 159 172 152 173 195 170 202 164 210 164 216 168 210 172 202 172 161 226 167 222 175 219 180 220 185 219 194 222 203 227 194 235 186 239 180 239 175 239 168 234 164 227 175 224 180 225 185 224 199 227 185 231 180 231 175 230
129 186 132 200 135 215 139 229 147 241 158 251 169 259 183 261 198 259 210 252 222 243 230 232 234 218 236 203 237 188 237 172 137 154 144 149 152 148 161 150 169 154 189 154 197 149 207 147 217 148 226 153 179 166 178 176 178 185 177 195 169 204 173 206 179 207 185 205 190 203 146 169 152 164 160 164 167 170 159 172 152 172 195 170 202 164 210 164 216 168 210 172 203 172 161 226 167 221 175 218 180 220 185 218 194 221 203 226 194 234 186 238 180 239 175 238 168 234 164 226 175 224 180 224 185 224 199 226 185 230 180 231 175 230
130 186 132 200 135 215 140 229 147 241 158 251 170 259 184 262 198 259 211 252 222 243 230 232 234 218 236 203 237 188 238 173 137 153 144 149 153 148 161 150 169 155 190 154 198 149 208 147 217 148 226 153 179 166 179 176 178 186 177 196 169 204 173 206 179 207 185 205 190 204 146 169 152 165 160 165 167 170 159 172 152 172 195 170 202 165 210 164 216 169 211 172 203 172 160 227 167 221 175 218 180 220 185 218 194 221 203 226 195 235 186 239 180 239 175 238 167 234 164 227 175 224 180 224 185 224 199 227 186 231 180 231 175 231
130 186 132 201 135 215 140 230 147 242 158 252 170 260 184 262 198 260 211 253 222 244 230 232 234 218 236 203 237 188 237 173 137 154 144 149 153 148 161 150 169 155 189 154 198 149 208 147 217 148 226 153 179 167 179 176 178 186 178 196 169 204 174 206 179 207 185 206 190 204 147 169 152 165 160 165 167 170 160 173 152 173 195 170 202 165 210 164 216 168 210 172 203 172 161 227 167 222 174 218 180 220 185 219 194 222 204 227 195 236 186 239 180 240 175 239 167 235 164 227 175 224 180 224 185 224 200 227 186 232 180 232 175 232
130 187 133 201 136 216 141 230 148 242 158 253 170 261 184 263 198 261 211 253 222 244 230 233 234 219 236 204 237 189 237 173 137 154 144 149 153 148 161 150 169 155 189 154 198 149 207 147 217 148 226 153 179 167 179 176 178 186 178 195 169 204 174 206 179 207 185 206 190 204 146 169 152 165 160 165 167 171 159 173 152 173 195 170 202 165 210 164 216 169 211 172 203 172 161 227 167 222 175 219 180 220 185 219 194 222 203 227 195 237 186 240 180 241 175 240 168 236 165 227 175 224 180 225 185 224 199 228 186 232 180 233 175 232
130 185 132 200 135 214 140 229 147 241 157 252 169 259 184 262 198 259 211 252 222 243 230 231 234 217 236 202 236 187 236 172 137 154 144 149 153 148 161 150 169 155 190 154 198 150 207 147 217 148 225 153 179 167 179 176 178 186 178 196 169 204 174 206 179 208 185 206 191 204 147 169 152 165 160 165 167 171 159 173 152 173 195 170 202 165 210 164 216 169 210 172 203 172 162 227 168 222 175 219 180 221 185 219 194 222 203 227 194 235 186 238 181 238 175 238 168 234 165 227 175 225 180 225 185 225 199 227 185 230 181 230 175 230
130 186 132 199 136 214 140 228 147 240 157 250 169 258 183 261 198 259 211 252 222 243 230 232 234 219 236 204 237 189 237 173 137 153 144 148 153 148 161 150 169 155 190 154 198 149 207 147 217 148 226 152 179 167 179 176 178 186 178 196 169 204 173 206 179 208 185 206 190 204 147 169 152 165 160 165 167 171 159 173 152 173 196 170 202 165 210 165 217 169 211 172 203 172 161 226 168 222 175 219 180 221 185 219 193 222 203 226 194 232 186 235 180 236 175 235 168 232 165 226 175 225 180 226 185 225 199 226 185 227 180 228 175 227
130 186 133 200 136 214 140 228 147 240 157 250 169 257 183 260 198 258 211 252 222 243 230 232 234 218 236 203 238 188 238 173 138 153 145 149 153 148 161 150 169 154 190 154 198 149 208 147 217 148 226 153 179 167 179 176 178 186 178 196 169 204 174 206 179 207 185 206 190 204 147 169 153 165 160 165 167 171 160 173 152 173 196 170 203 165 210 164 217 169 211 172 203 172 162 226 168 222 175 219 180 220 185 219 193 222 203 226 194 232 186 234 180 235 175 234 168 231 165 226 175 225 180 225 185 225 199 226 185 227 180 227 175 226
130 186 132 200 136 214 140 228 148 240 158 250 170 258 184 260 198 258 211 251 222 242 230 231 234 217 236 203 237 188 237 173 137 154 144 149 153 148 161 150 169 154 190 154 198 149 208 147 217 148 226 153 179 166 179 176 178 186 178 195 169 204 174 206 179 207 185 206 191 204 146 169 153 165 160 165 167 171 160 173 152 173 196 170 203 165 210 164 217 168 211 172 203 172 161 227 168 222 175 219 180 220 185 219 193 222 202 226 194 232 186 235 181 236 175 235 168 232 165 226 175 225 180 225 185 225 198 226 185 227 180 228 175 227
130 187 133 201 136 215 140 229 148 242 158 251 170 259 184 262 199 259 211 252 223 243 230 231 234 218 236 203 237 188 237 173 137 154 144 149 153 148 161 150 169 154 190 154 198 149 208 147 217 148 226 153 179 167 179 176 179 186 178 195 169 204 174 206 179 207 185 206 191 204 147 169 153 165 160 165 167 171 160 173 152 173 196 170 203 165 210 165 217 169 211 172 203 172 162 227 169 222 176 219 180 220 185 219 194 222 203 227 194 234 186 238 181 238 175 237 169 234 166 227 176 224 180 225 185 225 199 227 186 229 181 230 176 229
130 186 132 201 136 216 141 230 149 242 159 253 170 261 184 263 197 261 210 254 221 245 229 233 234 220 236 205 237 189 238 174 137 154 144 149 153 148 162 150 169 155 190 154 199 149 208 147 218 148 227 153 180 166 179 176 179 186 178 195 169 204 174 206 179 207 185 206 191 204 147 169 153 165 161 165 167 170 160 172 152 173 196 170 203 165 211 165 217 169 211 172 203 172 162 228 168 222 175 219 180 220 185 219 194 222 203 228 194 236 186 240 181 240 175 239 168 235 166 228 175 224 180 225 185 224 198 228 186 231 181 231 176 231
130 186 132 201 136 216 140 230 148 242 158 252 170 260 183 263 197 261 210 253 222 244 230 233 234 219 236 204 237 188 238 173 137 153 144 148 153 148 162 150 169 154 190 154 199 149 208 147 218 148 226 153 179 167 179 176 178 185 178 195 169 204 174 206 179 207 185 206 191 204 147 169 153 165 160 165 167 170 160 172 152 173 196 170 203 165 211 165 217 169 211 172 203 172 162 228 168 222 175 219 180 220 185 219 194 223 202 228 194 236 186 240 180 241 175 240 168 235 166 228 175 225 180 225 185 225 198 228 185 231 180 232 176 231
130 186 132 200 136 215 140 229 148 242 158 252 170 260 184 263 198 260 210 253 222 244 230 232 234 218 236 203 237 187 238 172 137 153 144 149 153 148 162 150 169 155 190 154 198 149 208 147 217 147 226 152 179 167 179 176 178 186 178 196 169 204 174 206 179 208 185 206 190 204 147 169 153 165 160 165 167 171 160 173 152 173 196 170 203 165 210 165 217 169 211 172 203 172 162 228 168 222 175 219 180 221 185 219 193 223 202 228 194 236 186 240 180 240 175 239 168 235 166 227 175 225 180 225 185 225 198 228 185 231 180 231 175 231
130 185 132 199 135 214 140 228 147 240 158 251 169 259 183 262 198 259 210 252 222 243 230 232 234 218 236 203 237 188 238 172 138 153 145 149 153 148 162 150 169 155 190 154 198 149 208 147 217 148 226 152 179 167 179 176 178 186 178 196 169 204 174 206 179 208 185 206 190 204 147 169 152 165 160 165 167 171 160 173 152 173 196 170 202 165 210 165 217 169 211 172 203 172 162 227 168 222 175 219 180 221 184 220 193 223 202 228 194 235 186 238 180 238 175 237 168 234 166 227 175 225 180 226 185 225 198 228 185 229 180 230 175 229
130 186 133 200 136 215 140 229 148 241 158 251 170 259 184 261 198 259 211 252 222 243 230 232 234 218 236 204 237 189 237 173 137 153 144 149 153 148 161 150 169 155 190 154 198 149 208 147 217 148 226 153 179 167 179 176 178 186 178 196 169 204 174 206 179 207 185 206 190 204 147 169 153 165 160 165 167 171 160 173 152 173 195 170 202 165 210 165 217 169 211 173 203 172 162 227 168 223 175 219 180 221 185 220 193 223 202 227 194 234 186 237 180 237 175 237 169 233 166 227 175 226 180 226 185 226 198 227 185 229 180 229 176 228
130 186 133 200 136 214 140 228 147 241 158 251 169 259 183 262 198 259 211 252 222 243 230 232 234 218 236 203 237 188 237 173 137 153 144 149 153 148 161 151 169 155 190 154 198 149 207 147 217 148 226 152 179 167 179 176 178 186 178 196 169 204 174 206 179 208 185 206 190 204 147 169 152 165 160 165 167 171 160 173 152 173 195 170 202 165 210 164 217 169 211 172 203 172 162 227 168 222 175 219 180 221 185 220 193 223 202 227 194 234 186 237 180 238 175 237 168 234 166 227 175 226 180 226 185 226 198 228 185 229 180 229 176 229
130 186 132 199 135 214 140 228 147 240 157 251 169 259 183 262 197 259 210 252 222 243 230 232 234 218 236 203 237 188 237 173 137 153 144 149 153 148 161 150 169 154 190 154 198 149 208 147 217 148 226 153 179 167 179 176 178 186 177 195 169 204 174 206 179 207 185 206 190 204 147 169 153 165 160 165 167 171 160 173 152 173 195 170 202 165 210 164 217 169 211 172 203 172 162 227 168 222 175 219 180 221 185 219 193 223 202 228 194 235 186 238 180 238 175 238 169 234 166 227 175 225 180 226 185 225 198 228 185 230 180 230 175 229
130 186 133 201 136 215 141 229 148 242 159 252 170 260 184 262 198 260 211 253 223 244 231 233 235 219 237 204 238 188 239 173 137 154 144 149 153 148 162 150 169 154 190 154 198 149 208 147 218 148 227 153 179 167 179 176 178 186 178 196 169 204 174 206 179 208 185 206 190 204 146 169 152 165 160 165 167 171 160 173 152 173 196 170 203 165 211 164 217 169 211 172 203 172 163 228 169 222 175 219 180 221 185 220 193 223 202 229 194 236 186 239 181 240 176 239 169 235 167 228 175 225 180 225 185 225 198 228 185 230 181 231 176 230
130 186 132 201 136 215 141 229 149 242 159 252 171 260 184 262 198 260 211 253 222 244 230 232 234 218 236 203 238 188 238 172 137 153 144 149 153 148 161 151 169 155 190 154 198 150 208 147 217 148 226 152 179 167 179 177 178 186 178 196 170 205 174 207 179 208 185 206 190 205 146 169 152 165 160 165 167 171 160 173 152 173 196 170 203 165 210 165 217 169 211 173 203 172 162 228 169 223 175 219 180 221 185 220 193 223 202 229 194 236 186 240 181 240 175 239 169 236 166 228 175 225 180 226 185 226 198 229 185 231 181 231 176 230
130 186 132 200 136 215 141 229 149 242 159 252 170 260 184 263 198 260 211 253 222 244 230 232 234 218 236 203 237 187 238 172 138 154 145 149 153 148 162 151 170 155 190 154 198 150 208 147 217 148 226 153 179 167 179 177 178 186 178 196 169 204 174 207 179 208 185 206 190 205 147 169 153 165 160 165 167 171 160 173 152 173 196 170 202 165 210 165 217 169 211 172 203 172 163 228 169 223 175 220 180 221 185 220 193 223 202 229 194 236 186 240 181 240 176 239 169 235 166 228 176 225 180 226 185 226 198 229 185 231 181 232 176 231
130 186 132 200 136 215 141 229 149 242 159 252 170 260 184 263 198 260 211 253 222 244 230 232 234 218 236 203 237 188 238 172 137 154 144 149 153 149 162 151 170 155 190 154 198 150 208 148 218 149 226 153 179 167 179 177 179 186 178 196 170 205 174 207 179 208 185 207 191 205 147 169 153 165 161 165 167 171 160 173 152 173 196 171 203 165 211 165 217 169 211 173 203 172 163 228 169 223 175 219 180 221 185 220 193 223 202 229 194 236 186 240 181 240 175 239 169 236 166 228 176 225 180 226 185 226 198 229 185 231 181 232 176 231
130 185 132 199 136 215 141 229 148 241 159 252 170 260 184 263 198 260 211 253 222 244 230 232 235 218 237 202 238 187 238 172 137 154 144 149 153 148 162 151 170 155 190 155 198 150 208 147 218 148 226 153 179 167 179 177 178 186 178 196 169 205 174 207 179 208 185 206 191 205 147 169 153 165 161 165 167 171 160 173 152 173 196 170 203 165 210 165 217 169 211 173 203 172 163 228 169 223 175 220 180 221 185 220 193 223 202 229 194 236 186 239 181 240 175 239 169 235 167 228 175 226 180 226 185 226 198 229 185 231 181 231 176 230
130 186 133 200 136 215 141 229 148 241 158 252 170 260 184 262 198 260 210 253 222 244 230 232 234 219 236 203 238 188 238 173 138 154 145 149 153 148 162 151 169 155 190 155 198 150 208 147 218 148 227 153 179 167 179 177 178 186 178 196 169 205 174 207 179 208 185 207 190 205 147 169 153 165 161 165 167 171 160 173 152 173 196 170 203 165 211 165 217 169 211 173 203 173 163 228 169 223 175 220 180 221 185 220 193 223 202 229 194 236 186 239 181 239 175 238 169 235 166 228 175 226 180 226 185 226 198 229 185 230 181 231 176 230
130 186 133 200 136 215 141 229 148 241 158 252 170 259 183 262 198 260 211 254 222 245 230 233 234 220 237 204 238 189 238 173 137 154 144 149 153 148 161 151 169 155 190 154 198 150 208 148 217 148 226 153 179 167 179 177 179 186 178 196 170 205 174 207 179 208 185 207 190 205 147 169 153 165 161 165 167 171 160 173 152 173 196 171 203 165 211 165 217 169 211 173 203 173 163 228 169 223 175 220 180 221 185 220 193 223 202 229 194 236 186 239 181 239 176 238 169 234 166 228 175 226 180 227 185 226 198 229 185 230 181 230 176 230
129 186 132 200 136 215 141 229 148 241 158 252 170 259 184 262 198 260 211 253 222 245 230 233 235 219 237 204 238 188 239 172 137 153 145 149 153 148 162 151 170 155 190 155 198 150 208 147 218 148 227 153 180 167 179 177 178 186 178 196 169 205 174 207 179 208 185 207 190 205 147 169 153 165 161 165 167 171 160 173 152 173 196 171 203 165 211 165 217 169 211 173 204 173 163 228 169 223 175 220 180 221 185 220 194 223 202 229 194 236 186 238 181 239 176 238 169 234 166 228 175 226 180 226 185 226 198 229 186 230 181 230 176 230
130 186 133 200 136 215 141 229 148 241 158 251 169 259 183 262 197 260 210 253 222 244 230 233 235 219 237 204 238 189 238 174 138 153 145 149 153 148 162 151 169 155 190 154 199 150 208 147 218 148 227 153 180 167 179 177 179 186 178 196 169 205 174 207 179 208 185 207 191 205 147 169 153 165 161 165 167 171 160 173 152 173 196 171 203 165 211 165 217 169 211 173 204 173 163 228 169 223 175 220 180 222 185 220 193 224 202 229 194 236 186 238 181 239 176 238 169 234 167 228 175 226 180 227 185 226 198 229 186 230 181 230 176 229
130 186 133 200 136 215 141 229 149 241 159 251 170 259 184 262 198 260 211 253 222 244 230 233 235 219 237 204 238 189 239 173 138 153 145 149 154 148 162 151 170 155 190 154 199 150 208 147 218 148 227 152 180 167 179 177 179 186 178 196 170 205 174 207 179 208 185 207 191 205 147 169 153 165 161 165 167 171 160 173 153 173 196 171 203 165 211 165 218 169 212 173 204 173 163 228 169 223 176 220 180 221 185 220 194 223 202 229 194 236 186 238 181 239 176 238 169 234 167 228 176 226 180 227 185 226 198 229 186 230 181 230 176 229
130 187 133 201 136 215 141 229 148 241 159 252 170 259 184 262 198 260 211 253 222 244 230 233 235 219 237 204 238 189 238 174 138 154 145 149 153 148 162 151 169 155 190 154 198 150 208 147 218 148 226 153 180 167 179 177 179 186 178 196 169 205 174 207 179 208 185 207 191 205 147 169 153 165 161 165 167 171 160 173 152 173 196 171 203 165 211 165 217 169 211 173 203 173 163 228 169 223 175 220 180 222 185 220 194 224 202 229 194 235 186 238 181 239 176 238 169 234 167 228 176 226 180 227 185 226 198 229 186 230 181 230 176 229
130 187 133 201 136 216 141 229 149 242 159 252 170 259 184 262 198 260 211 253 222 244 230 233 235 219 237 204 238 189 238 173 138 153 145 149 153 148 162 151 169 155 190 154 198 150 208 147 217 148 226 153 179 167 179 177 179 186 178 196 169 205 174 207 179 208 185 207 191 205 147 169 153 165 161 165 167 171 160 173 152 173 196 170 203 165 211 165 217 169 211 173 203 173 163 228 169 223 175 220 180 221 185 220 193 223 202 229 194 236 186 238 181 239 176 238 169 235 167 228 175 226 180 227 185 226 198 229 185 230 181 230 176 229
130 187 133 201 136 215 141 229 148 241 159 251 170 259 184 262 198 260 211 253 223 244 230 232 235 219 236 204 237 189 238 174 138 153 145 149 153 149 162 151 169 155 190 154 199 150 208 147 218 148 226 153 179 167 179 177 179 186 178 196 170 205 174 207 179 208 185 207 191 205 147 169 153 165 161 165 167 171 160 173 152 173 196 171 203 165 211 165 217 169 212 173 204 173 163 228 169 223 176 220 180 222 185 220 194 224 203 229 194 236 186 238 181 239 176 238 169 234 167 228 176 226 180 227 185 226 198 229 186 230 181 230 176 229
130 186 133 200 136 215 141 229 148 241 158 251 170 259 184 262 198 260 211 253 222 244 230 233 235 219 237 204 238 189 239 173 138 154 145 149 153 149 162 151 169 155 190 154 199 150 208 147 218 148 227 153 179 168 179 177 178 186 178 196 169 205 174 207 179 208 185 207 190 205 147 170 153 165 161 165 167 171 160 174 152 174 196 171 203 165 211 165 217 169 211 173 203 173 163 228 168 223 175 220 180 221 185 220 193 223 202 229 194 236 186 238 181 239 175 238 169 235 166 228 175 226 180 226 185 226 198 229 185 230 180 230 176 230
130 187 133 201 136 215 141 229 149 241 159 251 170 259 184 262 198 260 211 253 222 244 230 233 235 219 237 204 238 189 238 173 138 153 145 149 153 149 162 151 169 155 190 154 198 150 208 148 217 148 226 153 179 168 179 177 178 186 178 196 170 205 174 207 179 208 185 207 190 205 147 170 153 165 161 165 167 171 160 173 152 173 196 171 203 165 211 165 217 169 211 173 203 173 163 228 169 223 175 220 180 221 185 220 193 223 202 229 194 236 186 238 181 239 176 238 169 234 167 228 176 226 180 226 185 226 198 229 186 230 181 230 176 229
130 186 133 200 136 215 141 229 148 241 158 251 170 259 184 261 198 259 211 253 222 244 230 233 234 219 237 204 238 189 239 174 137 154 144 149 153 148 162 151 169 155 190 154 198 150 208 147 218 148 227 153 179 167 179 177 178 186 178 196 169 205 174 207 179 208 185 207 190 205 147 170 153 165 161 165 167 171 160 174 152 174 196 171 203 165 211 165 217 170 211 173 203 173 163 228 169 223 175 220 180 221 185 220 193 223 202 229 194 236 186 238 181 239 175 238 169 234 167 228 175 226 180 226 185 226 198 229 186 230 181 230 176 229
130 186 133 200 136 215 141 229 149 241 159 252 170 259 184 262 198 260 211 253 222 244 230 232 235 218 237 203 238 188 239 172 137 153 145 149 153 148 162 151 169 155 190 154 198 150 208 147 218 148 227 153 179 167 179 177 179 186 178 196 169 205 174 207 179 208 185 207 191 205 147 169 153 165 161 165 167 171 160 173 152 173 196 171 203 165 211 165 217 169 211 173 203 173 163 228 169 223 175 220 180 221 185 220 193 223 202 229 194 236 186 238 181 239 176 238 169 234 167 228 176 226 180 226 185 226 198 229 185 230 181 230 176 229
130 186 133 200 136 215 141 229 148 241 158 252 170 259 184 262 198 260 211 253 222 244 230 232 235 219 237 204 238 189 238 173 138 153 145 149 153 149 162 151 169 155 190 154 198 150 208 147 218 148 226 153 179 167 179 177 178 186 178 196 169 205 174 207 179 208 185 207 190 205 147 169 153 165 161 165 167 171 160 173 152 173 196 171 203 165 211 165 217 169 211 173 203 173 163 228 169 223 175 220 180 221 185 220 193 223 202 229 194 236 186 238 181 239 176 238 169 234 166 228 175 226 180 226 185 226 198 229 186 230 181 230 176 229
130 187 133 201 136 215 141 229 148 241 158 252 170 259 184 262 198 260 211 253 222 244 230 232 234 219 236 204 237 189 237 174 137 154 144 149 153 149 162 151 169 155 190 154 198 150 208 147 217 148 226 153 179 167 179 177 178 186 178 196 169 205 174 207 179 208 185 207 190 205 147 170 153 165 160 165 167 171 160 173 152 173 196 171 203 165 210 165 217 169 211 173 203 173 163 228 168 223 175 220 180 221 185 220 193 223 202 229 194 236 186 238 180 239 175 238 169 234 166 228 175 226 180 226 185 226 198 229 185 230 180 230 176 229
129 187 132 201 136 216 140 229 148 241 158 251 170 259 183 262 197 260 210 253 222 244 230 233 234 219 236 204 237 189 238 174 137 153 145 149 153 148 161 151 169 155 189 154 198 150 207 147 217 148 226 153 179 168 179 177 178 186 178 196 169 205 174 207 179 208 185 207 190 205 146 169 152 165 160 165 167 171 160 173 152 173 196 171 202 165 210 165 217 169 211 173 203 173 162 228 168 223 175 220 180 221 185 220 193 223 202 229 194 235 186 238 180 239 175 238 168 235 166 228 175 226 180 226 185 226 198 229 185 230 180 230 175 229
129 187 132 201 136 215 140 229 148 241 158 251 170 259 184 261 198 259 211 252 222 244 230 232 234 219 236 204 237 188 237 173 137 154 144 149 153 149 161 151 169 155 190 154 198 149 207 147 217 148 225 153 179 167 179 177 178 186 178 196 169 205 174 207 179 208 185 206 190 205 146 170 152 165 160 165 167 171 160 173 152 173 195 171 202 165 210 165 217 169 211 173 203 173 163 228 169 223 175 219 180 221 185 220 193 223 202 229 194 235 186 238 180 238 175 238 169 234 166 228 175 226 180 226 185 226 198 229 185 230 180 230 176 229
129 187 132 200 135 215 140 229 147 241 158 251 169 259 184 261 198 259 211 252 222 243 230 232 234 218 236 203 237 188 237 173 137 154 144 149 152 148 161 151 169 155 189 154 198 149 207 147 217 148 225 153 179 167 178 177 178 186 178 196 169 205 174 207 179 208 185 206 190 204 146 170 152 165 160 165 166 171 159 173 152 173 195 171 202 165 210 165 216 169 211 173 203 173 162 228 168 223 175 219 180 221 185 220 193 223 202 228 194 235 186 238 181 238 175 237 169 234 166 228 175 226 180 226 185 226 198 228 185 229 180 230 176 229
129 186 132 200 135 215 140 229 147 241 158 251 169 259 183 262 198 259 210 253 222 244 230 232 234 219 236 204 237 188 237 173 137 154 144 149 153 148 161 151 169 155 190 154 198 149 207 147 217 148 226 153 179 167 179 177 178 186 178 196 169 205 174 207 179 208 185 206 190 205 146 170 152 165 160 165 167 171 160 173 152 174 195 171 203 165 210 165 217 169 211 173 203 173 162 228 168 223 175 219 180 221 185 220 193 223 202 228 194 235 186 238 180 238 175 238 168 234 166 228 175 226 180 226 185 226 198 228 185 230 180 230 175 229
129 186 132 200 135 214 140 228 147 240 158 251 169 258 183 261 198 259 211 252 222 243 230 232 234 218 236 203 237 188 238 172 137 153 144 149 153 148 161 151 169 155 189 154 198 149 207 147 217 147 225 152 179 167 179 177 178 186 178 196 169 205 174 207 179 208 185 206 190 204 146 170 152 165 160 165 166 171 159 173 152 173 196 171 202 165 210 165 217 169 211 173 203 173 162 228 168 223 175 219 180 221 185 220 193 223 202 228 193 235 186 238 180 238 175 237 169 234 166 228 175 226 180 226 185 226 198 228 185 229 180 229 175 229
130 186 132 201 136 215 140 229 148 241 158 251 170 259 184 261 198 259 211 252 222 243 230 232 234 218 236 203 238 188 238 173 137 153 144 149 153 148 162 150 169 155 189 154 198 149 207 147 217 148 226 152 179 167 179 177 178 186 178 196 169 205 174 207 179 208 185 206 190 204 146 169 152 165 160 165 167 171 160 173 152 173 196 170 202 165 210 165 217 169 211 173 203 172 163 228 168 223 175 219 180 221 185 219 193 223 202 228 194 235 186 238 181 238 175 238 169 234 166 228 175 226 180 226 185 226 198 228 185 229 180 230 175 229
129 186 132 200 136 214 140 228 147 240 158 251 169 259 183 261 198 259 211 252 222 244 230 232 235 219 237 204 238 189 239 173 137 154 144 149 153 148 161 151 169 155 189 154 198 149 207 147 217 148 226 152 179 167 179 177 178 186 178 196 169 205 174 207 179 208 185 206 190 205 146 169 152 165 160 165 167 171 160 173 152 173 196 170 203 165 211 165 217 169 211 173 203 173 162 228 168 223 175 219 180 221 185 220 193 223 202 228 194 235 186 238 180 238 175 238 169 234 166 228 175 226 180 226 185 226 198 228 185 229 180 230 175 229
130 186 132 200 136 214 140 228 147 240 158 251 169 259 183 261 198 259 211 252 222 244 230 232 234 219 237 204 238 189 238 173 137 153 144 149 153 148 161 151 169 155 190 154 198 149 207 147 217 148 226 152 179 167 179 177 178 186 178 196 169 205 174 207 179 208 185 206 190 205 146 169 152 165 160 165 166 171 159 173 152 173 196 170 202 165 210 165 217 169 211 173 203 173 163 228 168 222 175 219 180 221 185 219 193 223 202 228 193 235 186 238 180 238 175 238 168 234 166 228 175 225 180 226 185 226 198 228 185 229 180 230 175 229
130 186 132 200 136 215 140 228 148 241 158 251 169 259 183 261 198 259 211 252 222 244 230 232 234 219 236 203 238 188 239 173 137 153 144 149 153 148 161 150 169 155 189 154 198 149 207 147 217 148 226 152 179 167 178 176 178 186 177 196 169 205 174 207 179 208 185 206 190 205 146 169 152 165 160 165 167 171 160 173 152 173 195 170 203 165 211 164 217 169 211 173 203 172 163 228 168 222 175 219 180 221 184 219 193 223 202 228 194 235 186 238 180 238 175 237 168 234 166 227 175 225 180 226 185 226 198 228 185 229 180 230 175 229
130 186 132 200 136 214 140 228 148 240 158 251 169 258 183 261 197 259 210 253 222 244 230 233 234 219 236 204 238 188 238 173 137 153 144 149 153 148 161 150 169 155 190 154 198 149 207 147 217 148 226 152 179 167 178 176 178 186 177 196 169 204 173 207 179 208 185 206 190 205 147 169 152 165 160 165 167 171 160 173 152 173 196 170 203 165 210 165 217 169 211 173 203 172 163 228 168 222 175 219 180 221 184 220 193 223 202 228 194 235 186 238 180 238 175 237 169 234 166 228 175 225 180 226 185 226 198 228 185 229 180 229 175 229
130 186 132 200 135 214 140 228 147 240 157 250 169 258 183 261 198 259 210 252 222 244 230 232 234 219 236 204 238 188 238 173 137 153 144 149 153 148 161 150 169 155 189 154 198 149 207 147 217 148 226 152 179 167 178 176 178 186 177 196 169 204 173 207 179 208 185 206 190 205 146 169 152 165 160 165 167 171 160 173 152 173 196 170 203 165 211 165 217 169 211 173 203 173 163 228 168 222 175 219 180 221 185 220 193 223 202 228 194 235 186 238 180 238 175 237 169 234 166 228 175 226 180 226 185 226 198 228 185 229 180 229 175 229
130 186 133 200 136 215 140 228 148 241 158 251 169 258 183 261 198 259 211 252 222 243 230 232 234 218 236 203 238 188 238 173 137 153 144 149 153 148 161 150 169 155 190 154 198 149 207 147 217 148 226 152 179 167 179 177 178 186 178 196 169 204 174 207 179 208 185 206 190 205 146 169 152 165 160 165 167 171 160 173 152 173 196 171 203 165 211 165 217 169 211 173 203 173 163 228 168 222 175 219 180 221 185 219 193 223 202 228 194 235 186 238 180 238 175 237 169 234 166 227 175 226 180 226 185 226 198 228 185 229 180 229 175 229
129 186 132 200 135 214 140 228 147 240 158 251 169 258 183 261 198 259 211 252 222 243 230 232 234 218 236 203 237 188 238 173 137 153 144 149 153 148 162 150 169 155 189 154 198 149 207 147 217 148 226 152 179 167 179 177 178 186 178 196 169 204 174 207 179 208 185 206 190 205 146 169 152 165 160 165 167 171 159 173 152 173 196 170 203 165 211 165 217 169 211 173 203 172 162 228 168 222 175 219 179 221 184 220 193 223 202 228 193 235 186 238 180 238 175 237 168 234 166 228 175 226 180 226 185 226 197 228 185 229 180 229 175 229
130 186 132 200 136 214 140 228 148 240 158 251 169 258 183 261 197 259 210 252 222 244 230 232 234 219 236 204 238 188 239 173 137 153 144 148 153 148 161 150 169 155 189 154 198 149 208 147 217 148 226 152 179 167 179 176 178 186 177 196 169 204 174 206 179 208 185 206 190 204 146 169 152 165 160 165 167 171 160 173 152 173 196 170 203 165 211 165 217 169 211 173 203 173 163 228 168 222 175 219 180 221 184 219 193 223 202 228 193 235 186 237 180 238 175 237 169 234 166 228 175 225 180 226 185 225 197 228 185 229 180 229 175 229
130 186 132 200 136 214 140 228 147 240 158 251 169 258 183 261 198 259 211 252 222 243 230 232 234 219 236 203 238 188 238 173 137 153 144 149 153 148 161 150 169 155 190 154 198 149 207 147 217 147 226 152 179 167 179 176 178 186 177 196 169 205 174 207 179 208 185 206 190 205 146 169 152 165 160 165 167 171 159 173 152 173 196 170 203 165 211 164 217 169 211 173 203 173 163 228 168 223 175 219 180 221 185 220 193 223 202 228 194 235 186 238 180 238 175 237 168 234 166 227 175 226 180 226 185 226 198 228 185 229 180 229 175 229
130 185 132 199 135 214 140 228 147 240 157 251 169 259 183 261 198 259 211 252 222 243 230 232 234 219 237 203 238 188 239 172 137 153 144 148 153 148 161 150 169 155 190 154 198 149 208 147 218 147 227 152 179 167 179 176 178 186 177 196 169 204 174 207 179 208 184 206 190 204 146 169 152 165 160 165 167 171 159 173 152 173 196 170 203 165 211 164 217 169 211 173 203 173 162 228 168 222 175 219 179 221 184 219 193 223 201 228 193 235 185 238 180 238 175 237 168 234 166 227 175 225 180 226 184 226 197 228 185 229 180 229 175 229
130 186 132 200 135 214 140 228 147 240 157 250 169 258 183 261 197 259 210 252 222 244 230 232 234 219 236 204 237 189 238 174 137 153 144 148 153 148 161 150 169 155 190 154 198 149 207 147 217 148 226 152 179 167 179 176 178 186 177 196 169 204 174 206 179 208 184 206 190 205 146 169 152 165 160 165 167 171 159 173 152 173 196 170 203 165 211 165 217 169 211 173 203 173 162 228 168 223 175 219 179 221 184 219 193 223 202 228 193 235 186 237 180 238 175 237 168 234 166 227 175 226 180 226 185 226 197 228 185 229 180 229 175 228
130 186 132 200 136 215 140 229 147 241 158 251 169 258 183 261 198 259 211 252 222 243 230 232 234 218 236 203 237 188 237 173 137 153 144 148 153 148 162 150 169 155 189 154 198 149 207 147 217 148 226 152 179 167 179 176 178 186 178 195 169 204 174 206 179 208 185 206 190 204 146 169 152 165 160 165 167 171 160 173 152 173 196 170 203 165 210 164 217 169 211 173 203 172 163 228 168 222 175 219 180 221 184 219 193 223 202 228 193 235 186 237 180 238 175 237 169 234 166 227 175 225 180 226 185 226 197 228 185 229 180 229 175 229
129 186 132 200 135 214 140 228 147 240 157 251 169 258 183 261 197 259 210 252 222 244 230 232 234 219 236 204 237 189 238 173 137 153 144 149 153 148 162 150 169 155 189 154 198 149 207 146 217 147 226 152 179 167 179 176 178 186 178 196 169 204 173 207 179 208 185 206 190 204 146 169 152 165 160 165 167 171 159 173 152 173 196 170 203 165 211 164 217 169 211 172 203 172 162 228 168 222 175 219 180 221 184 219 193 223 202 228 193 235 185 237 180 237 175 237 168 234 166 228 175 226 180 226 185 226 198 228 185 229 180 229 175 228
130 186 132 200 135 214 140 228 147 240 157 250 169 258 182 261 197 259 210 252 221 244 229 233 234 219 236 204 238 189 238 174 137 154 144 149 153 148 161 150 169 155 190 154 198 149 207 147 217 147 226 152 179 167 178 176 178 186 177 196 169 204 173 206 179 208 184 206 190 205 146 169 152 165 160 165 166 171 159 173 151 173 196 170 203 165 211 164 217 169 211 172 203 172 162 228 168 222 175 219 179 221 184 219 193 223 202 228 193 235 185 237 180 238 175 237 168 234 166 227 175 225 180 226 185 226 198 228 185 229 180 229 175 228
