130 169 133 184 136 198 141 213 148 226 157 237 169 245 183 248 198 247 210 240 220 231 227 218 231 205 235 190 237 175 238 159 138 140 145 136 154 137 162 140 169 144 191 144 199 139 209 136 219 136 228 140 181 155 180 165 180 175 180 185 170 193 175 195 180 197 186 195 191 193 147 156 153 152 161 152 168 158 160 160 152 160 196 158 204 153 212 152 218 156 212 161 204 160 163 214 169 211 176 208 180 210 185 208 193 212 202 215 194 222 186 224 181 225 176 224 169 221 166 215 176 215 181 215 185 215 198 216 186 216 181 216 176 216
130 170 133 184 137 199 141 213 148 226 157 237 169 245 183 248 197 247 209 241 220 231 226 219 231 205 235 190 237 175 238 159 138 140 145 136 153 136 162 139 169 144 191 143 200 138 210 135 220 136 228 140 180 155 180 165 180 175 179 186 170 193 175 195 180 197 186 195 191 193 146 156 153 152 161 152 168 158 160 161 152 160 196 158 204 153 212 152 218 156 212 161 204 160 163 215 169 211 176 208 181 210 185 208 193 211 202 215 194 222 186 224 181 225 176 224 169 221 166 215 176 215 181 215 185 215 198 216 186 216 181 216 176 216
131 169 133 184 136 198 141 213 148 226 158 237 170 245 183 248 198 247 210 240 220 230 226 218 231 204 235 188 237 173 238 158 138 140 145 136 153 136 162 139 169 144 191 144 200 139 210 135 220 136 228 141 180 155 180 165 180 175 179 185 170 193 175 195 180 196 186 195 191 193 147 156 153 152 161 152 168 158 160 160 152 160 196 158 204 152 212 152 218 156 212 161 204 160 163 214 169 210 176 208 181 210 185 208 193 211 202 215 194 222 186 224 181 225 176 224 169 221 166 215 176 215 181 215 185 215 198 215 186 216 181 216 176 216
130 170 133 185 137 199 141 214 148 227 158 238 170 245 184 248 198 246 210 240 220 231 226 218 231 204 234 189 237 174 237 159 138 140 145 136 153 136 162 139 169 144 191 143 200 138 209 135 220 136 228 140 180 155 180 165 180 175 180 185 170 193 175 195 180 196 186 195 191 193 146 156 153 152 161 152 168 158 160 160 152 160 197 158 204 152 212 152 218 156 213 160 204 160 163 214 170 211 176 208 181 210 185 208 193 211 202 215 194 222 186 224 181 225 176 224 170 221 166 215 176 215 181 215 186 215 198 215 186 216 181 216 176 215
130 170 133 184 137 199 141 214 148 227 158 238 170 245 184 248 198 246 210 240 220 231 227 218 232 204 235 189 237 174 238 158 138 140 145 136 154 136 162 139 169 144 191 143 199 138 209 135 219 136 228 140 180 155 180 165 180 175 180 185 170 193 175 195 180 196 186 195 191 193 147 156 153 152 161 152 168 158 160 160 152 160 196 158 204 152 212 152 218 156 212 160 204 160 163 214 170 211 176 208 181 210 185 208 193 211 202 215 194 222 186 224 181 225 176 224 170 221 166 215 176 215 181 215 186 215 198 215 186 216 181 216 177 215
131 169 133 183 136 198 141 212 148 226 157 237 169 245 183 248 197 246 210 240 220 231 227 218 232 204 236 189 238 174 239 158 138 139 145 135 154 136 162 139 169 144 191 143 200 138 209 135 220 136 228 140 180 155 180 165 180 175 180 185 170 192 175 195 180 196 186 195 191 193 147 156 153 152 161 152 168 158 160 160 152 160 196 158 204 153 212 152 218 156 212 161 204 160 163 214 170 210 176 208 181 210 185 208 193 211 202 215 194 222 186 224 181 225 176 224 170 221 166 215 176 215 181 215 185 215 198 215 186 216 181 216 176 216
130 169 133 184 136 199 141 213 148 226 158 237 170 245 184 248 198 246 210 240 220 231 226 218 231 204 235 189 237 174 238 158 138 139 145 135 154 136 162 139 169 144 191 143 200 138 209 135 219 135 228 140 180 155 180 165 180 175 180 185 170 193 175 195 180 196 186 195 191 193 147 156 153 152 161 152 168 158 160 160 152 160 196 158 204 152 212 152 218 156 212 160 204 160 163 214 170 211 176 208 181 210 185 208 193 211 202 215 194 222 186 224 181 225 176 224 170 221 166 215 176 215 181 215 185 215 198 215 186 216 181 216 177 216
130 170 133 185 137 200 141 214 148 227 158 238 170 246 184 248 198 247 210 240 220 230 227 218 232 204 235 189 237 173 238 158 138 140 145 136 154 136 162 139 169 144 191 143 200 138 209 135 219 135 228 140 180 155 180 165 180 175 180 185 170 193 175 195 180 196 186 195 191 193 147 156 153 152 161 152 167 158 160 160 152 160 197 158 204 152 212 152 218 156 212 160 204 160 162 215 169 211 176 208 180 210 185 208 193 211 202 215 194 222 186 225 181 225 176 225 169 221 166 215 176 215 181 215 185 215 198 215 185 216 181 217 176 216
130 170 133 184 136 199 141 214 148 227 158 239 170 247 184 249 198 248 210 241 220 231 226 218 231 204 235 189 237 174 237 158 138 140 145 136 154 136 162 139 169 144 191 143 200 138 209 135 219 135 228 140 180 155 180 165 180 175 180 185 170 193 175 195 180 196 186 195 191 193 147 156 153 152 161 152 168 158 160 160 152 160 196 158 204 152 211 152 218 156 212 160 204 160 163 215 169 211 176 208 180 210 185 208 193 211 202 215 194 223 186 226 181 227 176 226 169 222 166 215 176 214 181 215 185 215 198 216 185 217 181 218 176 217
131 170 134 185 137 200 142 215 149 229 159 240 170 248 184 251 198 249 210 242 220 232 227 219 232 205 235 190 237 174 238 159 138 140 145 136 154 136 162 139 170 144 191 143 200 138 210 135 220 136 228 140 181 155 181 165 180 175 180 185 170 193 175 195 180 196 186 195 191 193 147 156 153 152 162 152 168 158 161 160 153 160 197 158 204 152 212 152 218 156 212 160 204 160 163 215 169 210 176 208 181 209 185 208 194 211 203 216 194 225 186 228 181 229 176 228 169 224 166 216 176 214 181 214 186 214 199 216 186 220 181 220 176 220
131 170 134 185 137 201 142 216 149 229 159 241 170 249 184 252 198 250 210 243 220 233 227 220 232 206 236 190 238 174 239 158 138 140 145 136 154 136 162 139 169 144 191 144 200 139 209 136 220 136 228 140 180 155 180 165 180 175 179 186 170 193 174 195 180 197 186 195 191 193 147 156 154 152 162 152 168 158 161 160 153 160 197 158 204 152 212 152 218 156 212 160 204 160 162 215 169 210 176 207 181 209 186 208 194 211 203 216 195 226 186 230 181 231 175 230 168 225 166 216 176 214 181 214 186 214 199 216 186 221 181 222 176 221
131 171 134 186 137 201 142 216 149 230 159 241 170 250 184 253 198 251 210 244 220 233 226 220 232 206 235 191 238 175 238 159 138 140 145 136 154 137 163 139 170 144 192 144 200 139 210 136 220 136 228 141 181 155 181 165 180 175 180 185 170 193 175 195 180 197 186 195 191 193 147 156 154 152 162 152 168 158 161 160 153 160 197 158 204 153 212 153 218 157 212 160 205 160 162 216 169 211 176 208 181 209 186 208 195 211 203 216 195 227 187 231 181 231 175 231 168 226 166 216 176 214 181 215 186 214 199 217 186 221 181 222 176 221
131 170 134 184 137 199 142 214 149 228 158 240 170 248 184 251 198 250 210 243 221 233 227 220 233 206 237 190 239 175 240 159 139 140 146 136 155 136 163 139 171 144 192 144 201 139 211 136 221 136 229 141 181 155 181 165 181 175 180 185 170 193 175 195 181 197 187 195 192 193 148 156 154 152 162 152 168 158 161 159 154 159 197 158 205 153 212 153 218 157 213 160 205 160 163 215 169 211 176 208 181 209 186 208 194 211 203 216 195 225 186 229 181 229 176 228 169 224 167 216 176 214 181 215 186 214 199 216 186 220 181 220 176 219
131 170 134 184 137 199 142 214 149 228 158 239 170 247 183 250 198 249 210 242 220 232 227 220 232 206 236 190 239 175 239 159 139 140 146 136 155 136 163 139 171 144 192 144 201 139 211 136 221 136 230 141 181 155 181 165 181 175 180 186 171 192 175 195 181 197 187 195 192 193 148 156 154 152 162 152 169 158 161 160 154 160 198 158 205 153 212 153 218 157 213 160 205 160 163 214 170 210 176 208 181 209 186 208 194 211 203 215 194 222 186 225 181 225 176 224 170 221 167 214 176 214 181 215 186 214 199 215 186 216 181 217 176 216
131 169 134 183 137 198 142 213 148 227 158 238 169 247 183 250 197 249 210 242 220 233 227 220 233 205 237 190 239 175 240 159 139 140 146 136 155 136 163 139 170 143 192 143 201 138 211 136 221 136 230 141 181 155 181 165 181 175 180 185 171 192 175 195 181 196 187 195 192 193 148 155 154 152 162 152 169 157 161 159 153 159 197 158 205 153 212 152 219 156 213 160 205 160 164 214 170 210 177 208 181 209 186 208 194 211 203 215 194 221 187 224 181 224 176 223 170 220 167 214 176 214 181 214 186 214 199 215 186 216 181 216 177 215
131 169 134 184 138 199 142 214 149 227 158 239 170 248 184 251 198 249 211 242 221 232 228 219 233 205 237 189 239 174 240 158 139 139 146 135 155 136 163 139 170 143 192 143 201 138 210 135 220 136 229 140 181 155 181 165 181 175 180 185 171 192 176 195 181 196 187 195 192 192 148 155 154 152 162 152 169 157 161 159 154 159 198 157 205 152 212 152 219 156 213 160 205 160 164 214 170 210 177 208 182 209 186 208 195 211 204 215 195 222 187 226 182 226 177 225 170 222 167 215 177 214 182 215 187 214 200 215 187 217 182 217 177 217
131 170 134 185 138 200 143 215 150 229 159 240 171 249 185 252 199 250 212 243 222 232 228 219 234 205 238 190 240 174 240 159 139 139 146 135 155 136 163 139 170 143 192 143 201 138 210 135 220 136 229 140 181 155 181 165 181 175 180 185 171 192 175 195 181 196 187 195 192 193 148 155 154 152 162 152 169 157 161 159 154 159 197 157 205 152 212 152 219 156 213 160 205 160 164 215 170 210 177 207 182 209 187 208 195 211 204 215 196 225 187 229 182 230 177 229 170 224 167 215 177 214 182 214 187 214 200 216 187 220 182 221 177 220
131 170 134 184 138 199 142 214 149 228 159 240 171 248 185 251 199 249 212 242 222 232 229 218 233 204 237 189 239 173 239 158 139 139 146 135 154 136 162 139 170 143 192 143 201 138 210 135 220 136 229 140 181 155 181 165 181 175 181 185 171 192 176 195 181 196 187 195 192 193 148 155 154 152 162 152 169 158 161 160 154 160 197 158 205 153 212 152 218 156 213 160 205 160 163 215 170 210 177 207 182 209 187 208 195 211 204 215 196 224 188 228 182 229 177 228 169 223 167 215 177 214 182 214 187 214 200 216 187 219 182 219 177 219
131 170 134 185 137 199 142 214 149 228 159 239 171 247 185 250 200 248 212 241 222 231 228 218 233 204 236 189 238 173 238 158 139 140 146 135 155 136 163 139 170 144 192 143 201 138 210 135 220 136 229 140 181 155 181 165 181 175 181 185 171 192 176 194 181 196 187 194 193 193 148 155 154 152 162 152 169 158 161 160 153 160 197 158 205 152 212 152 219 156 213 160 205 160 163 214 170 209 177 207 182 208 187 207 196 210 205 214 196 224 188 227 182 228 177 227 169 223 166 214 177 212 182 213 187 212 201 215 187 219 182 219 177 219
131 170 134 185 137 200 142 214 149 228 159 239 171 247 185 249 199 247 212 241 222 231 228 218 233 204 236 189 238 174 238 158 139 140 146 136 155 136 163 139 170 144 192 144 201 139 210 136 220 136 229 141 181 155 181 165 181 175 181 185 171 192 176 195 181 196 187 195 193 192 148 156 154 152 162 152 169 158 161 160 153 160 197 158 205 152 212 152 219 156 213 160 205 160 163 214 170 210 177 207 182 208 187 207 196 210 205 214 196 223 188 227 182 227 177 227 169 223 166 214 177 212 182 212 187 212 201 214 187 219 182 219 177 219
131 171 134 186 137 200 142 215 149 228 159 239 171 247 185 249 199 248 212 241 222 231 228 218 232 204 236 189 237 174 238 159 139 141 146 136 155 137 163 139 170 144 192 144 201 139 210 136 220 136 228 141 181 155 181 165 181 175 181 186 171 192 176 195 181 196 187 195 192 193 148 156 154 152 162 152 169 158 161 160 153 160 197 158 205 153 213 152 219 156 213 160 205 160 163 214 170 210 177 207 182 209 187 207 196 210 205 214 196 223 188 227 182 227 177 227 170 223 166 214 177 212 182 213 187 212 201 215 187 219 182 220 177 219
131 171 134 186 137 201 142 215 149 229 159 240 171 247 185 250 199 248 212 241 222 231 228 219 232 205 236 190 237 175 238 159 139 141 146 136 155 136 163 139 170 144 192 144 200 139 210 136 220 137 229 141 181 155 181 165 181 175 181 185 171 193 176 195 181 197 187 195 193 193 148 156 154 152 162 152 169 158 161 160 153 160 197 158 205 153 213 152 219 157 213 161 205 160 162 214 169 210 177 207 182 209 187 208 195 210 204 215 196 224 188 228 182 228 177 227 169 223 166 215 177 213 182 213 187 213 201 215 187 220 182 220 177 219
131 170 134 185 138 201 142 216 150 230 160 241 172 249 186 252 200 250 212 243 222 232 228 219 233 205 236 190 239 174 239 159 138 140 146 136 155 136 163 139 170 144 192 144 201 139 210 136 221 137 229 141 181 156 181 165 181 175 181 185 171 193 176 195 181 197 187 195 192 193 148 156 154 152 162 152 169 158 161 160 153 160 197 158 205 153 212 153 219 157 213 161 205 160 163 215 169 210 177 207 181 209 187 208 195 211 204 215 196 226 188 230 182 230 176 229 169 225 166 215 177 214 182 214 187 214 200 216 187 221 182 222 177 221
131 171 134 186 138 201 143 216 150 230 160 242 171 250 185 253 199 251 212 244 222 233 228 220 233 206 237 191 240 175 240 160 139 140 146 135 154 136 162 139 170 143 193 143 201 138 211 135 221 136 230 140 181 155 181 165 180 175 180 185 171 192 175 195 180 196 186 195 191 193 148 156 154 152 162 152 168 158 161 160 153 160 197 158 205 153 212 152 219 157 213 160 205 160 163 216 169 210 176 207 181 209 186 208 195 211 204 216 196 226 187 230 182 231 176 230 169 226 166 216 176 214 181 215 186 214 200 217 187 220 182 221 177 220
131 170 134 185 138 200 142 215 149 230 159 241 171 250 185 252 198 251 211 244 221 233 227 220 232 205 235 190 237 174 237 158 139 139 146 135 155 136 163 139 170 143 192 143 201 138 210 135 220 136 229 140 181 155 181 165 181 174 180 184 171 192 175 195 181 196 186 195 192 193 148 155 154 151 162 151 169 157 161 159 153 159 197 158 204 152 212 152 219 156 213 160 205 160 163 215 169 210 176 207 181 209 186 207 195 211 203 216 195 226 187 230 182 231 176 230 169 225 166 216 176 213 181 214 186 214 200 216 187 222 181 222 176 221
131 169 134 184 137 199 142 214 149 228 159 240 171 248 184 251 198 249 211 243 221 232 227 219 232 205 235 190 237 174 238 159 139 139 146 134 155 135 163 138 170 143 192 143 201 138 210 135 220 136 229 140 181 155 181 164 181 174 181 184 171 192 175 194 181 196 186 194 192 192 147 155 154 151 162 151 168 157 161 160 153 159 197 158 204 152 212 152 219 156 213 160 205 160 163 214 169 209 176 207 181 208 186 207 194 210 203 215 195 224 187 228 182 228 176 227 169 223 166 215 176 213 181 214 186 213 199 215 186 219 181 219 176 219
131 168 133 183 137 198 141 213 148 226 158 237 170 246 184 249 198 247 211 241 221 230 227 218 232 204 235 189 237 173 238 158 139 139 146 135 154 135 162 138 170 143 192 143 200 138 210 135 220 135 228 140 181 155 181 164 180 174 180 184 170 192 175 194 180 195 186 194 191 192 148 155 154 151 162 151 168 157 161 159 153 159 197 157 204 152 212 152 218 156 213 160 205 160 163 214 169 209 176 207 181 208 186 207 194 210 203 214 195 222 187 226 182 226 176 225 169 221 166 214 176 213 181 214 186 213 199 215 186 217 181 217 176 217
131 169 133 183 136 198 141 213 148 226 158 237 170 246 183 248 198 247 211 241 221 231 227 218 232 204 235 189 237 174 238 159 139 139 146 135 155 135 163 138 170 143 192 143 200 138 210 135 220 135 228 140 181 155 181 164 180 174 180 184 170 192 175 194 180 195 186 194 191 192 147 155 154 151 162 151 168 157 161 159 153 159 197 157 204 152 212 152 219 156 213 160 205 160 162 213 169 209 176 207 181 208 186 207 194 210 203 214 194 222 186 225 181 225 176 224 169 221 166 214 176 213 181 213 186 213 199 214 186 216 181 217 176 216
131 169 133 183 137 198 141 213 148 226 158 237 170 245 184 248 198 247 211 240 221 230 227 218 232 204 235 189 237 174 237 159 139 139 146 135 154 135 163 138 170 143 192 143 200 138 210 135 220 136 229 141 181 154 181 164 180 174 180 184 170 192 175 194 180 196 186 194 191 192 147 155 154 151 162 151 168 157 161 159 153 159 197 157 204 152 212 152 219 156 213 160 205 159 162 213 169 209 176 207 181 208 186 207 194 210 203 214 195 222 187 225 181 225 176 224 169 221 166 214 176 213 181 213 186 213 199 214 186 216 181 217 176 216
131 169 133 183 136 198 141 213 148 227 158 238 169 246 183 249 198 247 211 240 221 231 228 218 233 204 237 189 239 173 240 158 139 140 146 135 154 136 162 139 170 143 192 143 200 138 210 135 220 136 229 140 181 154 180 164 180 174 180 184 170 192 175 194 180 196 186 194 192 192 148 155 154 151 162 151 168 157 161 159 153 159 197 157 204 152 212 152 218 156 213 160 205 160 162 214 169 209 176 207 181 208 186 207 194 210 204 214 195 222 187 225 181 225 176 225 169 221 166 214 176 213 181 214 186 213 200 214 186 217 181 217 176 217
131 169 133 184 136 199 141 214 148 227 158 238 170 246 184 249 198 248 211 241 221 231 227 218 232 204 235 189 237 174 237 159 139 139 146 135 155 136 163 139 170 143 192 143 200 138 210 135 219 136 228 140 181 154 181 164 180 174 180 184 171 192 175 194 180 196 186 194 192 192 147 155 154 151 162 152 168 157 161 159 153 159 197 158 204 152 212 152 218 156 212 160 204 160 162 214 169 209 176 207 181 209 186 207 194 210 204 214 195 222 187 226 181 226 176 226 169 222 166 214 176 213 181 214 186 213 200 214 186 218 181 218 177 217
131 170 134 185 137 200 142 215 149 228 159 240 171 248 184 250 199 248 211 242 221 232 228 219 232 205 236 190 238 174 238 158 139 140 146 135 154 136 162 139 170 143 192 143 201 138 210 135 220 136 229 140 181 155 181 165 180 174 180 185 170 192 175 195 180 196 186 195 192 192 147 155 154 152 162 152 168 158 161 160 153 159 197 158 204 152 212 152 219 156 213 160 205 160 162 214 169 210 176 207 181 209 186 207 195 210 204 215 195 224 187 228 181 228 176 227 169 223 166 215 176 213 181 214 186 213 200 215 186 219 181 219 176 219
131 170 134 185 137 199 142 214 148 228 158 239 170 247 184 250 198 249 211 242 221 232 228 219 233 205 236 190 238 175 239 159 139 140 146 136 154 136 163 139 170 144 192 143 200 139 210 136 220 136 228 141 181 155 181 165 181 175 180 185 171 192 175 195 181 196 186 195 192 193 148 156 154 152 162 152 168 158 161 160 153 160 197 158 204 153 212 152 218 156 213 160 205 160 163 215 170 210 176 208 181 209 186 208 194 211 204 215 195 222 187 225 182 226 176 225 170 222 167 215 176 214 181 214 186 214 200 215 186 217 182 217 177 217
131 169 134 184 137 199 141 214 148 227 157 239 169 246 183 249 198 248 211 242 221 232 227 219 232 205 236 190 238 175 239 159 139 140 145 136 154 136 162 139 170 144 192 143 201 139 210 136 220 136 229 141 181 155 181 165 180 175 180 185 170 193 175 195 180 196 186 195 192 193 148 156 154 152 162 152 168 158 161 160 153 160 197 158 204 153 212 152 218 156 212 160 205 160 163 214 170 210 177 208 181 209 186 208 194 210 203 214 194 221 187 223 182 224 177 223 170 220 167 214 176 214 181 214 186 214 199 215 186 216 182 216 177 215
131 169 134 184 137 198 141 213 148 227 158 238 169 247 183 250 198 248 210 242 221 232 227 219 232 205 236 190 238 174 239 159 139 140 146 136 154 136 163 139 170 144 192 144 200 139 210 136 220 136 229 141 181 155 181 165 181 175 180 186 171 193 175 195 181 197 187 195 192 193 148 156 154 152 162 152 168 158 161 160 153 160 197 158 204 153 212 153 218 157 213 160 205 160 163 214 170 210 176 208 181 210 186 208 194 211 203 215 194 221 187 224 181 224 176 224 169 220 166 214 176 214 181 215 186 214 199 215 186 216 181 216 176 216
131 169 134 184 137 199 142 213 149 227 159 238 170 246 184 249 199 247 211 241 220 230 227 218 232 204 235 189 237 174 238 159 138 140 146 136 154 136 163 139 170 144 191 144 200 139 210 136 220 136 229 141 181 155 181 165 181 175 181 185 171 193 175 195 181 197 187 195 192 193 147 156 154 152 162 152 168 158 161 160 153 160 197 158 204 153 212 153 218 157 213 161 205 161 163 215 170 211 177 209 181 211 186 209 193 212 202 215 194 222 186 225 182 225 177 225 170 221 167 215 177 215 181 216 186 215 198 216 186 216 182 217 177 216
131 169 134 184 137 199 142 213 149 227 158 238 170 247 184 250 198 248 211 242 221 231 227 219 232 205 236 190 238 174 239 159 139 140 146 135 154 136 163 139 170 144 192 144 200 139 210 136 221 136 229 141 181 155 181 165 180 176 180 186 170 193 175 196 180 197 186 196 192 194 148 156 154 152 162 152 168 158 161 160 153 160 197 158 204 153 212 153 219 157 213 161 205 161 164 215 170 212 177 210 181 212 185 210 193 213 202 216 194 223 186 226 181 226 177 226 170 222 167 216 177 216 181 217 185 216 198 216 186 218 181 218 177 217
131 170 134 185 137 200 142 214 149 228 159 239 171 247 185 250 199 248 211 242 220 231 227 218 232 204 236 189 238 174 239 159 139 140 146 136 155 136 163 140 170 144 192 144 200 139 210 136 220 136 228 141 181 156 181 166 181 175 180 186 170 193 175 195 180 197 186 196 192 194 148 156 154 152 162 152 168 158 161 160 153 160 197 158 204 153 212 153 218 157 213 161 205 161 164 215 170 212 177 210 181 212 185 210 193 213 202 216 193 224 186 226 181 227 177 226 170 222 167 216 177 217 181 217 185 217 198 217 185 218 181 219 177 218
131 170 134 185 138 200 142 215 149 228 159 240 170 248 184 251 198 249 211 242 221 232 227 219 233 205 237 190 239 175 239 159 139 140 146 136 155 136 163 140 170 144 192 144 200 139 210 136 220 136 229 141 181 156 181 165 181 175 180 186 171 193 175 196 180 197 186 196 192 194 148 156 154 152 162 152 168 158 161 160 153 160 197 158 204 153 212 153 218 157 213 161 204 161 164 216 170 212 177 210 181 212 185 210 193 213 202 216 194 225 186 228 181 228 177 227 170 223 167 216 177 217 181 217 185 217 198 217 186 219 181 219 177 219
131 170 134 185 137 201 142 215 150 229 160 240 171 248 185 251 199 249 211 242 222 232 228 219 234 205 238 190 240 175 241 159 138 140 145 136 154 136 163 140 170 144 192 144 201 139 211 136 221 137 230 141 181 156 181 166 180 176 180 186 171 193 175 196 180 197 186 196 192 194 148 156 154 152 162 152 168 158 161 160 153 160 197 159 204 153 212 153 219 157 213 161 205 161 163 216 169 212 176 209 181 211 186 209 194 212 204 216 195 226 187 230 181 230 176 229 169 225 166 216 176 215 181 216 186 216 200 217 186 221 181 221 177 221
131 170 134 185 138 201 142 216 150 229 160 240 171 248 185 251 199 249 211 242 221 231 228 218 233 204 237 189 239 174 240 158 138 140 145 136 154 136 163 140 170 144 192 144 201 139 210 136 220 137 229 141 181 156 181 166 180 176 180 186 171 193 175 196 180 197 186 196 192 194 147 156 154 152 162 153 168 159 161 161 153 161 197 159 204 153 212 153 218 157 213 161 205 161 163 215 169 211 176 208 181 210 186 209 195 212 204 215 195 226 187 230 182 230 176 229 169 225 166 216 176 214 181 215 186 214 200 216 186 221 181 222 176 221
131 171 134 185 137 200 142 215 149 229 159 240 171 248 184 250 198 248 211 242 221 232 228 219 233 205 236 190 239 175 239 159 138 141 146 136 154 137 163 140 170 144 192 144 200 139 210 136 220 137 228 141 181 156 181 166 180 176 180 186 171 193 175 195 180 197 186 195 192 193 148 156 154 152 162 152 168 158 161 160 153 160 197 158 204 153 212 153 218 157 212 161 204 161 162 215 169 211 177 208 181 210 186 208 195 211 204 215 195 225 187 229 181 229 176 228 169 224 166 215 176 214 181 214 186 214 200 216 186 221 181 221 176 220
131 170 134 185 137 200 142 215 149 229 159 240 171 247 185 250 199 248 211 241 222 231 228 219 233 205 237 190 239 175 240 159 138 141 145 136 154 137 162 140 170 145 192 144 200 139 210 136 221 137 229 141 181 156 181 166 180 176 180 186 170 193 175 195 180 197 186 195 192 193 147 156 154 152 162 152 168 158 161 160 153 160 197 158 204 153 212 153 218 157 212 161 204 161 162 214 169 211 176 208 181 210 186 208 195 211 205 215 196 224 187 228 182 228 176 227 169 223 165 215 176 214 181 214 186 214 201 215 186 220 181 220 176 219
131 171 133 186 137 201 142 215 149 228 159 239 171 247 184 249 198 248 211 241 221 231 227 219 232 205 236 190 238 175 239 159 138 140 145 136 154 137 162 140 170 145 191 144 200 139 210 136 220 136 228 141 181 156 181 166 180 176 180 186 170 193 175 195 180 197 186 195 192 193 147 156 153 152 162 153 168 158 161 160 153 160 197 158 204 153 212 153 218 157 212 161 204 161 162 214 169 210 176 208 181 209 186 208 194 211 204 215 195 224 187 227 181 228 176 227 169 223 165 215 176 214 181 214 186 214 200 215 186 219 181 220 176 219
131 171 134 186 137 201 142 215 149 228 159 239 171 247 184 249 198 247 211 241 221 231 227 218 232 204 235 189 238 174 238 159 138 140 145 136 154 137 162 140 170 144 191 144 200 139 209 136 220 136 228 141 181 156 181 165 180 175 180 186 170 193 175 195 180 197 186 195 192 193 147 156 153 153 161 153 168 158 160 160 153 160 197 158 204 153 211 153 218 157 212 161 204 161 162 214 169 210 176 208 181 210 186 208 194 211 204 214 195 224 187 227 181 227 176 227 169 223 165 215 176 214 181 214 186 214 200 215 186 219 181 219 176 219
130 170 133 185 136 200 141 215 149 228 159 239 171 246 184 249 198 247 210 240 221 230 227 218 232 204 236 189 238 173 238 158 137 140 145 136 153 136 162 140 169 144 191 144 200 139 209 136 219 136 228 141 180 156 180 166 180 175 180 186 170 193 174 195 180 197 186 195 191 193 147 156 153 153 161 153 167 158 160 161 152 160 196 158 203 154 211 153 217 157 212 161 204 161 161 214 168 210 176 208 181 210 185 208 194 211 204 214 195 223 186 226 181 227 176 226 168 222 165 214 176 214 181 214 186 214 200 215 186 218 181 219 176 218
130 170 133 185 136 200 141 214 148 227 158 238 170 246 184 249 198 247 211 241 221 231 227 218 232 204 235 189 237 174 237 158 137 140 145 136 153 137 162 140 169 144 190 144 199 139 209 136 219 136 228 141 180 155 180 165 180 175 179 186 170 193 174 195 180 197 186 195 191 193 147 156 153 153 161 153 167 158 160 161 152 160 196 158 203 154 211 153 217 157 212 161 204 161 161 214 168 210 176 208 180 210 185 208 194 211 204 214 195 223 187 226 181 226 176 225 169 221 165 214 176 214 181 215 186 214 200 215 186 218 181 218 176 217
130 169 133 184 136 199 140 214 148 227 158 238 170 246 184 249 198 247 210 240 221 231 227 218 232 204 235 189 237 174 237 158 137 141 144 136 153 137 162 140 169 144 190 144 199 139 209 136 219 136 228 141 180 155 180 165 180 175 179 186 169 193 174 195 180 197 186 195 191 193 146 156 153 153 161 153 167 158 160 161 152 161 196 158 203 153 211 153 217 157 212 161 204 161 161 214 168 210 176 208 180 210 185 208 193 211 203 214 194 222 186 225 181 226 175 225 169 221 165 214 175 215 180 215 185 215 199 215 185 217 181 218 176 217
130 170 133 184 136 199 141 214 148 227 158 238 170 246 184 249 198 247 211 240 221 230 227 217 231 204 235 189 236 174 237 159 137 141 144 137 153 137 161 140 169 144 190 144 199 139 209 136 219 136 227 141 180 155 180 165 179 175 179 185 170 193 174 195 179 196 185 195 191 193 147 156 153 153 161 153 167 158 160 161 152 161 196 158 203 153 211 153 217 157 211 161 203 161 161 214 169 211 176 209 180 210 185 209 193 211 203 214 194 222 186 225 181 225 176 224 169 221 165 214 176 215 180 216 185 215 199 215 185 217 181 217 176 216
130 170 133 184 136 199 141 214 148 227 158 238 170 246 184 249 199 247 211 240 220 230 226 217 231 203 234 188 236 173 236 158 137 140 145 136 153 137 161 139 169 144 190 144 199 139 209 136 219 136 227 141 180 155 180 165 180 175 179 185 170 193 174 195 180 197 186 195 191 193 146 156 153 153 161 153 167 158 160 160 152 160 196 158 203 153 211 153 217 157 211 161 203 161 162 214 169 211 176 209 180 210 185 209 193 212 203 214 194 222 186 225 181 225 176 224 169 221 165 214 176 215 180 216 185 215 199 215 185 217 181 217 176 216
130 169 133 184 136 198 141 213 148 227 157 238 170 246 184 249 198 247 211 240 221 230 228 217 233 203 236 188 238 173 239 158 138 140 145 136 153 136 161 139 169 144 191 143 199 138 209 135 219 136 228 140 180 155 180 165 179 175 179 185 170 193 174 195 180 196 185 195 191 193 147 156 153 153 161 153 167 158 160 160 152 160 196 158 203 153 211 153 217 157 212 161 204 161 162 214 169 211 176 209 180 211 185 209 193 212 202 214 193 222 186 224 181 225 176 224 169 221 166 214 176 215 180 216 185 216 198 215 185 216 181 217 176 216
130 169 133 183 136 198 141 213 148 226 158 237 170 246 184 248 199 247 211 240 220 230 226 217 231 203 234 188 236 174 236 158 138 140 145 136 153 136 162 139 169 144 191 143 199 138 209 135 219 136 227 141 180 155 180 165 180 175 179 185 170 193 174 195 180 196 186 195 191 193 147 156 153 153 161 153 167 158 160 160 152 160 196 158 203 153 211 153 217 157 212 161 204 160 162 214 169 211 176 209 181 211 185 209 193 212 202 214 194 222 186 224 181 225 176 224 170 221 165 214 176 216 181 216 185 216 199 215 186 216 181 217 177 216
130 168 133 183 136 198 141 213 148 226 158 237 170 246 184 249 198 247 210 240 220 230 226 217 231 203 234 188 235 173 236 158 138 140 146 136 154 136 162 139 169 144 191 143 199 138 209 136 219 136 227 141 180 155 180 165 180 175 180 185 170 193 174 195 180 196 186 195 191 193 148 157 154 155 161 155 168 158 161 160 154 160 196 158 204 156 211 156 217 158 211 161 204 161 162 213 170 211 176 209 181 211 185 209 193 212 202 214 194 221 186 224 181 225 177 224 170 221 166 214 176 215 181 216 185 216 198 215 186 216 181 217 177 216
130 169 133 183 136 198 141 213 148 227 158 238 169 246 183 249 198 247 211 240 221 230 228 218 233 204 236 189 238 174 239 158 138 141 145 137 154 137 162 139 169 144 191 143 199 138 209 136 219 137 228 141 180 156 180 166 179 175 179 185 169 193 174 195 180 196 186 195 191 193 148 159 154 159 161 158 168 159 161 162 154 162 196 159 203 158 210 158 217 159 210 162 203 162 162 214 169 211 176 209 181 211 185 209 193 212 203 214 194 221 186 224 181 225 176 224 169 221 166 214 176 215 181 216 185 215 199 215 186 216 181 217 176 216
130 167 133 182 136 197 140 212 147 226 157 237 169 245 183 249 198 247 210 240 220 230 227 217 232 203 235 187 237 172 237 157 138 140 145 136 153 136 162 139 169 144 191 143 200 138 209 135 219 136 228 140 180 155 180 165 180 175 179 185 170 193 174 195 180 196 186 195 191 193 148 158 154 156 161 156 167 158 161 160 154 161 197 158 204 156 211 157 217 158 211 161 204 161 163 213 170 211 176 209 181 211 185 209 193 212 202 214 194 222 186 224 181 225 176 224 170 221 166 214 176 216 181 216 185 216 199 215 186 216 181 217 177 216
130 168 133 183 136 198 141 212 148 226 157 237 169 246 183 249 198 247 210 240 221 230 228 218 233 203 236 188 239 173 239 158 138 140 145 136 154 136 162 139 169 143 191 143 200 139 209 136 219 136 228 141 180 155 180 165 179 175 179 185 169 193 174 195 180 196 186 195 191 193 148 157 154 154 161 154 167 158 161 160 153 160 197 158 204 155 211 155 217 157 211 161 204 160 163 213 169 211 176 209 180 211 185 209 193 212 203 214 194 222 186 224 181 225 176 224 169 221 166 214 176 215 181 216 185 216 199 215 185 216 181 217 176 216
130 169 133 184 137 199 142 213 149 227 158 238 170 246 184 249 198 247 210 240 220 230 227 218 232 204 236 189 238 174 239 159 138 141 145 136 153 136 162 139 169 144 191 144 199 139 209 136 219 136 228 141 180 155 180 165 179 175 179 185 170 193 174 195 180 196 186 195 191 193 147 156 154 153 161 153 167 158 160 160 153 160 196 158 203 154 211 154 217 157 211 160 204 160 162 214 169 211 176 209 180 211 185 209 193 212 203 214 193 222 186 224 181 225 176 224 169 221 166 214 176 215 181 216 185 216 199 215 185 216 181 217 176 216
130 169 133 183 136 198 141 213 148 226 158 237 169 245 183 248 198 247 210 240 220 230 227 218 232 204 236 189 238 174 238 159 138 140 145 136 154 136 162 139 169 144 191 144 199 139 209 136 219 136 228 140 180 155 180 165 180 175 179 185 170 193 174 195 180 196 186 195 191 193 147 156 154 153 161 153 168 158 161 160 153 160 196 158 203 154 211 154 217 157 211 161 204 160 162 214 169 211 176 209 180 210 185 209 193 212 202 214 193 222 186 225 181 225 176 224 169 221 165 214 176 216 180 216 185 216 199 215 185 216 181 217 176 216
131 169 133 184 136 198 141 213 148 226 157 237 169 245 183 248 197 247 210 240 221 230 227 218 232 204 236 189 238 174 238 159 138 139 145 135 154 136 162 139 169 144 191 143 200 139 209 136 219 136 228 140 180 155 180 165 179 175 179 185 170 193 174 195 180 196 186 195 191 193 147 156 153 153 161 153 167 158 160 160 153 160 196 158 203 153 211 153 217 157 212 161 204 160 162 214 169 211 176 209 180 211 185 209 193 212 202 214 193 222 185 225 181 225 176 224 169 221 166 214 176 216 180 216 185 216 199 215 185 216 181 217 176 216
130 169 133 183 136 198 141 213 148 226 157 237 169 245 183 248 197 247 210 240 220 230 226 218 231 204 234 189 236 174 236 159 138 140 145 136 154 136 162 139 169 144 191 143 199 139 209 136 219 136 228 141 181 155 180 165 180 175 180 185 170 193 175 195 180 196 186 195 191 193 147 156 154 153 161 153 168 158 161 160 153 160 197 158 204 153 211 153 217 157 212 160 204 160 162 214 169 211 176 209 180 210 185 209 193 212 202 214 193 222 186 224 181 225 176 224 169 221 165 214 176 215 181 216 185 215 198 215 185 216 181 217 176 216
131 169 133 184 136 199 141 213 148 226 158 237 169 245 183 248 197 247 210 240 220 231 226 218 231 205 235 190 237 175 237 159 138 139 145 135 154 136 162 139 169 144 191 143 200 139 209 136 219 136 228 141 180 155 180 165 180 175 180 185 170 193 174 195 180 196 186 195 191 193 147 156 153 152 161 152 168 158 160 160 153 160 196 158 204 153 211 153 218 157 212 161 204 160 162 213 169 211 176 209 180 210 185 209 193 212 202 214 193 222 186 224 181 225 176 224 169 220 165 214 176 215 180 216 185 216 199 215 185 216 181 216 176 216
130 169 133 183 136 198 141 213 148 226 157 237 169 245 183 248 197 247 210 240 220 230 227 218 232 204 235 189 238 174 238 159 138 139 145 135 154 136 162 139 169 144 192 143 200 139 209 135 219 136 228 140 180 155 180 165 180 175 179 185 170 193 174 195 180 197 185 195 191 193 147 156 153 152 161 152 168 158 160 160 153 160 196 158 204 153 211 153 218 157 212 161 204 160 162 213 169 211 176 209 180 210 185 209 193 212 202 214 193 222 185 224 181 225 176 224 169 220 165 214 176 215 180 216 185 216 199 215 185 216 181 217 176 216
130 169 133 184 136 199 141 213 148 226 158 237 169 245 183 248 197 247 210 240 220 230 227 218 232 204 235 189 237 174 238 159 138 139 145 135 154 136 162 139 169 144 191 143 200 138 209 135 219 136 228 140 180 155 180 165 180 175 179 185 170 193 175 195 180 196 186 195 191 193 147 156 153 152 161 152 168 158 160 160 152 160 196 158 204 153 212 153 218 157 212 161 204 160 162 213 169 211 176 209 180 210 185 209 193 212 202 214 193 222 186 224 181 225 176 224 169 221 165 214 176 215 181 216 185 216 199 215 185 216 181 217 176 216
131 169 133 184 136 198 141 213 148 226 158 237 169 245 183 248 197 247 210 240 220 231 226 218 231 204 234 190 236 175 237 159 138 139 145 135 154 136 162 139 169 144 191 143 200 138 209 135 219 136 228 140 181 155 180 165 180 175 180 185 170 193 175 195 180 196 186 195 191 193 147 156 153 152 161 152 168 158 160 160 152 160 196 158 204 153 212 152 218 157 212 161 204 160 162 213 169 211 176 209 180 210 185 209 193 212 203 214 193 222 186 224 181 225 176 224 169 220 165 214 176 215 180 216 185 215 199 215 185 216 181 217 176 216
130 169 133 183 136 198 140 212 147 225 157 237 169 245 182 248 197 247 209 240 219 230 226 218 231 204 234 189 236 174 237 158 138 140 145 135 154 136 162 139 169 144 191 143 200 138 209 135 219 136 228 140 180 155 180 165 180 175 179 185 170 193 174 195 180 196 185 195 191 193 147 156 153 152 161 152 168 158 160 160 152 160 196 158 204 153 211 152 218 156 212 160 204 160 162 213 169 211 176 209 180 210 185 209 193 212 202 214 193 222 185 225 181 225 176 224 169 221 166 214 176 215 180 216 185 215 198 215 185 216 181 217 176 216
130 169 133 184 136 198 141 213 148 226 158 237 169 245 183 248 197 247 209 240 220 230 226 218 231 204 234 189 237 174 237 158 138 140 145 136 154 136 162 139 169 144 191 143 200 138 209 135 220 136 228 140 180 155 180 165 180 175 180 185 170 193 175 195 180 196 186 195 191 193 147 156 153 152 161 152 168 158 160 160 153 160 196 158 204 153 212 152 218 156 212 160 204 160 162 213 169 211 176 208 180 210 185 209 193 212 202 215 193 222 185 225 181 225 176 224 169 221 165 214 176 215 180 216 185 215 198 215 185 216 181 217 176 216
130 169 133 184 136 198 141 213 148 226 157 237 169 245 183 248 197 247 209 240 219 230 226 218 231 204 235 189 237 174 238 159 138 140 145 136 154 136 162 139 169 144 191 143 200 138 209 135 220 136 228 141 180 155 180 165 180 175 179 185 170 193 174 195 179 196 185 195 190 193 147 156 153 152 161 152 168 158 160 160 152 160 196 158 204 153 212 152 218 156 212 161 204 160 162 214 169 211 176 209 180 210 184 209 192 212 202 215 193 222 185 225 180 225 175 225 169 221 165 214 176 215 180 216 185 215 198 215 185 217 180 217 176 216
130 169 133 184 136 199 141 213 148 226 157 237 169 246 183 249 197 247 209 240 220 231 227 218 232 205 236 190 238 175 239 159 137 140 144 136 153 136 161 139 169 144 191 143 200 138 209 135 220 136 229 140 180 155 179 165 179 175 179 185 169 193 174 195 179 196 185 195 190 193 146 156 153 152 161 152 167 158 160 160 152 160 196 158 203 153 211 152 218 156 212 160 204 160 162 214 169 211 175 209 180 210 184 209 192 212 202 215 193 222 185 225 180 226 175 225 168 221 165 215 175 215 180 216 184 216 198 215 184 217 180 217 176 216
130 170 133 184 136 199 141 213 148 226 158 237 169 246 183 249 197 247 209 241 220 231 227 219 232 205 236 190 238 175 239 159 137 140 145 136 153 136 162 139 169 144 190 143 199 138 209 135 219 136 228 141 180 155 179 165 179 175 178 185 169 193 174 195 179 196 185 195 190 193 146 156 153 152 161 152 167 158 160 160 152 160 196 158 203 153 211 152 217 156 212 160 204 160 162 214 168 211 175 209 180 210 184 209 192 212 202 215 193 222 185 225 180 225 175 225 168 221 165 214 175 215 180 216 184 216 198 215 184 216 180 217 176 216
130 170 133 184 136 199 141 214 148 227 158 238 169 246 183 249 197 247 209 241 220 231 226 218 232 204 235 189 238 174 238 159 137 140 144 136 153 136 161 139 169 144 190 143 199 138 209 135 219 136 228 141 180 155 179 165 179 175 179 185 169 193 174 195 179 196 185 195 190 193 146 156 153 152 161 152 167 158 160 160 152 160 196 158 203 153 211 152 217 156 212 160 204 160 162 214 169 211 175 209 180 210 184 209 192 212 202 215 193 222 185 225 180 225 175 224 169 221 165 215 175 215 180 216 184 216 198 215 184 216 180 217 176 216
130 170 133 184 136 199 141 214 148 227 158 238 169 246 183 249 197 247 209 241 220 231 226 218 232 204 235 189 238 174 238 158 137 141 144 136 153 136 161 139 169 144 190 143 199 138 209 135 220 136 228 141 180 155 180 165 179 175 179 185 169 193 174 195 179 196 185 195 191 193 146 156 153 152 161 152 167 158 160 160 152 160 196 158 203 153 211 152 217 156 212 161 203 160 162 214 169 211 176 209 180 211 184 209 192 212 202 215 193 222 185 225 180 225 175 225 168 221 165 215 175 215 180 216 185 216 198 215 185 216 180 217 176 216
130 170 133 184 136 199 141 214 148 227 157 238 169 246 182 249 196 247 209 241 219 231 225 219 231 205 234 190 237 175 237 159 137 140 145 136 153 136 161 139 169 144 191 143 200 138 210 135 220 136 228 141 180 155 180 165 179 175 179 185 169 193 174 195 179 196 185 195 190 193 146 156 153 152 161 152 167 158 160 160 152 160 196 158 203 153 211 152 218 156 212 160 204 160 162 214 169 211 176 209 180 210 184 209 192 212 202 215 193 222 185 225 180 225 175 225 169 221 165 215 175 215 180 216 184 215 198 216 184 217 180 217 176 216
130 170 133 185 136 199 141 214 148 227 158 238 169 246 183 249 197 247 209 241 219 231 226 219 231 205 234 190 237 175 237 159 137 140 144 136 153 136 161 139 169 144 190 143 199 138 209 135 219 136 228 141 180 155 180 165 179 175 179 185 169 193 174 195 179 197 185 195 190 193 146 156 153 152 161 152 167 158 160 160 152 160 196 158 203 152 211 152 218 156 212 160 204 160 162 214 169 211 176 209 180 210 184 209 192 212 202 215 193 222 185 225 180 226 175 225 169 221 165 215 175 215 180 216 185 215 198 216 185 217 180 217 176 216
130 170 133 185 137 200 141 214 148 227 158 238 170 246 183 249 197 247 209 241 219 231 225 219 230 205 234 190 236 175 236 159 138 140 145 136 153 136 162 139 169 144 191 143 199 138 209 135 219 136 227 141 180 155 180 165 180 175 179 185 170 193 174 195 180 196 185 195 190 193 147 156 153 152 161 152 167 158 160 160 152 160 196 158 203 153 211 152 217 156 212 160 204 160 162 214 169 211 176 208 180 210 184 209 192 212 202 215 193 222 185 225 180 225 175 225 169 221 165 215 176 215 180 216 185 215 198 216 185 217 180 217 176 216
