106 188 109 206 113 222 119 238 128 251 140 262 154 270 169 272 184 268 196 260 207 249 215 235 220 219 224 202 227 186 229 168 114 159 121 149 133 146 146 148 157 153 176 153 187 148 199 146 211 149 218 158 167 165 167 177 167 188 168 201 156 208 161 210 168 211 174 210 179 207 129 167 136 162 144 162 151 168 144 170 135 170 183 168 190 161 198 161 205 167 199 169 190 169 148 233 156 229 163 226 168 227 173 225 182 227 189 231 182 240 175 244 169 245 163 245 156 242 152 233 163 230 169 230 174 229 185 231 174 237 169 238 163 237
106 188 109 205 113 223 119 238 128 252 141 263 154 270 169 273 184 269 196 261 207 249 215 235 220 219 224 202 227 185 229 168 114 159 122 150 133 147 146 148 157 153 175 154 186 149 199 147 210 150 218 159 167 165 167 177 167 189 168 201 156 209 161 211 168 212 174 210 179 208 129 168 136 162 144 162 151 169 144 170 135 170 183 168 190 162 198 162 205 167 199 170 190 170 148 234 155 229 163 226 168 227 173 226 181 228 188 232 182 241 174 245 169 246 163 246 155 243 151 234 163 230 168 231 173 230 185 232 174 238 169 239 163 239
106 188 109 206 113 223 119 239 129 252 141 263 154 271 169 273 184 270 196 261 207 250 215 235 220 220 223 203 227 186 228 168 114 159 121 150 133 147 146 148 157 153 175 154 186 149 199 147 211 151 218 159 167 166 167 178 167 189 168 202 155 209 161 211 168 212 174 210 180 208 129 168 136 163 144 162 151 169 143 171 135 171 183 169 190 162 198 162 205 167 198 170 190 170 148 234 155 229 163 226 168 228 173 226 181 228 188 232 182 242 175 246 169 247 163 247 155 243 151 234 163 230 168 231 174 230 185 232 174 239 169 240 163 240
106 188 109 206 113 223 119 239 128 253 140 263 153 271 168 274 183 271 196 262 206 251 214 236 220 220 223 203 227 186 228 168 114 160 122 150 134 147 146 149 158 154 175 155 186 150 198 148 210 151 218 160 167 166 167 178 167 190 167 202 155 209 161 211 167 213 174 211 179 208 129 168 136 163 144 163 151 169 144 171 135 171 183 169 190 162 198 163 205 168 199 171 190 171 147 235 155 230 163 227 168 228 173 226 181 229 188 233 182 242 174 246 169 248 163 247 155 244 151 235 163 231 168 231 173 231 185 233 174 239 168 240 163 240
106 189 109 207 113 224 120 240 129 253 140 264 153 272 169 274 183 271 195 262 206 251 214 237 220 221 223 204 227 187 229 169 114 160 122 151 133 147 146 149 157 154 175 155 186 151 198 149 210 152 218 160 167 166 167 178 167 190 168 203 155 209 161 212 167 213 174 211 179 209 128 168 136 163 144 163 150 169 144 171 135 171 182 169 190 163 198 163 205 168 198 171 190 171 148 235 155 230 163 227 168 228 174 226 181 229 188 233 182 242 175 246 169 248 163 247 155 245 151 235 163 231 168 232 174 231 185 233 174 239 168 240 163 240
105 189 109 207 113 224 119 240 128 254 140 265 153 273 168 275 183 271 196 262 207 251 215 237 220 221 223 204 227 187 229 169 114 160 121 151 133 148 146 150 157 155 175 156 186 151 198 149 210 152 218 160 167 167 167 179 167 191 168 203 155 210 161 212 167 213 174 212 179 209 128 169 136 164 144 164 151 170 144 172 135 172 182 170 190 163 198 163 205 169 199 172 190 172 148 236 155 231 163 228 168 229 173 227 181 230 188 233 182 243 174 247 168 248 163 248 155 245 151 236 163 232 168 232 173 231 185 234 174 240 168 241 163 241
106 188 109 206 113 224 119 240 128 254 140 265 153 273 168 275 183 272 196 263 207 251 214 237 220 221 223 204 227 187 229 168 114 160 122 151 134 148 146 151 157 156 175 157 186 152 198 149 210 152 218 160 167 167 167 179 167 191 167 204 155 211 161 213 167 214 173 212 179 210 128 169 136 164 144 164 150 170 144 172 135 172 182 170 190 164 198 164 205 169 198 172 190 172 148 236 155 232 163 229 168 230 173 228 181 231 187 234 181 243 174 247 168 248 163 248 155 245 151 236 163 233 168 234 173 233 184 234 174 239 168 240 163 240
105 187 109 206 112 223 119 239 128 253 140 264 153 273 168 275 183 272 196 262 207 250 215 236 220 220 223 203 226 186 228 168 113 161 121 152 133 149 146 151 157 156 175 157 186 152 198 149 210 152 217 160 166 168 167 180 167 191 167 204 155 211 161 213 167 215 173 213 178 210 128 170 135 165 144 165 150 171 143 172 135 173 182 170 190 164 198 164 204 169 198 172 190 172 148 237 155 234 163 231 168 232 173 230 180 232 187 234 181 243 174 247 168 248 163 248 156 245 152 237 163 235 168 235 173 234 184 235 173 240 168 241 163 241
105 188 109 206 112 224 119 239 128 253 140 264 153 272 168 275 183 271 196 262 207 251 214 236 219 221 223 204 226 187 228 168 114 161 121 152 133 149 146 151 157 156 175 157 186 152 198 150 210 152 217 160 167 167 167 180 167 192 167 204 155 212 160 214 167 215 173 214 178 211 128 170 135 165 143 165 150 171 143 172 135 173 182 170 189 164 197 164 204 169 198 172 190 172 148 237 156 235 163 232 167 233 172 232 180 233 187 235 181 242 174 245 168 246 163 246 156 243 152 238 163 237 168 237 172 236 184 235 173 238 168 240 163 239
105 187 108 205 112 223 118 238 127 253 138 263 152 271 168 274 183 270 196 262 207 250 214 236 219 220 223 203 226 186 228 168 114 161 121 152 133 149 145 152 157 157 175 157 186 153 197 150 209 153 217 160 166 168 166 180 166 192 167 205 155 212 160 215 166 216 173 214 178 212 128 170 135 165 143 165 150 171 143 173 135 173 182 171 189 165 197 165 204 170 198 173 190 173 148 237 155 235 163 233 167 234 172 232 179 234 187 235 180 241 173 245 168 246 163 245 156 243 151 238 163 237 167 238 172 237 184 236 172 238 168 239 163 239
105 187 108 204 112 222 117 238 126 252 138 262 151 270 167 273 182 271 196 262 207 251 214 237 220 221 223 204 226 187 228 168 113 161 121 153 133 150 145 152 156 157 175 158 186 153 198 150 210 153 218 161 166 168 166 181 166 193 166 205 154 213 160 215 166 216 172 214 178 212 128 170 134 166 142 165 149 172 142 173 134 174 182 171 189 165 198 165 204 170 198 173 190 173 148 238 156 236 163 233 167 235 171 233 179 235 186 236 179 241 173 244 168 244 163 244 156 242 151 238 163 238 167 238 172 237 183 236 172 238 168 239 163 238
105 188 108 206 112 223 118 239 126 253 138 264 152 272 168 275 183 271 196 263 207 251 214 237 220 221 223 204 227 187 228 169 113 161 121 152 133 149 145 152 156 157 175 158 186 152 198 150 209 153 217 161 166 168 166 181 166 193 166 206 154 213 160 215 166 216 172 215 178 212 128 170 135 166 143 166 149 172 143 173 134 174 182 171 189 165 197 166 204 170 198 173 189 173 148 238 155 236 162 233 167 234 172 232 179 234 187 236 180 242 173 245 168 246 162 246 156 244 151 238 162 238 167 238 172 237 183 237 173 238 167 239 163 239
105 189 108 207 112 225 118 240 127 255 139 265 153 274 168 276 184 272 196 263 207 251 214 237 219 221 223 204 226 187 228 169 113 162 121 153 133 150 145 152 156 157 175 158 185 153 197 150 209 153 217 161 166 168 166 181 166 193 166 206 154 213 160 215 166 216 173 214 178 212 128 170 135 166 142 166 149 172 142 173 134 174 182 171 189 165 197 165 204 170 197 173 189 173 147 238 155 235 162 232 167 234 172 232 180 234 187 236 181 243 174 247 168 248 162 248 155 245 151 239 162 238 167 238 173 237 184 236 173 240 168 241 162 240
105 188 108 206 112 224 118 240 127 254 139 265 152 274 167 277 182 273 195 263 206 251 214 237 219 221 222 204 226 187 228 169 113 161 121 153 133 150 145 152 156 157 174 158 185 153 197 150 209 153 217 161 165 168 165 181 166 193 166 206 153 212 159 215 166 217 172 215 178 212 127 170 134 166 142 166 149 171 142 173 134 173 181 171 189 165 197 165 204 170 197 173 189 173 147 238 154 235 161 232 166 233 172 231 180 233 187 236 181 244 173 248 167 250 161 249 154 246 151 238 161 237 166 237 172 236 184 236 173 241 167 242 162 241
105 188 108 206 112 223 118 240 127 254 139 265 152 273 168 275 183 272 196 262 207 251 214 236 219 220 222 203 226 186 228 168 113 161 120 152 132 149 145 152 156 157 173 157 184 152 196 150 209 153 216 161 165 168 166 180 166 193 166 206 153 212 159 215 166 216 172 214 178 211 127 170 134 166 142 165 149 171 142 173 134 173 181 171 188 165 196 165 203 169 197 173 189 173 147 238 154 235 162 232 166 234 171 232 179 234 187 236 180 243 173 246 167 247 162 247 155 245 151 238 162 237 166 237 172 236 183 236 172 239 167 240 162 240
105 187 108 204 111 221 117 237 125 252 137 263 151 271 167 274 183 270 196 262 207 250 214 236 219 220 222 203 226 186 228 168 113 161 121 152 133 149 145 152 156 157 174 158 184 153 197 150 209 153 217 161 166 168 166 180 166 193 166 205 153 212 159 215 166 216 173 214 178 211 127 170 134 165 142 165 149 171 142 173 134 173 181 171 189 165 197 165 204 170 197 173 189 173 147 238 154 235 161 232 166 234 171 232 179 234 187 236 180 242 173 244 167 246 162 245 155 243 150 238 161 238 166 238 172 237 184 236 172 238 167 239 162 238
105 188 108 206 112 223 118 238 126 252 138 263 151 271 167 274 183 271 196 262 207 250 214 236 219 221 222 204 226 187 228 169 113 161 121 152 133 149 145 152 156 157 174 158 185 152 197 150 209 153 217 161 166 168 166 180 166 193 166 205 153 212 159 214 166 216 172 214 178 211 127 170 134 165 142 165 149 171 142 173 134 173 181 171 189 165 197 165 204 170 197 173 189 173 148 238 155 235 161 232 166 234 172 232 179 234 187 236 180 241 173 244 167 245 162 245 155 243 151 238 161 237 166 238 172 237 184 236 172 237 167 239 162 238
104 188 108 206 112 223 118 239 126 253 138 264 151 272 167 274 183 271 196 262 207 251 214 236 219 221 222 204 226 187 228 169 113 161 120 152 132 149 145 151 156 157 174 157 185 152 197 150 209 152 217 161 166 168 166 180 166 192 166 205 154 212 160 214 166 216 172 214 178 211 127 170 134 165 142 165 149 171 142 173 134 173 181 171 189 165 197 165 204 169 197 173 189 173 148 238 155 235 162 232 167 234 172 231 179 234 187 236 180 242 173 245 167 246 162 246 155 244 151 238 162 237 167 238 172 237 184 236 173 238 167 239 162 238
104 187 108 205 111 223 118 238 126 253 138 264 152 272 167 275 183 272 196 263 207 251 214 237 219 221 222 204 226 187 228 169 113 160 120 152 133 149 145 151 156 156 174 157 185 152 197 150 209 153 217 161 166 168 166 180 166 192 166 205 154 212 159 214 166 216 172 214 178 211 127 170 134 165 142 165 149 171 142 173 134 173 182 171 189 165 197 165 204 170 197 173 189 173 148 238 155 234 161 231 166 233 171 231 179 234 186 236 180 243 173 247 167 247 162 247 155 244 151 238 162 237 166 237 171 237 183 236 172 239 167 240 162 239
104 187 108 205 112 223 118 239 127 253 139 264 152 272 168 274 183 271 196 262 207 250 214 236 219 220 223 203 226 186 228 168 113 161 120 152 133 149 145 151 157 156 174 157 185 152 197 150 209 152 217 160 166 168 166 180 166 192 166 205 154 212 159 214 166 216 172 214 178 211 127 170 135 165 142 165 149 171 142 173 134 173 182 171 189 165 197 165 204 169 197 173 189 173 148 238 155 234 162 231 166 233 171 231 179 234 186 236 180 243 173 247 167 248 162 247 155 244 152 238 162 236 166 237 171 236 183 236 172 239 167 240 162 239
105 187 108 205 112 223 118 238 126 252 138 263 152 271 168 273 183 270 196 261 207 249 214 235 219 219 222 203 226 186 228 168 113 160 121 151 133 149 145 151 156 156 174 157 185 152 197 150 209 152 217 160 166 167 166 180 166 192 166 204 154 211 159 214 166 215 172 213 178 211 127 169 134 165 142 165 149 171 142 172 134 173 181 170 189 165 197 165 204 169 197 172 189 172 148 237 155 234 162 232 166 233 171 231 179 234 186 235 179 242 172 245 167 246 162 245 155 243 152 238 162 237 166 237 171 236 183 236 172 238 167 239 162 238
105 187 108 205 112 222 118 238 126 252 138 263 152 271 168 273 183 270 196 261 207 250 214 236 219 220 222 203 226 186 228 169 113 160 121 151 133 148 145 151 156 156 174 157 185 152 197 150 209 152 217 160 166 167 166 179 166 191 166 204 154 211 160 213 166 215 172 213 178 210 128 169 134 165 142 164 149 170 142 172 134 172 182 170 189 164 197 164 204 169 198 172 189 172 148 237 155 234 162 231 166 232 171 230 179 233 187 235 180 241 173 244 167 246 162 245 155 243 151 237 162 236 167 237 172 236 184 235 172 237 167 238 162 238
105 188 108 205 112 223 118 239 127 253 139 263 153 271 168 273 183 269 196 260 207 249 214 235 219 219 223 202 226 185 228 168 113 160 121 151 133 148 146 150 157 156 174 157 185 152 197 149 209 152 217 160 166 167 166 179 166 191 166 204 154 210 160 213 166 215 173 213 178 210 127 169 135 164 143 164 149 170 142 172 134 172 182 170 189 164 197 164 204 169 198 172 189 172 148 237 155 233 162 230 167 231 172 229 179 232 187 234 180 241 173 245 168 246 162 246 155 243 152 237 162 235 167 235 172 234 183 235 172 238 167 239 163 238
105 188 109 206 112 223 118 239 127 252 140 263 153 270 168 273 183 269 196 261 207 250 215 235 220 220 223 203 227 186 229 169 113 160 121 151 133 148 145 150 156 155 175 156 186 151 198 149 210 152 217 160 166 167 166 179 167 191 167 203 154 210 160 212 166 214 173 212 178 209 128 169 135 164 143 164 149 170 143 172 134 172 182 170 189 164 197 164 204 169 198 172 189 172 148 236 155 231 162 228 167 230 172 228 180 231 186 234 180 242 173 245 167 246 162 246 155 243 152 236 162 233 167 233 172 232 183 234 172 238 167 239 162 238
106 188 109 205 112 223 118 238 127 252 139 262 153 270 167 273 182 270 195 261 206 250 214 236 219 220 223 204 227 187 229 170 113 160 121 151 133 148 146 150 157 155 174 156 186 151 198 150 210 153 218 161 167 167 167 179 167 191 167 203 154 210 160 212 167 214 173 212 179 209 128 169 135 164 143 164 150 170 143 172 135 172 182 170 190 164 198 164 205 169 198 172 190 172 147 235 155 231 162 228 167 229 172 228 180 230 187 234 181 241 173 245 167 246 162 245 155 242 151 235 162 232 167 232 172 232 184 234 173 238 167 239 162 238
106 188 109 206 112 223 118 239 127 252 139 263 152 271 167 273 182 270 195 261 206 250 214 236 219 221 223 204 227 187 229 169 114 160 122 151 134 148 147 150 158 155 175 157 186 151 198 149 210 153 218 161 167 167 167 179 167 191 167 203 154 210 160 212 167 214 173 212 179 209 129 168 136 164 144 164 151 170 144 171 136 171 183 170 190 164 198 164 205 169 198 172 190 172 147 235 155 230 162 227 167 229 172 227 180 230 187 234 180 242 173 246 167 247 162 246 154 243 151 235 162 232 167 232 172 231 183 234 173 239 167 239 162 239
106 188 109 205 112 223 119 238 127 252 139 263 152 271 167 274 182 271 195 262 206 251 214 236 220 221 223 204 227 187 229 169 114 160 122 151 134 148 147 150 158 155 176 157 187 152 199 150 211 153 219 162 167 167 168 179 168 191 168 203 155 210 161 212 167 214 174 212 180 210 129 169 136 164 144 164 151 170 143 171 135 171 183 171 190 164 199 165 206 170 199 172 190 172 149 236 155 231 163 228 168 229 172 228 180 231 187 235 180 243 173 247 168 248 162 247 155 244 152 235 162 232 168 232 172 232 184 235 173 240 168 241 162 240
106 188 109 206 112 223 119 239 127 253 139 263 152 272 167 275 182 272 195 263 206 251 214 237 220 221 224 205 228 187 230 169 115 160 122 151 135 148 147 150 158 155 176 156 187 151 199 150 211 153 219 162 168 167 168 179 168 191 168 203 155 210 161 212 168 214 174 212 180 209 129 168 136 164 144 164 151 170 144 171 136 172 183 170 191 164 199 164 206 169 199 172 191 172 149 236 155 231 163 228 168 229 172 227 180 230 187 235 180 243 173 247 168 248 162 247 155 244 152 236 163 232 168 232 173 232 183 235 173 240 168 240 163 240
107 189 110 206 113 224 119 239 128 253 140 264 152 272 167 274 182 272 195 263 206 252 214 238 220 222 224 205 228 189 230 171 115 160 123 151 135 148 148 150 159 155 176 157 187 152 200 150 212 153 219 162 168 167 168 179 168 191 168 204 156 210 162 212 168 214 174 212 180 210 130 169 137 164 145 164 151 170 144 172 136 172 184 171 191 164 199 164 206 170 200 172 191 172 149 236 155 231 163 228 168 229 173 228 180 231 187 235 180 243 173 247 168 248 162 247 155 243 152 235 163 232 168 232 173 232 184 235 173 240 168 241 163 240
107 189 110 206 113 224 119 239 128 252 139 262 152 270 167 273 182 271 196 262 207 251 215 237 220 222 224 205 228 188 230 170 116 160 123 151 135 148 148 150 159 155 177 157 188 152 200 150 212 154 220 162 169 167 169 179 169 191 169 203 156 210 162 212 168 214 175 212 181 210 130 169 137 164 145 163 152 170 145 171 136 171 185 170 192 164 200 164 207 170 200 172 192 172 149 235 156 231 163 228 168 229 173 228 180 231 187 234 181 240 173 243 168 244 163 243 156 241 153 235 163 232 168 232 173 232 184 234 173 237 168 238 163 237
107 188 110 205 113 223 119 238 127 252 139 262 152 270 167 273 183 270 196 262 207 251 215 237 220 222 224 205 228 188 230 170 115 160 123 151 135 148 148 150 159 155 177 157 188 152 200 150 212 153 220 162 169 167 169 179 169 191 169 204 156 210 162 212 169 214 175 212 181 210 130 168 137 164 145 164 152 170 144 171 136 172 185 170 192 164 200 164 207 169 200 172 192 172 149 235 156 231 163 228 169 229 173 228 181 230 188 233 181 240 174 242 169 243 163 242 156 240 152 235 163 232 169 232 173 232 184 234 174 236 169 237 163 236
107 189 110 207 114 224 120 239 128 253 140 264 153 271 168 274 183 271 196 263 207 251 215 237 220 221 224 205 228 188 230 170 115 160 123 151 136 147 148 150 159 155 177 157 188 152 201 150 212 153 220 162 169 167 169 179 169 191 169 203 157 210 163 212 169 214 176 212 181 210 130 169 137 164 145 164 152 170 145 172 137 172 185 170 192 164 200 164 207 169 200 172 192 172 149 235 156 231 164 228 169 229 174 228 181 230 189 234 182 241 175 244 169 245 164 244 156 242 152 235 164 232 169 233 174 232 185 234 174 238 169 238 164 238
107 188 110 206 113 223 119 239 128 253 139 264 152 272 167 275 183 272 195 264 207 252 215 238 220 222 224 205 228 188 230 170 117 159 124 151 137 148 149 150 160 156 178 157 189 152 201 150 213 153 220 162 170 167 170 179 170 191 170 204 157 210 163 212 169 214 175 213 181 210 130 169 137 164 145 164 152 170 145 171 137 172 185 170 192 165 200 165 207 170 200 172 192 172 148 235 156 231 164 229 169 230 174 228 182 231 189 234 182 242 175 246 169 247 163 246 156 243 152 235 163 232 169 233 174 232 185 234 174 239 169 240 163 240
107 188 110 206 113 224 120 240 129 254 141 264 153 273 168 275 183 272 196 264 207 252 215 238 221 222 224 205 228 188 230 170 116 160 124 151 136 148 148 150 159 155 179 157 189 152 201 150 213 153 220 162 170 167 170 179 170 192 170 204 157 210 163 213 169 214 176 213 182 210 131 169 138 164 145 164 152 170 145 172 137 172 185 171 192 165 200 165 207 170 200 172 192 172 149 235 156 231 164 229 169 230 174 228 182 231 189 234 182 242 175 246 170 247 164 247 156 243 152 235 164 232 169 233 174 232 186 234 175 240 170 241 164 240
107 189 110 207 113 224 120 239 128 253 140 264 153 271 168 274 183 271 196 263 207 252 215 238 220 222 224 206 228 189 231 171 116 160 124 151 136 148 149 150 160 156 178 157 189 152 201 150 213 153 221 162 169 167 170 179 170 191 170 204 157 210 163 212 169 214 176 213 182 210 131 169 137 164 145 164 152 170 145 172 137 172 185 171 192 165 200 165 207 170 200 173 192 172 149 235 156 231 164 229 169 230 174 229 181 231 189 234 182 241 175 244 169 245 163 245 156 242 152 235 164 232 169 233 174 232 185 234 174 238 169 239 164 239
107 190 110 207 113 225 120 240 128 253 140 263 154 271 169 273 184 270 196 262 208 251 215 237 220 222 224 205 228 188 230 170 116 160 124 151 136 148 148 150 160 155 177 157 188 152 200 150 213 154 220 162 169 167 169 179 169 191 169 204 157 210 163 213 169 214 176 213 181 210 131 169 137 164 145 164 152 170 145 172 137 172 185 171 192 165 200 165 207 170 200 173 192 173 149 235 157 231 164 229 169 230 174 228 181 231 189 234 182 240 175 243 169 244 164 243 157 241 153 235 164 232 169 233 174 232 185 234 174 237 169 238 164 237
107 188 110 206 113 223 119 239 128 252 140 262 153 270 168 272 183 270 196 261 207 250 215 236 220 221 224 204 228 187 230 169 116 160 123 151 136 148 148 150 160 155 177 157 188 152 200 150 212 153 220 162 169 167 169 179 169 191 169 204 157 210 162 213 169 214 175 213 181 210 131 169 137 164 145 164 152 170 145 172 137 172 185 170 192 165 200 165 207 170 200 173 192 172 149 235 157 231 164 228 169 229 174 228 181 231 189 233 182 240 174 242 169 243 164 243 157 240 153 234 164 232 169 233 174 232 186 234 174 236 169 237 164 236
107 188 110 206 113 223 119 239 127 252 140 262 153 270 168 272 183 270 196 261 207 251 215 237 220 221 224 205 228 188 230 170 115 161 123 152 135 148 148 150 159 156 176 157 188 153 200 151 212 154 220 163 169 167 169 179 169 191 169 204 156 210 162 212 169 214 175 212 181 210 130 169 137 164 145 164 152 170 145 172 137 172 184 171 192 165 200 165 207 170 200 173 192 172 149 235 156 231 164 228 169 229 173 228 181 231 189 233 181 239 174 242 169 243 163 242 156 240 152 234 164 232 169 232 173 232 185 233 173 236 169 237 164 236
107 189 110 206 113 223 119 239 127 252 139 262 152 269 167 272 183 269 196 261 207 251 215 237 220 221 224 205 228 188 230 170 115 160 123 151 135 148 147 150 158 155 176 157 187 152 200 150 212 153 220 162 168 167 168 179 168 191 168 204 156 210 162 213 168 214 174 212 180 210 130 169 137 164 145 164 152 170 144 172 136 172 184 171 191 165 199 165 206 170 199 173 191 172 148 234 156 231 163 228 168 229 173 228 180 230 188 233 181 239 173 242 168 243 162 242 156 240 152 234 163 232 168 232 173 232 185 233 173 236 168 236 163 236
107 189 110 207 113 224 119 239 127 253 139 262 152 270 168 272 183 269 196 261 207 251 215 237 220 222 223 205 227 188 229 171 115 160 123 151 135 148 147 151 158 156 175 158 186 153 199 151 211 154 219 162 168 167 168 179 168 191 168 204 155 210 161 213 168 215 174 213 180 210 130 169 136 164 144 164 151 170 144 172 136 172 183 171 191 165 199 165 206 170 199 173 191 173 148 235 156 231 163 228 168 230 172 228 180 231 188 233 180 239 173 242 168 243 162 242 156 240 152 234 163 232 168 233 172 232 185 234 173 236 168 236 163 236
107 188 110 206 113 223 119 238 127 252 139 262 152 269 166 272 182 270 195 262 207 251 215 237 220 221 223 205 227 188 229 170 114 160 122 151 134 148 147 150 158 156 175 157 187 152 199 150 212 154 220 162 168 167 168 179 168 191 168 204 155 210 161 213 167 215 174 213 180 210 129 169 136 164 144 164 151 170 144 172 136 172 183 171 191 165 199 165 206 170 199 173 191 172 148 235 155 231 162 228 167 230 172 228 180 231 188 233 180 240 173 243 168 244 162 243 155 240 151 235 162 232 167 233 172 232 184 234 172 236 168 237 162 236
106 188 109 205 112 223 118 238 127 252 139 262 153 270 168 272 183 269 195 261 207 250 214 236 220 220 223 204 227 187 229 169 114 160 122 151 134 148 147 150 158 156 175 157 187 152 199 150 211 153 219 161 167 167 167 179 167 191 168 204 155 210 161 213 167 215 174 213 179 210 129 169 136 164 143 164 150 170 143 172 135 172 183 170 190 164 198 165 205 169 199 172 191 172 148 235 155 231 162 228 167 230 172 228 180 231 188 233 181 240 173 243 168 244 162 243 155 241 152 235 162 233 167 233 173 233 185 234 173 236 168 237 163 236
105 188 109 206 112 223 118 238 127 252 139 262 152 270 168 272 182 269 195 261 207 250 214 236 219 220 223 204 227 187 229 170 114 160 121 151 134 148 146 150 157 156 176 157 187 152 199 150 211 153 219 162 167 167 167 180 167 192 168 204 154 211 160 213 167 215 174 213 179 210 128 170 135 165 143 165 150 171 143 172 135 172 183 171 190 165 198 165 205 170 198 172 190 172 148 236 155 232 163 229 167 231 172 229 180 231 188 234 181 240 174 243 168 244 163 244 156 242 151 236 163 234 167 234 173 234 185 234 173 236 168 237 163 237
105 188 109 206 112 223 118 239 127 253 139 263 153 270 168 272 183 269 195 260 207 250 214 235 219 220 222 203 226 187 229 170 114 160 122 151 134 148 146 150 157 156 175 157 186 152 199 150 211 153 219 161 167 167 167 180 167 192 167 204 154 211 160 213 167 215 173 213 179 210 128 169 135 165 143 164 150 171 143 172 135 172 183 170 190 164 198 165 205 169 198 172 190 172 148 236 155 233 162 230 167 231 172 229 180 232 188 233 181 240 173 243 168 244 163 244 156 242 151 236 162 235 167 235 172 234 184 234 173 236 168 237 163 236
105 188 109 206 112 223 118 239 127 252 139 262 153 270 168 272 183 269 196 261 206 250 214 236 219 220 223 204 226 187 228 169 114 160 122 151 134 148 146 150 157 155 175 156 186 151 198 149 211 152 218 160 167 167 167 179 167 191 167 204 154 211 160 213 167 215 173 213 179 210 128 169 135 164 143 164 150 170 143 172 135 172 182 170 190 164 198 164 205 169 198 172 190 172 148 236 155 233 162 230 167 231 172 229 180 232 188 233 181 240 174 243 168 244 163 244 156 242 151 236 163 235 167 235 172 234 184 234 173 236 168 237 163 237
106 187 109 205 112 223 118 238 127 252 139 262 152 270 167 272 182 269 195 261 206 250 214 236 219 221 223 204 227 188 229 170 114 160 122 151 134 148 147 150 158 156 175 157 186 152 199 149 211 152 219 161 167 167 167 179 167 191 167 204 154 211 160 213 166 215 173 213 179 210 128 169 135 164 143 164 150 170 143 172 135 172 183 170 190 164 198 164 205 169 198 172 190 172 148 236 155 233 162 230 167 231 172 229 180 232 188 233 181 239 173 242 168 243 163 243 156 241 151 236 162 235 167 236 172 234 184 234 173 235 168 237 163 236
105 188 109 206 112 223 119 239 128 252 140 263 153 270 168 272 183 269 195 260 207 249 214 235 219 220 223 203 227 186 229 169 114 159 122 150 134 147 146 150 157 155 176 156 187 151 198 149 210 152 218 160 167 167 167 179 167 191 167 204 154 211 160 213 167 214 173 213 179 210 128 169 135 164 143 164 150 170 143 172 135 172 183 170 190 164 198 164 205 169 198 172 190 172 148 236 155 233 163 230 167 231 172 229 180 232 188 233 181 240 174 243 168 244 163 244 156 242 151 236 163 235 167 236 173 235 185 234 173 235 168 237 163 236
105 188 109 206 112 223 119 239 127 253 139 263 153 270 168 272 183 269 196 260 207 249 214 235 219 219 223 202 227 186 228 168 114 160 122 151 134 148 146 150 157 156 175 157 186 152 198 150 210 153 218 161 167 167 167 179 167 191 167 204 154 211 160 213 167 214 173 213 179 210 128 169 135 164 143 164 150 170 143 171 135 172 182 170 190 164 198 164 205 169 198 172 190 172 148 236 156 233 163 230 168 231 173 229 180 231 188 233 181 239 174 242 169 244 163 243 156 242 152 236 163 235 168 235 173 234 184 234 173 235 168 236 163 236
106 188 109 206 112 224 119 239 127 252 139 263 153 270 168 272 183 269 195 261 207 250 214 236 219 220 223 204 226 187 229 169 114 160 122 151 134 148 146 150 157 156 175 157 186 152 198 150 210 153 218 161 167 167 167 179 167 191 167 204 154 211 160 213 167 214 174 212 179 210 128 169 135 164 143 164 150 170 143 172 135 172 182 170 190 164 198 164 205 169 198 172 190 172 148 236 156 232 163 229 167 230 172 228 180 231 187 233 181 239 174 243 168 244 163 243 156 242 152 236 163 234 167 235 173 234 184 233 173 235 168 236 163 236
105 189 109 206 112 223 119 239 127 252 139 263 153 270 168 272 183 269 195 261 206 250 214 236 219 221 223 204 227 187 229 169 114 160 122 151 134 148 146 151 157 156 175 157 186 152 198 150 210 153 218 160 167 167 167 179 168 191 168 204 155 211 161 213 167 214 174 213 179 210 128 169 135 164 143 164 150 171 143 172 135 172 183 171 190 164 198 165 205 169 198 172 190 172 148 236 156 232 163 229 168 230 173 228 181 231 188 233 181 240 174 243 169 245 163 244 156 242 152 236 163 234 168 234 173 233 185 234 174 236 168 237 163 237
105 188 108 206 112 223 118 238 127 252 139 263 152 270 167 273 182 269 195 261 206 250 214 236 219 221 223 204 226 187 229 170 114 160 122 151 134 149 146 151 158 156 175 157 186 152 198 150 210 153 218 161 167 168 167 180 167 191 168 204 155 211 161 213 167 214 173 213 179 210 128 169 135 165 143 164 150 171 143 172 135 172 183 171 190 165 198 165 205 169 198 172 190 172 148 236 156 232 163 229 168 230 173 228 180 231 188 234 181 240 174 244 168 245 163 244 156 242 152 236 163 233 168 234 173 233 184 234 173 237 168 237 163 237
106 188 109 206 113 223 119 239 128 252 139 263 153 271 168 273 182 270 195 261 207 250 214 236 219 220 223 203 227 187 229 169 114 161 121 152 134 149 146 151 157 156 174 157 186 152 198 150 210 153 218 161 167 167 167 180 167 192 168 204 155 211 161 213 167 214 173 213 179 210 128 169 135 165 143 165 150 170 143 172 135 172 183 170 190 164 198 165 205 169 199 172 190 172 148 236 156 232 163 229 167 230 172 228 180 231 187 234 181 241 174 244 168 245 163 245 156 242 152 236 163 233 167 233 172 233 184 234 173 237 168 238 163 237
106 189 109 206 112 223 119 239 128 253 139 263 152 271 167 273 182 270 195 262 206 251 214 237 219 221 223 204 226 187 229 169 114 161 122 152 134 149 146 151 157 157 174 158 185 153 197 151 209 154 218 162 167 168 167 180 167 192 167 204 155 211 161 213 167 215 173 213 179 211 128 170 135 165 143 165 150 171 143 173 135 173 182 171 189 165 198 165 205 170 198 173 190 173 149 236 156 232 163 229 167 230 172 229 180 231 187 234 181 241 174 244 168 245 163 245 156 242 152 236 163 233 167 234 173 233 184 234 173 237 168 238 163 238
106 188 109 206 112 223 118 238 127 252 139 263 152 270 168 273 183 270 196 261 207 250 214 236 219 220 223 203 226 186 229 169 114 161 122 152 134 149 146 151 157 156 174 158 185 152 197 150 210 153 218 161 167 168 167 180 167 192 167 205 155 211 161 214 167 215 173 213 179 211 128 170 135 165 143 165 150 171 143 172 135 173 182 171 190 165 198 165 205 170 198 173 190 173 148 236 155 232 162 229 167 230 172 228 180 231 187 234 181 241 174 244 168 245 163 245 156 243 152 236 162 233 167 233 173 233 184 234 173 237 168 238 163 238
106 189 109 207 113 224 119 239 127 253 139 263 152 271 168 273 183 270 195 262 206 251 214 237 219 221 223 204 226 187 229 169 114 161 122 152 134 149 146 152 157 157 174 158 185 153 197 151 209 153 217 162 166 168 167 180 167 192 167 205 155 211 161 214 167 215 173 213 179 211 128 170 135 165 143 165 150 171 143 172 135 173 182 171 190 165 197 165 204 170 198 173 190 173 148 236 155 232 162 229 167 230 172 229 180 231 187 234 181 241 174 244 168 245 163 245 156 243 152 236 163 234 167 234 173 233 184 235 173 237 168 238 163 238
106 189 109 206 112 223 118 239 127 252 139 263 152 270 168 273 183 270 195 261 207 250 214 236 219 220 223 204 226 187 229 169 114 161 122 152 134 149 146 152 157 157 174 158 185 153 197 151 209 154 217 162 167 168 167 180 167 192 167 205 155 212 161 214 167 215 173 214 179 211 128 170 135 165 143 165 150 171 143 173 135 173 182 171 190 165 198 165 205 170 198 173 190 173 149 236 156 232 163 229 167 231 172 229 180 232 187 235 181 241 174 244 168 245 163 245 156 242 152 236 163 234 167 234 173 234 184 235 173 237 168 238 163 238
106 189 109 206 112 223 118 239 127 253 139 263 152 271 167 273 182 270 195 262 206 251 214 237 219 221 223 204 227 187 229 169 114 161 121 152 134 149 146 152 157 157 174 158 185 153 197 150 210 153 218 161 166 168 166 180 167 193 167 205 155 212 160 214 166 216 173 214 179 211 128 170 135 165 143 165 150 171 143 173 135 173 182 171 189 165 197 165 204 170 198 173 190 173 148 237 156 233 163 230 167 231 172 229 180 232 187 235 181 241 174 244 168 245 163 245 156 243 152 237 163 234 167 234 173 234 184 235 173 237 168 238 163 238
106 190 109 207 112 224 118 240 127 253 139 263 152 271 167 273 182 270 195 261 207 250 214 236 219 220 223 204 226 187 229 169 114 162 121 152 133 149 146 152 157 157 173 158 185 153 197 151 209 154 217 162 166 168 166 180 166 192 167 205 155 212 160 214 167 215 173 214 179 211 128 170 135 166 143 165 150 172 143 173 135 173 182 171 189 165 197 165 204 170 198 173 190 173 148 237 156 233 163 230 167 231 172 229 180 232 187 234 180 240 173 244 168 245 163 244 156 242 152 236 163 234 167 234 172 234 184 235 173 237 168 238 163 237
105 190 109 208 112 225 118 240 127 254 140 264 153 271 168 273 183 270 196 262 207 251 214 236 219 221 223 204 227 187 229 170 114 162 121 153 133 149 145 152 156 157 174 158 185 153 197 151 209 154 217 162 166 169 167 181 167 193 167 206 155 212 161 214 167 216 173 214 179 211 128 171 135 166 143 166 150 172 143 173 134 174 182 172 189 165 197 166 204 170 198 173 190 173 148 237 155 233 163 230 167 231 172 229 180 232 188 235 181 240 174 243 168 244 163 244 156 242 152 237 163 234 168 235 173 234 184 235 173 237 168 237 163 237
105 189 108 206 111 223 117 239 126 252 138 262 151 270 166 273 181 270 194 262 206 251 214 238 219 222 222 205 226 188 228 170 113 161 121 152 133 150 146 152 157 157 174 159 185 153 197 151 209 154 217 162 166 169 166 181 166 193 167 206 154 212 160 214 166 216 173 214 178 211 128 170 135 166 142 166 149 172 142 173 134 174 182 172 189 165 197 166 204 170 198 173 190 173 148 236 155 233 162 230 167 231 172 230 180 232 187 234 180 240 173 243 168 244 162 243 155 241 151 236 162 235 167 235 172 234 184 234 173 236 167 237 163 237
105 189 108 206 112 223 118 239 126 253 138 263 152 270 167 273 183 270 195 261 207 250 214 236 219 220 223 204 226 187 228 169 114 162 121 152 133 150 145 152 156 157 174 159 185 154 196 151 208 154 217 162 166 169 166 181 166 193 167 205 154 212 160 214 166 216 173 214 179 211 128 171 135 166 142 166 149 172 142 173 134 174 182 172 189 165 197 165 204 170 197 173 189 173 148 236 155 233 162 230 167 231 172 229 180 232 187 234 180 240 173 242 168 243 163 243 156 241 151 236 162 235 167 235 172 234 184 234 173 236 168 236 163 236
104 189 108 207 111 224 117 239 126 253 139 263 152 270 167 272 182 269 195 261 206 250 214 236 219 220 222 204 226 187 228 169 113 162 120 153 133 150 145 152 156 157 173 159 184 154 196 151 209 154 217 162 166 169 166 181 166 193 166 205 154 212 160 214 166 216 173 214 179 211 127 171 134 166 142 166 149 172 142 173 134 174 181 171 189 165 197 165 204 170 197 173 189 173 147 236 155 233 162 230 167 231 172 229 180 232 188 234 181 240 173 242 168 244 163 243 155 241 151 236 162 235 167 235 172 234 184 234 173 236 168 236 163 236
104 190 108 207 111 224 117 240 126 253 138 263 152 270 167 273 182 270 195 261 206 251 214 237 219 221 222 205 226 188 228 170 113 162 120 153 132 150 145 152 156 157 173 159 184 154 196 151 208 154 216 162 165 169 165 181 166 193 166 206 154 212 160 215 166 216 172 214 178 211 127 171 134 166 142 166 149 172 142 173 134 174 181 172 188 165 196 166 204 170 197 173 189 173 147 236 154 233 161 230 166 231 172 229 180 232 187 234 180 240 173 243 167 244 162 243 155 241 150 236 161 235 167 235 172 234 184 234 173 236 167 236 162 236
105 190 108 208 111 225 118 240 127 254 139 263 152 270 167 273 182 270 195 262 206 251 214 237 219 221 222 204 225 188 227 170 112 163 120 153 132 151 145 153 156 158 172 160 183 154 195 152 208 155 216 163 165 169 165 181 165 193 166 206 153 213 159 215 166 216 172 214 178 212 127 171 134 166 142 166 148 172 141 174 133 174 181 172 188 166 196 166 203 171 197 174 188 174 147 236 154 233 161 230 166 232 171 230 179 232 187 234 180 240 173 242 167 243 162 243 155 241 151 236 162 235 167 236 172 235 184 234 172 236 167 236 162 236
104 190 107 208 111 225 117 240 126 253 138 263 152 270 167 273 182 270 194 262 206 251 213 238 218 223 222 206 225 189 227 171 112 163 120 153 132 151 144 153 155 158 173 160 184 154 196 152 208 155 216 163 165 169 165 181 165 193 166 206 154 213 159 215 166 216 172 214 177 212 127 171 134 166 141 166 148 173 141 174 133 174 181 172 188 166 196 166 203 171 196 174 188 174 147 237 154 233 161 231 166 232 171 230 179 232 187 234 180 240 173 243 167 244 162 243 155 242 150 236 161 236 166 236 172 235 184 235 172 236 167 237 162 236
104 190 107 208 111 225 117 240 126 254 139 263 152 271 167 273 182 269 195 261 206 250 214 236 218 221 221 204 225 188 227 170 112 162 120 153 132 150 144 153 155 158 172 159 183 154 195 151 208 154 216 162 165 169 165 181 165 193 166 206 153 213 159 215 165 216 172 214 178 212 126 171 133 166 141 166 148 172 141 174 133 174 180 172 188 166 196 166 203 171 196 174 188 174 147 237 154 233 161 231 166 232 171 230 179 232 187 234 180 240 173 243 167 244 162 243 154 241 150 236 161 236 166 236 172 235 184 234 172 236 167 237 162 236
104 190 107 207 111 225 117 240 126 253 138 263 152 270 167 273 182 270 195 261 206 251 213 237 218 221 221 205 225 188 227 170 112 163 120 153 131 150 144 153 155 158 172 159 183 154 195 152 208 155 216 163 164 169 165 181 165 193 165 206 153 213 159 215 165 216 172 214 177 212 126 171 133 166 141 166 148 172 141 174 133 174 180 172 188 166 196 166 203 171 196 174 188 174 146 237 154 233 161 231 166 232 171 230 179 232 187 234 180 240 173 243 167 244 161 243 154 241 150 236 161 236 166 236 171 235 184 234 172 236 167 237 161 236
104 190 108 207 111 224 117 239 126 253 138 263 151 270 167 273 182 270 195 261 206 251 214 237 218 221 221 204 225 188 227 170 112 162 119 153 131 150 144 153 155 158 172 159 183 154 195 152 207 154 215 163 164 169 164 181 165 194 165 207 153 213 159 215 165 217 171 215 177 212 126 171 133 166 141 166 148 172 141 174 133 174 180 172 187 166 196 166 202 171 196 174 188 174 147 237 154 233 161 231 166 232 171 230 179 232 187 234 180 240 173 242 167 243 162 243 154 241 150 236 161 236 166 236 171 235 184 234 172 236 167 237 162 236
104 190 107 208 111 225 117 240 126 253 138 263 152 271 167 273 182 270 195 261 206 251 213 236 218 221 221 204 225 187 227 169 112 162 119 153 131 150 144 153 155 158 172 159 183 154 195 151 207 154 215 161 164 169 165 181 165 194 165 206 153 213 159 215 165 216 172 215 177 212 126 171 133 166 141 166 148 172 141 174 133 174 180 172 188 166 196 166 203 171 196 174 188 174 147 237 154 233 161 230 166 232 171 230 179 232 187 234 180 240 173 243 167 244 162 243 155 241 150 236 161 236 166 236 171 235 184 235 172 236 167 236 162 236
104 190 107 208 111 225 117 240 126 253 138 263 152 270 167 273 182 270 195 261 206 250 213 236 218 220 221 203 225 187 227 169 112 162 119 153 131 150 143 152 154 158 172 159 183 153 195 151 207 154 215 162 164 169 165 181 165 193 165 206 153 213 159 215 165 216 172 214 177 212 126 171 133 166 141 166 148 172 141 174 133 174 180 172 188 166 195 166 202 171 196 174 188 174 146 236 154 233 161 230 166 232 171 230 179 232 187 234 180 240 173 243 167 244 162 243 155 241 150 236 161 235 166 236 172 235 184 234 172 236 167 236 162 236
104 190 107 208 111 225 117 240 126 253 138 263 152 270 167 273 182 269 195 261 206 250 213 236 218 220 221 204 225 187 226 169 112 162 119 153 132 150 144 153 155 158 172 159 183 154 195 151 207 154 215 162 165 169 165 181 165 193 165 206 153 213 159 215 165 216 172 214 177 212 126 171 133 166 141 166 148 172 141 174 133 174 180 172 188 166 196 166 202 170 196 174 188 174 146 237 154 233 161 230 166 231 171 230 179 232 187 234 180 240 173 243 167 244 162 243 155 241 150 236 161 235 166 236 171 235 183 234 172 235 167 236 162 236
104 190 107 208 111 225 117 240 126 254 138 263 152 271 167 273 182 270 194 261 205 251 213 237 218 222 221 205 225 188 227 170 112 162 119 153 131 150 143 153 155 158 172 159 183 154 195 151 208 154 216 162 164 169 165 181 165 193 165 206 153 213 159 215 165 216 172 214 177 212 126 171 133 166 141 166 148 172 141 174 133 174 180 172 188 166 196 166 203 171 196 174 188 174 146 237 154 233 161 230 166 232 171 230 179 232 187 234 180 240 173 243 167 244 162 243 154 241 150 236 161 235 166 236 171 235 183 234 172 235 167 236 162 236
104 191 107 208 111 225 117 240 126 254 138 263 152 270 167 273 182 269 195 261 206 251 213 237 218 221 221 205 225 188 227 170 112 162 119 153 131 150 143 153 154 158 172 159 183 154 195 151 207 154 216 162 164 169 165 181 165 193 165 206 153 213 159 215 165 216 172 214 177 212 126 171 133 166 141 166 148 172 141 174 133 174 180 172 188 166 196 166 203 171 196 174 188 174 146 237 154 233 161 230 166 232 171 230 179 232 187 234 180 240 172 243 167 244 162 243 154 241 150 236 161 235 166 236 171 235 183 235 172 236 167 236 162 236
104 190 108 207 111 224 117 240 126 253 138 263 151 270 167 273 182 270 195 261 206 251 213 237 218 221 221 205 225 188 227 170 112 162 119 153 131 150 144 153 155 158 172 159 183 154 195 152 207 155 216 163 164 169 165 181 165 193 165 206 153 212 159 215 165 216 172 214 177 212 126 171 133 166 141 166 148 172 141 174 133 174 180 172 188 166 196 166 203 171 196 174 188 174 146 237 154 233 161 230 166 231 171 230 179 232 187 234 180 240 173 243 167 244 162 243 154 241 150 236 161 235 166 236 171 235 184 234 172 236 167 237 162 236
