104 188 107 205 111 223 117 238 127 251 139 261 152 268 167 270 182 267 194 258 205 248 213 234 218 218 222 201 225 184 227 166 112 160 119 151 131 148 144 151 155 155 173 156 183 150 195 147 207 150 215 158 165 166 165 179 165 191 166 204 154 210 160 212 166 214 172 212 178 209 126 169 133 164 141 163 148 169 141 171 133 172 180 168 188 162 196 162 203 167 196 170 188 170 146 232 154 230 161 227 166 229 171 227 179 229 187 230 180 236 173 239 167 240 162 239 155 237 150 232 162 232 166 232 172 231 184 231 172 232 167 233 162 233
103 188 107 206 110 223 117 238 126 252 138 262 152 269 167 271 182 268 194 259 205 248 213 234 218 219 222 202 225 185 227 167 112 160 119 151 131 148 144 151 155 156 172 156 183 151 195 148 207 150 215 158 165 166 165 178 165 191 166 203 153 210 159 212 166 214 172 212 177 209 126 169 133 164 142 163 148 169 141 171 133 172 180 168 188 162 196 162 203 167 196 170 188 170 146 233 153 230 161 228 166 229 171 227 179 229 186 231 179 237 172 239 167 241 161 240 154 238 149 233 161 232 166 233 171 232 183 232 172 232 166 233 161 233
103 188 107 206 111 223 117 239 127 252 139 262 152 269 168 271 182 268 195 259 205 248 213 234 218 218 222 201 225 184 227 166 112 160 119 151 131 148 143 150 154 156 173 156 184 150 196 147 208 150 216 158 165 166 165 179 165 191 166 204 154 210 159 212 166 214 172 212 178 209 126 169 133 164 141 163 148 169 141 171 133 172 180 168 188 162 196 162 203 167 196 170 188 170 146 234 154 230 161 228 166 229 171 227 178 229 186 231 179 237 172 240 167 241 161 240 154 238 149 233 161 232 166 233 171 232 183 232 172 233 166 233 162 233
103 188 107 206 110 223 117 239 126 252 138 262 152 270 167 272 182 268 194 260 205 249 213 234 218 219 222 202 225 184 227 166 112 160 119 152 131 148 143 151 154 156 173 156 184 151 195 148 207 150 215 158 165 167 165 179 165 191 166 204 153 211 159 213 166 214 172 212 177 209 126 169 133 164 141 164 148 170 141 172 133 172 180 169 188 162 196 162 203 167 196 171 188 171 146 234 154 231 161 228 166 229 171 227 178 229 186 232 179 238 172 240 167 241 161 241 154 239 149 234 161 233 166 233 171 232 183 232 171 233 166 234 161 234
103 188 106 206 110 223 117 239 126 253 138 263 152 270 167 272 182 269 194 260 205 249 213 235 218 219 222 202 225 185 227 166 112 161 119 152 131 149 144 151 155 156 172 157 183 152 195 149 207 151 216 159 165 167 165 179 165 192 166 204 153 211 159 213 165 214 172 213 177 210 126 169 133 164 141 164 148 170 141 172 133 172 180 169 188 163 196 163 203 168 196 171 188 171 146 235 153 231 161 228 166 230 171 228 178 230 186 232 179 238 172 241 166 242 161 241 154 240 149 234 161 233 166 234 171 233 182 233 171 233 166 234 161 234
103 188 107 205 110 223 117 238 126 252 138 263 152 271 167 272 182 269 194 260 205 248 213 234 218 219 222 202 225 185 227 167 112 161 120 152 131 149 144 151 155 156 173 156 184 151 195 149 207 151 215 159 165 167 165 179 165 192 166 204 153 211 159 213 165 214 172 212 177 210 126 169 134 164 142 164 148 170 141 172 133 172 180 169 188 163 196 163 202 168 196 171 188 171 147 235 154 231 161 228 166 230 171 228 179 230 186 233 179 239 172 242 167 243 162 243 154 241 150 235 161 233 166 233 171 232 182 233 172 235 167 236 162 236
104 188 107 206 111 223 118 238 127 252 139 263 152 271 167 273 181 270 194 260 205 249 213 235 218 219 222 202 226 185 228 166 112 161 120 152 132 149 144 151 155 156 173 156 184 151 196 149 207 152 215 159 165 167 165 179 165 192 165 205 153 211 159 213 165 215 172 213 177 210 127 169 134 164 142 164 148 170 141 172 133 172 180 169 188 163 196 163 203 168 196 171 188 171 147 235 154 231 161 228 166 230 171 228 178 230 186 233 179 240 172 244 167 245 161 245 154 242 151 235 161 233 166 233 171 232 182 233 172 237 166 238 161 237
104 187 107 205 111 223 118 238 127 252 139 262 152 270 167 272 182 269 194 260 205 249 213 234 218 219 222 202 225 184 227 166 113 161 120 152 132 149 144 151 155 156 173 157 184 151 195 149 207 151 215 159 165 167 165 180 165 192 166 205 153 211 159 213 166 215 172 213 178 210 127 169 134 165 142 164 148 170 142 172 133 173 181 170 188 163 196 163 203 168 197 171 188 171 147 235 154 231 161 228 166 230 171 228 178 230 185 233 179 241 172 244 167 245 161 245 154 242 150 235 161 232 166 233 171 232 182 234 171 237 166 238 161 238
104 188 107 206 111 223 118 239 127 252 139 263 152 271 167 273 182 270 194 261 205 249 213 235 219 219 222 202 226 185 228 166 113 161 120 153 132 150 144 152 155 157 173 157 183 152 195 150 207 152 216 160 165 168 165 180 165 192 166 205 153 211 159 213 166 215 172 213 178 210 127 169 134 165 142 164 149 171 142 172 134 173 181 170 188 163 196 163 203 168 197 171 188 172 147 235 154 231 161 228 166 230 171 228 178 230 185 234 179 241 172 245 166 246 161 245 154 243 151 235 161 232 166 233 171 232 182 234 171 237 166 238 161 238
104 189 107 206 111 224 118 239 127 253 139 263 152 271 167 273 181 270 194 261 205 250 213 235 218 220 222 203 225 185 227 167 113 162 121 153 132 150 144 152 155 157 173 158 184 152 196 150 208 153 216 161 165 168 165 180 165 193 165 206 153 211 159 214 165 215 172 213 177 211 127 170 134 165 142 165 148 171 142 173 134 173 181 170 188 164 196 164 203 169 197 172 188 172 147 236 154 232 161 229 166 230 171 228 178 231 185 234 179 241 172 245 167 247 161 246 154 243 151 236 161 233 166 234 171 233 182 234 172 238 166 239 161 239
104 188 107 206 111 224 118 239 128 253 140 263 153 271 168 273 182 270 194 261 205 250 213 235 218 219 222 202 225 185 227 167 113 162 120 153 132 150 144 152 156 157 173 158 184 152 196 150 208 152 216 160 165 168 165 181 165 193 165 206 153 212 159 214 166 216 172 214 177 211 127 170 134 165 142 165 149 171 142 173 134 173 181 170 188 164 196 164 203 168 197 172 188 172 147 236 154 232 161 230 166 231 171 229 179 231 186 234 180 241 173 245 167 246 162 246 155 243 151 236 162 234 166 234 172 233 182 234 172 238 167 239 162 239
104 187 107 206 111 223 118 239 128 252 140 263 153 271 168 273 182 270 194 261 205 249 213 235 218 219 222 202 225 185 227 166 113 161 121 152 132 150 144 152 155 157 173 157 184 152 196 149 207 151 216 159 165 168 165 180 165 193 166 206 154 212 160 214 166 216 172 214 178 211 127 170 134 165 142 165 149 171 142 173 134 173 181 170 188 164 196 164 203 168 197 172 188 172 148 237 155 234 162 231 166 232 171 230 179 232 186 234 180 241 173 245 168 246 162 245 155 243 152 237 162 236 167 236 172 235 183 235 172 237 167 238 163 238
104 186 107 204 111 222 118 237 127 251 139 262 153 270 168 272 182 269 195 260 206 248 213 234 219 218 222 201 225 184 227 166 113 161 121 152 132 150 144 152 155 157 173 158 184 152 196 149 208 152 216 159 165 168 165 180 166 193 166 206 154 213 160 215 166 216 172 214 178 212 127 170 134 165 142 165 149 171 142 173 134 173 181 170 188 164 196 164 203 168 197 172 188 172 148 237 155 235 162 232 167 234 172 232 179 233 186 235 180 241 173 244 168 245 163 245 156 243 151 237 162 237 167 237 172 236 183 235 173 237 167 238 163 238
104 186 107 204 111 222 118 238 127 252 139 262 153 270 168 272 183 269 195 260 206 248 214 234 219 218 222 201 226 184 228 166 114 161 121 152 133 150 145 152 156 157 173 158 184 153 196 150 208 152 217 160 165 168 165 181 166 193 166 206 154 213 160 215 166 217 172 215 178 212 128 170 135 165 142 165 149 171 142 173 134 173 181 170 188 164 196 164 203 168 197 172 189 172 148 238 155 235 162 233 167 234 172 232 179 234 186 235 180 241 173 245 168 246 163 245 156 243 152 238 162 237 167 238 172 237 183 236 172 237 167 239 163 238
104 187 108 205 111 222 118 238 127 252 139 263 153 271 168 273 183 270 195 261 206 249 213 235 219 219 222 202 226 185 228 167 113 161 121 153 132 150 144 152 155 157 174 158 184 152 196 150 208 152 216 160 165 168 165 181 166 193 166 206 154 213 160 215 166 216 172 214 178 212 127 170 134 166 142 165 149 171 142 173 134 173 181 170 188 164 196 164 203 169 197 172 189 172 148 238 155 235 162 233 167 234 172 232 179 234 187 235 180 242 173 245 168 246 162 246 155 243 151 238 162 237 167 238 172 236 184 236 173 238 167 239 162 238
104 187 108 205 112 223 119 238 128 253 140 264 153 272 168 275 183 271 195 261 206 249 213 234 219 218 222 201 226 184 228 166 114 160 122 152 133 150 145 153 156 158 174 158 184 153 196 150 208 152 216 160 166 168 166 181 166 193 166 207 154 213 160 215 166 217 173 214 178 212 127 170 134 165 142 165 149 171 142 173 134 173 181 171 188 164 196 164 203 169 197 172 189 172 148 238 155 234 162 231 167 233 172 231 180 233 187 235 181 243 174 247 168 248 163 248 155 245 152 238 162 237 167 237 172 236 183 236 173 240 168 241 163 240
104 187 108 205 112 223 119 239 129 253 141 264 154 273 169 274 184 271 196 261 206 248 214 233 219 217 223 200 226 183 228 165 114 161 122 152 133 150 145 153 156 157 174 158 185 153 196 150 208 152 216 159 166 168 166 181 166 193 167 206 154 212 160 215 167 216 173 214 178 211 128 170 135 165 143 165 149 171 143 173 134 173 181 170 189 164 197 164 203 168 197 172 189 172 149 237 155 234 163 231 167 233 172 231 180 233 187 235 181 243 174 247 168 248 163 248 156 245 152 238 163 236 167 236 172 235 184 235 173 240 168 241 163 241
104 186 108 205 112 223 119 238 128 252 141 263 154 271 170 273 184 269 196 259 207 248 214 233 219 217 223 200 226 184 228 166 114 160 122 152 133 150 145 152 156 157 175 157 185 152 197 149 208 152 216 159 166 168 166 180 167 193 167 206 155 212 161 214 167 216 173 214 179 211 128 170 135 165 143 165 150 171 143 173 135 173 182 170 189 164 197 164 203 168 197 172 189 172 149 238 156 235 163 232 168 233 172 231 180 233 187 235 181 242 174 246 169 247 164 246 157 244 153 238 163 237 168 237 173 236 184 236 173 238 168 239 164 239
105 186 108 204 112 222 118 237 127 251 139 262 153 270 168 272 183 269 195 260 206 249 213 235 219 219 222 202 226 185 228 167 114 160 122 152 133 149 145 152 156 157 175 157 185 152 197 149 209 151 217 159 166 167 166 180 166 193 167 206 154 212 160 215 167 216 173 214 179 211 128 169 135 165 142 165 149 171 142 172 134 173 182 170 189 164 197 164 204 168 197 172 189 172 149 238 156 235 162 232 167 234 172 232 180 234 187 235 180 241 174 244 168 245 163 245 156 243 152 238 163 237 167 238 173 236 184 235 173 237 168 238 163 238
104 186 108 204 112 221 118 236 127 250 138 261 152 269 168 272 183 269 195 260 206 249 214 234 219 219 223 202 226 185 228 167 114 160 122 152 134 150 146 153 156 158 175 158 185 153 196 150 208 152 216 159 166 168 166 180 167 193 167 206 155 213 160 215 167 216 173 215 178 212 128 170 135 165 143 165 149 171 142 173 134 173 182 170 189 164 197 164 204 169 198 172 190 172 148 237 156 235 162 232 167 234 172 232 180 234 187 235 180 241 174 244 168 245 163 245 156 243 152 237 162 237 167 238 173 237 184 236 173 237 168 238 163 238
105 187 108 204 112 222 118 237 127 251 139 262 152 270 168 272 183 269 196 260 206 248 214 234 219 219 223 202 226 185 228 167 114 160 122 152 134 150 146 152 156 158 175 158 185 153 197 150 208 152 217 160 166 168 166 180 166 193 167 206 155 213 160 215 167 216 173 215 178 212 128 170 135 165 143 165 149 171 142 173 134 173 182 170 189 164 197 164 204 169 198 172 189 172 148 238 155 235 162 232 167 234 172 232 180 234 187 235 180 241 173 244 168 245 163 245 156 243 151 238 162 237 167 238 172 237 184 236 173 237 168 238 163 238
104 187 108 204 112 222 118 237 128 251 139 262 153 271 168 273 182 270 195 261 205 249 213 235 219 219 222 202 226 185 228 167 114 160 122 152 134 150 145 152 156 157 175 158 185 153 197 150 208 152 217 159 166 168 166 181 166 193 167 206 154 212 160 215 166 216 173 214 178 212 128 170 135 165 143 165 149 171 142 173 134 173 182 170 189 164 197 164 204 169 197 172 189 172 148 237 155 234 162 232 167 233 172 231 180 234 187 235 181 242 173 245 168 246 162 246 155 243 152 237 162 237 167 238 172 237 184 236 173 238 168 239 163 238
105 187 108 205 112 222 119 238 128 252 140 262 154 271 169 273 183 269 195 260 206 249 214 235 219 219 222 202 226 185 228 167 114 161 121 152 133 150 145 152 156 157 174 158 185 153 197 150 208 153 217 160 166 168 166 181 166 193 166 206 154 212 160 214 166 216 173 214 178 211 128 170 135 165 142 165 149 171 142 172 134 173 182 170 189 164 197 164 204 169 197 172 189 172 148 237 155 234 162 232 166 233 171 231 179 233 187 235 180 242 173 246 168 247 162 246 156 244 152 237 162 236 167 237 172 236 183 236 172 238 167 239 163 239
104 185 108 204 111 221 118 237 127 251 140 262 153 271 168 273 182 269 195 260 206 248 214 234 219 218 223 201 226 183 228 165 114 159 122 152 134 149 145 152 156 157 175 158 185 152 196 149 208 151 216 157 166 168 166 180 166 193 166 206 154 212 160 215 166 216 172 214 178 211 128 169 135 165 142 165 149 170 142 172 134 173 181 170 189 164 196 164 203 168 197 171 189 171 148 237 155 235 162 232 167 234 171 232 179 234 187 235 180 242 173 245 167 246 162 246 155 243 152 238 162 237 167 237 172 236 183 236 172 238 167 239 163 238
104 185 108 203 112 221 118 237 127 251 139 262 152 270 168 273 183 269 195 260 206 248 214 234 219 218 223 201 226 184 228 165 114 160 122 152 133 150 145 152 156 158 174 158 185 152 196 150 208 152 217 158 166 168 166 180 166 193 166 206 154 212 160 215 166 216 173 214 178 211 127 170 134 165 142 165 149 171 142 173 134 173 181 170 189 164 196 164 203 168 197 172 189 172 148 237 155 235 162 232 167 233 172 231 179 233 187 235 180 241 173 244 167 245 162 245 156 243 152 238 162 237 167 237 172 236 183 235 172 237 167 238 163 238
104 185 108 203 112 221 118 237 127 251 140 262 153 270 168 272 183 269 195 259 206 248 214 233 219 218 222 201 226 184 228 165 114 160 121 152 133 150 145 152 156 157 174 158 184 152 196 149 208 151 216 158 165 168 166 180 166 193 166 206 154 213 160 215 166 216 172 214 178 211 127 170 134 165 142 165 149 171 142 173 134 173 181 170 188 164 196 164 203 168 197 171 189 172 148 237 155 234 162 231 167 233 172 231 180 233 187 234 181 241 173 245 168 246 162 246 155 244 152 237 162 237 167 237 172 236 184 235 173 237 167 239 163 238
104 187 108 205 112 223 119 239 128 252 140 263 154 271 169 273 183 270 195 260 206 248 214 234 219 218 223 201 226 184 228 166 113 160 121 152 133 149 145 152 155 157 174 158 184 152 196 149 208 151 216 158 165 168 166 180 166 193 166 206 154 212 160 215 166 216 173 214 178 211 127 170 134 165 142 165 149 171 142 173 134 173 181 170 188 164 196 164 203 168 197 171 189 172 148 237 156 234 163 231 167 232 172 230 180 232 187 234 181 242 174 246 168 247 163 247 156 245 152 237 163 235 167 236 173 234 184 235 173 239 168 240 163 240
104 186 108 204 112 222 118 238 127 252 139 263 152 271 168 273 182 270 195 260 206 248 213 234 218 218 222 201 226 184 228 165 113 160 121 152 133 150 145 152 155 157 174 158 184 152 196 149 208 152 216 159 165 168 165 180 165 193 166 206 154 212 159 215 166 216 172 214 178 211 127 170 134 165 142 165 149 171 142 173 134 173 181 170 188 164 196 164 203 168 196 172 188 172 149 238 155 235 162 232 167 234 172 232 179 233 186 235 180 242 173 245 167 247 162 246 156 244 152 238 162 237 167 238 172 236 183 235 172 238 167 239 163 239
104 187 108 205 112 223 118 238 127 252 139 263 153 271 168 273 182 269 195 260 205 248 213 234 218 218 222 201 225 184 227 166 113 161 120 152 132 150 144 152 155 157 174 158 184 152 196 150 207 152 215 159 165 168 165 181 166 193 166 206 154 213 159 215 166 216 172 214 178 212 127 170 134 166 142 165 148 171 142 173 133 173 181 170 188 164 196 164 203 169 196 172 188 172 149 238 156 236 162 233 166 235 171 233 178 235 186 236 179 242 173 245 167 246 163 246 156 244 152 238 162 238 167 238 171 237 182 236 172 238 167 239 163 239
104 186 107 204 111 222 118 238 127 252 140 263 153 271 168 273 182 269 195 260 205 249 213 234 218 218 222 201 225 184 227 166 113 160 121 152 132 150 144 152 155 158 174 158 184 152 196 150 207 152 216 159 165 168 165 180 165 193 166 206 154 213 159 215 166 216 172 214 177 212 127 170 134 165 141 165 148 171 141 173 133 173 181 170 188 164 196 164 203 168 196 172 188 172 150 239 156 236 162 234 167 235 171 233 178 235 185 236 179 242 172 246 168 247 163 247 157 244 153 239 162 238 167 238 171 237 182 237 172 239 167 240 163 239
104 186 107 204 111 222 118 238 127 253 140 264 153 272 168 275 182 271 195 261 205 249 213 234 218 218 222 201 225 183 227 164 113 161 121 153 133 150 145 153 155 158 173 158 184 153 195 150 207 152 215 159 165 168 165 181 166 193 166 206 154 213 160 215 166 216 172 214 178 212 127 170 134 166 142 166 148 171 142 173 134 173 181 170 187 164 195 164 202 168 196 171 188 172 150 239 157 236 163 234 167 235 171 233 178 235 185 236 179 243 172 246 168 247 163 247 157 245 154 239 163 238 167 238 171 237 181 237 172 239 167 240 163 240
103 189 107 207 111 225 119 240 129 254 141 265 154 273 169 275 183 271 195 262 205 249 213 235 218 219 222 202 226 185 227 166 113 161 120 153 132 150 144 152 155 157 174 158 184 153 195 150 207 152 215 159 165 168 165 181 166 193 166 206 154 212 160 215 166 216 172 214 178 211 126 170 133 166 141 166 148 171 141 173 133 173 181 170 188 164 196 164 203 169 196 172 188 172 150 239 156 235 163 232 167 233 171 231 179 233 185 236 180 244 173 248 168 250 163 250 156 247 153 239 163 236 167 236 172 235 182 236 172 241 168 242 163 242
103 188 107 206 111 224 118 240 128 254 140 266 153 274 168 276 182 272 194 262 204 250 212 236 218 220 222 202 225 185 227 166 113 161 120 153 132 150 144 152 155 157 173 158 183 152 195 150 206 151 215 158 165 169 165 181 165 193 166 206 153 212 159 215 166 216 172 214 178 211 126 170 133 166 141 165 148 171 141 173 133 173 180 170 187 164 195 164 202 169 196 172 188 172 148 238 154 233 161 230 166 232 171 230 179 232 186 235 180 244 173 249 167 251 162 250 154 247 151 238 162 235 166 235 172 234 182 236 172 241 167 243 162 242
103 188 107 207 111 224 118 240 128 254 140 265 152 273 167 275 182 271 194 262 204 250 212 235 218 219 221 202 225 185 227 167 112 162 120 153 132 150 144 153 155 158 173 158 183 153 195 150 207 152 215 160 165 168 165 181 165 193 166 206 153 212 159 214 165 216 172 214 178 211 126 170 133 166 141 165 148 171 141 173 133 173 180 170 187 164 195 164 202 169 196 172 188 172 146 237 153 233 161 230 166 231 172 229 179 231 186 234 180 243 173 248 167 249 161 249 154 246 150 237 161 234 166 235 172 234 183 235 172 240 167 242 162 241
104 188 107 206 111 224 118 240 128 253 140 264 153 273 167 275 182 271 193 261 204 250 212 235 218 220 222 203 225 186 227 167 112 162 119 153 131 150 144 152 155 157 172 158 183 153 195 150 207 153 215 161 164 168 165 181 165 194 165 207 153 212 159 214 165 216 172 214 177 211 126 170 133 165 141 165 148 171 141 173 132 173 180 171 187 164 195 164 202 169 196 172 188 172 146 236 153 233 161 230 166 231 171 229 179 231 186 233 180 243 172 247 167 248 161 248 153 245 149 237 161 234 166 234 171 233 183 234 172 240 166 241 161 241
103 188 107 206 111 224 118 239 127 253 139 264 152 272 167 274 181 271 193 261 204 249 212 235 218 219 221 202 225 185 227 167 111 161 119 153 131 150 143 152 154 157 172 158 183 152 195 149 207 152 215 160 164 168 164 181 165 194 165 207 152 212 159 214 165 216 172 214 178 211 126 170 133 166 140 165 147 171 140 173 132 173 180 170 187 164 195 164 202 168 196 172 188 172 146 236 153 233 161 230 166 231 171 229 179 231 186 233 180 242 172 246 167 248 161 247 153 244 149 236 161 234 166 234 171 233 183 234 172 239 166 240 161 240
103 189 107 207 111 224 118 240 127 254 139 264 152 272 167 274 182 271 194 261 204 249 212 235 217 219 221 203 224 185 226 167 111 162 119 153 131 150 143 152 154 157 172 158 183 152 195 149 207 152 215 160 164 168 164 181 165 193 165 207 153 212 159 214 165 216 172 214 177 211 126 170 132 166 140 165 147 171 140 173 132 173 180 170 187 164 195 164 202 169 196 172 188 172 146 236 153 232 160 230 166 231 171 229 179 231 186 233 180 242 173 247 167 249 161 248 153 245 149 236 161 233 166 234 171 233 183 234 172 240 166 241 161 241
103 188 107 207 111 224 118 240 128 254 140 265 153 273 168 275 182 271 194 261 205 249 212 235 218 219 222 202 225 185 227 167 112 161 119 153 131 150 143 152 154 157 173 158 183 153 195 150 207 152 215 160 164 169 165 181 165 194 165 207 153 212 159 214 165 216 172 214 178 211 126 170 133 166 140 165 147 171 140 173 132 173 180 170 187 164 195 164 202 169 196 172 188 172 145 237 153 233 161 230 166 231 171 229 179 231 187 233 180 243 173 248 167 250 161 249 153 246 149 237 161 234 166 234 172 233 183 234 172 241 167 242 161 242
103 189 107 207 111 225 118 240 128 254 140 265 153 273 168 275 182 271 194 262 204 250 212 235 218 220 222 203 225 185 227 167 111 161 119 153 131 150 143 153 154 158 173 158 183 153 195 150 207 153 215 161 164 169 164 181 165 194 165 207 153 213 159 215 165 216 172 214 177 211 126 171 133 166 141 166 147 172 141 173 132 174 180 171 187 165 195 165 202 169 196 172 188 172 146 237 153 233 161 230 166 231 171 229 180 231 187 234 181 243 173 248 167 250 161 250 153 246 149 237 161 234 166 234 172 233 183 234 172 241 167 242 161 242
102 188 106 207 111 225 118 241 128 254 140 265 153 274 168 275 182 272 194 262 204 250 212 235 217 219 221 202 225 185 227 166 111 162 118 154 130 151 143 153 154 158 172 158 183 153 195 151 207 153 215 161 164 169 165 182 165 194 165 207 153 213 159 215 165 217 172 214 178 212 125 171 132 166 140 166 147 172 140 173 132 174 180 171 187 165 195 165 202 169 196 172 187 172 145 237 153 233 161 230 166 231 171 229 179 231 186 234 180 243 173 248 167 250 161 250 153 246 149 237 161 234 166 234 172 233 183 234 172 241 167 242 161 242
103 189 107 207 111 225 118 241 128 255 140 265 153 273 168 275 182 272 194 262 205 250 212 236 218 220 221 203 225 186 227 167 111 162 119 154 131 151 143 153 154 158 171 159 182 154 195 151 207 154 215 161 164 169 165 182 165 194 165 207 153 213 159 215 165 217 172 215 178 211 126 171 132 166 140 166 147 172 140 173 132 174 180 171 187 165 195 165 202 169 196 172 188 173 145 237 153 233 160 230 166 231 171 229 179 231 186 234 180 243 173 248 167 250 161 249 153 246 149 237 161 234 166 234 172 233 183 234 172 241 166 242 161 242
103 189 107 208 111 225 118 241 128 255 140 265 153 273 168 275 182 271 194 261 205 250 212 235 218 219 221 203 225 185 227 167 111 162 119 153 130 151 143 153 154 158 172 158 183 153 195 151 207 153 215 161 164 169 165 182 165 194 165 207 153 213 159 215 165 217 172 215 178 211 126 171 132 166 140 166 147 172 140 173 132 174 180 171 187 165 195 165 202 169 195 172 187 172 146 237 153 233 160 230 166 232 171 230 179 232 186 234 180 243 172 247 167 249 161 249 153 245 149 237 161 235 166 235 171 234 183 235 172 240 166 241 161 241
103 188 107 207 111 224 118 240 127 254 140 264 153 272 168 274 183 270 195 261 205 249 213 234 218 218 221 202 225 185 226 166 112 161 119 153 131 151 143 153 154 158 172 159 183 154 194 151 206 153 214 160 164 169 164 181 165 194 165 207 153 213 159 215 165 217 172 215 178 212 125 171 132 166 140 166 147 172 140 174 132 174 180 171 187 165 195 165 202 169 195 172 187 173 146 238 154 235 161 232 166 233 171 231 179 233 186 235 180 242 173 247 167 248 162 248 154 245 150 238 161 236 166 237 171 236 183 235 172 240 167 241 162 241
103 188 107 206 111 223 117 239 127 253 139 263 152 271 168 273 183 269 195 260 205 248 213 234 218 218 221 201 225 184 226 166 112 161 119 153 131 151 143 153 154 158 172 158 182 153 194 150 206 151 215 159 164 169 164 181 165 194 165 207 153 213 158 216 165 217 171 215 177 212 126 171 132 166 140 166 147 172 140 174 132 174 179 171 187 165 195 164 202 169 195 173 187 173 147 238 154 236 161 233 165 235 170 233 178 234 185 235 179 242 172 245 167 247 162 246 155 244 151 238 161 238 166 238 171 237 182 236 171 238 166 239 162 239
103 187 107 205 111 223 117 238 127 252 139 263 152 270 168 272 183 269 195 259 205 248 213 234 218 218 221 201 225 185 226 167 112 162 119 153 131 151 143 153 154 158 172 159 183 153 195 151 207 154 215 162 164 169 164 181 165 194 165 207 153 213 158 215 165 217 171 215 177 212 126 170 133 166 141 166 147 172 141 173 132 174 180 171 187 165 195 165 201 169 195 173 187 173 148 238 154 236 161 234 166 235 170 233 177 234 185 235 178 241 172 244 167 246 162 245 155 243 151 238 161 238 166 238 171 237 181 236 171 238 167 239 162 239
103 188 107 206 111 223 118 239 127 253 139 263 153 271 168 273 183 269 195 260 205 248 213 234 218 218 221 201 225 184 226 166 112 161 120 153 131 150 143 153 154 158 172 158 182 153 194 149 206 151 214 158 164 168 164 181 164 194 165 207 153 213 158 216 165 217 171 215 177 212 125 171 132 166 140 166 147 172 140 173 132 174 179 171 187 164 195 164 202 168 195 172 187 172 148 238 154 236 161 233 166 234 171 232 179 234 186 235 180 242 173 246 167 247 162 247 155 244 151 239 161 238 166 238 171 237 183 236 172 238 167 239 162 239
103 188 107 206 111 224 117 239 127 253 139 264 153 272 168 273 183 270 195 260 205 249 213 235 218 219 221 202 225 185 226 167 112 160 120 152 132 151 144 153 155 158 172 159 182 153 194 150 206 151 214 158 164 169 165 181 165 193 165 207 153 213 159 215 165 217 172 215 178 212 125 171 132 166 140 166 147 172 140 174 132 174 180 171 187 164 195 164 202 169 196 172 188 172 147 238 154 235 161 232 166 233 171 231 179 233 186 235 180 242 173 246 167 248 162 247 155 245 151 238 162 237 166 237 171 236 183 235 172 239 167 240 162 240
103 188 107 206 111 224 118 240 127 254 139 264 153 272 168 274 182 270 194 260 205 249 213 234 218 218 222 201 225 184 227 166 111 161 119 153 131 150 143 153 154 158 171 159 182 153 194 150 206 152 214 159 164 169 164 181 164 194 165 207 152 213 158 215 165 217 172 215 178 212 125 171 132 166 140 166 147 172 140 173 132 174 180 171 187 164 195 164 202 169 195 172 187 172 147 238 154 234 161 231 166 232 171 230 179 232 186 235 180 243 173 247 167 248 162 248 155 245 151 238 161 235 166 235 171 234 182 235 172 240 167 241 162 240
103 188 107 206 111 224 117 239 127 253 139 263 152 272 167 273 182 270 194 260 205 248 213 234 218 218 221 201 225 184 226 166 111 160 119 152 131 150 143 153 154 158 172 158 182 153 194 149 206 151 214 158 164 169 164 181 165 194 165 207 152 212 158 215 165 216 172 214 177 211 125 171 132 166 140 166 147 172 140 173 132 174 180 171 187 164 195 164 202 169 195 172 187 172 147 237 154 233 161 230 166 231 171 230 179 232 186 234 180 243 172 247 167 248 161 248 154 245 150 237 161 234 166 235 171 234 182 235 172 240 166 241 161 240
103 188 107 207 111 224 118 240 127 253 140 264 153 271 168 273 182 270 194 260 205 249 212 235 218 219 221 202 225 185 227 167 111 162 119 153 131 150 143 153 154 158 172 158 183 153 194 150 206 152 214 160 164 169 164 181 165 194 165 207 152 212 159 215 165 216 172 214 178 211 125 171 132 166 140 166 147 172 140 173 132 174 180 171 187 164 195 164 202 169 196 172 187 172 146 237 154 233 161 230 166 231 171 230 179 232 186 234 180 242 172 247 167 248 161 247 154 244 150 237 161 234 166 234 171 234 183 235 172 239 166 241 161 240
103 189 107 207 111 224 118 240 127 253 140 264 153 271 168 273 182 270 194 260 205 249 213 235 218 219 221 202 225 185 226 167 112 162 120 153 131 151 144 153 155 158 171 159 182 154 194 151 206 153 215 160 164 169 164 181 165 194 165 207 152 212 158 215 165 216 172 214 178 211 125 171 132 166 140 165 147 172 140 173 132 174 180 171 187 164 195 164 202 169 196 172 187 172 146 237 154 233 161 230 166 231 171 229 179 232 186 234 180 242 173 246 167 247 161 247 154 244 150 237 161 234 166 234 171 233 182 235 172 239 166 241 161 240
104 189 107 207 111 224 118 239 127 253 139 264 152 271 167 273 182 270 194 261 205 250 213 236 218 220 222 203 225 186 227 168 112 162 120 153 132 150 144 153 155 158 173 158 184 153 196 150 208 152 216 160 165 169 165 181 165 194 165 207 153 212 159 215 165 216 172 214 178 211 126 171 133 166 141 166 148 172 141 173 133 174 180 171 187 164 196 164 203 169 196 172 188 172 146 237 154 233 161 230 166 231 171 230 179 232 186 234 180 242 173 246 167 247 161 246 154 244 150 237 161 234 166 234 171 233 183 235 172 239 166 240 161 239
104 189 107 207 111 224 118 240 127 253 139 263 152 271 167 273 182 269 194 260 205 249 213 235 218 220 221 203 225 186 227 168 112 161 120 153 132 150 144 153 155 158 172 159 183 153 195 151 207 153 215 160 165 169 165 181 165 194 166 207 153 212 159 215 165 217 172 215 178 211 126 171 133 166 141 166 148 172 141 173 133 174 180 171 187 164 196 164 203 169 196 172 188 172 147 237 154 233 161 230 166 231 171 229 179 232 186 234 180 242 173 245 167 247 162 246 154 244 150 237 161 234 166 234 172 233 183 235 172 238 167 240 162 239
104 188 107 206 111 223 118 239 127 252 139 263 152 271 167 273 181 269 194 260 205 249 213 235 218 220 222 203 226 186 228 168 113 161 121 153 132 151 144 153 155 158 173 159 184 153 195 151 207 153 216 160 165 169 165 181 165 194 165 207 153 213 159 215 165 217 172 215 178 212 126 171 133 166 141 166 148 172 141 173 133 174 181 171 188 165 196 165 203 169 196 172 188 172 147 237 154 233 161 230 166 231 171 229 179 232 186 234 179 241 172 245 166 246 161 245 154 243 151 236 161 234 166 234 171 233 183 235 172 238 166 239 161 238
104 189 108 207 112 224 118 239 127 253 139 262 152 270 167 272 181 269 194 261 205 250 213 236 218 221 222 204 226 186 228 168 113 162 121 153 132 151 144 153 156 158 173 159 184 154 196 151 208 154 216 161 165 169 165 181 165 194 166 207 153 213 159 215 166 217 172 215 178 212 127 171 134 166 141 166 149 172 141 173 133 174 181 171 188 165 196 165 203 169 197 172 188 172 147 236 154 233 161 230 166 231 171 229 179 232 187 234 180 240 173 244 167 245 161 244 154 242 151 236 161 234 166 235 172 234 183 235 172 237 167 238 161 237
105 188 108 206 112 223 118 239 127 252 139 262 153 270 167 272 182 268 195 259 206 249 214 234 219 219 222 202 226 185 228 167 113 162 121 153 133 151 145 153 156 158 173 159 184 154 196 151 208 153 216 160 165 169 165 182 166 194 166 207 153 212 159 215 166 217 173 215 178 212 127 170 134 166 142 166 149 172 142 173 134 174 181 171 188 165 196 165 203 169 197 173 189 173 147 236 154 233 161 230 166 231 171 230 179 232 187 234 180 240 172 243 167 244 161 244 154 242 151 236 161 234 166 235 171 234 183 234 172 236 167 238 162 237
104 188 108 206 112 223 118 239 127 253 139 263 152 270 167 272 181 269 194 261 205 250 213 236 219 220 222 203 226 186 228 168 114 161 121 153 133 150 145 153 155 158 173 159 184 153 196 150 208 152 216 159 165 169 165 181 166 194 166 207 153 212 159 215 166 216 173 215 179 212 127 171 134 166 142 166 149 172 142 173 133 174 181 171 188 165 196 165 204 169 197 173 189 173 147 236 154 233 161 230 166 231 171 229 179 232 187 234 180 240 172 243 167 244 162 244 154 242 151 236 161 234 166 234 171 233 184 234 172 237 167 238 162 237
104 188 108 206 111 223 118 238 127 252 139 262 152 270 167 272 182 269 194 260 206 249 214 235 219 219 222 202 226 185 228 167 113 161 121 153 133 150 145 153 155 158 173 159 184 153 196 150 208 152 216 160 165 169 165 181 166 194 166 207 153 213 159 215 166 217 173 215 179 212 127 171 134 166 142 166 149 172 142 173 134 174 181 171 188 165 196 165 203 169 197 172 189 173 147 236 154 232 161 230 166 231 172 229 180 231 188 234 180 240 173 243 167 244 162 244 154 242 150 236 161 234 167 234 172 234 184 234 172 237 167 238 162 237
104 188 108 206 111 223 118 238 127 252 139 262 152 270 167 272 182 269 194 260 205 249 213 236 219 220 222 203 226 187 228 169 113 162 121 153 133 151 145 153 156 158 173 159 184 154 196 151 208 154 217 162 165 169 166 181 166 194 166 207 153 212 159 215 166 217 173 215 179 212 127 171 134 166 142 166 149 172 142 173 133 174 181 171 188 165 196 165 204 169 197 173 189 173 146 236 154 232 161 230 166 231 172 229 180 231 187 234 180 240 173 243 167 244 162 244 154 242 150 236 161 234 166 234 172 234 184 234 172 237 167 237 162 237
105 189 108 207 112 224 119 240 128 253 140 262 153 269 168 271 182 268 195 260 206 249 213 236 219 220 222 203 226 186 228 168 113 162 121 153 132 151 144 153 155 158 173 159 184 153 196 151 208 153 216 161 165 169 165 181 166 194 166 207 154 212 160 215 166 216 173 214 178 211 127 171 134 166 142 165 149 172 142 173 134 174 181 171 188 164 196 164 204 169 197 172 189 172 147 236 155 232 161 230 166 231 172 229 179 231 187 234 180 240 173 243 167 244 162 243 155 241 151 236 162 234 167 234 172 233 184 234 172 236 167 237 162 237
105 189 108 207 112 224 119 240 128 253 140 262 153 270 167 272 182 269 194 260 205 249 213 236 218 220 222 203 226 186 228 168 113 162 121 153 133 151 145 153 156 158 173 159 184 153 196 151 208 153 217 161 165 169 165 181 166 194 166 207 153 212 159 215 166 216 173 215 179 212 127 171 134 166 142 166 149 172 142 173 133 174 181 171 188 165 196 165 204 169 197 173 189 173 147 236 154 232 161 230 166 231 172 229 179 231 187 234 180 240 173 243 167 244 162 244 155 242 150 236 162 234 167 235 172 234 184 234 172 236 167 237 162 237
104 189 108 207 112 224 118 240 128 253 140 262 153 270 168 272 182 269 195 260 206 249 214 235 219 220 222 203 226 186 228 168 113 163 121 154 133 151 145 154 155 158 173 159 184 153 196 151 208 154 216 162 165 169 165 182 166 194 166 207 153 213 159 215 166 217 173 215 178 212 127 171 134 166 142 166 149 172 142 173 134 174 181 171 188 165 196 165 203 169 197 173 189 173 147 237 154 233 161 230 166 232 172 230 179 232 187 234 180 240 173 243 167 244 162 244 155 242 151 237 162 234 167 235 172 234 184 234 172 236 167 237 162 237
104 189 108 207 112 224 118 239 127 253 139 262 152 270 167 272 181 269 194 261 205 250 213 236 219 220 222 203 226 186 228 168 113 163 120 154 132 151 144 153 155 158 173 159 184 154 196 151 208 153 216 161 165 169 165 182 166 194 166 207 153 213 159 215 166 217 173 215 178 212 127 171 134 166 142 166 149 172 142 174 133 174 181 171 188 165 196 165 203 169 197 173 188 173 147 236 154 233 161 231 166 232 172 230 180 232 188 234 180 240 173 243 167 244 162 244 154 242 150 236 161 234 166 235 172 234 184 234 172 237 167 238 162 237
104 190 108 208 112 225 118 240 127 253 139 263 152 271 167 272 182 269 194 261 205 250 213 236 219 221 222 204 226 187 228 168 113 162 121 154 133 151 144 154 155 159 173 160 183 154 195 151 207 153 216 161 165 170 165 182 166 195 166 207 153 213 159 216 166 217 173 215 179 213 127 171 134 167 142 167 149 173 141 174 133 175 181 172 188 165 196 165 203 170 197 174 188 174 147 237 154 234 161 231 166 232 171 230 179 232 187 234 180 240 173 244 167 245 162 244 154 242 150 237 161 235 166 236 172 235 184 235 172 237 167 238 162 237
104 190 107 207 111 224 118 240 127 253 139 263 153 270 167 272 182 269 194 261 205 250 213 236 219 220 222 203 226 186 228 168 112 162 121 154 132 152 144 155 155 160 173 160 183 155 195 151 207 153 216 160 165 170 165 183 165 195 166 208 153 214 159 216 166 218 173 216 178 213 126 172 134 167 141 167 148 173 141 175 133 175 181 172 188 166 196 166 203 170 197 174 188 174 147 237 154 234 162 231 167 232 172 231 180 232 187 234 181 241 173 244 168 245 162 245 155 243 151 237 162 235 167 236 172 235 184 235 173 237 167 238 162 238
104 191 108 209 112 226 118 241 128 254 140 264 153 271 168 273 182 269 195 260 206 250 213 236 218 221 222 204 225 187 227 169 113 163 121 155 132 152 144 155 155 160 172 160 183 155 195 152 207 154 215 161 165 171 165 183 165 195 165 208 153 214 159 217 166 218 172 216 178 213 126 173 133 168 141 168 148 174 141 176 133 176 180 173 188 166 196 166 203 171 196 174 188 175 147 237 154 234 162 232 166 233 171 231 179 233 187 235 180 241 173 244 167 245 162 245 155 243 150 238 162 236 167 236 172 235 184 235 172 237 167 238 162 238
103 190 107 208 111 225 118 240 127 254 139 263 152 271 167 273 182 269 195 260 206 249 213 235 219 219 222 203 225 186 227 168 112 163 120 155 132 153 143 156 154 161 172 161 183 155 194 152 206 154 215 161 164 171 165 184 165 196 165 209 153 215 159 217 166 219 172 217 178 214 126 173 133 168 141 168 148 174 141 176 132 176 180 173 187 166 195 166 202 171 196 174 188 174 146 238 154 235 161 232 166 233 171 231 179 233 187 235 180 241 173 244 167 245 162 245 154 243 150 238 161 236 166 236 172 235 184 235 172 237 167 238 162 238
102 190 106 208 110 225 117 240 126 253 138 263 151 271 166 273 181 270 193 261 205 250 213 236 218 221 221 204 225 186 227 168 111 163 119 155 131 153 143 156 154 160 171 161 182 155 194 152 205 154 214 161 164 171 164 184 164 196 165 209 152 215 158 217 165 219 171 216 177 214 125 173 132 168 140 168 147 174 140 176 132 176 179 173 186 166 195 166 202 171 195 174 187 174 146 238 153 235 160 232 165 233 170 231 178 233 186 235 179 241 172 245 166 246 161 246 154 243 149 238 160 236 165 237 171 236 183 235 171 237 166 239 161 238
102 191 106 208 110 226 117 241 126 254 139 263 152 271 167 273 181 270 193 261 204 251 212 237 217 222 221 205 224 188 226 169 111 164 119 156 131 153 143 156 153 161 171 161 182 156 193 152 205 154 214 161 163 171 163 184 164 196 164 209 152 215 158 217 165 219 171 217 177 214 125 173 132 169 140 168 147 174 140 176 132 176 179 173 186 167 194 167 201 171 195 174 187 174 146 238 153 235 160 232 165 233 170 231 178 233 186 235 179 241 172 245 166 246 161 246 153 243 149 238 160 237 165 237 170 236 182 236 171 238 166 239 161 238
102 191 106 209 110 226 116 241 126 254 138 264 151 271 166 273 181 270 193 261 204 250 212 236 217 220 221 203 224 186 226 168 110 163 118 156 130 153 142 156 152 161 171 161 181 155 193 152 205 153 213 161 162 171 163 184 163 197 164 210 152 215 158 218 164 219 171 217 176 214 124 173 131 169 139 168 146 174 139 176 131 176 178 173 185 167 193 166 201 171 194 174 186 175 145 238 153 235 160 232 165 233 170 232 178 233 186 235 179 241 172 245 166 246 161 246 153 244 149 238 160 237 165 237 170 236 182 236 171 238 166 239 161 238
102 192 105 210 109 227 116 242 126 255 138 264 151 272 166 274 181 271 193 262 204 251 212 236 217 221 220 204 223 187 225 169 110 164 118 156 129 154 141 156 152 161 170 161 181 156 192 153 204 155 213 162 162 172 163 184 163 197 164 210 151 216 157 218 164 220 170 217 176 214 124 174 131 169 139 169 146 175 139 176 131 177 178 174 185 167 193 167 200 171 194 175 186 175 145 239 152 235 159 233 164 234 170 232 178 234 185 236 179 242 171 245 166 247 160 246 153 244 148 239 159 237 165 238 170 237 182 236 171 238 165 239 160 239
101 192 105 209 109 226 116 241 125 255 138 264 151 272 166 274 180 271 193 262 204 250 211 236 216 221 220 204 223 187 225 169 110 165 118 157 130 154 141 157 152 162 169 162 180 156 192 154 204 156 213 163 162 172 162 185 163 197 163 211 151 216 157 218 163 220 170 217 176 214 124 174 131 169 138 169 145 175 138 176 130 177 178 174 185 167 193 167 200 171 194 175 185 175 144 238 152 235 159 232 164 234 169 232 177 234 185 235 178 242 171 246 165 247 159 246 152 244 148 238 159 237 164 238 169 237 181 236 170 238 165 239 159 239
101 192 105 209 109 226 116 242 125 255 137 265 151 272 166 274 181 270 193 261 204 250 211 236 216 221 219 204 223 187 225 169 110 165 117 157 129 154 141 157 152 161 169 162 180 156 192 153 204 156 213 163 162 172 162 185 162 197 163 211 150 215 157 218 163 220 170 217 175 214 124 174 130 169 138 169 145 175 138 176 130 177 178 174 185 167 193 167 200 171 193 175 185 175 144 239 151 235 158 233 164 234 169 232 177 234 185 235 178 242 171 245 165 246 159 246 152 244 147 239 158 237 164 237 170 236 181 236 170 238 164 239 159 239
101 192 105 210 109 227 116 242 126 255 138 264 151 272 166 273 181 270 193 261 204 250 211 236 216 220 219 204 223 187 224 169 110 165 117 157 129 154 141 156 151 161 169 161 180 156 192 153 204 155 212 163 161 172 162 185 162 197 163 211 151 216 157 218 163 220 170 217 175 214 123 174 130 169 138 168 145 174 138 176 130 177 177 173 185 167 193 167 200 171 193 175 185 175 145 238 152 235 159 233 164 234 169 232 177 234 185 235 178 241 171 245 165 246 159 246 152 243 148 238 159 237 164 237 170 236 181 236 170 238 165 239 159 239
