107 187 110 205 113 222 119 237 128 251 140 261 153 269 168 272 183 269 196 260 207 249 215 235 220 219 223 203 227 186 230 168 115 158 123 150 135 146 147 148 158 154 176 155 187 150 199 148 211 152 219 160 168 165 168 177 168 189 168 201 156 208 162 210 168 211 175 210 180 207 130 167 137 162 145 162 152 168 145 170 136 170 184 169 191 163 199 163 206 168 199 171 191 170 149 234 156 229 163 226 169 227 173 225 181 228 188 232 181 240 174 243 169 245 163 244 156 241 153 233 163 230 169 230 173 230 184 232 174 236 169 238 163 237
107 188 110 205 114 223 120 238 129 252 141 263 154 271 168 273 183 270 196 261 207 250 215 236 220 220 224 203 227 186 230 168 116 159 123 150 135 147 148 148 159 154 177 155 188 150 200 148 212 152 220 160 169 166 169 178 169 189 169 202 157 208 162 210 169 212 175 210 180 208 131 168 138 163 145 163 152 169 145 171 137 171 184 169 192 163 200 163 207 168 200 171 192 171 149 234 156 229 164 226 169 227 174 226 182 228 189 233 182 242 175 246 169 247 163 246 156 243 152 234 164 230 169 230 174 230 185 233 175 239 169 240 164 239
107 188 110 206 114 223 120 239 129 252 141 263 154 271 169 273 183 270 196 261 207 250 215 236 220 220 224 203 228 187 230 169 116 159 124 150 136 147 148 149 159 154 178 155 188 150 200 148 212 152 219 160 169 166 169 178 169 189 169 202 157 208 163 211 169 212 175 210 181 208 131 168 138 163 146 163 153 169 145 171 137 171 185 169 192 163 200 163 207 168 200 171 192 171 150 235 157 229 164 226 170 228 175 226 182 229 189 233 183 242 176 246 170 247 164 247 156 243 153 235 164 230 170 231 175 230 185 233 175 239 170 240 164 240
107 188 110 206 114 224 120 239 129 253 141 263 154 272 169 274 184 271 196 262 208 250 215 236 221 221 224 204 228 187 230 169 116 159 124 150 136 147 148 149 160 154 178 156 189 151 201 149 212 152 220 161 170 166 170 178 170 190 170 202 158 209 163 211 170 212 176 211 181 208 131 168 138 163 146 163 153 169 146 171 137 171 185 170 192 164 200 164 207 169 201 172 192 172 150 235 157 230 164 226 170 228 175 226 182 229 189 233 183 242 176 247 170 248 164 247 156 244 153 235 164 230 170 231 175 230 186 233 175 240 170 241 164 241
107 189 111 207 114 224 120 240 129 254 141 264 154 272 169 274 184 271 196 262 207 251 215 237 220 221 224 204 228 188 230 169 116 159 124 151 136 147 149 149 160 154 178 156 189 151 201 149 213 153 221 161 170 166 170 178 170 190 170 202 158 209 164 211 170 213 176 211 182 209 131 168 138 163 146 163 153 170 146 171 138 171 185 170 193 164 201 164 207 169 201 172 193 172 150 236 157 230 165 227 170 228 175 226 182 229 189 234 183 243 176 247 170 249 164 248 156 245 153 236 165 231 170 232 175 231 185 234 175 240 170 241 165 241
107 189 111 207 114 225 120 240 129 254 141 264 154 272 169 275 183 272 196 263 207 252 214 238 220 222 224 205 228 188 230 170 117 159 125 151 137 147 149 149 160 154 180 156 190 151 202 149 213 153 221 161 170 167 170 179 170 190 170 203 158 210 164 212 170 214 176 212 182 209 132 169 139 164 147 164 154 170 146 172 138 172 186 170 193 164 201 164 208 169 201 172 193 172 150 236 157 231 165 227 170 229 175 227 183 230 189 234 183 243 176 247 170 249 164 248 156 245 153 236 164 232 170 232 175 231 186 234 176 240 170 241 164 240
108 190 111 208 114 226 121 241 129 255 141 265 154 273 169 276 184 273 196 264 207 253 214 239 220 223 224 206 228 189 230 171 118 160 126 151 138 148 150 150 161 156 180 157 190 152 202 150 214 154 221 162 171 167 171 179 171 191 171 203 158 210 164 212 170 214 177 212 182 210 132 169 139 164 147 164 154 170 147 172 139 172 186 171 193 165 201 165 208 170 202 173 193 173 150 236 157 231 165 228 170 229 175 227 183 230 189 235 183 243 176 247 170 248 164 247 157 245 154 236 165 232 170 233 175 232 186 235 176 239 170 240 165 239
108 190 111 208 114 226 121 241 130 255 141 266 154 273 169 276 184 273 196 264 207 252 215 238 220 222 224 205 228 189 230 171 118 161 126 152 138 149 151 151 162 156 179 158 190 153 202 151 214 155 221 163 171 168 171 180 171 192 171 204 159 211 164 213 171 215 177 213 183 210 133 170 139 165 147 165 154 171 147 173 139 173 186 171 193 165 201 166 208 171 201 174 193 173 151 237 158 232 165 229 171 230 176 228 183 231 189 235 183 244 176 249 171 250 165 249 157 246 154 237 165 233 171 233 176 233 186 235 176 242 171 243 165 242
107 191 110 209 114 226 120 242 129 255 141 266 154 273 168 276 183 273 195 264 206 253 214 239 220 224 223 207 227 190 230 172 118 161 126 153 138 150 150 152 162 157 179 158 190 153 202 151 213 155 221 163 171 169 171 181 171 192 171 205 158 212 164 214 171 216 177 214 182 211 132 170 139 166 147 165 154 172 147 173 139 173 186 172 193 166 201 166 208 171 201 174 193 174 150 237 157 232 165 229 170 230 175 229 183 231 189 235 183 244 176 249 170 250 164 249 157 246 153 237 165 233 170 233 175 233 186 236 176 241 170 242 165 242
107 190 110 208 114 226 120 241 129 255 141 266 154 273 169 276 183 273 196 264 206 253 214 239 219 223 223 206 227 189 230 172 118 162 125 153 137 150 150 152 161 157 179 159 190 154 201 151 213 155 220 163 170 169 170 181 170 193 171 205 158 212 164 214 170 216 176 214 182 212 132 171 139 166 147 166 154 172 146 174 138 174 185 172 193 166 201 166 207 171 201 174 192 174 149 237 157 232 164 229 170 231 175 229 182 232 189 236 183 245 175 249 170 250 164 250 156 246 153 237 164 233 170 234 175 233 185 236 175 241 170 242 164 242
106 191 110 209 113 226 120 242 129 256 141 266 154 274 169 276 184 273 196 264 207 252 214 238 219 223 223 206 227 190 229 172 117 162 125 153 137 150 149 152 160 157 178 159 189 154 200 152 212 155 219 163 170 169 170 181 170 193 170 205 157 212 163 214 170 216 176 214 181 212 131 171 138 166 146 166 152 172 145 174 137 174 185 172 192 166 200 167 207 171 200 174 192 174 149 238 156 233 164 230 170 231 174 229 182 232 188 236 182 244 175 249 170 250 164 249 156 247 152 238 164 234 170 234 174 234 185 236 175 242 170 243 164 242
106 191 110 209 113 226 119 242 128 256 140 266 154 273 169 276 184 272 196 263 207 252 214 238 219 222 222 205 226 189 229 171 116 162 124 154 136 151 148 153 159 158 177 159 188 155 199 153 211 156 219 163 169 169 169 181 170 193 170 206 157 212 163 215 169 216 176 214 181 212 131 171 138 166 146 166 152 172 145 174 137 174 184 173 192 166 200 167 207 172 200 175 192 174 149 238 156 233 164 230 169 231 174 229 182 232 188 236 182 244 175 249 170 250 164 249 156 247 152 238 164 234 169 234 174 234 185 236 174 241 169 243 164 242
106 191 109 209 113 226 119 242 128 255 140 266 153 273 168 276 183 272 195 263 206 252 214 238 219 222 222 205 226 189 229 171 116 162 124 154 136 151 148 153 160 158 177 160 188 155 199 152 211 155 219 163 169 170 169 182 169 194 170 206 157 213 163 215 169 216 175 215 181 212 130 172 137 167 145 166 152 173 145 174 137 175 184 173 191 167 199 166 206 171 200 175 191 175 149 238 156 233 163 230 169 231 174 230 181 232 188 236 182 244 174 248 169 249 163 249 156 246 152 238 163 234 169 235 174 234 185 236 174 241 169 242 163 242
105 191 109 209 112 227 119 242 128 256 140 266 153 273 168 275 183 272 195 263 206 252 214 237 219 222 222 206 226 189 228 172 115 163 123 154 135 151 148 153 159 158 176 160 187 155 199 153 210 156 218 164 169 169 169 182 169 194 169 206 157 213 163 215 169 216 175 215 181 212 130 171 137 167 145 166 152 172 145 174 137 174 184 172 191 167 199 167 205 171 199 174 191 174 148 238 155 233 163 230 169 231 174 230 181 232 188 236 182 244 175 248 169 249 163 249 155 246 151 238 163 234 169 235 174 234 184 236 174 241 169 242 163 242
105 191 109 209 112 227 119 242 128 256 140 267 153 274 168 276 183 273 195 264 206 252 213 238 218 223 222 206 226 190 228 172 115 162 123 154 135 151 148 153 159 158 176 160 186 155 198 153 210 155 218 163 168 170 168 181 169 193 169 206 157 213 162 215 169 216 175 214 180 212 130 171 137 167 144 166 151 172 144 174 136 174 184 172 190 167 198 167 205 171 199 174 191 174 148 238 155 233 163 230 169 231 174 230 181 232 188 236 182 245 175 249 169 250 163 250 155 247 151 238 163 234 169 235 174 234 184 236 174 241 169 243 163 242
105 191 109 209 112 227 119 243 128 257 140 268 153 275 168 278 183 274 195 265 205 253 213 238 218 222 222 205 226 188 228 170 115 163 123 154 135 151 147 153 158 158 176 159 186 154 198 152 210 155 217 163 168 169 168 181 169 193 169 206 156 212 162 215 168 216 174 214 180 212 129 171 136 167 144 166 151 172 144 174 136 174 183 172 190 166 198 166 205 171 199 174 191 174 148 238 155 233 163 230 168 231 174 230 181 232 188 236 182 245 174 250 168 251 163 251 155 247 151 238 163 234 168 234 174 234 184 236 174 242 168 243 163 243
105 190 109 209 112 226 119 242 128 256 140 267 154 275 169 278 183 274 195 264 206 252 213 238 218 222 222 205 225 188 227 170 115 162 123 153 134 150 147 152 158 158 176 159 187 153 198 151 210 154 217 162 168 169 168 181 168 193 169 206 156 212 162 215 168 216 174 214 180 212 129 171 136 166 144 166 151 172 144 174 136 174 182 172 190 166 198 166 205 171 198 174 190 174 147 238 155 233 163 230 168 231 173 229 181 232 188 236 182 245 174 250 169 251 163 250 155 247 151 238 163 234 168 234 173 233 184 236 174 242 168 243 163 243
105 190 109 209 112 226 119 242 128 256 140 266 153 274 168 277 183 273 195 264 206 252 213 238 218 222 222 205 226 188 228 170 115 162 123 153 135 150 147 153 159 158 175 159 186 154 198 152 210 155 217 163 168 170 168 181 168 193 169 205 156 212 162 214 168 216 174 214 180 212 129 171 136 166 144 166 151 172 144 174 136 174 183 172 190 166 198 166 205 171 199 174 190 174 148 238 156 233 163 230 168 232 173 230 180 233 187 236 181 245 174 249 168 250 163 250 155 247 151 238 163 234 168 234 173 234 184 236 173 242 168 243 163 243
105 190 109 208 112 225 119 241 127 255 139 265 153 273 167 275 182 272 194 263 206 252 213 237 218 221 222 204 226 188 228 170 115 163 122 154 135 150 147 152 158 158 176 159 187 154 199 151 210 155 218 163 168 169 168 181 169 193 169 205 156 213 162 215 168 216 174 214 180 212 129 171 136 166 144 166 151 172 144 174 136 174 183 172 190 166 198 166 205 171 199 174 191 174 149 238 157 234 164 232 168 233 173 231 180 234 187 236 180 243 173 246 168 247 164 247 157 245 152 237 164 235 168 235 173 235 183 236 173 240 168 241 164 241
105 189 108 207 112 224 118 240 127 254 139 264 152 271 168 274 183 270 196 262 207 251 214 236 219 221 222 204 226 188 228 170 115 162 123 153 135 150 147 152 158 157 176 158 187 153 199 151 210 154 218 162 168 169 168 181 168 193 168 205 156 213 162 215 168 216 174 214 179 212 129 171 136 166 144 166 151 172 144 174 136 174 183 172 190 166 198 166 205 171 199 174 191 174 149 238 157 235 164 232 168 233 172 232 180 234 187 236 180 241 173 244 168 245 164 244 157 243 153 237 164 236 168 236 173 235 184 236 173 238 168 238 164 238
105 188 108 206 111 224 117 239 126 253 138 263 152 270 168 273 183 270 196 262 206 251 213 237 219 221 222 205 226 188 228 170 115 161 123 153 135 150 147 152 158 157 176 159 187 153 199 151 211 154 218 162 168 169 168 181 168 193 168 205 156 213 162 215 168 216 174 215 179 212 129 170 136 166 144 166 151 172 144 173 136 174 183 172 191 166 199 166 205 171 199 174 191 174 149 237 157 234 164 232 168 233 172 231 180 234 187 236 180 241 174 243 169 244 164 244 157 242 153 237 164 236 168 236 173 235 184 236 173 237 169 237 164 237
105 189 108 207 112 224 118 240 127 253 139 264 152 271 168 273 184 270 196 262 207 251 214 236 219 221 222 204 226 187 228 169 115 162 122 153 134 150 146 152 158 157 177 158 187 153 199 151 210 154 218 162 168 168 168 181 168 193 168 205 156 213 162 215 168 216 174 214 180 212 130 171 136 166 144 166 151 171 144 173 136 174 183 172 191 166 198 166 205 171 199 174 191 174 149 238 156 234 164 231 169 233 173 231 180 233 188 235 181 241 174 244 170 245 164 245 157 243 153 237 164 236 169 236 173 235 185 236 174 237 169 238 164 238
106 191 109 209 113 227 119 242 129 256 141 266 154 273 169 275 184 271 196 263 207 252 214 237 219 222 222 206 226 189 228 171 115 162 123 153 135 150 147 152 158 157 177 158 187 153 199 151 210 154 218 162 168 169 168 181 169 192 169 205 157 212 162 214 169 215 175 214 180 211 130 171 136 166 144 166 151 172 144 173 136 174 184 172 191 166 199 166 205 171 199 174 191 173 149 238 156 234 164 231 169 232 174 230 181 232 188 235 182 243 175 247 170 248 164 247 157 245 153 238 164 235 169 235 174 235 185 236 174 240 170 241 164 241
106 189 109 207 113 225 119 241 128 255 140 265 154 273 169 275 184 272 197 262 207 251 214 236 219 220 223 204 226 187 228 170 115 162 123 153 135 150 148 152 159 157 176 158 187 153 199 151 211 154 218 162 169 169 169 181 169 192 169 205 156 212 162 214 169 216 175 214 180 211 130 171 137 166 145 166 151 172 145 174 136 174 184 171 191 165 199 166 205 170 199 173 191 173 150 238 157 234 164 231 169 232 174 231 181 233 188 236 182 244 175 248 170 249 164 248 157 246 153 238 164 235 169 235 174 234 185 236 174 241 169 242 165 242
106 189 109 207 112 225 119 240 128 254 140 264 154 271 169 274 184 270 196 262 207 250 214 236 219 220 222 204 226 187 228 169 115 161 123 153 135 150 147 152 159 157 177 158 187 153 199 151 211 153 219 162 169 168 169 180 169 192 169 205 157 212 163 214 169 216 175 214 181 212 130 171 137 166 144 166 151 172 144 173 136 174 184 172 191 166 199 166 205 170 199 173 191 173 150 239 157 235 165 232 169 233 174 232 181 234 188 236 182 243 175 246 170 247 165 247 158 244 154 238 165 237 170 237 174 236 185 236 175 239 170 240 165 239
106 190 109 208 113 225 119 240 128 254 140 264 154 271 169 274 184 270 196 262 207 250 214 236 219 221 222 205 226 188 228 170 116 161 123 153 135 150 148 152 159 157 177 158 187 153 199 151 211 154 219 162 169 169 169 181 169 192 170 205 158 213 163 215 169 216 175 214 181 212 130 171 137 166 145 166 151 172 144 173 136 174 184 172 191 166 199 166 206 170 199 174 191 173 150 239 157 235 164 233 169 234 174 232 181 234 188 236 182 242 175 244 170 245 165 245 158 243 154 238 164 237 170 237 174 237 185 236 175 238 170 238 165 238
105 189 109 207 112 225 119 241 128 254 141 265 154 272 170 274 185 271 197 262 208 250 214 236 219 220 223 204 227 187 228 169 116 161 124 153 136 149 148 152 159 157 177 158 188 153 199 151 211 154 219 162 169 168 169 180 170 192 170 205 157 213 163 214 170 216 176 214 181 212 130 170 137 166 145 165 152 171 145 173 137 173 184 171 191 166 199 166 206 170 199 174 191 173 150 239 158 235 165 232 170 233 174 232 182 234 189 236 183 242 176 245 171 247 165 246 158 244 154 239 165 237 170 237 175 236 185 236 175 238 171 239 166 239
106 191 109 209 113 227 120 242 130 256 142 266 156 274 171 276 185 272 197 263 207 251 214 237 219 221 223 204 227 188 228 170 116 161 124 153 136 150 148 152 159 157 178 158 188 153 200 151 211 154 219 162 169 168 169 180 170 192 170 205 158 212 163 214 170 216 176 214 182 211 130 171 137 166 145 165 152 172 145 173 137 174 184 171 191 165 199 165 206 170 200 173 191 173 151 239 158 234 165 231 170 232 175 230 182 233 189 236 183 244 176 248 171 249 166 249 158 246 154 239 166 236 171 236 175 235 185 236 176 241 171 242 166 241
106 191 109 209 113 227 120 242 129 256 141 267 155 275 170 277 184 273 196 263 207 251 214 237 219 221 223 205 227 188 229 170 115 162 123 153 135 150 148 152 159 157 176 159 187 154 199 152 211 155 219 163 169 169 169 181 169 192 170 205 157 212 163 214 170 216 176 214 181 211 130 171 137 166 145 165 152 172 145 173 137 174 184 171 191 165 199 166 206 170 200 173 191 173 150 238 157 233 165 230 170 231 174 229 182 232 189 236 183 245 176 249 170 250 165 250 157 247 153 238 165 235 170 235 175 234 185 236 175 242 170 243 165 242
106 190 109 208 113 225 120 241 129 255 141 266 154 274 169 276 184 273 196 264 207 252 214 238 219 222 223 205 226 189 229 171 116 162 124 153 136 150 148 152 159 157 177 159 188 154 200 151 211 154 219 163 169 169 169 181 169 192 170 205 157 212 163 214 169 215 176 214 181 211 130 170 137 166 145 165 152 172 145 173 137 173 184 171 191 165 199 165 206 170 199 173 191 173 149 238 156 233 164 229 169 231 174 229 182 232 189 235 183 244 175 248 170 250 164 249 156 246 153 238 164 234 170 234 174 234 185 236 175 241 170 242 164 242
106 190 109 208 113 226 119 241 129 255 141 266 154 274 169 276 184 273 196 264 207 252 214 238 219 222 223 205 226 188 228 170 116 162 124 153 135 150 147 152 159 157 177 159 188 154 200 151 211 154 219 163 169 169 169 181 169 192 169 205 157 212 162 214 169 215 175 214 181 211 130 170 137 166 145 165 152 171 145 173 137 174 184 171 191 166 199 165 206 170 199 173 191 173 149 238 156 233 164 229 169 231 174 229 182 232 189 235 183 244 175 249 170 250 164 249 156 246 152 238 164 234 169 234 174 234 185 236 175 241 170 242 164 241
105 190 109 209 113 226 120 242 129 256 141 267 154 274 169 277 184 273 196 264 207 252 214 238 219 222 223 205 226 188 228 171 116 162 123 153 135 150 148 152 159 157 177 159 188 154 199 152 211 155 219 163 169 169 169 181 169 193 170 205 157 212 163 214 169 216 175 214 181 211 130 170 137 166 145 166 152 172 145 173 136 174 184 172 191 166 199 166 206 171 199 174 191 173 149 238 156 233 164 230 169 231 174 229 182 232 189 236 182 244 175 248 170 249 163 249 156 246 152 238 164 235 169 235 174 234 185 236 175 240 170 241 164 240
106 190 109 208 112 225 119 240 128 254 140 265 153 273 169 275 184 272 196 263 207 251 215 237 220 221 223 204 227 187 228 169 115 162 123 153 135 150 147 152 159 157 177 158 187 153 199 151 211 154 219 163 168 168 169 181 169 193 169 206 157 212 162 215 169 216 175 214 181 212 130 171 137 166 144 166 151 172 144 173 136 174 184 172 191 166 199 166 206 170 199 173 191 173 149 238 156 235 164 232 169 233 174 231 181 233 189 236 182 243 175 246 170 248 164 247 157 245 153 238 164 236 169 237 174 236 185 236 175 240 170 241 164 241
105 189 108 207 112 224 118 240 127 254 139 264 152 272 168 275 183 271 196 263 207 252 214 237 219 222 222 205 226 189 228 171 115 162 123 153 135 150 148 152 159 158 176 159 187 154 199 152 211 155 219 164 168 169 168 181 169 193 169 205 156 212 162 215 169 216 175 214 181 212 130 171 137 166 144 166 151 172 144 173 136 174 183 172 190 166 198 166 205 171 199 174 191 174 149 238 156 235 163 232 169 233 173 232 181 234 188 236 182 242 175 244 170 245 164 245 157 243 152 238 163 237 169 237 174 236 185 236 174 238 169 238 164 238
106 189 109 206 112 224 118 239 126 253 138 264 152 271 167 274 183 271 196 263 207 252 214 237 219 222 222 205 226 188 228 170 115 162 123 153 134 150 147 152 158 157 177 159 187 153 199 151 211 154 218 163 168 168 168 181 168 193 168 206 156 212 162 215 168 216 174 214 180 212 130 171 136 166 144 166 151 172 144 173 136 174 183 172 190 166 198 166 205 171 199 174 191 173 148 238 156 234 163 232 168 233 173 231 180 234 188 236 181 241 174 244 169 245 163 244 156 242 152 238 163 237 168 237 173 236 185 236 174 237 169 238 163 237
105 189 109 207 112 224 118 239 126 253 138 264 152 271 167 274 183 271 196 262 207 251 214 237 219 222 223 205 226 189 228 171 115 162 123 153 135 150 147 152 158 158 176 159 187 153 199 151 211 154 218 163 168 169 168 181 168 193 168 205 155 212 161 214 168 216 174 214 180 212 129 171 136 167 144 166 151 172 144 174 136 174 183 172 190 166 198 166 205 171 199 174 191 174 148 237 156 233 163 231 168 232 173 231 180 233 187 236 180 241 173 244 168 244 162 244 156 242 152 237 163 236 168 236 173 236 184 236 173 237 168 237 163 237
106 190 109 208 112 225 118 241 127 254 139 264 153 272 168 274 183 271 195 262 206 251 214 238 219 222 222 205 226 189 228 171 115 163 123 154 135 151 147 153 158 158 175 159 186 154 198 152 210 155 218 163 168 169 168 181 168 193 168 206 155 212 161 214 167 216 174 214 180 212 129 171 136 167 144 166 151 172 144 174 136 174 183 172 190 166 198 166 205 171 198 174 190 174 148 237 155 232 162 229 167 231 172 229 180 232 187 236 180 242 173 245 167 246 162 246 155 243 152 237 162 234 167 234 172 234 184 236 173 238 167 239 162 239
106 190 109 208 112 225 119 241 128 254 140 264 153 272 168 274 183 271 195 263 206 252 214 238 219 222 222 205 226 188 228 170 115 162 123 154 135 150 147 153 158 158 176 159 186 154 198 151 210 154 218 163 167 169 167 181 167 193 168 206 155 212 161 214 167 216 174 214 180 212 129 171 136 167 144 166 150 172 144 174 135 174 183 172 190 166 198 166 205 171 199 174 190 174 148 237 155 232 162 229 167 230 173 229 180 232 188 236 181 243 173 246 168 247 162 247 155 244 152 237 162 233 167 234 173 234 184 236 173 239 168 240 163 239
106 191 109 208 112 225 119 241 127 254 139 265 152 272 167 275 182 272 194 263 205 252 213 238 218 223 222 206 226 189 228 172 115 163 123 154 134 151 147 153 158 158 176 159 186 154 198 151 210 155 218 163 167 169 167 181 167 193 168 206 155 212 161 214 167 216 174 214 180 212 129 171 135 167 143 166 150 172 143 174 135 174 183 172 190 166 198 166 205 171 198 174 190 174 148 237 155 232 162 229 167 231 172 229 180 232 187 236 180 244 173 247 167 248 162 248 155 244 152 237 162 233 167 234 172 233 183 236 173 240 167 241 162 240
105 191 109 208 112 226 118 241 127 255 140 265 153 273 168 275 183 272 195 263 206 252 213 237 219 222 222 205 226 188 228 170 114 163 122 154 134 150 146 152 157 157 175 159 186 153 198 151 210 155 218 163 167 169 167 181 168 193 168 206 155 212 161 214 167 216 174 214 180 212 128 171 135 166 143 166 150 172 143 174 135 174 183 172 190 166 198 166 205 171 198 174 190 174 148 237 155 232 163 229 167 230 173 229 180 232 187 236 181 244 174 248 168 249 162 248 155 245 152 237 163 233 168 234 173 233 183 236 173 240 168 241 163 241
105 189 108 207 112 224 118 240 127 254 139 264 153 271 168 273 183 270 195 262 206 251 214 237 219 221 222 204 226 188 228 171 114 162 122 153 135 150 147 153 158 158 175 159 186 154 198 152 210 155 218 163 167 169 167 181 167 193 168 206 155 212 161 214 167 216 174 214 179 211 129 171 136 166 143 166 150 172 143 173 135 174 183 172 190 166 198 166 205 171 198 174 190 173 148 237 155 233 163 230 167 231 172 230 180 232 187 236 180 243 173 246 168 247 162 246 155 244 152 237 163 234 167 234 172 234 183 236 173 239 168 240 163 240
105 189 108 207 112 224 118 239 126 253 139 263 152 270 168 273 183 270 195 262 207 250 214 236 219 220 222 204 226 187 228 170 114 163 122 154 134 150 146 152 157 157 175 158 186 153 198 151 210 154 218 163 167 169 167 181 168 193 168 205 155 212 161 215 168 216 174 214 180 212 128 171 135 166 143 166 150 172 143 174 135 174 182 172 190 166 198 166 204 171 198 173 190 173 149 237 156 233 163 231 168 232 172 230 180 233 187 235 180 241 173 243 168 244 163 244 156 242 152 237 163 235 168 235 172 234 184 235 173 237 168 237 164 237
105 189 108 206 112 223 118 239 126 252 138 263 151 270 167 273 182 270 195 262 206 251 213 237 219 221 222 205 226 188 228 170 114 163 122 153 134 150 147 152 158 157 175 158 186 154 198 152 210 155 218 163 167 169 167 181 167 193 167 205 155 212 161 214 167 216 174 214 179 212 129 171 135 166 143 166 150 172 143 174 135 174 182 172 190 166 198 166 205 171 198 174 190 174 149 238 156 234 163 231 167 232 172 231 179 233 187 236 180 241 173 244 168 245 163 244 156 242 152 237 163 235 167 235 172 234 183 236 173 237 168 238 163 237
105 189 108 207 112 224 118 240 127 254 140 264 153 272 168 274 183 271 195 262 206 250 214 236 219 221 222 204 226 187 228 170 115 162 122 153 134 150 146 152 157 157 175 158 186 153 198 151 210 154 217 162 167 169 167 181 167 193 167 206 155 212 161 215 167 216 173 214 179 212 129 171 135 166 143 166 150 172 143 173 135 174 182 172 190 165 198 166 204 170 198 174 190 173 149 238 156 234 163 231 167 232 172 231 179 234 187 236 180 243 173 246 168 247 163 247 156 244 153 238 163 235 167 235 172 235 183 236 173 239 168 240 163 240
105 189 108 208 112 225 119 241 128 255 140 265 154 272 169 274 183 271 196 262 206 250 214 236 219 220 222 204 225 187 227 169 114 163 122 154 134 150 146 153 158 157 175 158 186 153 198 151 210 154 217 162 167 169 167 181 167 193 167 206 155 212 161 215 167 216 174 214 179 212 128 171 135 167 143 166 150 172 143 174 135 174 182 172 189 166 197 166 204 171 198 174 190 174 149 239 156 235 163 231 167 233 172 231 180 234 187 236 181 244 174 247 168 248 163 248 157 245 153 238 163 235 168 236 172 235 183 237 173 240 168 241 164 240
105 189 108 207 112 224 118 240 127 254 140 264 153 272 168 274 183 271 195 262 206 251 213 236 218 221 222 204 225 187 227 169 114 162 122 153 134 150 146 152 157 157 175 158 186 153 198 151 209 154 217 162 167 169 167 181 167 193 167 205 155 212 161 215 167 216 173 214 179 212 128 171 135 166 143 166 149 172 143 173 135 174 182 171 189 166 197 166 204 170 197 173 189 173 149 239 156 235 163 232 167 233 172 231 179 234 187 236 180 243 173 246 168 247 163 247 157 244 153 238 163 236 167 236 172 236 183 236 173 239 168 239 163 239
105 189 108 207 112 224 118 239 127 253 139 263 153 270 168 273 183 270 196 261 207 250 214 235 219 220 222 203 225 187 227 169 114 162 122 154 134 150 146 153 157 158 175 158 186 154 198 151 209 154 217 162 167 169 167 181 167 193 167 205 155 212 161 214 167 216 173 214 179 212 128 171 135 166 143 166 150 172 143 173 135 174 182 171 189 166 197 166 204 170 198 173 189 173 149 238 156 234 163 232 167 233 172 231 179 234 187 236 180 242 173 244 168 245 163 245 157 243 153 238 163 236 167 236 172 235 183 236 173 237 168 238 163 238
105 188 108 205 112 223 118 238 126 252 139 262 152 270 168 273 182 269 195 261 206 250 214 236 219 220 222 203 226 187 228 169 114 162 122 153 134 150 146 152 157 158 175 159 185 153 197 151 209 154 217 162 166 168 166 180 166 193 167 205 154 212 160 214 166 215 173 214 178 211 128 170 135 166 143 166 150 171 143 173 135 173 182 171 189 165 197 166 204 170 198 173 190 173 149 237 156 234 162 231 166 232 171 231 179 233 187 235 180 241 173 244 168 245 162 244 156 242 153 237 162 235 167 235 172 235 184 236 172 237 167 238 163 237
105 189 109 207 112 224 118 239 127 253 139 263 153 270 168 273 183 270 195 261 206 250 214 236 219 220 222 204 225 187 227 170 114 162 121 153 133 150 146 152 157 157 175 158 186 153 197 151 209 154 217 162 166 169 166 181 166 192 167 205 154 211 160 214 166 215 173 214 179 211 128 171 135 166 142 166 150 172 143 173 134 174 182 172 189 165 197 166 204 170 198 173 189 173 149 237 156 233 162 230 167 231 172 230 179 233 187 235 180 241 173 244 167 245 162 244 156 242 153 237 162 234 167 235 172 234 184 235 172 237 167 238 163 237
105 189 108 206 112 223 118 239 126 252 139 262 153 270 168 272 183 269 195 261 207 250 214 236 219 220 222 204 225 187 227 170 114 162 122 153 134 150 146 153 157 158 175 159 185 154 197 151 209 154 217 162 166 169 167 180 167 192 167 205 154 211 160 214 166 215 173 214 178 211 128 171 135 166 143 166 149 172 143 173 135 174 182 172 189 165 197 165 204 170 198 174 190 173 149 237 156 233 162 230 167 231 171 230 179 232 187 235 180 241 173 244 167 245 162 244 156 242 152 237 162 234 167 235 172 234 183 235 172 237 167 238 162 237
105 189 109 207 112 224 118 239 127 253 139 263 152 270 167 273 182 270 195 261 206 250 214 236 219 221 222 204 226 187 228 170 114 163 121 153 133 150 146 152 157 157 174 158 185 153 197 151 209 154 217 163 166 169 167 181 167 192 167 205 154 211 160 214 166 215 173 214 179 211 128 171 135 166 143 166 150 172 143 173 134 174 182 172 189 165 197 166 204 170 198 173 189 173 149 237 156 233 162 230 167 231 172 230 180 232 187 235 180 241 173 244 167 245 162 245 156 243 153 237 162 234 167 235 172 234 184 235 173 237 167 238 162 237
105 189 108 207 112 224 118 239 127 253 139 263 153 271 168 273 182 270 195 261 206 250 213 236 219 221 222 204 225 187 227 170 114 162 121 153 133 150 145 152 156 157 175 158 185 153 197 151 209 154 217 162 167 169 167 181 167 193 167 205 154 212 160 214 167 215 173 214 179 211 128 171 135 166 143 166 150 172 143 173 134 174 182 171 189 165 197 165 204 170 197 173 189 173 149 238 156 233 162 230 167 231 172 230 180 232 187 236 180 241 173 244 168 245 163 245 156 243 153 237 162 235 167 235 172 234 184 235 173 237 168 238 163 238
105 189 108 207 112 224 118 240 127 253 139 263 153 270 167 273 182 270 195 261 206 251 213 237 218 221 221 204 225 188 227 170 114 162 122 153 134 150 146 153 157 158 174 158 185 153 197 151 209 154 217 162 167 169 167 181 167 192 167 205 154 212 160 214 166 216 173 214 178 211 128 170 135 166 143 166 150 172 143 173 135 173 182 172 189 165 197 166 204 170 197 173 189 173 149 238 155 233 162 230 166 232 171 230 179 233 187 236 180 242 173 245 167 245 162 245 156 243 152 237 162 235 167 236 172 235 183 236 172 237 167 238 162 237
105 188 108 206 112 223 118 239 126 253 139 263 152 270 168 272 182 269 195 261 206 250 213 236 218 220 222 203 225 187 227 170 114 161 122 153 134 150 146 152 156 158 175 159 186 154 197 151 209 154 216 162 167 169 167 181 167 193 167 205 155 212 160 214 167 216 173 214 178 211 128 170 135 166 143 166 150 172 143 173 135 174 182 171 189 165 197 165 204 170 198 173 189 173 148 238 155 234 162 231 167 232 172 230 179 233 187 235 180 241 173 244 168 245 163 244 156 243 152 237 162 236 167 236 172 235 183 235 173 237 168 238 163 237
105 188 108 205 112 222 117 238 126 252 138 262 152 270 167 272 182 269 195 260 206 250 213 236 218 220 222 204 225 187 227 169 114 161 122 153 134 151 146 153 157 158 174 159 185 154 197 151 209 154 217 162 167 169 167 181 167 193 167 205 155 212 161 214 167 215 173 214 179 211 128 170 135 166 143 166 150 172 143 173 135 174 182 172 189 166 197 166 204 170 198 174 190 174 148 238 155 234 162 231 167 232 172 230 179 233 187 235 180 241 173 244 168 245 163 244 156 242 152 237 162 236 167 236 172 235 184 235 173 237 168 237 163 237
105 188 108 206 112 223 118 239 126 252 138 263 152 270 167 272 182 269 195 261 206 250 213 236 218 220 222 204 225 187 227 170 114 162 122 153 134 150 146 153 157 158 174 159 185 154 197 152 209 154 217 162 166 169 166 181 167 192 167 205 154 212 160 214 166 215 173 214 178 211 128 171 135 166 143 166 149 172 143 173 134 174 182 172 189 166 197 166 204 170 197 173 189 173 148 238 155 234 162 231 167 232 172 230 179 233 187 235 180 241 173 244 168 245 162 244 155 242 151 237 162 236 167 236 172 235 184 235 173 237 167 238 162 237
105 189 108 207 112 224 118 240 127 253 139 263 153 270 168 273 183 269 195 261 206 250 213 236 218 220 222 204 225 187 228 170 114 162 122 154 134 151 146 153 157 158 174 159 185 154 197 152 209 155 217 162 166 169 167 181 167 193 167 205 154 212 160 214 167 215 173 214 179 211 128 171 135 166 142 166 149 172 142 173 134 174 182 172 189 166 197 166 204 170 197 173 189 173 148 238 155 233 162 230 167 232 172 230 180 232 188 235 181 241 174 244 168 245 163 245 155 243 152 237 162 235 167 236 172 235 184 235 173 237 168 238 163 237
105 189 108 207 112 224 118 239 127 253 139 263 152 271 167 273 182 270 195 261 206 250 214 236 218 220 222 203 225 187 227 169 114 162 122 153 133 150 146 153 156 158 175 159 186 153 197 151 209 154 217 162 166 169 167 181 167 193 167 205 154 212 160 214 167 216 173 214 179 211 128 171 135 166 143 166 150 172 143 174 134 174 182 172 189 166 197 166 204 170 198 173 189 173 148 238 155 233 162 230 167 231 172 230 180 232 187 235 181 241 173 245 168 246 162 246 155 243 152 237 162 235 167 235 172 234 184 235 173 238 168 239 163 238
105 190 109 208 112 225 119 240 127 254 140 264 153 271 168 273 182 270 195 262 206 251 213 237 218 221 222 205 226 188 228 170 114 163 122 154 134 151 146 153 157 158 174 159 185 154 197 152 209 155 217 163 167 169 167 181 167 193 167 205 155 212 161 214 167 216 173 214 179 211 128 171 135 166 143 166 150 172 143 174 134 174 182 172 189 166 197 166 204 171 198 174 189 174 149 237 156 233 163 230 167 231 172 229 180 232 187 235 180 242 173 245 168 246 163 246 156 244 153 237 163 234 167 235 172 234 183 235 173 238 168 239 163 239
105 190 109 207 112 224 119 240 127 253 140 263 153 271 168 273 183 270 195 261 206 250 214 236 219 220 222 204 225 187 228 170 114 163 122 154 134 151 146 153 157 158 174 159 185 154 197 152 209 154 217 162 167 169 167 181 167 193 168 205 155 212 161 214 167 216 174 214 179 211 128 171 135 167 143 166 150 173 143 174 135 174 182 172 189 166 197 166 204 171 198 174 189 174 149 238 156 233 163 230 167 231 172 229 180 232 187 235 181 242 174 245 168 247 163 246 157 244 153 237 163 234 168 234 172 234 184 235 173 239 168 239 163 239
105 189 109 207 112 224 118 239 127 253 139 263 153 271 168 273 182 269 195 261 206 250 214 236 219 220 222 204 225 187 228 170 114 163 122 154 134 151 146 153 157 158 174 159 185 154 197 152 209 155 217 163 166 169 167 181 167 193 167 206 155 212 161 215 167 216 173 214 179 212 128 172 135 167 143 166 150 173 143 174 135 175 182 172 189 166 197 166 204 171 198 174 190 174 149 238 156 233 163 230 167 231 172 230 179 232 187 235 180 242 173 245 168 246 163 246 156 244 153 237 163 234 167 235 172 234 183 236 173 238 168 239 163 239
105 190 108 207 112 224 118 240 127 253 139 264 152 271 167 274 182 270 195 262 206 251 213 237 218 221 222 204 226 187 228 170 114 163 122 154 134 151 146 153 157 158 174 159 185 154 197 152 209 154 217 163 166 169 167 181 167 193 167 206 155 212 160 215 167 216 173 214 179 212 128 172 135 167 143 167 150 173 143 174 134 175 182 172 189 166 197 166 204 171 198 174 189 174 149 238 155 233 162 230 167 231 172 230 179 232 187 235 180 242 173 245 168 247 163 246 156 244 152 238 162 235 167 235 172 234 183 236 173 238 168 239 163 239
105 191 108 208 112 225 118 240 127 254 139 264 152 271 167 273 182 270 194 262 206 251 213 238 218 222 222 205 225 188 228 170 114 163 121 154 133 151 145 153 156 158 174 159 185 154 197 152 209 155 217 163 166 170 166 182 166 193 167 206 154 212 160 215 166 216 173 215 179 212 128 172 135 167 142 167 149 173 143 175 134 175 182 172 189 166 197 166 204 171 197 174 189 174 149 238 156 233 162 230 167 232 172 230 179 233 187 235 180 242 173 245 168 246 163 246 156 243 153 238 163 235 167 235 172 235 183 236 172 238 168 239 163 239
105 190 109 208 112 225 118 240 127 254 139 264 153 271 168 273 183 270 195 261 206 251 213 237 218 221 222 204 225 188 227 170 114 163 122 154 133 151 146 154 157 159 174 160 185 155 197 152 208 155 216 163 166 170 166 182 166 194 167 206 154 213 160 215 167 217 173 215 179 212 128 172 135 167 143 167 149 173 143 175 134 175 182 173 189 166 197 166 204 171 197 174 189 174 149 238 156 234 162 231 167 232 172 230 179 233 187 235 180 241 173 244 168 245 163 245 156 243 153 238 163 235 167 236 172 235 183 236 173 237 168 238 163 238
105 191 108 209 112 226 118 241 127 254 139 264 152 271 167 273 182 270 195 262 206 251 213 237 218 222 221 205 225 189 227 171 114 163 121 154 133 151 145 153 156 158 174 160 185 155 196 152 208 155 217 163 166 170 166 182 166 194 166 206 154 213 160 215 166 217 173 215 178 212 127 172 134 167 142 167 149 173 142 175 134 175 181 173 189 166 197 167 204 171 197 174 189 174 148 238 155 234 162 231 167 232 172 230 179 233 187 235 180 241 173 244 168 245 163 245 156 243 152 238 162 236 167 236 172 235 183 235 173 237 168 238 163 238
104 191 108 208 112 225 118 241 127 254 139 264 152 271 167 273 182 270 195 262 206 251 213 237 218 222 221 205 225 189 227 171 113 164 120 155 132 152 145 154 156 159 173 160 184 155 196 152 208 155 217 164 166 170 166 182 166 194 167 206 154 213 160 215 166 217 173 215 178 212 127 172 134 167 142 167 149 173 142 175 134 175 181 173 188 166 196 167 203 171 197 174 189 174 148 238 155 234 162 231 167 232 172 230 179 233 187 235 180 241 173 244 168 245 163 245 156 243 152 238 162 236 167 236 172 235 183 235 173 237 168 238 163 238
105 192 108 209 112 227 118 242 127 255 139 264 153 271 168 273 183 270 195 262 206 251 213 237 218 222 221 205 225 189 227 171 113 164 120 155 132 151 145 154 156 159 174 160 184 155 196 152 208 155 216 163 166 170 166 182 166 194 166 206 154 213 160 215 166 217 173 215 178 212 127 172 134 168 142 167 149 173 142 175 134 175 181 173 188 166 196 167 203 171 197 174 189 174 148 238 155 234 162 231 167 232 171 230 179 233 187 235 180 241 173 244 168 245 163 245 156 243 151 238 162 236 167 236 172 235 183 235 172 237 168 238 163 238
104 191 108 208 111 225 117 240 126 254 138 264 151 271 167 273 182 270 195 262 206 251 213 237 218 222 221 205 225 189 227 171 113 163 120 155 132 152 144 154 155 158 173 160 184 155 196 153 207 156 216 163 165 170 166 182 166 194 166 206 154 213 160 215 166 217 172 215 178 212 127 172 134 167 141 167 149 173 142 175 133 175 181 173 188 167 196 167 203 172 196 175 188 174 147 238 155 234 162 231 166 232 171 231 179 233 187 235 180 241 173 244 168 245 162 245 155 243 151 238 162 236 167 236 172 235 183 235 172 237 167 238 162 238
104 190 108 208 111 225 117 241 126 254 139 264 152 271 167 273 182 270 195 261 206 250 213 236 218 221 221 204 224 188 226 170 112 164 120 155 132 151 145 154 156 159 173 160 184 155 196 152 208 155 216 163 165 170 166 182 166 194 166 206 153 213 159 215 166 217 172 215 178 212 127 172 134 167 141 167 148 173 141 175 133 175 181 173 188 167 196 167 203 171 196 174 188 174 147 238 155 234 162 231 166 232 171 230 179 232 187 235 180 241 173 244 168 245 162 245 155 243 151 238 162 236 167 236 172 235 183 235 172 237 167 238 162 238
104 190 107 208 111 225 117 240 126 254 138 264 152 271 167 274 182 270 195 261 205 250 213 236 218 221 221 204 224 188 227 170 113 164 120 155 132 151 145 154 156 159 173 159 184 154 196 152 208 155 216 163 165 170 165 182 166 194 166 206 153 213 159 215 166 217 172 215 178 212 127 172 134 168 141 167 149 173 141 175 133 175 181 173 188 167 196 167 203 171 197 174 188 174 147 238 154 234 161 231 166 232 171 230 179 233 186 235 180 241 173 244 167 245 162 245 155 243 151 238 161 236 166 236 171 235 183 235 172 237 167 238 162 238
104 191 108 208 111 225 117 240 126 254 138 264 151 271 166 274 181 271 194 262 205 251 213 238 217 222 221 205 224 189 226 171 113 163 120 155 132 152 145 154 156 159 172 160 184 155 196 152 208 155 216 163 165 170 165 182 165 194 166 207 153 213 159 216 166 217 172 215 178 212 127 172 134 168 141 167 148 174 141 175 133 175 181 173 188 167 196 167 203 171 196 175 188 175 147 238 154 234 161 231 166 232 171 231 179 233 186 235 179 241 172 244 167 245 162 245 155 243 151 238 161 236 166 237 171 236 183 236 172 237 167 238 162 238
104 191 107 209 111 226 117 241 126 254 138 264 152 271 167 273 182 270 194 262 205 251 213 237 218 222 221 205 224 188 226 171 112 164 120 155 132 152 144 154 155 159 172 160 184 155 195 153 208 155 216 163 165 170 165 182 166 194 166 206 153 213 159 216 166 217 172 215 178 212 126 173 133 168 141 168 148 174 141 175 133 176 180 173 188 167 196 167 203 171 196 175 188 175 147 238 155 234 162 231 166 232 171 231 179 233 186 235 179 241 172 244 167 245 162 245 155 243 151 238 162 236 166 236 171 235 183 235 172 237 167 238 162 238
104 192 108 209 111 226 117 241 126 255 139 264 152 271 167 273 182 270 195 261 205 251 213 237 218 221 221 204 224 188 226 170 112 164 120 155 132 152 144 154 155 159 172 160 183 155 195 153 207 155 215 163 165 170 165 182 166 194 166 207 154 214 160 216 166 217 172 215 178 212 126 173 133 168 141 168 148 174 141 176 133 176 180 173 188 167 196 167 203 171 196 175 188 175 147 238 155 234 162 231 167 232 171 231 179 233 187 235 180 241 173 244 168 245 163 245 155 243 151 238 162 236 167 236 172 235 183 235 172 237 167 238 163 238
104 192 107 209 111 226 117 241 126 255 139 264 152 271 167 274 182 271 194 262 205 251 213 237 218 222 221 205 224 188 226 170 112 164 120 156 131 152 144 154 155 159 173 160 184 155 195 152 207 155 215 163 165 171 165 183 166 194 166 206 154 214 160 216 166 217 172 215 178 213 126 174 133 169 141 168 148 174 141 176 133 177 180 173 188 167 196 167 203 172 196 175 188 175 147 238 155 235 162 231 166 233 171 231 179 233 187 235 180 241 173 244 167 245 162 245 155 243 151 238 162 236 166 237 171 236 183 236 172 237 167 238 162 238
