130 146 132 160 136 173 141 186 149 197 159 206 169 213 180 215 191 213 202 206 213 197 221 185 226 171 228 157 229 142 229 127 138 124 143 116 152 113 161 114 171 116 183 115 192 111 202 110 211 113 217 119 177 127 177 136 178 145 178 154 170 162 174 163 179 164 183 163 188 161 149 131 154 128 161 128 167 132 160 134 154 135 189 131 195 126 202 126 207 129 202 132 195 133 164 182 169 177 174 174 179 176 184 174 189 177 195 181 190 189 184 192 179 193 174 192 169 189 167 182 174 178 179 178 184 178 192 181 184 186 179 187 174 186
129 146 131 160 135 173 141 186 149 197 159 206 169 213 180 215 191 213 202 205 212 196 220 184 225 171 227 156 227 141 227 126 138 122 143 116 152 113 162 114 171 116 184 115 193 111 202 110 211 112 217 119 178 127 178 136 178 144 179 153 170 161 175 163 179 164 184 163 188 161 149 131 154 128 161 128 167 132 161 134 154 134 189 130 195 126 202 126 207 128 202 132 195 132 164 182 169 177 175 174 179 175 184 174 190 176 195 181 190 189 185 192 180 193 175 192 169 189 168 182 175 177 179 178 184 177 192 181 184 186 179 187 175 187
129 146 132 160 135 174 141 186 150 197 160 206 170 213 181 215 192 212 202 205 213 196 221 185 226 171 228 157 229 142 229 127 138 123 143 116 152 113 162 113 171 116 184 115 193 111 202 110 211 112 217 119 178 127 178 136 178 145 179 154 170 162 175 163 179 164 184 163 188 161 149 131 154 128 161 128 167 132 161 134 154 134 189 131 195 126 202 126 207 129 202 132 195 133 165 182 170 177 175 174 179 175 184 174 190 176 195 182 190 189 185 192 180 193 175 192 170 189 168 182 175 178 180 178 184 178 192 182 184 186 180 187 175 186
130 147 132 160 136 173 141 186 150 197 159 206 169 213 181 215 191 212 202 205 212 196 221 185 226 172 228 157 229 142 229 127 138 123 143 116 152 113 162 113 171 116 184 115 193 111 202 110 211 112 217 119 178 128 178 136 178 145 179 153 171 161 175 163 179 164 184 162 188 161 149 131 154 128 161 128 167 132 161 134 154 134 190 131 195 126 202 126 207 129 203 132 196 133 165 182 169 177 175 174 179 175 184 174 190 176 195 181 190 189 185 192 180 193 175 192 170 189 168 182 175 177 179 178 184 177 192 181 184 186 179 187 175 187
129 146 131 160 135 173 141 186 149 196 159 205 169 213 181 215 192 212 202 205 212 196 220 184 225 171 227 156 227 141 228 127 138 123 143 116 153 113 163 114 172 116 184 115 193 111 202 110 211 112 217 118 178 128 178 136 179 144 179 153 171 161 175 163 179 164 184 162 188 161 149 131 154 128 161 128 167 132 161 134 154 134 189 131 195 126 202 126 207 128 202 132 196 133 165 182 169 177 175 174 179 175 184 174 190 176 195 181 190 189 185 192 180 193 175 192 170 189 168 182 175 177 180 178 184 177 192 181 184 186 180 187 175 186
130 146 132 160 135 173 141 186 150 197 160 206 170 213 181 215 192 213 202 205 212 196 220 184 225 171 227 156 228 141 228 127 138 123 143 116 152 113 162 114 171 116 184 115 193 111 203 110 212 112 217 119 178 127 178 136 179 145 179 154 171 161 175 163 179 164 184 162 188 160 149 131 154 128 161 128 167 132 161 134 154 134 190 130 195 126 202 126 207 128 203 132 196 132 165 182 170 176 175 174 180 175 184 174 190 176 195 181 190 189 185 192 180 193 175 192 170 189 168 182 175 177 180 177 184 177 192 181 184 186 180 187 175 187
130 146 132 160 135 173 141 186 149 197 159 206 169 213 180 215 191 212 202 205 212 196 220 184 225 171 227 156 227 142 227 127 138 123 144 116 153 113 162 113 171 116 185 115 193 111 203 110 212 112 217 118 178 127 179 136 179 145 179 154 171 161 175 163 179 164 184 163 188 161 149 131 154 128 161 128 167 132 161 134 154 134 190 130 195 126 202 126 207 128 203 132 196 132 165 182 169 177 175 174 180 175 184 174 190 176 195 181 191 189 185 192 180 193 175 192 170 189 168 182 175 177 180 178 184 177 192 181 185 186 180 187 175 187
130 146 132 160 135 173 141 186 150 197 159 206 169 213 180 215 191 213 202 206 213 197 221 185 227 172 230 157 230 142 230 127 139 122 144 115 153 113 162 113 171 116 184 115 193 111 203 110 212 112 218 118 178 127 178 136 178 144 178 153 170 161 175 163 179 164 184 162 188 161 149 131 154 128 161 127 167 132 161 134 154 134 190 130 195 126 202 126 207 128 203 132 196 132 165 182 169 176 175 174 179 175 184 174 190 176 195 181 190 189 185 192 180 193 175 192 169 189 168 181 175 177 179 177 184 177 193 181 184 187 179 188 175 187
130 146 132 160 135 173 141 186 149 197 159 206 169 213 180 215 191 213 202 206 213 197 221 185 226 172 229 157 230 142 230 127 138 123 143 116 152 113 162 113 171 116 184 115 193 111 203 110 212 112 218 119 178 127 178 136 178 144 179 153 171 161 175 163 179 164 184 162 188 160 149 131 154 128 161 127 167 132 161 134 154 134 190 130 195 126 202 126 208 128 203 132 196 132 164 181 169 176 175 173 179 174 184 173 190 176 196 181 190 188 185 192 180 193 174 192 169 189 167 181 175 176 179 177 184 176 192 181 184 186 179 187 174 187
130 145 132 159 135 173 141 186 149 197 159 206 169 213 180 215 191 213 202 206 213 197 221 185 227 172 230 157 231 141 231 126 138 122 143 115 152 113 162 113 171 116 184 115 193 111 203 110 212 112 217 119 178 127 178 136 178 144 178 153 170 161 174 163 179 164 184 162 188 161 149 131 155 128 161 128 167 132 161 134 155 134 190 130 195 126 202 126 207 128 203 132 196 132 165 181 169 176 174 173 179 174 184 173 190 176 195 181 190 189 184 193 179 194 174 193 169 189 168 181 174 176 179 177 184 176 192 181 184 187 179 188 174 187
130 146 132 160 135 173 141 186 149 197 159 206 169 214 180 216 191 213 202 206 212 197 220 185 226 172 228 157 229 142 230 127 138 122 143 115 152 112 162 113 171 116 184 115 193 111 203 110 212 112 217 118 178 127 178 136 178 144 178 153 170 161 174 162 179 163 184 162 188 160 149 131 154 128 161 127 167 131 161 134 154 134 189 130 195 126 202 125 207 128 202 132 195 132 164 181 169 176 174 173 179 174 184 173 190 175 195 181 190 189 185 193 179 194 174 193 169 190 167 181 174 176 179 176 184 176 192 181 184 187 179 188 174 187
130 146 132 160 136 173 141 186 149 198 159 207 169 214 181 216 192 214 203 206 213 197 221 185 226 172 228 157 229 142 230 127 138 122 143 115 153 113 162 113 171 116 184 114 193 110 203 109 212 112 217 119 178 127 178 136 178 144 178 154 170 161 174 163 179 164 184 162 188 160 149 131 154 127 161 127 167 131 161 133 154 134 189 130 195 126 202 125 207 128 202 132 196 132 164 181 169 176 174 173 179 174 184 173 190 176 195 181 190 190 185 194 179 195 174 194 169 190 167 181 174 176 179 176 184 176 192 181 184 188 179 189 174 188
130 146 132 160 135 174 141 187 149 198 158 207 169 215 180 217 191 214 202 207 212 197 220 185 225 172 228 157 229 142 230 127 138 122 143 115 152 113 162 113 171 116 184 115 193 111 203 110 212 112 217 119 178 127 178 136 178 144 179 154 170 161 175 163 179 164 184 162 188 160 149 131 154 128 161 127 167 131 161 134 154 134 189 130 195 126 202 125 207 128 202 132 196 132 164 182 169 176 174 173 179 174 184 173 190 176 195 182 190 190 185 194 179 195 174 194 169 191 167 182 175 176 179 176 184 176 192 182 184 188 179 189 174 188
130 146 132 160 136 173 141 186 149 198 159 208 169 215 180 217 192 214 203 207 213 197 221 185 227 172 229 157 230 142 231 127 138 122 143 115 152 113 162 113 171 116 184 115 193 111 203 110 212 112 218 118 178 127 178 136 178 145 178 154 170 161 174 163 179 164 184 163 188 161 149 131 154 128 161 127 167 131 161 134 154 134 189 130 195 126 202 125 207 128 203 132 196 132 164 182 168 176 174 173 179 174 184 173 190 176 195 182 190 191 184 195 179 195 174 195 168 191 167 182 174 176 179 177 184 176 192 182 184 189 179 189 174 189
129 148 131 162 135 175 140 188 148 199 158 208 169 216 180 217 192 215 203 207 212 198 220 186 224 173 226 158 227 143 227 129 138 123 143 115 152 113 162 113 171 115 184 114 192 111 202 110 211 112 217 118 178 127 178 136 178 145 179 154 170 161 175 163 179 164 184 162 188 160 148 131 154 128 161 127 167 131 160 134 154 134 189 130 195 126 202 125 207 128 202 132 196 132 164 182 168 176 174 173 179 174 184 173 190 176 195 182 190 191 184 195 179 196 174 195 168 191 167 182 174 176 179 177 184 176 192 182 184 189 179 190 174 189
129 147 132 161 135 175 141 188 149 199 159 209 169 216 180 218 192 216 203 208 212 199 220 187 225 174 228 159 229 144 229 129 138 122 143 115 152 113 162 113 171 116 184 114 193 110 202 109 211 112 217 118 178 127 178 136 178 144 178 153 170 161 174 163 179 164 184 162 188 160 149 131 154 128 161 127 167 132 160 134 154 134 189 130 195 126 202 125 207 128 202 132 196 132 165 183 169 176 174 173 179 174 184 173 190 176 195 183 190 192 185 196 179 196 174 196 169 192 168 183 175 176 179 176 184 176 192 182 184 190 179 191 174 190
129 147 131 161 134 175 140 188 148 200 158 210 168 217 180 219 191 217 202 209 212 199 220 187 226 173 228 158 229 143 230 127 138 122 143 115 152 112 162 113 171 115 184 114 193 110 202 109 211 111 217 117 178 127 178 136 178 144 178 153 170 161 174 163 179 164 184 162 188 160 148 131 154 128 160 127 167 131 160 134 154 134 189 130 195 126 202 125 207 128 202 132 196 132 164 182 168 176 174 173 179 174 184 173 190 176 195 183 191 192 185 196 179 197 174 196 168 192 167 182 174 176 179 177 184 177 192 183 184 190 179 190 174 189
129 147 131 161 134 175 140 188 148 200 158 210 168 218 180 220 191 217 202 209 212 200 220 188 225 174 227 159 228 144 229 128 138 123 143 116 152 113 161 113 171 116 184 114 193 110 202 109 211 111 217 118 177 127 178 136 178 144 178 153 170 161 174 163 179 164 184 162 188 160 149 131 154 128 161 127 167 132 161 134 154 134 189 130 195 126 202 125 207 128 202 131 195 132 164 182 168 176 174 173 179 174 184 173 190 176 195 182 190 192 184 196 179 197 174 196 168 192 167 182 174 176 179 176 184 176 192 182 184 190 179 191 174 190
129 146 131 160 134 174 140 187 149 199 159 209 169 217 180 219 192 216 203 208 213 198 222 186 227 172 230 157 230 141 231 126 138 122 143 115 152 113 162 113 171 116 184 114 193 110 202 109 211 111 217 118 177 127 178 136 178 144 178 154 170 161 174 163 179 164 184 162 188 160 149 131 154 128 161 127 167 131 161 133 154 134 189 130 195 125 202 125 207 128 202 131 195 132 165 182 169 177 174 174 179 175 184 174 190 176 195 182 190 191 185 195 180 196 174 195 169 191 168 182 175 177 179 178 184 177 192 182 184 189 179 190 174 189
130 144 132 158 135 172 141 185 149 197 159 207 169 214 181 217 193 214 203 206 213 196 221 184 226 170 228 155 229 140 229 125 137 122 143 115 152 113 161 113 170 115 184 114 192 110 202 109 211 111 217 117 178 126 178 135 178 144 179 154 171 162 175 164 179 165 184 163 188 161 149 131 154 128 160 127 167 131 160 134 154 134 189 130 195 126 201 125 207 128 202 131 195 132 166 182 170 178 175 176 180 177 184 176 189 178 195 181 190 188 185 191 180 192 176 191 171 189 169 182 176 180 180 181 184 180 192 182 184 185 180 186 176 185
128 144 131 159 134 173 140 186 149 197 159 206 169 214 181 216 192 213 203 206 213 196 220 185 226 171 228 156 229 141 229 126 137 122 143 115 152 113 162 113 171 116 184 114 192 110 202 109 211 111 217 118 178 127 178 136 179 145 179 154 171 162 175 164 180 165 184 163 188 161 149 131 154 128 161 127 167 131 161 134 154 134 189 130 195 126 201 125 207 128 202 132 195 132 167 183 171 179 176 177 180 177 184 176 189 178 194 182 190 188 185 191 181 191 177 191 172 189 170 183 176 180 180 181 184 180 191 182 184 185 180 186 176 185
129 144 132 158 135 172 141 186 149 197 159 207 169 215 181 217 192 215 203 207 213 197 221 185 226 171 229 156 229 141 229 126 138 122 143 115 152 113 162 113 171 115 184 114 193 110 202 109 211 111 217 117 178 126 178 136 179 144 179 154 171 162 175 164 180 165 184 163 188 161 149 131 154 128 161 127 167 131 161 134 154 134 189 130 195 126 201 125 207 127 202 131 195 132 167 183 171 179 176 177 180 178 184 176 189 178 194 183 190 189 185 192 180 193 176 193 171 190 170 183 176 181 180 181 184 180 191 183 184 186 180 187 176 186
129 145 131 159 135 173 141 187 149 199 159 209 169 217 181 219 192 216 203 207 214 198 222 185 227 172 230 156 231 141 231 126 137 123 142 116 151 113 161 113 171 115 183 114 193 110 202 109 211 111 217 118 177 126 178 135 178 144 179 154 171 161 175 163 179 165 184 163 188 161 149 131 154 128 161 127 167 131 161 133 154 134 189 130 195 125 202 125 207 127 202 131 195 131 166 184 170 178 175 175 179 176 184 175 190 177 194 183 190 191 185 195 180 196 175 195 170 192 169 184 175 180 180 180 184 179 191 183 184 188 180 189 175 189
128 146 130 160 134 175 140 188 148 199 158 210 168 218 180 220 192 217 202 208 212 198 220 186 225 172 228 157 229 141 229 126 137 123 142 116 152 113 162 113 171 115 184 114 192 110 202 109 211 111 217 118 177 127 178 135 178 144 178 154 170 161 175 163 179 164 184 162 188 160 149 131 154 128 161 127 167 131 161 133 154 134 189 130 195 126 201 125 206 128 202 131 195 131 165 182 169 176 174 173 179 174 184 173 190 176 194 182 190 192 185 196 179 197 174 196 169 192 168 182 175 177 179 177 184 177 191 182 184 190 179 191 174 190
128 146 130 160 134 174 140 187 148 199 158 209 168 217 180 219 192 216 203 208 213 198 221 186 226 172 228 157 229 141 229 126 137 123 142 116 152 112 161 113 171 115 184 114 192 110 202 109 211 111 217 118 177 126 178 135 178 144 178 153 170 161 174 162 179 164 184 162 188 160 149 131 154 127 160 127 167 131 160 133 154 133 189 130 195 125 201 125 207 128 202 131 195 131 164 181 168 175 174 173 179 174 184 172 190 175 195 181 191 191 185 195 180 196 174 195 168 191 167 181 174 176 179 176 184 176 192 181 184 189 179 190 174 189
129 145 131 159 134 173 140 186 148 197 158 207 168 215 181 217 193 214 204 206 214 196 222 184 226 170 228 155 229 140 229 125 137 123 142 115 151 112 161 113 170 115 183 114 192 110 202 109 211 111 217 118 177 126 178 135 178 144 178 153 170 160 174 162 179 163 184 161 188 160 148 130 153 127 160 127 166 131 160 133 153 133 189 129 194 125 201 125 207 127 202 131 195 131 163 180 168 175 174 172 179 173 184 172 190 174 196 179 191 189 185 193 179 194 174 193 168 189 167 180 174 176 179 176 184 176 193 180 184 187 179 187 174 187
129 143 131 157 134 171 140 184 148 196 158 206 169 213 181 216 193 213 204 204 214 194 221 182 225 168 227 153 227 138 227 124 138 122 143 115 151 112 161 113 170 115 184 114 192 110 202 109 210 111 216 117 177 126 178 135 178 144 178 154 170 161 174 163 179 164 184 162 188 160 148 131 154 128 160 127 166 131 160 133 154 134 189 129 194 125 201 125 206 127 202 131 195 131 164 180 169 176 175 174 179 175 184 173 190 175 195 179 190 187 185 190 180 191 175 190 169 187 167 180 175 178 179 178 184 178 192 180 184 184 180 185 175 184
129 144 131 158 134 172 139 185 148 196 158 206 169 213 181 215 193 212 203 204 214 195 222 183 226 170 228 155 229 139 229 124 137 122 142 114 151 112 161 112 170 115 183 114 192 109 202 108 211 110 217 117 177 126 178 135 178 144 178 154 170 161 174 162 179 164 184 162 188 160 148 130 154 127 160 127 166 130 160 133 154 133 189 129 194 125 201 125 206 127 201 130 195 131 164 180 169 177 174 174 179 176 183 174 189 176 195 180 190 186 184 189 180 189 175 189 169 186 167 180 175 179 179 179 184 179 192 180 184 183 179 183 175 183
128 143 130 157 134 171 140 185 148 196 158 206 169 214 180 216 192 213 203 205 213 195 221 183 226 169 228 154 228 139 229 124 137 121 142 114 151 112 160 112 169 114 184 113 193 109 202 108 211 110 216 117 177 126 178 135 178 144 178 153 170 161 174 162 179 163 183 162 187 160 148 130 154 127 160 127 166 130 160 133 154 133 189 129 194 125 201 124 206 127 201 130 195 131 163 181 168 177 174 174 179 176 183 174 189 176 195 180 190 187 184 190 179 191 174 191 169 188 166 181 174 179 179 179 184 179 192 181 184 184 179 185 174 184
129 144 131 158 134 172 140 186 148 197 158 206 168 214 180 216 191 213 203 206 213 196 222 185 227 171 229 156 230 140 230 125 137 121 142 114 151 112 161 112 170 115 183 113 192 109 202 108 211 110 217 117 177 126 177 135 177 144 177 153 169 161 174 162 178 163 183 162 187 160 148 130 153 127 160 127 166 131 160 133 153 133 189 129 194 125 201 124 207 127 202 130 195 131 163 180 168 176 174 174 179 175 184 173 190 176 196 180 190 188 184 191 179 192 174 191 168 188 166 181 174 178 179 178 184 177 192 181 184 185 179 186 174 185
128 145 129 159 133 173 139 186 147 197 157 207 167 215 180 218 192 215 203 207 213 197 221 184 225 170 226 155 226 140 226 125 137 122 142 115 151 112 161 112 170 114 184 113 192 109 202 108 211 111 216 117 177 126 178 135 178 144 178 153 170 160 174 162 179 163 183 161 188 159 149 130 154 127 160 127 166 131 160 133 154 133 189 129 194 125 201 125 206 127 201 131 195 131 162 181 168 175 174 173 179 174 184 172 190 175 195 181 191 189 185 193 180 193 174 193 168 189 166 181 174 176 179 177 184 176 192 181 184 187 179 188 174 187
128 146 130 160 133 174 139 187 147 199 157 209 167 217 180 219 192 216 202 208 213 198 221 185 225 171 227 156 228 141 228 126 137 122 142 115 151 112 161 112 170 114 184 113 193 109 202 108 211 111 216 117 177 126 178 135 178 144 178 153 170 160 174 162 179 163 183 161 188 160 148 130 153 127 160 127 166 131 160 133 153 133 189 129 194 125 201 124 206 127 202 131 195 131 162 181 168 176 174 173 179 174 184 172 190 175 195 181 191 190 185 194 179 195 174 195 168 191 166 181 174 176 179 176 184 176 192 181 184 188 179 189 174 188
128 147 130 161 133 175 140 188 148 199 157 209 168 217 180 220 192 217 202 209 213 199 221 186 226 172 228 157 229 142 229 127 137 123 142 115 151 112 161 112 170 115 184 114 193 109 202 108 211 111 217 118 177 126 178 135 178 143 178 152 170 160 174 162 179 163 184 162 188 160 148 130 154 127 160 127 166 131 160 133 154 133 189 129 195 125 201 124 207 127 202 131 195 131 163 181 168 175 174 172 179 173 184 172 190 175 195 181 191 191 185 195 180 196 174 196 168 191 166 181 174 176 179 176 184 176 192 181 185 189 179 190 174 189
128 147 129 161 133 175 139 188 148 200 158 210 168 218 180 220 192 217 203 209 213 199 221 186 225 173 228 158 228 142 229 127 137 123 142 115 151 112 161 112 170 115 184 113 192 109 202 108 211 111 216 118 177 126 178 135 178 143 179 152 170 160 175 162 179 163 184 161 188 159 148 131 153 127 160 127 166 131 160 133 153 134 189 129 194 125 201 124 206 127 202 131 195 131 164 182 169 176 175 172 180 173 184 172 191 175 195 181 191 191 185 195 180 196 175 196 169 192 167 182 175 176 180 176 185 176 192 181 185 189 180 190 175 190
129 147 131 161 135 174 140 187 148 199 158 208 168 216 180 218 192 216 203 208 213 198 222 187 227 173 230 158 231 142 231 127 137 122 142 115 151 112 161 113 170 115 183 114 192 110 202 109 211 111 216 118 177 126 177 135 178 144 178 153 170 161 174 162 179 164 184 162 188 160 149 131 154 128 160 128 166 131 160 133 154 133 189 130 194 126 201 126 206 128 201 131 195 131 164 181 169 175 175 173 179 174 184 172 191 175 196 181 191 189 185 193 180 194 175 193 169 189 167 181 175 176 180 176 185 176 193 181 185 187 180 188 175 187
130 145 132 159 135 173 141 186 149 197 159 206 170 213 181 215 193 212 204 205 214 196 221 184 226 171 228 156 228 141 227 127 139 122 143 115 152 112 161 112 170 115 184 114 192 110 201 109 210 111 215 118 177 126 178 135 178 144 178 153 170 160 174 162 179 163 184 162 188 159 150 132 155 131 160 130 166 131 161 133 155 134 189 130 194 129 199 129 205 130 199 132 194 132 163 179 169 176 175 173 180 174 184 173 191 175 197 179 191 185 185 188 180 189 175 188 169 186 167 179 175 177 180 177 184 177 193 179 185 183 180 183 175 183
130 146 131 159 134 173 140 186 149 196 158 205 169 212 181 214 192 212 203 205 213 196 221 184 225 171 227 157 227 142 226 128 139 122 143 115 152 112 161 112 170 115 184 114 192 110 201 109 209 111 214 118 178 127 178 136 179 144 179 153 170 161 175 162 179 164 184 162 188 160 151 133 156 133 161 132 167 132 162 134 156 134 188 131 193 131 199 131 204 131 199 133 193 133 164 179 169 176 175 174 180 175 185 173 191 175 196 179 191 184 186 187 181 187 176 187 170 185 167 179 175 178 180 178 185 177 193 179 185 181 180 182 176 181
129 146 130 160 133 173 139 186 147 197 158 206 169 213 181 215 193 212 203 205 213 196 221 185 226 172 228 157 228 143 227 129 138 122 143 115 152 112 161 112 170 115 184 114 192 110 202 109 210 111 215 117 177 127 178 136 178 144 179 153 170 161 175 163 179 164 184 162 188 160 150 133 155 132 160 132 166 131 161 134 155 134 189 130 194 130 199 130 205 130 199 132 194 132 164 180 169 176 175 174 180 175 185 174 191 175 197 179 191 185 186 188 181 189 176 188 170 186 167 180 175 178 180 178 185 178 193 179 185 182 181 183 176 182
128 146 130 160 134 174 140 187 148 198 159 207 170 214 181 216 193 213 203 206 214 197 221 185 226 172 228 157 228 142 228 127 137 123 142 115 151 112 161 113 170 116 183 114 192 110 202 109 211 111 216 118 177 126 178 136 179 144 179 154 170 161 175 163 180 164 184 162 189 160 149 132 154 131 159 130 166 131 160 133 154 134 189 130 194 129 200 129 205 130 200 132 194 132 164 181 170 176 176 174 181 175 186 173 191 175 197 179 192 186 187 190 181 191 176 190 170 187 168 181 176 177 181 178 186 177 194 179 186 184 181 185 176 184
129 146 131 160 135 174 140 187 149 198 159 207 170 214 182 216 193 213 203 205 213 196 221 184 225 170 227 156 227 141 227 127 138 123 143 115 152 113 162 113 171 116 183 115 192 110 202 109 210 111 216 118 177 127 178 136 179 144 179 154 171 162 175 163 180 164 184 163 188 160 149 132 154 130 160 129 166 131 160 133 154 134 189 130 194 128 200 127 206 129 201 131 195 132 164 182 170 177 175 174 180 175 185 174 191 176 197 180 192 187 186 191 181 193 176 192 170 189 168 182 176 178 180 178 185 177 193 180 186 186 181 187 176 186
129 145 130 159 134 173 140 186 148 197 159 207 169 214 181 216 193 213 203 205 213 196 221 184 226 171 228 156 228 141 228 126 137 123 142 115 151 113 161 113 170 116 183 114 192 110 202 109 211 111 216 118 177 126 178 136 178 145 179 154 170 162 175 164 179 165 184 163 188 161 149 131 154 129 160 128 166 131 160 133 154 134 189 130 194 127 200 127 206 129 201 131 195 132 164 182 169 177 175 175 180 176 185 174 191 176 196 181 191 189 186 193 181 194 175 193 170 189 168 182 175 179 180 179 185 178 193 181 185 186 180 187 175 187
129 145 131 159 134 173 140 186 149 197 159 206 170 214 182 216 193 213 204 205 214 196 222 184 227 170 229 155 229 140 229 125 137 122 143 115 151 113 161 113 170 115 184 114 193 110 202 109 211 111 217 117 177 126 178 136 178 145 179 154 170 162 175 163 179 165 184 163 188 161 148 131 154 128 160 128 166 131 160 133 154 134 189 130 194 126 201 126 206 128 201 131 195 131 164 182 169 178 175 175 180 176 184 175 190 177 196 181 191 188 185 192 180 193 175 192 170 189 168 182 175 179 180 180 184 179 193 181 185 186 180 187 175 186
128 145 130 159 133 173 140 186 149 196 159 206 170 213 182 215 193 212 203 204 213 195 221 183 225 169 227 154 227 139 227 125 137 123 142 115 151 113 161 113 170 115 183 114 192 110 202 109 210 111 216 117 177 127 178 136 179 144 179 154 171 162 175 163 180 164 184 163 188 161 148 131 154 128 160 128 166 131 160 133 154 134 189 130 194 126 201 126 206 128 201 131 195 131 164 181 169 177 175 175 180 176 184 174 191 177 196 180 191 188 186 191 181 192 176 192 170 188 167 182 175 179 180 180 185 179 193 181 185 185 180 186 176 185
128 145 130 159 134 173 140 185 149 196 159 205 170 212 182 214 194 211 204 204 214 194 221 182 225 169 226 154 226 140 226 125 137 123 142 115 151 112 161 113 170 115 183 114 192 110 202 109 211 111 216 118 177 126 178 136 178 144 179 154 171 162 175 163 179 165 184 163 188 161 148 131 153 128 160 127 166 131 160 133 153 134 189 130 194 126 201 126 206 128 202 131 195 132 164 181 170 177 175 175 180 176 185 174 191 177 196 180 192 187 186 190 181 191 176 191 170 188 168 181 175 179 180 180 185 179 193 181 185 184 181 185 176 184
128 144 130 158 134 172 140 185 148 196 159 205 170 213 182 215 194 212 204 204 214 194 221 182 225 168 227 154 226 139 226 125 137 122 142 115 151 113 161 113 170 115 183 114 192 110 202 109 211 111 216 118 177 126 178 136 178 144 179 154 170 162 175 163 179 164 184 163 188 161 148 131 153 128 160 127 166 131 160 133 153 134 189 130 194 126 201 126 206 128 201 131 195 132 164 181 170 177 175 175 180 176 184 175 190 177 196 180 191 187 186 190 181 191 176 190 170 187 167 181 175 180 180 180 185 179 193 180 185 184 180 184 176 184
129 144 131 158 134 172 140 185 148 196 158 206 170 213 182 215 193 212 204 204 214 195 221 183 226 170 228 155 228 140 228 126 138 122 143 115 152 112 161 113 170 115 183 114 192 110 201 109 210 111 216 117 177 126 178 136 178 145 179 154 170 162 175 163 179 165 184 163 188 161 148 131 153 128 160 127 166 131 160 133 153 134 189 130 194 126 201 125 206 128 201 131 195 132 164 181 169 177 175 175 180 176 184 174 190 177 196 180 191 188 185 191 180 192 175 191 170 188 168 182 175 180 180 180 184 179 193 181 185 184 180 185 175 184
129 145 131 159 134 173 140 186 148 197 159 206 169 214 181 216 193 213 203 205 213 196 221 184 225 170 227 155 228 140 228 125 138 122 143 115 151 113 161 113 170 116 184 114 192 110 201 109 210 111 216 118 177 127 178 136 178 145 178 154 170 162 174 163 179 165 184 163 188 161 148 131 153 128 160 128 166 131 160 134 153 134 189 130 194 126 201 126 206 128 201 131 195 132 164 182 169 177 175 174 180 175 184 174 191 176 196 181 191 188 185 192 180 193 175 192 169 189 167 182 175 178 180 179 185 178 193 181 185 186 180 187 175 186
129 146 131 160 134 174 140 186 148 197 159 207 169 214 181 216 193 213 204 206 214 196 221 184 226 170 227 155 228 140 227 126 137 123 143 116 151 113 161 114 170 116 184 115 192 111 202 109 210 111 216 118 177 127 178 136 178 145 178 154 170 162 174 163 179 164 184 163 188 161 148 131 153 128 160 128 166 132 160 134 153 134 189 130 194 126 201 125 206 128 201 131 195 132 164 182 169 177 175 174 179 175 184 174 190 176 196 181 191 188 185 192 180 193 175 192 169 189 167 182 175 177 180 178 184 177 193 181 185 186 180 187 175 186
127 146 129 160 133 174 139 187 148 198 159 207 170 214 181 216 192 213 203 205 213 196 221 184 226 170 228 156 228 140 229 126 137 123 142 116 151 113 161 113 170 116 183 115 192 111 202 109 211 111 216 118 177 127 178 136 178 145 179 154 170 162 175 163 179 164 184 163 188 161 148 131 153 128 160 128 166 132 160 134 153 134 189 130 194 126 201 125 206 128 202 132 195 132 164 182 169 177 175 174 180 175 184 174 191 176 196 181 191 189 186 192 180 193 175 192 169 189 168 182 175 177 180 178 184 177 193 181 185 186 180 187 175 186
128 147 130 161 134 174 140 187 149 198 159 207 170 214 182 216 193 213 204 206 214 196 222 185 226 171 228 156 229 141 229 127 137 123 142 116 151 113 161 114 170 116 184 115 192 111 202 109 211 112 216 118 177 127 177 136 178 145 178 154 170 162 174 163 179 165 184 163 188 161 148 131 153 128 160 128 166 132 160 134 153 134 189 131 194 126 201 125 207 128 202 132 195 132 164 182 169 176 175 174 179 175 184 174 190 176 196 181 191 189 185 192 180 193 175 193 169 189 168 182 175 177 180 178 184 177 193 181 185 186 180 187 175 186
129 145 131 159 134 173 140 186 149 197 159 207 170 214 182 216 193 213 204 205 215 195 223 183 227 170 229 155 230 139 229 125 137 123 142 116 151 113 161 114 170 116 183 115 192 111 201 110 210 112 216 118 177 127 177 136 177 145 178 154 170 162 174 164 179 165 183 163 188 161 148 131 153 128 160 128 166 132 160 134 153 134 189 131 194 126 201 126 207 128 202 132 195 132 164 181 169 177 175 174 180 175 184 174 191 176 197 180 192 188 186 192 180 193 175 192 170 189 168 181 175 178 180 178 185 178 194 181 185 186 180 187 175 186
128 145 130 159 134 173 140 186 148 197 159 206 170 213 181 215 193 213 203 205 213 195 221 183 226 170 228 155 228 140 228 126 137 123 142 116 151 113 161 114 170 116 183 115 192 111 202 110 210 112 216 118 177 127 178 136 178 145 178 154 170 162 175 164 179 165 184 163 188 161 148 131 154 128 160 128 167 132 160 134 154 134 189 130 194 126 201 126 206 128 202 132 195 132 165 181 170 177 175 175 180 176 185 174 191 177 196 181 191 188 186 191 181 192 176 191 170 188 168 182 175 179 180 179 185 179 193 181 185 185 180 186 175 185
129 145 131 159 135 173 140 186 149 196 159 206 170 213 181 215 193 213 204 205 214 195 221 184 226 170 228 155 229 141 229 126 137 123 142 116 151 113 161 113 170 116 183 115 192 111 202 110 211 112 217 118 177 127 178 136 178 145 178 154 170 162 174 164 179 165 183 163 188 161 148 131 154 128 160 128 166 132 160 134 153 134 189 130 194 126 201 126 207 128 201 132 195 132 164 182 169 178 175 175 179 176 184 175 190 177 196 181 191 188 185 191 180 192 175 191 170 188 168 182 175 179 180 180 184 179 193 181 185 185 180 186 175 185
129 145 131 159 134 173 140 186 149 197 159 206 170 213 181 215 193 213 203 205 214 196 221 184 226 171 228 156 228 141 228 126 137 123 142 116 151 113 161 113 170 116 184 115 193 111 202 110 211 112 217 119 177 127 178 136 178 145 179 154 170 162 175 164 179 165 184 163 188 161 148 131 153 128 160 128 166 132 160 134 153 134 189 130 194 126 201 126 207 128 202 132 195 132 164 182 170 178 175 176 180 177 184 175 190 177 196 181 191 187 185 190 180 191 175 190 170 188 168 182 175 180 180 180 184 180 193 181 185 184 180 185 175 184
129 146 131 159 135 173 141 186 149 196 159 206 170 213 182 215 193 212 203 205 213 195 221 183 225 170 227 155 227 140 227 125 137 123 142 116 152 113 161 114 170 116 184 115 192 111 202 110 211 112 217 118 178 128 178 136 179 145 179 154 171 162 175 164 180 165 184 163 188 161 148 132 154 128 160 128 167 132 160 134 154 135 189 131 194 126 201 126 207 128 202 132 195 132 164 182 170 178 175 176 180 177 184 175 190 178 196 181 191 188 185 191 181 192 176 191 170 189 168 182 175 180 180 180 184 180 193 181 185 185 180 186 176 185
129 146 131 160 135 174 141 186 149 197 160 206 170 213 182 215 193 212 203 205 213 195 220 184 225 170 227 156 227 141 227 126 137 123 143 116 152 114 162 114 171 117 184 116 192 111 202 110 211 112 217 119 178 128 178 137 179 146 179 155 170 163 175 164 180 166 184 164 188 162 148 132 154 129 160 128 167 132 160 135 154 135 189 131 194 127 201 126 207 129 202 132 195 133 164 182 170 178 175 176 180 177 184 176 190 178 195 182 190 188 185 191 180 192 175 191 170 188 167 182 175 181 180 181 184 180 192 182 185 185 180 185 175 185
129 146 131 160 135 174 141 187 149 197 160 206 170 214 182 215 193 213 203 205 213 196 221 184 225 171 227 156 228 141 227 127 138 124 143 117 152 114 162 115 171 117 184 116 193 112 202 110 211 113 217 119 178 128 179 137 179 146 179 155 171 163 175 165 180 166 184 164 189 162 149 132 154 129 161 129 167 133 161 135 154 135 189 131 195 127 202 127 207 129 202 133 195 133 165 182 170 179 175 176 180 177 184 176 190 178 196 182 191 188 185 191 181 191 176 191 170 188 168 182 175 181 180 181 184 180 193 182 185 184 180 185 176 184
129 146 131 160 135 174 141 187 150 197 160 206 171 213 182 215 193 212 203 205 213 196 221 184 225 170 228 155 228 140 228 125 137 124 143 117 152 114 162 115 171 117 184 116 193 112 202 110 211 112 217 118 178 128 179 137 179 146 180 155 171 163 176 164 180 165 185 164 189 162 149 132 154 129 161 129 167 133 161 135 154 135 189 131 195 127 202 127 207 129 202 133 195 133 165 182 171 178 176 176 180 177 185 176 190 178 196 182 191 188 186 190 181 191 176 191 171 188 169 182 176 180 180 181 185 180 193 182 185 184 181 185 176 184
129 146 131 160 135 173 141 186 150 196 160 205 171 213 182 215 193 212 203 204 213 195 220 184 225 171 226 156 226 141 226 126 138 124 143 117 152 114 162 114 171 117 185 116 193 112 203 111 211 112 217 119 178 128 179 137 179 146 180 155 172 163 176 164 180 165 185 164 189 162 149 132 154 129 161 129 167 133 161 135 154 135 190 131 195 127 202 127 207 129 202 133 196 133 165 182 171 178 176 176 181 177 185 176 191 178 196 182 191 188 186 190 181 191 176 190 171 187 169 182 176 180 181 180 185 180 193 182 185 184 181 185 176 184
129 146 132 160 135 174 141 186 150 197 160 206 171 213 182 214 194 212 204 204 214 195 221 184 225 170 227 156 227 141 227 126 138 124 143 117 153 114 162 115 172 117 184 116 193 112 203 111 211 113 217 119 178 128 179 137 179 145 180 155 172 163 176 164 180 165 185 164 189 162 150 132 155 129 161 129 167 133 161 135 155 135 190 131 195 127 202 127 207 129 203 133 196 133 165 182 171 178 176 176 180 177 185 176 191 177 196 181 191 187 186 189 181 190 176 189 171 187 168 182 176 179 181 180 185 179 193 181 185 183 181 184 176 183
129 146 132 160 135 174 141 186 150 197 160 206 171 213 183 215 194 212 204 204 214 195 221 184 226 170 227 155 228 141 228 126 138 124 144 117 153 114 162 115 171 117 185 116 193 112 203 111 211 113 217 119 179 128 179 137 180 145 180 155 172 163 176 164 180 165 185 164 189 162 150 132 155 129 161 129 167 132 162 135 155 135 190 131 195 127 202 127 207 129 202 133 196 133 165 181 171 178 176 176 181 177 185 175 191 177 196 181 191 186 186 189 181 189 176 189 171 187 168 181 176 179 181 180 185 179 193 181 185 183 181 184 176 183
129 146 131 160 134 174 141 187 149 197 160 206 171 213 182 215 194 212 204 205 214 196 222 185 226 171 229 157 230 142 230 127 138 123 143 117 153 114 162 115 171 117 185 116 193 112 203 111 212 113 218 119 178 128 179 137 179 146 180 155 172 163 176 164 180 165 185 164 189 162 150 132 155 129 161 129 167 132 161 135 155 135 190 131 195 127 202 127 207 129 203 133 196 133 165 182 170 178 176 176 180 177 185 175 191 177 196 181 191 186 186 189 181 190 176 189 171 187 168 182 176 180 180 180 185 179 193 181 185 183 181 184 176 183
129 146 132 160 135 173 141 186 150 197 160 205 171 212 182 214 193 211 204 204 214 195 222 184 226 170 229 156 229 141 230 126 138 123 143 117 152 114 162 114 171 117 184 116 193 112 202 111 211 113 218 119 178 128 179 137 179 146 179 155 171 163 175 164 180 165 184 164 189 162 149 132 154 129 161 129 167 132 161 135 154 135 190 131 195 127 202 126 207 129 202 133 196 133 165 181 170 178 176 176 180 177 185 175 190 177 196 181 191 186 185 188 181 189 176 189 171 187 168 181 176 179 180 180 185 179 193 181 185 183 180 183 176 183
131 146 133 159 136 173 141 186 149 196 160 205 171 212 182 214 193 212 204 205 215 196 223 184 228 171 230 156 231 141 231 127 139 124 144 117 152 114 162 115 171 117 184 116 193 112 203 111 211 113 218 119 178 128 178 137 179 145 179 155 171 162 175 164 180 165 184 164 188 162 150 132 155 129 161 129 167 133 161 135 155 135 190 131 195 127 202 127 207 129 202 133 196 133 165 181 170 178 175 176 180 177 184 175 190 177 196 181 191 186 185 188 181 189 176 188 171 186 168 181 176 179 180 180 185 179 193 181 185 182 180 183 176 182
129 146 131 160 135 173 141 186 149 197 159 205 170 212 182 214 193 212 204 205 214 196 221 184 225 171 228 156 228 141 228 126 138 124 143 117 152 114 162 115 171 117 185 116 193 112 202 111 211 113 217 119 178 128 179 137 179 145 180 154 171 162 176 164 180 165 184 163 188 162 149 132 155 129 161 129 167 132 161 135 154 135 190 131 195 127 201 127 207 129 202 133 196 133 165 181 170 178 176 176 180 177 185 175 190 177 196 181 191 186 186 188 181 189 176 189 171 187 168 181 176 179 180 180 185 179 193 181 185 183 181 183 176 183
129 146 131 160 135 173 141 186 149 197 160 205 171 212 182 214 193 211 204 204 214 195 221 183 225 170 227 156 227 141 227 126 138 124 143 117 152 114 162 115 171 117 184 116 193 112 202 111 211 113 217 119 178 128 179 137 179 145 180 154 171 162 176 164 180 165 184 163 189 162 149 132 154 129 161 129 167 133 161 135 154 135 190 131 195 127 202 127 207 129 202 133 196 133 165 181 170 178 176 176 180 177 185 175 190 177 196 181 191 186 186 188 181 189 176 189 171 187 168 181 176 179 180 180 185 179 193 181 185 183 181 183 176 183
130 146 132 160 135 174 141 186 150 197 160 205 171 212 182 214 193 212 203 204 213 195 220 184 225 171 227 156 227 141 227 127 138 124 143 117 152 114 162 115 171 117 184 116 193 112 202 111 211 113 217 119 178 128 179 137 179 145 180 154 171 162 175 164 180 165 184 164 188 162 149 132 154 129 161 129 167 132 161 135 154 135 189 131 195 127 201 126 207 129 202 133 195 133 165 181 170 178 176 176 180 177 185 175 190 177 196 181 191 186 185 188 181 189 176 188 171 186 168 181 176 179 180 180 185 179 193 181 185 183 180 183 176 183
129 146 131 160 134 174 140 186 149 197 159 205 170 212 182 214 193 212 203 204 214 196 221 185 226 171 228 157 229 142 229 128 138 124 143 117 152 114 161 115 171 117 184 116 193 112 202 111 211 113 217 119 178 128 178 137 179 146 179 155 171 162 175 164 180 165 184 164 188 162 149 132 154 129 161 129 167 133 161 135 154 135 190 131 195 127 202 127 207 129 202 133 195 133 165 181 170 178 175 176 180 177 184 175 190 177 196 181 191 186 185 188 181 188 176 188 171 186 168 181 175 179 180 180 185 179 193 181 185 183 180 183 176 183
130 145 132 158 136 172 141 185 149 196 159 204 170 212 182 214 193 211 204 204 214 195 222 184 226 170 229 155 229 140 230 125 138 124 143 117 152 114 162 115 171 117 184 116 193 112 202 111 211 113 217 119 178 128 178 137 178 146 179 155 171 162 175 164 180 165 184 164 188 162 149 132 154 129 161 129 167 132 161 135 154 135 189 131 195 127 201 127 207 129 202 133 195 133 165 181 170 177 175 175 180 177 184 175 190 177 196 181 190 186 185 188 180 189 175 188 170 186 168 181 175 179 180 180 184 179 193 181 185 183 180 183 175 183
130 145 132 159 136 172 141 185 149 196 159 205 170 212 182 214 193 211 204 204 214 195 222 184 226 171 229 156 229 141 229 126 138 124 143 117 152 114 162 114 171 117 184 116 193 112 202 111 211 113 217 119 178 128 178 137 178 145 179 155 171 162 175 164 179 165 184 163 188 162 149 132 154 129 161 129 167 132 161 135 154 135 189 131 195 127 201 127 207 129 202 133 195 133 165 181 170 177 175 175 180 177 184 175 190 177 196 181 190 186 185 188 180 189 175 188 170 186 168 181 175 179 180 180 184 179 193 181 185 182 180 183 175 182
130 145 132 159 136 172 141 185 149 196 160 205 170 212 182 214 193 212 204 204 214 195 222 184 227 170 229 155 229 140 230 125 138 124 143 117 152 114 162 115 171 117 184 116 193 112 202 111 211 113 217 119 178 128 178 137 178 145 179 155 171 162 175 164 180 165 184 164 188 162 149 132 154 129 161 129 167 132 161 135 154 135 189 131 195 127 201 126 207 129 202 133 195 133 165 181 170 177 175 175 180 176 184 175 190 177 196 181 190 186 185 188 180 189 176 188 170 186 168 181 175 179 180 180 184 179 193 181 185 182 180 183 176 182
130 145 132 159 136 173 141 185 150 196 160 205 170 212 182 214 193 211 204 203 214 194 221 183 226 169 228 155 228 140 229 125 138 123 143 117 152 114 162 114 171 117 184 116 193 112 202 111 211 113 217 119 178 128 178 137 178 145 179 154 171 162 175 164 179 165 184 163 188 161 149 132 154 129 161 128 167 132 161 135 154 135 189 131 195 127 201 126 207 129 202 133 195 133 165 181 170 177 175 175 180 176 184 175 190 177 196 181 190 186 185 188 180 189 176 188 171 186 168 181 175 179 180 179 184 179 193 180 185 182 180 183 175 183
130 146 132 159 135 173 141 186 149 197 160 205 170 212 182 214 193 211 203 204 213 195 221 184 226 170 228 155 228 140 228 126 138 123 143 116 152 114 162 114 171 117 184 116 193 112 202 111 211 113 217 119 178 128 178 137 178 145 179 154 171 162 175 164 179 165 184 163 188 161 149 132 154 129 160 129 167 132 161 135 154 135 189 131 195 127 201 126 207 129 202 133 195 133 164 181 170 177 175 175 180 176 184 175 190 177 196 181 190 186 185 188 180 189 176 188 170 186 167 181 175 179 180 179 184 179 193 180 185 182 180 183 175 182
130 146 132 160 135 173 141 186 149 196 160 205 171 212 182 213 193 211 204 204 214 195 221 184 226 170 228 156 228 141 228 127 138 124 143 117 152 114 161 115 170 117 184 116 193 112 202 111 211 113 217 119 177 128 178 137 178 146 179 155 171 162 175 164 179 165 184 163 188 162 148 132 153 129 160 129 166 133 160 135 153 135 189 131 195 127 201 126 207 129 202 133 195 133 164 181 170 178 175 176 180 177 184 175 190 177 196 180 190 185 185 187 180 188 175 188 170 186 167 181 175 179 180 180 184 179 193 180 184 182 180 183 175 182
