133 157 136 173 140 188 147 202 157 214 168 225 179 233 190 236 202 233 213 224 224 214 234 201 241 186 244 170 245 153 246 137 144 133 151 125 161 122 172 123 182 126 195 125 206 120 216 119 226 122 232 130 189 138 189 148 189 157 190 167 180 176 185 178 190 179 195 177 200 175 157 142 163 139 170 138 177 143 170 145 163 145 201 142 208 137 215 137 221 140 216 144 208 144 174 198 179 192 186 189 190 190 195 189 202 192 206 198 202 206 196 210 190 210 185 210 180 206 178 198 186 193 190 194 195 193 203 198 195 203 190 203 185 202
133 157 135 172 139 188 147 202 156 214 167 224 178 233 190 236 202 233 214 225 225 214 235 202 241 187 245 171 246 154 247 137 145 132 151 125 161 122 172 122 182 125 196 125 205 120 216 119 226 122 232 129 189 138 189 148 189 157 190 167 180 176 185 178 190 179 195 177 200 175 157 142 163 139 170 138 177 142 170 145 163 145 201 141 208 137 215 137 221 140 216 144 208 144 174 198 179 192 185 189 190 190 195 189 202 192 207 198 202 206 196 209 190 210 185 209 179 206 178 198 185 193 190 194 195 193 203 198 195 202 190 203 185 202
133 157 136 173 140 188 147 202 157 214 168 225 178 234 190 236 202 233 214 225 226 215 236 202 243 188 247 171 248 154 249 137 144 133 150 125 160 122 172 122 182 126 195 125 205 121 216 120 226 122 232 129 189 138 189 148 189 157 189 167 180 176 185 178 190 179 195 177 200 175 157 142 163 138 170 138 177 142 170 145 163 145 201 141 208 137 215 137 221 140 216 144 208 144 174 198 179 192 185 189 190 190 195 189 202 192 207 198 202 206 196 209 190 210 185 209 179 206 178 198 185 193 190 193 195 193 204 198 195 202 190 203 185 202
133 157 135 173 140 188 147 202 157 214 168 225 179 233 191 236 203 233 214 225 226 214 235 202 241 187 245 171 247 154 248 137 144 133 150 125 161 122 172 122 182 126 196 125 206 121 216 120 226 123 232 130 189 138 189 148 189 157 190 167 180 176 185 178 190 179 195 177 200 175 157 142 163 139 170 138 177 143 170 145 163 145 201 142 208 137 215 137 221 140 216 144 208 144 174 198 179 192 185 189 190 190 195 189 202 192 207 198 202 206 196 209 190 210 185 209 179 206 178 198 185 193 190 194 195 193 203 198 195 202 190 203 185 202
133 157 135 172 139 188 147 202 156 214 167 225 178 234 190 236 203 233 214 225 226 214 235 202 242 187 246 170 247 154 248 137 144 133 150 125 161 122 172 122 182 126 195 125 205 121 216 119 226 122 232 129 189 138 189 148 189 157 189 167 180 176 185 178 190 179 195 177 200 175 157 142 163 139 170 138 177 142 170 145 163 145 201 141 208 137 215 137 221 140 216 144 208 144 174 198 179 192 185 189 190 190 195 189 202 192 207 198 202 206 196 209 190 210 185 209 179 206 178 198 185 193 190 193 196 193 203 198 195 202 190 203 185 202
133 156 135 172 139 188 147 202 156 214 167 225 178 233 190 236 203 233 214 225 226 215 235 202 242 187 245 170 246 153 247 137 144 133 150 125 160 122 171 123 182 126 195 125 205 121 216 119 226 122 232 130 189 138 189 148 189 157 189 167 180 176 185 178 190 179 195 177 200 175 157 142 163 139 170 138 177 143 170 146 163 146 201 142 208 137 215 137 221 140 216 144 208 144 174 198 179 192 185 189 190 190 195 189 202 192 207 198 202 206 196 210 190 210 185 210 179 206 178 198 185 193 190 194 195 193 203 198 195 202 190 203 185 202
133 158 136 174 140 189 147 203 156 215 167 225 178 233 190 236 203 233 214 225 225 215 234 203 240 188 242 171 244 154 245 138 144 133 150 125 160 122 171 122 182 126 195 125 205 121 216 119 226 122 232 130 189 138 189 147 189 157 190 167 180 175 185 177 190 178 195 177 200 175 156 142 163 139 170 138 177 143 170 145 162 145 201 142 208 137 215 137 221 140 216 144 208 144 174 198 179 192 185 189 190 190 196 189 202 192 207 198 202 206 196 209 190 209 184 209 179 205 178 198 185 193 190 193 196 193 203 198 195 202 190 203 184 202
134 157 137 173 141 189 147 203 156 215 167 225 178 233 190 236 202 233 213 225 225 215 234 203 240 188 243 171 244 154 245 137 144 133 150 125 160 122 171 123 182 126 195 125 205 121 216 120 226 122 232 130 189 138 189 147 189 157 189 167 180 175 185 177 190 178 195 177 200 175 156 142 163 139 170 138 177 143 170 145 163 145 201 142 208 137 215 137 221 140 216 144 208 144 173 198 179 192 185 189 190 190 195 189 202 192 207 198 202 206 196 209 190 210 184 209 179 206 177 197 185 193 190 193 195 193 204 198 195 202 190 203 184 202
133 157 136 173 140 188 146 202 156 215 166 225 177 233 190 236 201 233 212 225 223 214 232 201 238 187 241 170 242 153 243 137 144 134 150 125 160 122 171 123 182 126 195 125 205 121 216 119 226 122 232 130 189 138 189 148 189 157 189 167 180 176 185 178 190 179 195 177 200 175 156 142 162 139 170 139 177 143 170 146 162 146 201 142 207 137 215 137 221 140 216 144 208 144 173 198 179 192 185 189 190 190 195 189 202 192 207 198 202 206 196 209 190 210 184 209 179 206 177 197 185 193 190 193 195 193 203 198 195 203 190 203 184 202
133 158 136 173 139 189 146 203 156 215 167 225 178 234 190 236 202 233 213 225 223 214 232 202 238 187 240 171 241 154 242 138 143 134 149 126 160 122 171 123 182 126 195 125 205 121 216 120 226 123 231 131 189 138 189 148 189 157 190 167 180 176 185 178 190 179 195 177 200 175 156 142 162 139 170 139 177 143 170 146 162 146 201 142 207 138 215 137 221 140 215 144 208 144 173 197 178 192 184 189 190 190 195 189 201 192 207 197 202 206 196 209 190 210 184 209 178 205 176 197 185 193 190 193 195 193 203 197 195 202 190 203 184 202
133 158 135 174 139 189 145 203 155 215 166 225 177 233 189 236 201 233 213 225 224 215 233 202 238 187 240 170 241 154 242 137 143 134 150 126 160 122 171 123 182 126 195 126 205 121 216 120 226 123 231 131 189 138 189 148 189 157 189 167 180 176 185 177 190 179 195 177 200 175 156 142 162 139 170 139 176 143 170 146 162 146 201 142 207 137 215 137 221 140 215 144 208 144 172 197 178 192 184 189 189 190 195 189 201 192 207 197 202 206 196 209 189 210 184 209 178 205 176 197 184 193 190 193 195 193 204 197 195 203 189 203 184 202
132 158 134 174 138 190 146 204 155 216 166 227 177 235 190 237 202 234 213 226 224 215 233 202 238 187 240 170 240 154 241 138 144 134 150 126 160 123 171 123 182 126 196 126 205 121 216 120 226 123 231 131 189 138 189 148 190 157 190 167 180 176 185 177 190 179 195 177 200 175 156 143 162 139 170 139 176 143 170 146 162 146 201 142 207 138 215 137 221 140 215 144 208 144 172 197 178 192 184 189 190 190 195 189 201 192 206 197 201 206 196 210 190 211 184 210 177 206 175 197 184 193 190 193 195 193 203 197 195 204 190 205 184 204
132 158 134 174 137 190 145 204 154 217 165 227 177 235 189 238 202 235 213 226 224 215 232 202 238 187 240 170 240 154 241 138 143 134 149 126 160 122 171 123 182 126 195 126 205 121 216 120 226 123 231 131 189 138 189 148 190 157 190 167 180 175 185 177 190 178 195 177 200 175 156 142 162 139 170 139 176 143 170 145 162 145 201 142 207 137 215 137 220 140 215 144 208 144 171 197 177 191 184 189 189 190 195 189 201 192 206 198 201 207 195 211 189 212 183 211 177 207 175 197 184 192 189 193 195 193 203 198 195 204 189 205 184 204
132 158 134 174 138 190 145 204 154 217 165 228 176 236 189 239 202 236 214 226 224 215 233 202 238 187 240 170 240 154 241 138 143 133 149 126 160 122 171 123 182 126 195 126 205 122 215 120 225 123 231 131 189 138 189 148 189 158 190 168 180 176 185 178 190 179 195 178 200 176 156 142 162 139 169 139 176 143 169 146 162 146 201 142 207 138 214 138 220 141 215 144 208 145 172 198 177 192 184 189 189 191 195 189 201 192 206 198 201 208 195 212 189 213 183 212 177 208 175 198 184 193 189 194 195 193 202 199 195 205 189 206 184 205
132 158 134 174 138 189 145 204 154 216 165 227 176 236 189 239 201 236 213 227 223 216 232 203 238 188 240 171 240 155 241 139 143 134 149 126 160 122 171 123 182 127 195 126 204 122 215 120 225 123 231 131 189 139 189 148 189 158 189 168 179 176 184 178 190 180 195 178 200 176 156 143 162 139 169 139 176 143 169 146 162 146 201 143 207 138 215 138 220 141 215 145 208 145 172 198 177 192 184 190 189 191 195 190 201 193 206 199 201 208 195 212 189 213 183 212 177 208 175 198 184 193 189 194 195 194 203 199 195 205 189 206 183 205
134 157 136 173 140 189 147 203 156 215 167 226 178 235 190 237 202 234 213 226 224 215 233 202 239 187 242 171 243 154 244 138 144 133 150 125 161 122 172 123 182 127 195 126 205 122 216 120 226 123 231 131 189 139 189 148 190 158 190 168 180 177 185 179 190 180 195 178 200 176 156 142 162 139 170 139 176 143 170 145 162 146 201 142 207 138 215 138 221 140 215 144 208 144 174 199 179 194 185 191 190 193 195 191 201 194 207 198 201 206 196 210 190 210 185 210 179 206 178 199 185 196 190 197 195 196 203 199 195 202 190 203 185 202
133 155 135 171 139 187 146 201 156 214 167 225 178 234 191 237 203 233 214 224 224 213 232 200 238 185 240 169 241 152 241 135 144 132 150 124 160 122 171 123 182 126 196 125 205 121 216 120 225 123 231 130 189 138 189 148 190 158 190 168 181 177 185 179 190 180 195 178 200 176 156 142 162 139 170 139 177 143 170 145 162 146 201 142 207 138 215 138 221 140 215 144 208 144 175 200 181 195 186 193 191 194 196 192 202 195 207 199 202 205 197 208 191 209 186 208 181 206 179 200 186 198 191 198 196 198 203 199 196 201 191 202 186 201
133 158 135 173 139 189 146 203 156 216 167 226 179 235 191 237 203 234 214 225 224 215 233 202 238 187 240 171 241 154 241 138 144 132 150 125 160 122 171 122 182 126 196 125 205 121 216 120 226 123 231 130 189 138 189 148 190 158 190 168 181 178 186 180 191 181 195 179 200 177 156 142 162 139 170 139 176 143 170 145 162 145 201 142 208 138 215 137 221 140 216 144 208 144 175 201 181 196 186 193 191 194 196 193 202 196 207 200 202 206 196 209 191 210 186 209 181 206 179 201 186 199 191 199 196 199 203 200 196 201 191 202 186 201
133 157 135 173 139 189 146 203 156 216 167 226 178 235 190 237 202 234 213 226 224 215 233 202 238 187 241 171 241 154 242 138 144 132 151 125 161 122 172 122 182 126 196 125 206 121 216 120 226 123 231 130 189 138 190 148 190 158 190 168 181 177 186 179 191 180 196 179 200 177 157 142 163 139 170 138 177 143 170 145 163 145 201 142 208 138 215 137 221 140 215 144 208 144 176 201 181 196 186 193 191 194 196 193 202 196 206 200 202 207 196 209 191 210 186 209 181 206 179 201 187 198 191 199 196 198 203 200 196 202 191 203 187 202
133 157 136 173 139 189 146 204 156 217 167 227 178 236 191 239 203 235 214 226 225 215 233 201 238 186 240 170 241 154 241 138 144 133 150 125 161 122 172 122 183 126 196 126 205 121 216 120 226 122 232 130 189 138 190 148 190 157 191 168 181 177 186 179 191 180 195 179 200 177 157 142 163 139 170 139 177 143 170 145 162 146 201 142 208 138 215 137 221 140 216 144 208 144 175 201 180 196 186 194 191 195 195 193 201 196 206 200 201 207 196 210 191 211 186 211 181 207 179 201 186 199 191 199 195 199 203 200 195 203 191 204 186 203
132 158 134 174 138 190 145 205 155 217 166 227 178 236 190 239 202 236 213 227 224 216 233 203 238 188 241 172 242 155 242 138 144 133 150 125 161 122 172 122 182 126 196 125 205 121 216 120 226 123 232 130 189 138 190 148 190 158 190 168 181 177 186 179 191 180 195 178 200 176 156 142 163 139 170 138 177 143 170 145 162 145 201 142 208 138 215 137 221 140 216 144 208 144 174 200 179 195 185 192 190 193 195 192 201 195 206 200 201 209 196 212 190 213 185 212 179 208 178 200 186 197 190 197 195 197 203 200 195 205 190 205 185 204
132 158 134 174 138 191 145 205 155 218 166 228 177 237 190 239 202 236 213 227 225 216 233 203 239 188 241 171 242 154 242 138 144 133 150 125 161 122 172 123 182 126 196 126 206 121 216 120 226 123 231 130 189 138 190 148 190 158 190 168 180 176 185 178 191 180 196 178 200 176 156 142 162 139 170 139 176 143 170 145 162 145 201 142 208 138 215 137 221 140 216 144 208 144 174 199 179 193 185 190 190 192 195 190 201 193 206 199 201 209 196 213 190 213 184 212 179 208 177 199 185 195 190 195 195 195 202 199 195 205 190 206 185 205
132 159 134 175 138 191 145 206 155 218 166 228 178 236 190 239 202 236 213 227 224 216 233 203 239 188 240 171 241 154 241 138 144 134 150 126 161 122 172 123 183 126 195 126 205 121 216 120 226 123 232 131 189 138 190 148 190 158 190 168 180 176 185 178 190 179 196 178 200 175 156 142 163 139 170 139 177 143 170 145 162 146 201 142 208 138 215 137 221 140 216 144 208 144 173 198 178 192 184 189 190 190 195 189 202 192 206 199 202 208 196 211 190 212 184 211 178 207 177 198 185 193 190 194 195 193 203 199 195 204 190 205 184 204
132 158 134 174 139 189 146 203 156 215 167 226 178 235 190 238 202 235 214 227 225 216 236 204 243 189 246 172 247 155 248 138 145 133 151 125 161 122 172 122 183 126 196 125 206 120 216 119 226 122 232 129 189 138 190 148 190 157 190 167 180 175 185 178 190 179 196 177 200 175 157 142 163 139 171 138 177 142 171 145 163 145 202 141 208 137 215 137 221 140 216 144 208 144 174 197 179 191 185 188 190 190 195 189 202 192 207 198 202 208 196 212 190 213 184 212 178 207 177 197 185 192 190 193 195 192 204 198 195 205 190 205 185 204
132 156 134 172 139 188 146 202 156 215 167 226 179 234 191 237 204 234 215 225 226 214 236 202 242 187 246 170 247 153 248 136 145 132 151 125 161 122 172 122 182 125 196 125 206 120 216 119 226 122 232 129 189 138 189 148 190 157 190 167 180 176 185 178 190 180 196 178 201 175 157 142 163 139 170 138 177 142 170 145 163 145 202 141 208 137 215 137 221 139 216 143 208 143 174 197 179 192 185 189 190 190 196 189 202 192 208 197 202 207 196 211 190 212 185 211 179 207 177 197 185 193 190 194 196 193 204 197 196 203 190 204 185 203
132 157 134 173 139 188 146 202 156 214 167 224 179 233 192 235 204 232 215 224 226 213 235 201 241 186 244 170 246 153 246 137 144 132 151 124 161 122 172 122 182 125 196 125 206 120 216 119 226 121 232 129 189 137 190 148 190 157 191 168 181 176 186 178 191 180 196 178 200 176 157 141 163 138 170 138 177 142 170 145 163 145 202 141 208 137 215 137 221 139 216 143 208 143 173 197 179 194 186 192 190 193 195 191 201 194 208 197 202 204 196 207 191 208 186 207 180 204 177 197 186 196 190 197 195 196 204 198 195 200 191 201 186 200
132 157 134 173 138 189 145 202 156 214 168 224 180 232 192 235 204 231 215 222 226 212 235 199 240 185 243 169 244 153 244 137 144 132 150 125 160 122 171 122 182 125 196 124 206 120 216 119 226 121 232 129 189 137 190 147 190 157 191 168 181 176 186 178 191 180 195 178 200 176 157 142 163 139 170 138 177 142 170 145 163 145 201 141 207 137 215 137 221 139 215 143 208 143 173 197 180 194 186 192 190 194 195 192 201 194 207 197 202 204 196 206 191 207 186 206 180 204 177 197 186 196 191 197 195 196 204 198 195 200 191 200 186 200
132 156 134 172 138 187 146 201 156 214 167 225 179 234 191 236 204 233 215 224 226 213 235 200 242 185 245 168 246 152 247 135 144 132 150 125 160 122 171 122 181 125 196 124 205 120 216 119 226 121 231 128 189 137 189 148 190 157 190 168 180 177 185 179 190 181 195 179 199 176 156 141 162 138 170 138 176 142 170 145 162 145 201 141 207 137 215 136 221 139 215 143 208 143 172 198 179 195 185 193 190 194 195 192 201 195 207 198 201 206 195 209 190 209 185 209 179 206 176 198 185 198 190 198 195 198 204 199 195 201 190 202 185 201
132 158 134 174 138 190 145 204 155 216 167 226 178 235 190 238 202 235 213 226 225 215 235 202 241 188 245 171 245 154 246 138 144 133 150 125 160 122 171 122 182 126 195 125 205 120 215 119 225 122 231 129 189 138 189 147 190 157 190 168 181 176 185 178 190 180 195 178 200 176 156 142 162 138 170 138 176 142 170 145 162 145 201 141 207 137 215 137 221 140 215 143 208 143 173 199 179 194 185 191 190 192 195 191 202 194 207 199 202 208 196 212 190 212 185 212 178 208 176 199 185 196 190 197 195 196 203 199 195 204 190 205 185 204
131 158 133 174 138 190 145 204 155 216 167 227 178 236 190 239 202 236 213 226 225 216 235 203 242 188 245 172 246 155 247 139 144 133 150 125 161 122 172 122 182 125 195 125 205 120 216 119 226 122 232 129 189 138 189 147 190 157 190 167 180 176 185 178 190 179 195 178 200 175 156 142 162 138 170 138 176 142 170 145 162 145 201 141 207 137 215 136 221 140 215 143 208 143 172 198 178 192 185 189 190 191 195 189 202 192 207 198 202 208 196 213 190 214 184 213 178 208 176 198 185 193 190 194 195 193 203 198 195 205 190 206 184 205
131 158 133 174 137 191 145 205 155 217 166 228 178 237 190 239 203 236 214 226 226 215 236 202 242 187 245 170 246 154 246 137 144 133 150 125 160 121 171 122 182 125 195 124 205 120 216 118 225 121 231 128 189 138 189 147 189 157 190 167 180 175 185 177 190 179 195 177 200 175 156 142 162 138 170 138 176 142 170 145 162 145 201 141 207 137 215 136 220 139 215 143 208 143 172 197 178 192 185 189 190 190 196 188 202 191 207 197 202 208 196 213 190 214 184 213 178 208 176 197 185 192 190 193 196 192 203 198 196 206 190 207 185 206
132 157 133 174 137 190 144 204 154 217 166 228 177 237 190 240 202 236 214 227 226 216 235 202 242 187 245 171 246 153 247 137 144 133 150 125 160 121 171 122 182 125 195 124 205 120 216 119 225 121 231 129 189 137 189 147 189 156 190 166 180 175 185 177 190 179 195 177 200 175 156 142 162 138 169 138 176 142 169 145 162 145 201 141 207 136 215 136 221 139 215 143 208 143 172 198 177 191 185 188 190 189 195 188 202 191 206 198 202 208 196 213 190 214 184 213 177 208 176 197 185 192 190 193 195 192 203 198 195 206 190 207 184 206
132 158 134 175 138 191 145 205 155 218 166 229 177 237 190 240 203 237 214 227 226 216 235 202 241 187 244 171 245 154 246 137 144 133 150 125 160 121 171 122 182 125 195 124 205 120 216 118 226 122 232 129 189 137 189 147 189 157 189 167 180 175 185 177 190 178 195 177 200 174 156 142 162 138 170 138 176 142 170 144 162 145 201 141 207 136 215 136 221 139 215 143 208 143 172 198 178 191 184 188 190 189 195 188 202 191 207 197 202 208 196 213 190 214 184 213 177 208 176 197 184 192 190 192 195 192 203 197 195 206 190 207 184 206
132 158 134 175 138 191 146 205 156 217 167 228 178 237 190 239 203 236 215 226 226 215 235 201 241 186 244 169 245 152 246 136 143 133 149 125 160 121 171 121 182 125 195 124 205 119 216 118 226 121 231 129 189 137 189 147 190 156 190 166 180 175 185 177 190 178 195 176 200 174 156 141 162 138 170 138 176 142 169 144 162 145 201 141 207 136 215 136 221 139 215 143 208 143 172 197 178 190 185 187 190 189 196 187 202 190 207 197 202 208 196 213 190 214 184 213 177 208 176 197 185 191 190 192 196 191 203 197 196 206 190 207 184 206
132 160 134 176 138 192 145 206 155 217 167 228 178 236 191 239 204 236 215 226 226 215 235 203 241 188 244 171 245 155 246 138 144 133 150 125 160 121 171 122 181 125 195 124 205 119 216 118 226 121 231 129 189 137 189 147 190 156 190 166 180 174 185 176 190 178 195 176 200 174 156 142 162 138 169 137 176 142 170 144 162 145 201 141 207 136 215 136 221 139 215 143 208 143 173 197 178 190 185 187 190 189 196 187 202 190 207 197 202 207 196 212 190 213 184 212 178 207 176 197 185 191 190 191 196 191 203 197 196 205 190 206 184 205
132 158 134 174 138 190 146 204 156 216 167 227 179 236 191 238 203 235 215 226 227 215 237 203 243 188 246 171 247 154 247 138 144 133 149 125 160 121 171 121 182 125 195 124 205 119 216 118 226 121 232 129 189 137 189 147 189 156 190 166 180 175 185 177 190 178 195 176 200 174 157 141 162 138 170 138 176 142 170 144 162 145 201 140 207 136 215 136 221 139 215 142 208 143 173 196 178 190 185 187 190 188 195 187 202 190 207 196 202 206 196 211 190 212 184 211 178 207 176 196 185 191 190 191 195 191 204 196 195 204 190 205 184 204
133 158 134 174 138 190 146 203 156 215 167 226 178 234 191 237 203 234 215 225 226 214 235 201 241 187 244 170 245 154 246 137 144 133 149 125 159 121 171 121 181 125 195 124 205 119 216 118 226 121 232 129 189 137 189 147 189 156 190 166 180 174 185 176 190 178 195 176 200 174 157 141 163 138 170 138 176 142 170 144 163 144 201 140 207 136 215 136 221 139 215 142 208 142 172 195 178 190 184 187 190 188 195 187 202 190 208 196 203 205 196 210 190 211 184 210 178 205 176 195 185 191 190 191 196 191 204 196 196 203 190 204 184 203
133 158 134 174 139 189 146 203 156 216 167 226 179 235 191 237 204 234 216 225 228 215 237 202 243 187 246 171 247 154 247 138 144 134 149 125 160 122 171 122 182 125 195 124 205 120 216 118 226 121 232 129 189 137 189 147 189 157 189 167 180 175 185 177 190 178 195 176 200 174 156 141 163 138 170 138 177 142 170 144 163 144 201 141 207 136 215 136 221 139 215 142 208 143 173 196 178 190 185 187 190 188 196 187 203 189 208 196 203 205 196 209 190 211 184 210 178 205 176 196 185 191 190 191 196 190 205 196 196 203 190 204 184 203
133 157 135 173 139 188 146 202 156 214 167 225 178 234 191 236 204 233 215 224 227 214 236 201 242 186 245 169 246 153 247 136 144 133 150 125 160 121 171 122 182 125 195 124 206 120 217 118 226 121 232 129 189 137 189 147 189 157 190 167 180 175 185 177 190 178 196 176 200 174 156 141 163 138 170 138 177 142 170 144 163 145 201 141 207 136 215 136 221 139 216 143 208 143 174 196 179 190 185 187 190 188 196 187 202 189 208 196 203 205 196 210 190 211 184 210 179 205 177 196 185 191 190 191 196 191 204 196 196 202 190 203 185 202
133 158 135 174 140 189 147 203 156 215 167 226 178 235 191 237 203 234 215 226 228 216 238 203 244 188 248 172 248 155 249 138 144 133 150 125 160 122 172 122 182 126 195 125 205 120 216 119 226 122 232 129 189 138 189 148 189 157 189 167 180 175 185 177 190 179 196 177 201 174 157 142 163 138 170 138 177 142 170 145 163 145 201 141 208 137 215 136 221 139 216 143 208 143 173 197 178 190 185 187 190 188 196 187 203 190 208 197 203 206 196 211 190 212 184 211 178 206 177 196 185 191 190 192 196 191 204 197 196 203 190 204 184 203
133 158 135 174 139 189 146 203 156 216 167 227 178 236 191 238 204 235 216 226 228 216 238 203 244 188 247 171 248 154 249 138 145 132 151 125 161 122 172 122 182 126 196 125 206 120 216 119 226 122 232 129 189 138 189 148 190 158 190 168 180 176 185 178 190 179 196 177 201 175 157 142 163 139 170 138 177 143 170 145 163 145 202 141 208 137 215 137 222 139 216 143 209 143 174 197 179 191 185 188 190 189 196 187 203 191 208 197 203 207 196 211 190 212 185 211 179 207 178 197 185 192 190 192 196 192 204 197 196 203 190 205 185 204
133 157 134 174 138 190 145 204 155 216 167 227 178 235 191 238 203 235 215 225 226 214 235 201 241 186 244 170 245 153 245 137 144 134 150 126 160 122 172 122 182 126 196 125 206 120 217 119 227 122 233 130 189 138 190 148 190 157 190 167 180 176 185 178 191 179 196 177 201 175 157 142 163 139 170 138 177 143 170 145 163 145 202 142 208 137 216 136 221 139 216 143 209 143 173 197 178 191 185 188 190 190 196 188 203 191 208 197 203 206 196 211 190 212 184 211 178 207 177 197 185 192 190 193 196 192 204 197 196 204 190 205 185 204
133 157 135 174 139 190 146 203 156 216 167 226 178 234 191 237 203 234 215 225 226 215 235 202 241 187 244 171 245 154 246 137 144 134 150 126 161 122 172 123 182 126 196 125 206 121 217 119 227 122 232 130 189 138 190 148 190 157 190 168 180 176 185 178 191 179 196 178 200 175 157 142 163 139 171 138 177 143 171 145 163 145 202 142 208 137 216 137 221 140 216 143 209 144 173 197 179 191 185 189 190 190 196 189 202 192 207 197 202 206 196 209 190 210 185 209 179 205 177 197 185 193 190 193 196 193 204 197 195 203 190 203 185 202
133 157 134 173 138 188 146 202 156 214 167 224 178 233 191 236 204 233 215 224 227 213 236 201 242 186 245 169 247 153 247 137 144 133 150 125 161 122 172 123 182 126 196 125 206 121 216 119 226 122 232 130 189 138 190 148 190 157 190 168 180 176 185 178 191 179 196 178 201 175 157 142 163 139 171 138 177 143 170 145 163 145 202 142 208 137 215 137 221 140 216 143 209 144 173 196 179 192 186 189 190 190 196 189 202 192 208 197 202 204 196 207 190 208 185 207 179 204 177 196 186 193 191 193 196 193 204 197 195 200 190 201 185 200
134 159 136 175 139 190 147 204 156 216 167 226 178 234 190 237 202 234 214 225 224 215 233 202 239 188 241 171 241 155 242 139 144 134 150 126 160 122 171 123 182 126 196 125 206 121 217 119 227 122 232 131 189 138 190 148 190 158 190 168 180 176 185 178 191 179 196 178 200 176 157 142 163 139 171 138 177 143 170 145 163 145 202 142 208 137 216 137 221 140 216 144 209 144 173 197 179 192 185 189 190 191 196 189 202 192 207 198 202 206 196 209 190 210 185 209 179 205 177 197 185 193 190 194 196 193 204 198 196 202 190 203 185 202
134 158 136 174 140 189 147 204 156 216 166 227 177 235 190 238 203 235 214 226 225 215 233 202 239 187 241 171 241 154 242 138 144 134 150 126 160 122 171 123 182 126 196 125 206 121 217 119 227 122 232 130 189 138 190 148 190 157 190 167 181 176 185 178 190 179 196 177 200 175 157 142 163 139 170 139 177 143 170 145 163 146 202 142 208 137 216 137 222 140 216 144 209 144 173 198 179 192 185 189 190 190 196 189 202 192 207 198 202 207 196 211 190 212 185 211 178 207 177 198 185 193 190 194 196 193 204 198 196 204 190 205 185 204
134 157 136 173 140 189 146 203 156 216 167 226 178 235 191 238 204 234 215 225 226 214 234 201 239 186 241 170 241 153 242 138 144 134 150 126 160 122 171 123 182 126 196 125 206 121 217 119 227 122 232 130 189 138 190 148 190 157 190 167 181 176 185 178 191 179 196 178 200 175 157 142 163 139 170 139 177 143 170 145 163 146 202 142 208 137 215 137 221 140 216 144 208 144 174 198 179 193 185 190 191 191 196 190 202 193 207 198 202 206 197 210 191 211 185 210 179 206 177 198 186 195 191 195 196 195 204 198 196 202 191 203 185 203
132 157 133 173 137 189 145 203 155 214 167 225 178 233 191 236 203 233 214 224 226 214 235 201 241 186 244 170 245 154 245 137 145 133 151 125 161 122 172 123 182 126 196 125 205 120 216 119 226 122 232 129 189 138 190 148 190 158 190 168 181 176 186 178 191 180 196 178 200 176 156 142 163 139 170 138 177 143 170 145 163 146 201 142 208 137 215 137 221 140 216 144 208 144 174 198 180 193 186 190 191 192 196 190 202 193 207 198 203 205 197 209 191 210 186 209 180 206 178 198 186 196 191 196 196 195 204 198 196 201 191 202 186 201
132 157 134 173 138 189 145 203 155 215 166 226 178 234 191 237 204 234 216 224 228 214 238 201 244 186 247 170 248 153 248 136 144 133 150 125 161 122 172 123 182 126 195 125 205 121 216 119 226 122 232 129 189 138 189 148 190 157 190 167 180 176 185 178 191 179 196 177 200 175 157 142 163 139 170 138 177 143 170 145 163 145 202 141 208 137 215 137 221 139 216 143 208 144 174 198 179 193 186 190 191 191 196 189 203 192 208 197 203 205 197 209 191 211 186 210 179 206 178 198 186 195 191 195 196 195 204 198 196 202 191 203 186 202
133 157 135 172 139 188 146 202 156 214 167 225 178 234 191 237 204 234 215 225 227 214 237 202 243 187 246 171 247 154 247 138 144 133 150 125 161 122 172 123 182 126 195 125 205 121 216 119 226 122 232 129 189 138 189 148 189 157 189 167 180 176 185 178 190 180 196 178 201 175 157 142 163 139 170 138 177 143 170 145 163 145 201 141 207 137 215 137 221 139 216 143 208 144 174 198 179 192 186 189 190 191 196 189 203 192 208 197 203 205 197 210 191 211 185 210 179 206 178 198 186 194 191 194 196 194 205 197 196 202 191 203 185 202
133 157 134 173 139 189 146 202 156 214 167 225 178 234 191 237 203 234 215 225 226 214 236 201 242 186 245 170 246 153 247 136 144 133 150 125 160 122 171 122 182 126 195 125 205 120 216 119 225 121 231 129 189 138 190 148 190 157 190 167 181 176 185 178 191 179 196 177 200 175 156 142 162 139 170 138 177 143 170 145 162 145 201 141 207 137 215 136 221 139 216 143 208 143 174 198 179 192 186 189 191 190 196 188 203 191 208 197 203 206 197 210 191 211 185 211 179 206 178 198 186 193 191 194 196 193 204 197 197 203 191 204 186 203
132 157 134 173 138 188 145 202 155 215 166 226 178 234 190 237 203 233 214 225 226 214 236 202 243 188 246 171 247 154 248 138 144 133 150 125 160 122 172 122 182 126 195 125 205 120 216 119 226 122 232 129 189 138 189 148 189 157 189 167 180 176 185 178 190 179 196 177 200 175 157 142 163 138 170 138 177 142 170 145 163 145 201 141 207 137 215 136 221 139 216 143 208 143 174 198 179 192 185 189 190 190 196 188 203 191 208 197 203 206 196 210 191 211 185 211 179 206 178 198 186 193 191 194 196 193 204 197 196 203 190 204 185 203
133 157 134 172 139 188 146 202 155 214 167 225 178 234 191 236 203 233 215 224 226 213 236 201 242 186 246 170 247 153 247 137 144 132 151 125 161 122 172 122 182 126 195 125 204 121 215 119 225 122 231 129 189 138 189 148 189 157 190 167 180 176 185 178 190 179 195 177 200 175 156 141 162 138 170 138 177 142 170 145 162 145 201 141 207 137 215 136 221 139 215 143 208 143 174 198 179 192 186 189 190 190 196 188 202 192 207 197 202 206 196 210 191 211 185 210 179 206 178 198 186 194 191 194 196 193 204 197 196 203 190 203 185 203
132 157 134 172 139 187 146 201 156 213 167 224 178 233 190 236 203 233 214 223 226 213 236 200 242 186 246 170 247 153 247 137 144 132 151 125 161 122 172 123 182 126 194 126 204 121 215 119 225 122 231 129 189 138 189 148 189 157 190 167 180 176 185 178 190 179 196 177 200 175 156 141 162 138 170 138 177 142 170 145 162 145 201 141 207 137 215 136 221 139 215 143 208 143 174 198 179 192 186 189 190 191 195 189 202 192 207 197 202 205 196 209 190 210 185 209 179 205 178 197 186 194 190 195 196 194 204 197 195 201 190 202 185 202
133 156 135 172 139 187 146 201 156 213 167 223 178 232 190 235 202 233 213 224 225 214 235 201 241 187 245 171 246 154 247 137 144 132 150 125 160 122 172 123 182 126 195 125 205 121 216 119 226 122 232 129 189 138 189 148 189 157 190 167 179 176 185 178 190 179 195 177 200 175 156 141 162 138 170 138 177 142 170 145 162 145 201 141 207 136 215 136 221 139 215 143 208 143 174 197 179 192 185 189 190 191 195 189 202 192 207 197 202 205 196 208 190 209 185 208 179 205 177 197 185 194 190 195 195 194 204 197 195 201 190 202 185 201
133 156 135 172 140 187 147 201 156 213 168 223 179 232 190 234 203 232 214 223 225 212 234 199 241 185 245 169 246 152 247 136 144 132 150 125 160 122 171 122 182 126 194 125 204 121 215 119 225 122 232 129 189 138 189 148 189 157 189 168 179 176 184 178 190 180 195 178 200 175 156 141 162 138 170 138 177 142 170 145 162 145 201 141 207 137 214 137 221 139 215 143 208 143 174 198 179 193 186 190 190 191 195 190 202 192 207 197 202 204 196 207 190 208 185 208 180 204 178 198 186 195 190 195 195 195 204 197 195 200 190 201 186 200
133 157 135 172 140 187 147 201 156 213 168 223 179 232 191 235 203 232 213 223 224 212 233 200 239 185 241 169 242 153 242 136 144 133 150 125 160 122 171 123 182 126 195 125 205 121 215 119 225 122 231 129 189 138 189 148 190 157 190 168 180 176 185 178 190 180 195 178 200 175 156 142 162 139 170 138 176 143 170 146 162 146 201 142 207 137 215 137 221 140 215 144 208 144 174 198 180 193 186 190 190 192 195 190 202 193 207 197 202 205 196 208 191 209 186 208 180 205 178 198 186 196 190 196 195 195 203 198 196 200 191 201 186 200
134 158 136 173 140 188 147 201 157 213 168 223 179 232 191 234 202 232 214 223 225 213 234 201 241 186 244 170 245 153 246 137 144 133 150 126 160 122 171 123 182 126 195 125 205 121 216 120 226 122 232 130 189 138 189 148 190 157 190 167 180 176 185 178 190 180 195 178 200 176 156 142 162 139 170 139 177 143 170 146 162 146 201 142 207 137 215 137 221 140 216 144 208 144 174 198 179 193 185 190 190 192 195 190 202 193 207 198 202 205 196 208 191 209 185 208 180 205 178 198 186 195 190 196 195 195 203 198 196 200 191 201 186 200
133 157 135 173 139 188 147 202 156 213 168 223 179 232 191 234 203 232 214 223 225 213 234 201 240 186 243 170 244 154 245 137 144 133 150 125 161 122 172 123 182 126 195 125 205 121 216 120 226 122 232 130 189 138 189 148 190 157 190 167 181 176 185 178 191 179 196 178 200 176 156 142 162 139 170 138 177 143 170 145 162 146 201 142 207 137 215 137 221 140 216 144 208 144 174 198 179 193 186 190 190 192 195 190 202 193 207 197 202 204 196 207 191 208 186 208 180 204 178 197 186 195 190 196 195 195 204 197 195 200 191 201 186 200
134 156 136 172 140 187 147 201 157 213 168 223 179 231 191 234 203 231 214 222 224 212 234 200 240 185 243 169 244 153 245 137 144 133 150 126 161 123 172 123 182 126 195 125 205 121 216 120 226 122 233 130 189 138 190 148 190 157 190 167 180 176 185 178 190 180 196 178 200 176 156 142 162 139 170 139 177 143 170 146 162 146 201 142 208 137 215 137 222 140 216 144 208 144 174 198 180 193 186 190 190 192 195 190 202 193 207 197 202 204 196 207 191 208 186 207 180 204 178 197 186 195 190 196 195 195 204 197 195 199 191 200 186 199
134 156 136 172 140 187 148 201 157 213 168 223 179 232 191 234 204 231 215 222 226 212 236 199 242 185 245 168 247 152 247 136 144 132 151 125 161 122 172 123 182 126 195 125 205 121 216 119 226 122 233 129 189 138 189 148 190 157 190 167 180 176 185 178 191 179 196 178 200 175 157 142 163 138 170 138 177 143 170 145 163 145 202 142 208 137 215 137 221 139 216 144 208 144 174 197 180 193 186 190 191 191 196 190 202 192 208 197 202 203 196 207 191 207 186 207 180 204 178 197 186 195 191 195 196 195 204 197 196 199 191 200 186 199
133 158 135 173 139 189 146 202 156 214 168 223 179 231 191 233 203 231 214 222 225 213 235 201 241 186 244 170 245 154 246 138 144 133 151 126 161 122 172 123 183 126 195 125 205 121 216 120 226 122 232 129 190 138 190 148 190 157 191 167 181 176 186 178 191 179 196 177 200 175 157 142 163 139 170 138 177 143 170 145 163 146 202 142 208 137 216 137 222 140 216 144 209 144 174 197 180 192 186 190 191 191 196 189 202 192 208 197 202 203 197 205 191 206 186 206 180 203 178 197 186 194 191 195 196 194 204 197 196 198 191 199 186 198
133 158 135 173 139 189 147 202 157 213 169 223 180 231 191 234 203 231 214 223 225 213 234 201 240 187 243 171 244 154 245 138 145 133 151 125 161 122 172 123 183 126 196 125 206 121 217 120 226 122 233 129 190 138 190 148 191 157 191 167 181 176 186 178 191 179 196 178 200 175 157 142 163 139 170 138 177 143 170 145 163 145 202 142 208 137 216 137 222 140 216 144 209 144 174 197 180 193 186 190 191 191 196 190 202 192 207 197 202 203 196 205 191 206 186 205 181 203 178 197 186 195 191 195 196 195 204 197 196 198 191 199 186 198
133 157 136 172 140 188 147 201 157 212 169 222 179 231 191 234 203 231 214 222 225 212 235 200 241 185 245 169 246 153 246 137 145 133 151 125 161 122 172 123 183 126 196 125 206 121 216 120 226 122 232 130 190 138 190 148 190 157 190 167 181 176 186 178 191 179 196 178 200 175 157 142 163 138 171 138 177 143 171 145 163 145 202 142 208 137 216 137 222 139 216 144 209 144 174 197 180 192 186 189 191 191 196 189 202 192 208 197 202 203 196 206 191 206 186 206 180 203 178 196 186 194 191 195 196 194 204 196 196 198 191 199 186 198
134 156 136 172 140 187 147 201 156 213 168 223 179 231 191 234 203 231 215 223 226 213 236 200 242 186 245 169 246 153 247 137 145 133 151 125 161 122 172 123 183 126 196 125 206 121 217 120 227 122 233 130 190 138 190 148 190 157 191 167 181 176 186 178 191 179 196 177 201 175 157 141 163 138 171 138 177 143 171 145 163 145 202 142 208 137 216 137 222 139 216 144 209 144 174 197 180 192 186 190 191 191 196 190 202 192 208 197 202 203 196 205 191 206 186 205 180 203 177 196 186 195 191 195 196 195 204 197 196 198 191 199 186 198
134 156 136 172 140 187 147 201 157 213 168 223 179 232 191 234 203 231 215 223 226 213 236 201 242 186 245 169 247 153 247 137 145 133 151 125 161 122 172 123 183 126 196 125 206 121 217 119 227 122 233 129 190 138 190 148 190 157 191 167 181 176 186 178 191 179 196 177 201 175 157 142 163 138 171 138 178 142 171 145 163 145 202 141 208 137 215 137 222 139 216 143 209 144 174 197 180 192 186 190 191 191 196 190 202 192 208 197 202 203 196 206 191 207 186 206 180 203 177 196 186 194 191 195 196 194 204 196 196 198 191 199 186 198
133 157 135 173 139 188 147 202 156 213 167 223 179 232 191 234 203 232 215 223 226 213 235 200 241 186 244 169 245 153 246 137 145 133 151 125 161 122 172 122 183 126 196 125 206 121 217 119 227 122 233 130 190 138 190 148 190 157 191 167 181 176 186 178 191 179 196 177 200 175 157 142 163 139 171 139 177 142 171 145 163 145 202 142 208 137 215 137 221 140 216 143 208 144 174 196 180 192 186 190 191 191 196 190 202 192 207 197 202 203 196 206 191 206 186 206 180 203 178 196 186 194 191 195 196 194 204 196 196 198 191 199 186 198
133 157 134 173 138 188 146 202 156 213 167 223 178 232 190 235 202 232 214 224 225 214 235 202 241 187 245 171 245 154 246 138 146 133 152 125 161 122 172 122 183 125 196 125 206 120 217 119 226 122 231 130 190 139 190 148 190 156 191 166 181 175 186 177 191 178 196 177 200 174 160 145 166 145 172 143 178 144 172 146 166 147 201 143 207 142 213 143 219 143 213 145 207 145 174 197 180 192 186 190 191 191 196 190 202 192 207 196 202 203 196 205 191 206 186 205 180 202 178 196 186 194 191 194 196 194 204 196 196 199 191 199 186 199
132 158 133 174 137 189 145 203 155 214 167 223 178 232 190 235 202 233 213 224 224 215 234 203 240 188 243 172 244 156 245 139 146 133 151 125 161 122 172 122 182 125 196 125 206 120 217 119 226 122 232 130 190 138 190 148 190 157 191 166 181 175 186 177 191 179 196 177 200 175 160 145 166 144 171 143 177 143 172 146 166 146 201 142 207 142 213 143 219 143 213 145 207 144 174 196 180 192 186 190 191 191 196 190 202 192 208 196 202 202 196 205 191 206 186 205 180 202 178 196 186 194 191 195 196 194 204 196 196 198 191 199 186 198
132 158 133 175 137 190 144 204 155 215 167 224 179 232 191 235 203 232 214 224 225 214 234 202 239 188 241 172 242 156 242 140 145 134 151 126 160 122 171 123 182 126 196 125 206 121 217 119 226 123 231 130 190 138 190 148 191 157 191 166 181 175 186 177 191 179 196 177 200 175 158 144 164 143 170 143 177 143 171 145 165 146 202 142 208 141 214 142 219 142 214 144 208 144 174 197 180 192 186 190 191 191 196 190 202 192 208 197 202 203 197 205 191 206 186 205 180 202 177 196 186 194 191 195 196 194 204 197 196 198 191 199 186 198
133 158 135 174 139 189 146 203 156 214 168 224 179 232 191 235 203 232 215 224 226 214 235 202 241 187 244 171 245 154 246 138 144 134 150 126 160 122 171 123 182 126 196 125 206 121 217 119 227 122 233 130 190 138 190 148 190 157 191 167 181 176 186 178 191 179 196 177 200 175 158 144 163 142 170 142 177 143 170 145 164 146 202 142 208 140 214 141 220 142 214 144 208 144 174 197 180 192 186 190 191 192 196 190 202 192 208 197 202 203 196 205 191 206 186 205 180 203 178 196 186 195 191 195 196 194 204 197 196 198 191 199 186 198
131 157 134 173 138 188 146 202 156 214 168 223 180 232 191 235 203 232 215 224 226 214 236 202 242 187 245 171 246 154 247 138 144 133 150 126 160 123 171 123 182 126 196 125 206 121 217 119 227 122 232 130 189 138 190 148 190 157 191 167 180 176 185 178 191 179 196 177 200 175 157 143 163 141 170 141 177 143 170 145 163 146 201 142 208 139 214 140 220 141 215 144 208 144 174 197 180 192 186 190 191 192 196 190 202 192 207 197 202 203 196 206 191 206 186 206 180 203 178 197 186 195 191 195 196 194 204 196 196 198 191 199 186 198
132 158 135 173 139 189 146 202 156 214 168 224 179 232 191 235 203 232 214 224 226 214 235 202 241 187 244 171 245 154 245 138 144 134 150 126 160 123 171 123 182 126 196 125 206 121 217 119 227 122 232 130 189 138 190 148 190 157 191 167 181 176 185 178 191 179 196 178 200 175 157 143 163 141 170 140 177 143 170 145 163 146 202 142 208 139 215 139 220 141 215 144 208 144 174 197 180 192 186 190 191 191 196 190 202 192 207 197 202 203 196 206 191 207 186 206 180 203 177 197 186 195 191 195 196 194 204 197 196 199 191 199 186 199
133 157 135 173 139 189 146 202 156 214 167 224 179 232 191 235 203 232 214 224 226 214 235 201 241 186 244 170 245 153 245 137 145 133 151 125 161 122 171 123 182 126 196 125 206 121 216 120 226 122 232 130 189 138 190 148 190 157 190 167 180 176 185 178 191 179 196 177 200 175 157 143 163 141 170 140 177 143 170 145 163 146 202 142 207 139 214 139 220 141 215 144 208 144 174 197 180 192 186 190 191 191 195 190 202 192 207 197 202 203 196 206 191 207 186 206 180 203 177 197 186 195 191 195 196 194 204 197 196 199 191 199 186 199
