121 154 122 169 125 185 129 201 137 214 147 226 159 235 173 238 188 236 201 228 211 217 219 205 224 191 227 176 228 162 230 147 133 132 141 126 151 124 161 127 171 132 189 134 199 130 209 129 218 132 223 139 180 143 179 153 179 163 178 173 167 179 172 182 177 184 183 183 188 181 145 142 151 140 158 140 165 145 158 146 151 146 192 147 199 144 206 144 211 147 206 150 199 149 156 199 164 197 171 197 176 199 181 198 187 199 194 202 187 207 180 209 175 209 170 208 163 205 159 199 171 201 176 202 181 201 191 202 181 203 176 203 171 202
119 153 120 169 122 185 128 200 136 214 147 225 159 234 174 237 188 235 201 226 212 215 219 202 224 188 227 174 229 160 230 145 132 131 140 125 151 124 161 127 171 132 189 134 199 130 209 129 218 132 224 139 180 143 180 153 180 162 180 172 167 179 173 182 178 184 184 183 189 181 144 141 151 140 158 140 164 145 157 146 150 145 192 147 199 144 206 144 212 147 206 150 199 149 155 198 164 197 172 197 177 199 182 197 188 199 195 201 188 207 182 209 176 210 171 209 163 205 159 199 172 201 177 202 182 201 192 201 182 203 177 204 171 203
119 153 120 169 122 186 127 201 136 214 146 226 159 234 174 237 189 234 201 226 212 215 219 203 223 189 226 175 228 161 230 146 132 132 140 125 150 124 161 127 171 132 189 134 199 131 209 130 218 132 224 139 180 143 180 153 180 162 180 172 167 179 172 182 178 184 184 183 189 180 144 141 151 139 158 140 164 145 157 146 150 145 192 147 199 144 206 144 212 147 206 149 199 149 155 198 164 197 172 197 177 199 182 198 188 199 196 200 188 206 181 209 176 209 171 208 163 205 158 199 171 201 177 202 181 201 192 201 182 203 177 204 171 203
119 153 120 169 122 185 127 200 135 214 146 226 159 234 174 238 188 235 201 227 211 215 219 203 224 189 226 174 228 160 230 146 132 131 140 125 150 124 161 127 171 132 189 134 199 131 209 130 218 132 224 139 180 143 180 153 180 162 180 172 167 179 172 182 178 184 184 182 188 180 144 141 150 140 158 140 164 144 157 145 150 145 192 147 199 144 206 144 212 147 206 149 199 149 154 197 164 197 172 197 177 199 182 197 188 198 196 200 188 206 181 209 176 209 170 208 163 205 158 198 171 201 177 202 181 201 192 200 181 202 177 203 171 202
119 152 120 168 122 185 127 200 135 213 145 225 158 234 173 237 187 235 200 226 211 216 219 203 224 189 226 175 228 161 230 146 132 131 140 125 151 124 161 127 171 132 189 134 199 130 209 130 218 132 224 139 180 143 180 153 179 163 179 173 167 179 172 182 178 184 183 183 188 181 144 141 151 140 158 140 164 145 157 146 150 145 193 147 199 144 206 144 212 147 206 150 199 149 154 197 163 197 171 197 176 198 181 197 188 198 195 200 187 206 181 208 176 209 170 208 162 204 157 198 171 201 176 202 181 201 192 200 181 202 176 203 171 202
119 153 120 169 122 185 127 200 135 213 146 225 159 233 173 237 188 235 201 226 211 215 219 202 224 189 227 174 229 160 230 146 132 131 140 125 150 124 161 127 171 132 189 133 199 130 209 129 218 132 223 139 180 143 180 153 180 163 180 173 167 179 172 182 178 184 184 182 189 181 144 141 151 139 158 140 164 144 157 146 150 145 193 147 199 144 206 144 212 147 206 149 199 149 154 197 163 196 172 196 177 198 182 196 189 198 196 199 188 206 181 208 176 209 170 208 162 204 157 198 171 200 177 201 181 201 193 200 181 202 177 203 171 202
118 153 119 169 121 185 127 200 136 213 147 224 159 233 174 237 188 235 201 226 211 215 220 202 224 188 227 174 229 159 230 145 132 131 140 125 150 124 161 127 171 132 189 133 199 130 209 129 218 132 224 139 180 143 180 153 180 162 180 172 167 179 172 182 178 183 184 182 189 181 144 141 151 140 158 140 164 144 157 145 150 145 193 147 199 144 206 144 212 146 206 149 199 149 154 197 164 197 172 196 177 198 182 197 189 198 196 199 188 205 181 208 176 208 170 207 162 204 157 198 171 200 177 201 182 201 193 200 182 202 177 203 171 202
118 152 119 168 122 184 127 199 136 212 147 224 160 233 174 236 189 234 201 225 212 214 220 202 225 188 228 174 229 159 231 145 132 131 140 125 151 124 161 127 171 132 189 133 199 130 209 129 218 132 223 138 180 143 180 153 180 163 180 173 167 179 173 182 178 184 184 183 189 181 145 141 151 139 158 140 164 144 157 145 150 145 193 147 199 144 206 144 212 146 206 149 199 149 154 197 164 197 172 197 177 198 181 197 188 198 196 199 188 206 181 208 176 208 171 207 163 204 158 198 172 200 177 201 181 201 193 200 181 203 176 204 171 203
119 153 120 168 122 185 127 199 136 213 147 224 160 233 174 236 189 234 202 225 212 214 220 202 225 188 227 174 229 160 230 145 132 131 140 125 151 124 161 127 171 132 189 133 199 130 209 129 218 132 223 139 180 143 180 153 180 163 180 173 167 179 173 182 178 184 184 183 189 181 145 141 151 139 158 140 164 144 157 146 150 145 193 147 199 144 206 144 212 147 206 149 199 149 155 197 164 197 172 196 177 198 182 197 188 198 196 199 188 206 181 208 176 208 171 207 163 204 158 198 172 200 177 201 181 201 193 200 181 203 177 203 172 202
119 152 120 168 122 184 127 199 136 212 146 224 159 232 174 235 189 233 201 225 212 214 220 202 224 188 227 174 229 160 230 145 133 131 140 125 151 124 161 127 171 132 189 133 199 130 209 129 218 132 223 139 180 143 180 153 180 163 180 173 167 179 172 182 178 183 184 182 189 180 145 141 151 139 158 140 164 144 157 145 150 145 193 147 199 143 206 144 212 146 206 149 199 149 155 197 164 197 172 196 177 198 182 196 188 198 196 199 188 205 181 207 176 207 171 207 163 204 158 198 172 200 177 201 181 200 193 200 181 203 177 203 172 202
119 152 121 168 123 184 128 199 136 212 147 223 160 232 174 235 189 232 201 224 212 214 219 202 224 188 227 174 229 160 230 145 133 131 140 125 151 124 161 127 171 132 189 133 199 130 209 129 218 132 223 139 180 143 180 153 180 162 180 173 167 179 173 181 178 183 183 182 188 180 145 141 151 139 158 140 164 144 157 146 150 145 193 147 199 143 206 144 212 146 206 149 199 149 155 198 164 197 172 196 177 198 181 197 188 198 195 200 187 206 181 208 176 208 171 207 163 204 159 198 172 200 177 201 181 201 192 200 181 203 177 203 172 202
120 152 121 168 123 184 128 198 136 211 147 223 160 231 174 234 188 232 201 225 212 214 219 202 224 189 227 175 229 160 231 146 133 130 141 124 151 123 161 126 171 131 189 133 199 130 209 129 218 131 224 138 180 143 180 153 180 162 179 172 167 179 172 181 178 183 183 182 188 180 145 141 151 139 158 140 164 144 157 145 150 145 193 147 199 143 206 144 212 146 206 149 199 149 156 198 164 197 172 196 177 197 181 196 188 198 195 201 187 206 181 208 176 208 171 207 163 204 159 198 172 200 177 201 181 201 191 201 181 203 177 203 171 202
120 152 121 168 124 183 128 199 136 212 147 223 159 232 174 235 188 233 201 225 212 214 219 202 224 189 227 174 229 160 231 145 133 130 141 124 151 123 161 126 171 131 189 132 199 129 209 128 218 131 223 138 180 142 180 152 180 161 179 172 167 178 172 181 178 183 183 181 188 180 145 141 151 139 158 140 164 144 157 145 151 144 193 146 199 143 206 144 212 146 206 149 199 148 156 198 165 197 172 196 177 197 181 196 187 198 194 201 187 206 181 207 176 208 171 207 164 204 159 198 172 200 177 201 181 200 191 201 181 202 177 203 172 202
123 153 124 169 126 184 130 199 138 212 148 224 160 232 173 235 187 233 200 225 211 215 219 203 224 189 226 176 228 161 230 147 135 132 141 125 151 123 161 125 170 131 189 132 198 129 208 128 217 132 223 139 180 142 179 152 179 161 178 171 166 178 171 180 177 182 182 181 188 179 147 143 153 142 159 142 165 144 158 146 152 145 192 147 198 145 204 146 210 148 204 150 197 149 155 198 163 196 171 195 176 197 181 196 187 198 194 201 186 206 180 208 175 208 169 207 162 204 159 198 170 199 175 200 180 200 191 201 180 202 175 202 170 201
123 152 124 167 126 183 130 198 137 211 147 223 158 232 172 236 187 233 200 225 211 215 219 202 224 189 227 174 229 160 230 146 134 131 141 124 151 122 161 125 171 130 189 131 198 128 208 128 217 131 223 138 179 142 179 151 178 160 178 170 166 177 171 179 177 182 182 181 188 178 146 142 152 141 159 142 165 144 158 145 152 145 192 146 198 145 204 146 210 147 204 149 198 149 156 197 163 196 171 194 176 196 180 195 187 198 194 201 186 207 180 209 174 209 169 209 162 205 159 198 170 198 175 199 180 199 190 201 180 203 175 203 170 202
120 152 122 168 124 183 128 198 136 211 146 223 158 231 173 235 187 232 200 224 211 214 219 202 223 188 226 174 228 160 230 145 132 130 140 123 150 121 161 124 170 130 189 131 199 128 209 127 218 131 223 138 180 141 179 150 179 160 178 170 166 177 171 179 177 181 183 180 188 178 145 141 151 140 158 140 164 143 157 144 151 144 192 145 198 144 205 144 211 146 205 148 198 148 155 196 163 195 170 195 176 197 180 195 187 197 194 200 186 205 180 207 175 207 169 206 162 203 158 197 170 198 175 200 180 199 191 200 180 201 175 201 170 200
120 151 122 167 124 182 128 197 136 210 146 222 158 230 173 233 187 231 200 223 211 213 219 201 223 188 226 174 228 159 230 145 132 129 140 123 150 121 161 124 170 129 189 131 199 128 209 127 218 130 223 137 179 141 179 150 179 160 178 170 167 177 172 179 177 181 182 180 188 178 144 140 150 138 157 139 164 143 156 144 150 143 192 145 198 143 205 143 211 145 205 148 198 147 155 196 163 195 171 194 176 196 180 195 187 197 194 199 187 204 180 205 175 206 169 205 162 202 158 196 170 198 175 199 180 199 191 199 180 200 175 200 170 199
121 151 123 166 125 182 129 197 136 210 146 222 158 230 172 233 187 232 200 224 211 214 219 202 223 189 226 174 228 160 230 146 133 129 140 123 150 121 160 124 170 129 189 131 198 128 208 127 218 130 223 137 179 140 179 150 178 160 178 170 166 176 171 179 176 181 182 180 187 178 145 140 150 138 157 139 164 142 157 143 150 143 192 144 198 142 205 143 211 145 205 147 198 147 155 196 163 195 170 194 175 196 180 195 187 197 194 199 186 204 179 206 174 206 168 205 162 201 158 196 170 198 175 199 180 199 190 199 179 200 175 200 169 199
123 152 124 167 126 182 130 197 137 210 147 222 159 231 173 234 187 232 200 224 211 214 219 202 224 189 226 175 228 160 230 146 133 128 140 122 150 121 160 124 169 129 188 131 198 127 208 127 217 129 223 136 179 140 178 150 178 159 177 169 166 176 171 179 176 181 181 180 187 178 144 139 150 138 157 138 163 142 156 143 150 143 192 144 198 141 205 142 211 145 205 147 198 146 155 197 162 194 170 193 175 195 180 194 186 197 193 200 186 206 179 208 174 208 168 207 162 203 158 197 169 198 174 199 179 198 190 200 179 201 174 201 169 200
122 152 123 167 126 182 130 198 138 211 148 223 159 231 173 235 187 232 200 224 211 214 219 202 225 188 228 173 229 159 231 145 133 128 140 122 150 121 161 124 170 129 188 130 197 127 208 126 217 129 223 136 178 140 178 150 177 159 177 169 166 176 170 179 176 181 181 180 187 178 144 139 150 137 157 138 163 142 156 143 149 143 192 144 198 141 205 142 211 144 205 147 198 146 156 198 163 194 170 193 175 195 180 194 186 197 193 201 186 207 179 210 174 210 168 209 162 205 159 198 170 197 175 198 179 198 189 200 179 202 174 203 169 202
121 152 123 167 125 183 129 198 137 211 147 223 159 232 173 235 187 233 200 225 211 215 219 203 224 189 227 175 229 161 230 146 133 128 141 122 151 121 161 124 170 128 188 130 198 127 208 127 217 129 223 136 179 140 178 150 178 159 177 169 166 176 171 179 176 181 181 180 187 178 145 139 150 137 157 138 163 142 157 143 150 143 192 144 198 141 205 142 211 145 205 147 198 147 156 198 163 195 170 193 175 195 180 194 187 197 193 201 186 208 179 210 174 211 168 210 162 206 159 198 170 197 175 198 180 198 189 201 179 203 175 203 169 202
123 152 124 167 127 182 130 197 138 210 148 222 159 231 172 234 186 232 199 224 211 214 219 202 224 189 227 175 229 161 230 147 135 129 141 123 151 121 161 124 170 129 188 130 197 127 207 127 216 130 222 137 178 140 178 150 177 159 177 169 166 176 171 179 176 181 181 180 186 178 146 140 152 139 158 139 164 142 158 144 151 143 191 145 198 143 204 143 210 146 204 148 197 147 156 198 163 195 170 193 175 195 180 194 186 197 192 201 186 207 179 209 174 210 168 208 162 205 160 198 170 198 175 199 179 199 189 201 179 202 174 202 169 201
124 154 125 168 127 183 131 197 138 210 147 222 158 230 172 234 186 232 200 224 211 215 219 203 225 190 228 176 229 162 230 149 135 130 141 123 151 121 161 124 170 129 187 130 197 127 207 127 216 130 222 138 178 141 178 150 177 159 176 169 165 176 170 178 175 181 181 180 186 178 147 143 152 141 159 142 164 144 158 146 152 146 191 147 197 145 203 146 209 148 203 150 197 149 156 197 163 195 170 193 175 195 179 194 186 197 192 200 185 206 179 208 174 208 168 208 162 204 160 198 170 198 174 199 179 198 189 200 179 201 174 201 169 200
122 152 123 167 125 182 129 197 137 210 147 221 159 230 172 234 186 231 199 223 211 213 219 201 224 187 227 173 229 159 230 145 133 130 140 123 150 121 161 124 170 129 187 131 197 127 208 127 217 130 222 137 179 141 178 150 177 159 177 169 166 176 171 178 176 181 182 179 187 177 146 142 152 141 158 141 164 143 158 145 151 145 191 146 197 145 204 146 210 147 204 149 197 148 155 197 163 194 170 193 175 195 180 193 187 196 193 199 186 206 179 208 174 208 169 208 162 204 159 197 170 197 175 198 180 198 189 199 180 201 175 201 170 200
120 151 122 167 124 182 128 197 136 211 146 222 158 231 172 235 186 233 199 224 210 214 218 202 223 188 226 174 228 159 229 145 133 129 140 122 150 121 160 123 169 128 188 130 198 127 208 127 217 130 222 136 179 140 178 150 178 159 177 169 166 176 171 178 176 181 182 179 187 177 145 141 151 140 157 140 163 142 157 144 151 143 191 145 197 143 204 144 209 146 203 148 197 147 154 196 162 193 170 192 176 194 181 193 188 195 194 198 187 206 180 209 175 209 169 208 161 204 158 196 170 196 175 197 180 197 191 199 180 202 175 202 169 201
119 152 121 168 123 183 128 198 135 212 146 223 158 232 173 236 187 233 200 225 211 214 219 202 224 188 227 174 229 160 230 145 132 128 140 122 150 121 160 124 170 129 188 130 198 127 208 127 217 130 222 136 179 140 179 150 178 160 178 170 165 176 171 178 177 181 182 179 188 177 144 140 150 139 156 139 163 142 156 143 149 143 192 144 198 142 205 143 211 145 204 147 198 146 153 195 161 193 170 192 175 194 181 192 188 195 195 198 188 206 180 210 174 210 168 209 160 205 157 196 169 196 175 197 181 196 191 198 180 203 175 204 169 203
118 152 120 168 122 184 127 199 135 212 146 224 158 232 173 236 187 233 200 225 211 214 218 202 223 188 226 174 228 159 230 145 132 129 139 123 150 121 160 124 170 129 188 131 198 127 208 127 217 130 223 137 179 140 178 150 178 159 178 170 165 176 171 178 177 181 182 179 188 177 144 140 150 138 156 138 163 142 156 143 149 142 192 144 198 142 205 143 211 145 205 147 198 146 153 196 161 193 169 191 175 193 181 192 188 195 194 199 187 207 180 211 174 211 168 210 160 205 157 196 169 196 175 197 181 196 191 199 180 204 175 204 169 203
117 154 119 170 122 186 126 201 135 213 146 224 159 232 173 236 187 233 200 225 211 215 219 203 224 189 227 175 229 160 231 146 132 128 140 122 150 121 161 124 171 130 188 131 198 128 208 127 217 130 223 137 180 140 180 150 180 159 180 169 166 175 172 178 177 181 183 180 188 177 144 139 150 138 157 139 163 142 157 143 150 142 192 144 198 142 205 143 210 145 205 147 198 147 154 196 162 193 170 191 176 194 181 192 188 196 194 200 187 208 180 211 174 211 168 210 161 206 158 197 170 195 175 196 181 196 190 200 181 204 175 205 169 204
119 153 120 169 123 184 128 199 136 212 147 223 159 232 173 235 187 233 199 224 210 215 218 203 223 189 226 175 228 161 230 147 132 130 139 123 150 122 161 125 170 130 188 132 198 128 208 127 217 131 223 138 179 141 178 150 178 160 178 170 166 176 171 178 177 181 182 180 188 177 144 140 150 138 157 139 163 143 156 144 149 143 192 145 198 142 205 143 211 145 205 148 198 147 155 197 162 193 170 191 176 193 181 192 188 195 194 200 187 207 180 210 174 210 168 209 161 205 158 197 170 195 175 196 181 196 190 199 180 203 175 203 169 202
120 153 122 169 124 184 129 199 136 211 147 223 159 231 173 234 187 232 200 224 211 214 219 202 224 189 227 175 228 161 230 146 132 130 139 123 150 122 160 125 170 130 188 131 198 128 208 127 217 131 223 137 179 141 178 151 178 160 177 170 166 176 171 179 176 181 182 180 188 177 144 140 150 138 157 139 163 143 156 144 149 143 192 145 198 142 205 143 211 145 205 148 198 147 155 197 163 193 170 191 176 193 181 192 188 195 194 199 187 206 180 208 175 209 169 207 162 204 159 197 170 195 175 196 181 196 191 199 180 202 175 202 169 201
119 152 121 167 123 183 127 198 135 211 146 222 158 230 172 234 187 231 200 223 211 213 219 201 223 188 226 174 228 160 230 146 132 129 139 123 150 122 160 125 170 130 189 131 198 128 208 127 217 130 223 137 179 141 178 150 178 160 177 170 166 176 171 179 176 181 182 180 188 178 144 140 150 138 157 139 163 142 156 144 149 143 192 145 198 142 205 143 211 145 205 148 198 147 155 197 163 193 170 191 176 193 181 192 188 195 194 200 187 206 180 208 175 208 168 207 162 203 159 197 170 196 175 197 181 196 191 199 181 201 175 201 169 200
118 154 120 170 122 186 127 200 136 213 147 223 160 231 174 234 188 232 201 224 212 214 220 202 224 188 227 174 229 160 231 146 132 130 140 123 151 122 161 125 171 130 188 131 198 128 209 127 218 131 223 138 180 140 180 150 180 159 180 169 166 176 172 179 177 181 183 180 189 178 144 140 151 138 158 139 164 142 157 143 150 143 192 145 198 142 205 143 211 146 205 148 198 147 155 197 163 193 171 191 176 194 182 192 188 196 195 200 188 205 181 208 175 208 169 207 162 203 159 197 170 196 175 197 181 196 190 200 181 201 175 201 170 200
118 154 120 170 122 185 127 200 136 212 147 222 159 231 173 234 187 232 200 223 211 214 219 202 224 188 227 174 229 160 231 145 132 129 140 123 151 122 161 125 170 130 188 131 198 128 208 127 218 130 223 138 180 141 180 150 179 159 179 169 166 176 172 179 177 181 183 180 189 178 144 140 151 138 157 139 164 142 157 143 150 143 192 145 199 142 205 143 211 145 205 147 199 147 156 197 163 193 171 192 176 194 182 193 188 196 194 200 187 206 180 208 174 209 169 208 162 204 159 197 170 196 175 197 181 197 190 200 181 201 175 202 170 200
121 152 123 167 125 182 129 197 136 210 146 221 158 230 172 233 186 231 200 224 212 214 220 202 225 189 228 174 230 160 231 146 133 130 140 123 150 122 160 125 170 130 188 131 197 128 208 127 217 130 223 137 178 141 178 151 177 160 176 170 166 176 171 179 176 181 182 180 187 178 144 140 150 138 157 139 163 143 156 144 150 143 192 145 198 142 205 142 211 145 205 147 198 147 155 197 163 193 170 192 175 194 180 193 187 196 194 200 186 206 179 208 174 208 168 207 161 203 159 197 170 196 175 198 180 197 190 200 180 201 174 201 169 200
121 152 123 167 125 182 129 197 136 210 146 222 158 230 172 234 187 232 200 224 211 214 219 202 223 189 226 174 228 160 230 146 132 129 139 123 150 122 160 125 169 129 189 131 198 128 208 127 217 130 223 137 178 141 178 151 178 160 177 170 166 176 171 179 176 181 182 180 187 178 144 140 150 138 157 139 163 143 156 144 149 143 192 145 198 142 205 143 211 145 205 148 198 147 155 197 162 194 170 192 175 194 181 193 187 196 194 200 187 205 180 208 174 208 168 207 161 203 159 197 169 197 175 198 180 198 190 200 180 200 175 201 169 199
118 155 119 170 122 186 126 200 135 212 146 222 159 230 173 234 187 231 201 224 212 214 220 203 225 189 228 175 230 161 231 147 133 129 140 123 151 122 161 126 170 131 188 132 198 129 208 128 217 131 223 137 180 141 180 150 179 160 179 169 166 176 171 179 177 181 183 180 188 178 145 140 151 138 158 139 164 143 157 144 150 143 192 145 198 142 205 143 211 146 205 148 198 147 155 197 163 194 170 192 175 195 181 194 187 197 194 200 187 205 180 207 174 207 169 206 162 203 158 197 170 197 175 198 180 198 190 200 180 200 175 200 170 199
120 152 121 168 124 183 128 198 135 211 146 222 158 230 172 233 187 231 200 223 211 213 219 201 224 188 227 174 228 160 230 145 132 130 139 124 150 122 160 125 170 130 188 132 197 128 208 128 217 131 222 137 179 141 178 151 178 161 177 171 165 177 171 179 176 182 182 180 188 178 144 140 150 138 157 139 163 143 156 144 149 143 191 145 198 142 205 143 211 145 205 148 198 147 154 197 162 194 170 192 175 194 181 193 187 196 194 200 187 205 180 208 174 208 168 207 161 203 158 197 169 197 175 198 180 198 191 200 180 200 175 201 169 199
118 154 119 171 122 186 127 201 136 213 147 223 159 231 173 234 187 231 200 223 211 214 220 202 225 188 227 174 229 160 231 146 132 130 140 123 150 122 161 126 170 131 188 132 198 129 208 128 217 131 222 137 179 141 179 151 179 160 179 170 166 177 171 179 177 182 183 180 188 178 144 140 150 139 157 140 163 143 157 144 150 144 192 145 198 142 205 143 210 145 205 148 198 147 155 197 163 194 171 192 175 194 181 193 188 196 194 200 187 205 180 208 174 208 169 207 162 204 159 197 170 197 175 198 180 198 190 199 180 201 175 201 170 200
118 154 119 170 122 185 126 200 135 212 146 222 159 230 173 234 187 231 201 224 212 214 220 202 225 188 227 174 229 160 230 146 132 130 140 123 150 122 161 126 170 131 188 132 197 129 208 128 217 131 222 138 180 141 179 151 179 160 179 170 166 177 171 179 177 181 183 180 188 178 145 141 151 140 157 140 163 143 157 144 150 144 191 145 198 143 204 144 210 146 204 148 198 148 155 197 163 194 170 193 175 195 181 194 188 196 194 200 187 205 180 208 174 208 169 207 162 204 158 198 170 197 175 198 180 198 191 199 180 201 175 201 170 201
118 155 119 170 121 186 126 200 135 212 147 223 159 231 173 234 187 231 199 224 211 214 219 203 224 189 226 176 228 162 230 149 133 132 140 125 150 123 161 126 170 131 187 132 197 129 208 128 217 132 222 139 179 142 179 151 179 160 178 169 166 177 171 179 177 182 182 180 187 179 146 144 152 143 158 143 164 145 158 146 152 146 190 148 196 146 203 147 208 149 202 151 196 150 155 197 162 194 170 193 175 195 181 194 187 197 194 200 187 206 180 208 174 209 169 208 161 204 158 198 170 197 175 198 181 198 190 200 180 201 175 202 169 201
118 154 119 170 121 185 126 200 135 212 146 222 159 230 173 234 187 231 200 223 211 214 219 202 224 189 227 175 228 161 230 148 133 132 140 125 150 123 160 126 170 131 188 132 198 129 208 128 217 132 222 139 179 142 179 152 179 160 178 170 166 177 171 180 177 182 182 181 187 179 146 144 152 143 158 144 164 145 158 147 152 146 191 148 197 147 203 148 208 149 203 151 197 150 155 198 163 195 170 193 175 195 180 194 187 197 193 200 186 206 180 208 174 208 169 208 161 204 158 198 170 198 175 199 180 198 189 200 180 201 175 202 170 201
123 154 124 169 126 184 130 198 137 211 147 222 158 231 172 234 186 231 199 224 210 214 218 203 223 190 226 176 228 162 229 148 134 131 140 124 150 123 160 125 169 130 187 132 197 129 207 128 216 131 222 139 178 143 178 152 177 161 177 170 165 177 170 180 176 182 181 181 187 179 145 143 151 142 157 142 164 145 157 146 151 146 191 147 197 146 203 147 209 149 203 150 196 150 155 198 162 194 170 193 175 195 180 194 187 196 193 200 186 206 179 209 174 209 168 208 161 204 158 198 169 198 175 199 180 198 189 200 179 201 174 202 169 201
117 154 119 170 121 185 126 200 135 212 147 223 159 231 173 234 187 232 200 224 211 214 219 202 224 188 227 173 228 159 230 145 132 130 139 124 150 123 161 126 170 131 188 132 198 129 208 128 217 131 223 138 180 142 179 151 179 161 179 170 166 177 171 180 177 182 183 181 188 179 145 142 151 142 157 142 164 144 157 145 151 145 191 146 198 145 204 146 210 147 204 149 198 148 155 198 163 195 170 193 175 196 181 194 187 197 194 200 187 205 180 208 174 208 169 207 162 204 159 198 170 198 175 199 181 198 190 200 180 201 175 201 170 201
120 154 122 169 124 184 128 198 136 211 146 222 158 231 173 234 187 232 199 224 210 214 218 202 223 188 226 175 228 161 229 146 132 131 139 124 149 123 160 125 169 130 188 132 197 129 208 128 217 131 222 138 178 142 178 152 178 161 177 172 165 177 170 180 176 183 182 181 187 179 144 142 150 140 156 141 163 144 156 145 149 145 191 146 198 144 204 145 210 147 204 149 197 148 155 197 162 195 170 194 176 196 181 195 187 197 194 200 187 206 180 208 174 208 168 207 161 203 158 198 170 198 175 199 180 199 190 200 180 201 175 202 169 200
118 154 119 170 121 186 126 200 135 212 146 222 158 231 172 234 187 231 200 224 211 214 220 202 224 189 227 175 229 161 230 147 132 130 139 124 150 123 160 126 170 131 188 132 198 129 208 128 217 131 222 138 179 142 179 151 179 160 179 170 166 177 171 180 177 182 183 181 188 179 144 141 150 140 157 141 163 143 157 145 150 144 191 146 198 144 204 145 210 147 204 149 198 148 155 197 163 195 171 194 175 196 181 195 187 197 194 200 186 205 180 207 174 207 169 206 162 203 158 197 170 198 175 199 180 199 190 200 180 201 175 202 170 201
119 153 121 168 123 184 127 199 135 211 146 222 158 230 172 234 187 231 200 224 210 214 219 202 223 189 226 175 228 160 229 146 132 130 139 124 150 123 160 126 169 131 188 132 197 129 208 128 217 131 223 138 178 142 178 152 178 162 177 172 165 178 171 180 176 183 182 181 187 179 144 141 150 140 157 140 163 143 156 145 149 144 191 146 198 144 204 144 210 146 204 149 197 148 154 197 162 195 170 194 175 196 181 195 187 197 194 200 186 205 180 207 174 207 169 206 161 203 158 197 170 198 175 199 180 199 190 199 180 201 175 201 169 200
118 154 119 170 121 186 126 200 135 212 147 222 159 230 173 233 187 231 200 223 211 214 219 202 224 188 227 174 229 160 230 146 132 130 140 124 150 123 161 126 170 131 188 133 198 129 208 128 217 131 223 138 180 142 180 151 179 161 179 171 166 177 171 180 177 182 183 181 188 179 144 141 151 140 157 141 163 143 157 144 150 144 191 145 198 144 204 144 210 146 204 148 198 148 155 197 164 195 171 194 176 196 181 195 187 197 194 199 187 204 180 206 175 206 170 205 162 202 158 197 171 198 176 199 181 198 191 199 181 200 175 201 170 200
121 152 122 167 125 182 129 197 136 210 146 221 158 229 172 232 186 231 199 223 210 214 218 202 223 189 226 175 228 161 230 147 132 130 140 124 150 123 160 126 169 131 188 133 197 129 208 128 217 131 223 138 178 142 178 152 177 161 177 171 166 178 171 180 176 182 182 181 187 179 144 141 150 139 157 140 163 144 156 145 149 144 191 146 198 143 204 144 210 146 204 149 197 148 155 196 163 195 170 194 175 196 180 194 187 196 195 199 187 204 180 206 174 206 169 206 162 202 158 197 170 198 175 199 180 199 192 199 180 200 175 200 169 199
121 153 122 168 125 183 129 198 137 210 147 221 159 229 173 232 187 230 200 223 211 213 219 202 224 188 226 174 228 160 229 146 132 131 139 125 149 123 160 126 169 131 188 132 197 129 207 128 217 131 223 138 178 142 178 152 178 161 177 171 166 178 171 180 177 182 182 181 187 179 144 141 150 139 157 140 163 143 156 145 150 144 191 146 198 143 204 143 210 146 204 148 198 148 155 196 163 195 170 194 176 196 181 195 188 196 195 198 187 203 180 205 175 206 169 205 162 202 158 197 170 198 176 199 180 199 192 199 180 200 175 200 170 199
121 153 122 168 125 183 129 197 136 210 147 220 159 228 173 232 187 230 200 222 211 212 219 201 223 188 226 174 228 160 230 146 132 131 139 124 149 123 160 126 169 131 188 133 197 129 208 128 217 131 223 138 178 142 178 152 178 161 178 171 166 178 171 180 176 182 182 181 187 179 144 141 150 139 157 140 163 144 156 145 149 144 191 146 198 143 205 143 210 146 205 148 198 148 155 196 163 195 170 194 176 196 181 195 187 196 195 198 187 203 180 205 175 206 169 205 162 202 158 197 170 198 175 199 180 199 192 199 180 200 175 200 170 199
120 151 121 166 124 182 128 196 136 209 147 220 159 228 173 231 186 229 199 221 210 212 218 200 223 187 226 173 228 159 230 145 132 130 139 124 150 123 160 126 169 131 188 133 197 129 207 128 217 131 223 138 178 142 178 152 178 162 177 172 165 178 171 180 176 183 182 181 188 179 144 141 150 139 156 140 163 144 156 145 149 144 191 146 198 143 205 143 211 146 205 148 198 148 154 196 163 195 170 194 176 196 180 195 187 196 194 198 186 203 180 206 175 206 169 205 162 202 157 196 170 198 175 199 180 198 191 198 180 200 175 200 170 199
121 152 122 167 124 182 129 196 136 209 147 220 159 228 173 231 186 229 199 222 210 212 218 201 223 188 226 174 228 160 230 145 132 130 139 124 149 123 160 126 169 131 188 133 197 129 208 129 217 131 223 138 178 142 178 152 178 162 177 172 165 178 171 180 176 183 182 181 187 179 144 141 150 139 157 140 163 144 156 145 149 145 191 146 198 143 205 144 211 146 205 149 198 148 154 196 163 195 170 194 176 196 180 195 187 196 195 198 187 204 180 206 175 206 169 205 162 202 158 197 170 198 175 199 180 199 192 199 180 200 175 201 170 199
121 152 122 167 124 182 129 197 137 210 147 220 159 228 173 231 186 229 199 222 210 212 218 201 223 188 226 174 228 160 230 145 132 131 139 124 149 123 160 126 169 131 188 133 197 129 207 129 217 131 223 138 178 142 178 152 178 162 177 172 166 178 171 180 176 183 182 181 187 179 143 141 150 140 156 140 163 144 156 145 149 145 191 146 198 143 205 144 211 146 205 149 198 148 154 196 162 195 170 194 176 196 181 195 187 197 195 199 187 204 180 206 175 206 169 206 162 202 157 197 170 198 175 199 180 199 191 199 180 200 175 201 170 200
120 152 122 167 124 182 128 197 136 209 147 220 159 228 172 231 186 229 199 222 210 212 218 201 223 188 226 174 228 160 230 145 132 131 139 125 149 123 160 126 169 131 188 133 197 130 207 129 216 131 222 138 178 142 178 152 178 162 177 172 166 178 171 180 176 183 182 181 187 179 144 141 150 140 156 140 163 144 156 145 149 145 191 146 198 143 204 144 210 146 204 149 197 148 154 196 162 195 170 194 175 196 180 195 187 196 195 198 187 204 180 206 175 206 169 206 161 202 157 197 170 198 175 199 180 199 191 198 180 200 175 201 169 200
119 152 121 167 123 183 128 197 136 210 147 220 159 228 173 231 187 229 200 221 211 212 219 201 223 187 226 174 228 160 229 146 131 131 139 125 149 123 160 126 169 131 188 133 197 130 207 129 217 131 223 138 178 142 178 152 178 162 177 172 165 178 171 180 176 183 182 181 187 179 143 141 149 140 156 140 163 144 156 145 149 145 191 146 197 143 204 144 210 146 204 149 197 148 154 196 162 195 170 194 176 196 180 195 187 197 195 198 187 204 180 206 175 206 169 205 161 202 157 197 170 198 175 199 180 199 192 199 180 200 175 201 170 199
118 155 119 171 122 187 127 201 137 213 148 222 161 230 174 232 188 230 200 222 211 213 219 201 224 188 226 174 228 160 230 146 132 131 139 124 149 123 160 126 169 132 188 133 197 129 207 128 217 132 222 139 179 142 179 152 179 161 179 171 166 178 172 181 177 183 183 182 188 180 144 142 150 140 157 141 163 144 156 146 150 145 191 146 198 144 204 145 210 147 204 149 197 149 155 197 163 195 171 195 176 197 181 195 188 197 195 199 188 203 181 205 176 206 170 205 163 202 158 197 171 198 176 199 181 199 192 199 181 200 176 201 171 200
118 154 119 170 122 186 127 201 136 213 148 222 160 229 174 232 187 230 200 223 211 214 219 202 224 189 226 175 228 161 230 147 131 132 139 125 149 123 160 127 170 132 187 133 197 130 208 129 217 132 222 139 179 142 179 152 179 162 179 171 166 178 171 181 177 183 183 182 188 180 144 142 150 141 157 141 163 144 156 146 150 145 191 147 198 144 204 145 210 147 204 149 198 149 155 197 163 196 171 195 176 197 181 195 188 197 195 199 187 203 181 205 175 206 170 205 162 202 158 197 171 198 176 199 181 199 191 199 181 200 176 201 171 200
120 152 121 168 123 183 128 197 136 210 147 221 159 229 172 232 186 230 199 222 210 213 218 201 223 188 225 174 227 160 229 146 132 131 139 125 149 124 160 126 169 131 188 133 197 130 207 129 216 132 222 138 178 143 178 153 177 162 177 173 165 178 170 181 176 183 182 182 188 180 143 142 149 140 156 141 163 145 156 146 149 145 191 147 197 144 204 145 210 147 204 150 197 149 154 196 162 195 170 195 175 197 180 195 187 197 195 199 187 204 180 206 175 207 169 206 161 202 157 197 170 198 175 200 180 199 191 199 180 200 175 201 169 200
121 151 122 167 124 182 128 197 136 209 147 220 159 228 173 232 186 230 199 222 210 212 218 201 223 188 226 173 227 159 229 145 132 131 139 125 149 124 160 127 169 132 187 133 197 130 207 129 216 132 222 138 178 143 178 152 177 162 177 172 165 178 170 181 176 183 182 182 187 180 144 142 150 141 156 141 163 145 156 146 149 145 191 147 197 144 204 145 210 147 204 149 197 149 154 197 162 195 170 195 175 197 180 195 187 197 195 199 187 204 180 206 174 207 169 206 161 202 157 197 170 199 175 200 180 199 191 199 180 200 175 201 169 200
122 152 123 167 125 182 129 197 137 210 147 220 159 229 172 232 186 230 199 222 210 213 218 202 223 189 226 175 228 160 229 146 132 132 139 125 149 124 159 127 169 132 187 133 197 130 207 129 216 132 222 139 178 143 178 153 177 162 177 172 165 179 170 181 176 183 182 182 187 180 144 142 150 141 156 141 163 145 156 146 149 146 191 147 197 144 204 145 210 147 204 150 197 149 154 197 162 195 170 195 175 197 180 195 187 197 195 199 187 204 180 207 175 207 169 206 161 203 157 197 169 199 175 200 180 199 192 199 180 200 175 201 169 200
121 152 123 168 125 183 129 197 137 210 147 220 159 229 173 232 187 230 200 222 210 213 218 201 223 188 226 174 227 160 229 146 132 132 139 125 149 124 159 127 168 132 187 134 196 130 206 129 216 132 222 138 178 143 177 153 177 163 177 173 165 179 170 181 176 183 181 182 187 180 144 143 150 141 156 141 163 145 156 146 149 146 191 147 197 145 204 145 210 147 204 150 197 149 154 197 162 195 170 195 175 197 180 195 187 197 194 199 187 204 180 207 174 207 169 206 161 203 157 197 170 199 175 200 180 199 191 199 180 201 175 201 169 200
121 152 122 168 125 183 129 197 137 210 147 220 159 229 173 232 187 230 199 223 210 213 218 202 223 189 226 175 228 160 229 146 132 131 139 125 149 124 159 127 169 132 187 134 197 130 207 129 216 132 222 138 178 143 178 153 177 163 177 173 165 179 170 181 176 183 182 182 187 180 143 142 149 141 156 141 162 145 156 146 149 146 191 147 197 145 204 145 210 147 204 150 197 149 154 197 162 195 170 195 175 197 180 195 187 197 195 199 187 204 180 207 174 207 168 206 161 203 157 197 169 199 175 200 180 199 191 199 180 200 175 201 169 200
119 153 120 168 123 183 128 198 136 210 147 221 159 228 173 231 187 229 199 222 210 212 218 201 223 188 226 174 227 160 229 145 131 131 138 125 149 124 159 127 169 132 187 133 197 130 207 129 216 132 222 139 178 143 178 153 178 163 177 173 165 179 170 181 176 183 182 182 188 180 143 142 149 141 156 141 162 145 155 146 148 145 191 147 197 144 204 145 210 147 204 150 197 149 154 197 163 196 170 195 176 197 180 195 187 197 194 199 186 204 180 206 175 207 169 206 162 203 157 197 170 199 175 200 180 199 191 199 180 200 175 201 170 200
120 154 122 169 124 184 129 198 137 211 147 221 159 229 173 232 187 230 199 222 210 213 218 202 223 189 226 175 228 161 229 146 131 132 138 125 149 124 159 127 169 132 187 133 197 130 207 129 216 132 222 139 178 143 178 153 178 163 177 173 165 179 171 181 176 183 182 182 188 180 143 142 149 141 156 141 163 145 156 146 149 146 191 147 197 145 204 145 210 147 204 150 197 149 154 197 162 195 170 195 176 197 181 195 187 197 194 199 187 204 180 207 175 207 169 206 161 203 157 197 170 198 175 200 180 199 191 199 180 200 175 201 170 200
122 154 123 169 126 184 130 198 137 211 147 221 159 229 173 232 187 230 199 223 210 214 218 203 223 190 226 176 228 162 229 148 133 132 140 126 150 124 160 127 169 132 187 134 197 130 207 130 216 132 222 139 178 143 178 153 177 162 177 172 165 179 170 181 176 183 182 181 187 180 145 143 150 142 157 142 163 145 156 147 150 146 191 148 197 146 203 146 209 148 203 150 196 150 154 197 162 195 170 195 176 197 180 195 187 197 195 199 187 204 180 207 175 207 169 206 161 203 157 197 170 198 175 200 180 199 192 199 180 200 175 201 169 200
118 155 119 171 122 186 127 200 136 212 148 221 160 229 174 232 187 229 199 222 210 213 218 202 222 189 225 176 227 162 229 149 132 133 139 126 149 124 160 127 170 132 187 133 197 130 208 130 217 133 222 141 179 144 179 153 179 162 179 171 165 178 171 181 177 183 183 182 188 180 146 145 152 145 158 145 164 147 158 148 151 148 190 149 196 148 202 150 207 151 202 152 196 152 155 197 163 196 171 195 176 197 181 196 187 197 194 199 187 204 180 206 175 207 170 206 163 203 158 197 171 199 175 199 181 199 190 199 181 200 176 201 171 200
118 155 119 171 122 187 127 201 136 212 148 222 160 229 173 232 187 229 199 222 210 213 218 202 223 189 225 175 227 162 229 148 132 133 139 126 150 124 160 127 170 133 187 134 197 131 207 130 216 133 221 141 179 144 179 153 179 162 179 171 165 179 171 181 177 183 183 182 188 180 145 146 152 145 158 145 164 147 158 149 151 148 190 150 196 149 202 150 208 151 202 153 196 152 154 197 163 196 171 195 176 197 181 196 187 197 195 199 187 204 181 206 175 207 170 206 163 203 158 197 171 199 176 199 181 199 191 199 181 201 176 201 171 201
122 155 123 170 126 184 130 199 137 211 147 221 159 229 172 232 186 230 198 223 209 214 218 203 223 191 226 177 228 163 229 149 133 133 140 126 150 124 160 127 169 132 187 134 197 131 207 130 216 133 222 140 178 144 178 153 177 162 177 172 165 179 170 181 176 183 182 182 187 180 145 145 151 144 157 144 163 146 157 148 150 147 191 149 197 147 203 148 209 150 203 152 196 151 154 197 162 196 170 195 176 197 180 195 187 197 195 199 187 204 180 207 175 207 169 206 161 203 157 197 170 199 175 200 180 199 191 199 180 200 175 201 170 200
118 154 119 170 121 186 126 200 136 212 147 221 159 229 173 232 187 229 199 222 210 213 218 201 223 188 226 174 228 160 230 146 132 132 139 125 150 124 160 127 169 132 187 134 197 130 208 129 217 132 222 139 179 143 179 152 179 162 179 172 166 178 171 181 177 183 183 182 188 180 145 143 151 143 157 143 163 145 157 146 151 146 191 147 197 146 203 147 209 148 203 150 197 149 155 197 163 196 171 195 176 197 181 196 188 198 195 199 187 204 181 206 175 206 170 206 162 203 158 198 171 199 176 200 181 199 191 199 181 200 176 201 170 200
118 155 119 171 122 187 127 201 136 213 147 222 160 230 174 232 187 230 200 222 211 213 219 201 224 188 226 174 228 160 230 146 131 132 139 125 149 124 160 127 169 132 188 134 197 130 207 129 217 132 222 139 179 142 179 152 179 162 179 172 165 179 171 181 177 183 183 182 188 180 144 143 150 142 157 142 163 145 157 146 150 145 191 147 197 145 204 146 209 148 203 149 197 149 155 197 164 196 171 195 176 197 182 196 188 198 195 199 187 204 181 206 175 206 170 206 163 203 158 198 171 199 176 200 181 199 191 199 181 200 176 201 171 200
118 155 119 171 122 187 127 201 136 213 148 222 160 230 174 232 187 230 200 222 211 213 219 202 223 189 226 175 228 161 230 147 131 132 139 125 149 124 160 127 170 132 187 134 197 130 207 129 217 132 222 139 179 143 179 152 179 162 179 172 165 179 171 181 177 183 183 182 188 180 144 142 150 141 157 142 163 145 157 146 150 145 191 147 197 145 204 145 210 147 204 149 197 149 155 198 163 196 171 195 176 197 181 196 188 198 194 199 187 204 181 206 175 207 170 206 163 203 158 198 171 199 176 200 181 199 191 199 181 201 176 201 171 201
120 152 121 167 124 183 128 197 136 210 146 220 158 229 172 232 186 230 199 223 210 213 218 201 223 188 226 174 228 160 230 145 131 131 139 125 149 124 159 127 169 132 187 134 196 130 207 129 216 132 222 139 178 143 177 153 177 162 177 173 165 179 170 181 176 183 182 182 187 180 143 142 149 140 156 141 163 144 156 146 149 145 191 147 197 144 204 144 210 147 204 149 197 149 154 197 162 196 170 195 175 197 180 195 187 197 195 199 187 205 180 207 175 207 169 206 162 203 158 198 169 199 175 200 180 199 191 199 180 200 175 201 169 200
118 154 119 170 121 186 126 201 136 213 147 222 160 230 174 233 188 230 201 223 212 213 219 201 224 188 226 174 228 160 230 146 131 131 139 125 149 124 160 127 169 132 188 134 197 130 207 129 217 132 222 139 179 143 179 152 179 162 179 172 165 179 171 181 177 183 183 182 188 180 144 142 150 140 157 141 163 144 156 145 149 145 191 146 198 144 204 145 210 147 204 149 197 149 155 197 163 196 171 195 176 197 181 196 188 198 195 199 187 204 181 206 175 207 170 206 162 203 158 198 171 199 176 200 181 199 191 199 181 201 176 201 171 201
117 154 119 170 122 186 127 201 136 213 148 222 160 229 173 232 187 230 199 222 211 213 219 201 223 188 226 174 228 160 230 145 131 131 139 125 149 124 160 127 169 132 187 134 197 131 208 129 217 132 223 139 179 143 179 153 179 162 179 172 166 179 171 181 177 183 183 182 188 180 143 142 150 140 157 141 163 144 156 145 149 145 191 146 197 144 204 145 210 147 204 149 197 149 155 197 164 196 171 196 176 197 181 196 188 198 194 199 187 204 181 206 175 206 170 206 163 203 158 198 171 199 176 200 181 199 191 199 181 200 176 201 171 200
