137 161 138 177 140 193 144 208 153 221 164 232 177 241 191 245 206 243 218 235 229 225 237 213 242 200 245 186 248 172 250 159 153 138 161 132 172 132 183 135 193 140 209 142 220 139 230 139 239 143 244 150 201 151 200 160 200 170 199 180 185 186 191 189 197 191 203 190 208 189 165 149 171 147 178 148 184 152 177 153 171 152 212 156 219 153 226 154 232 157 226 159 219 158 174 206 182 204 190 203 195 205 201 204 207 207 213 210 206 216 199 218 194 218 188 216 181 213 177 207 189 207 194 209 200 208 209 210 200 211 194 211 189 210
137 161 138 177 140 193 144 208 153 222 164 233 177 242 191 245 206 243 218 235 229 225 236 213 241 199 245 185 248 172 251 158 153 138 162 132 172 131 183 135 193 139 209 141 220 139 230 139 239 142 244 149 201 150 201 160 200 169 200 179 186 185 191 188 197 191 203 190 208 188 165 148 171 147 178 148 184 152 178 152 171 152 213 155 220 152 227 153 232 156 226 158 219 158 174 207 182 203 190 202 195 204 201 203 207 207 212 211 206 217 200 219 194 219 188 218 181 214 178 207 189 207 195 208 200 208 209 211 200 212 194 212 189 211
137 160 138 176 140 192 144 208 153 221 164 232 177 242 192 245 206 243 218 235 229 225 237 212 242 199 245 185 248 171 251 157 153 137 161 132 172 131 183 134 193 139 210 141 220 139 230 138 239 142 244 149 201 150 201 160 200 169 200 179 186 185 192 188 197 191 203 190 208 188 165 148 172 146 178 147 184 151 178 152 171 151 213 155 220 152 227 153 232 156 226 158 220 157 175 207 183 203 190 202 195 204 201 203 207 206 212 211 206 217 200 219 194 219 188 218 181 214 178 207 189 206 195 208 200 207 209 211 200 212 194 212 189 211
137 161 138 177 140 193 144 208 153 221 164 233 177 242 192 245 206 243 218 235 229 225 237 213 241 199 245 185 248 172 251 158 152 137 161 131 172 131 183 134 193 139 210 141 220 138 230 138 239 142 244 149 201 150 201 159 200 169 200 178 186 185 191 188 197 190 203 190 208 188 165 148 171 146 178 147 184 151 178 152 171 151 213 155 220 152 227 153 232 156 226 158 219 157 174 207 182 203 190 202 195 204 201 203 207 206 212 211 206 217 199 219 194 219 188 218 181 214 178 207 190 206 195 207 200 207 209 211 200 212 194 212 189 211
137 160 138 177 140 193 144 208 153 221 164 232 177 241 191 245 206 243 218 235 229 225 237 212 241 199 245 185 248 171 251 157 153 137 161 131 172 131 183 134 193 139 210 141 220 138 230 138 240 142 245 149 202 150 201 159 201 168 200 178 186 185 192 188 197 190 203 189 208 188 165 148 172 146 178 147 184 151 178 152 171 151 213 155 220 152 227 153 232 156 226 158 220 157 175 206 183 203 190 201 195 204 201 203 207 206 213 211 206 217 199 219 194 219 188 218 181 214 178 207 190 206 195 207 200 207 209 211 200 212 194 212 189 211
137 160 138 176 140 192 145 207 153 221 164 232 177 241 191 245 206 243 218 235 229 225 236 213 241 199 245 185 248 171 250 157 153 137 161 131 172 130 183 134 193 139 210 141 220 138 230 138 239 142 244 149 202 150 201 159 200 168 200 178 186 185 192 188 197 190 203 189 208 187 165 148 172 146 179 147 184 151 178 152 171 151 213 154 220 152 227 153 232 156 226 158 220 157 174 206 182 203 190 201 195 204 201 203 207 206 213 211 206 217 199 219 193 219 188 218 181 214 178 207 189 206 195 207 200 207 209 211 200 212 194 212 189 211
137 160 138 177 140 193 145 208 153 221 164 232 177 241 191 245 205 243 218 235 228 225 236 213 242 199 245 186 248 172 250 158 153 137 162 131 172 130 183 133 193 138 210 140 220 138 230 138 239 141 244 148 201 149 201 159 200 168 200 178 186 184 191 187 197 190 203 189 208 187 165 147 172 146 179 147 184 151 178 151 171 151 213 154 220 151 227 152 232 156 226 158 220 157 174 206 182 202 190 201 195 203 201 202 207 206 212 211 206 217 199 219 193 219 187 218 180 214 178 206 189 205 194 207 200 207 209 210 200 212 194 212 189 211
137 160 138 176 140 192 145 207 154 221 165 232 177 241 191 245 205 243 218 235 228 224 236 212 241 199 245 185 248 172 250 158 153 137 161 131 172 130 183 133 193 138 209 140 220 138 230 138 239 141 244 149 201 149 201 159 200 168 200 178 186 184 191 187 197 190 203 189 208 187 165 147 171 146 178 146 184 151 178 151 170 151 213 154 220 151 227 152 232 155 227 157 220 157 174 206 182 202 190 201 195 203 200 202 207 206 212 210 206 217 199 219 193 219 187 218 180 214 178 206 189 206 194 207 200 207 208 210 200 212 194 212 189 211
137 160 138 176 140 192 145 207 154 220 164 232 177 241 191 245 205 243 218 235 228 224 236 213 241 199 245 186 248 172 250 158 153 136 161 131 172 130 183 133 193 138 209 140 220 138 230 138 239 141 244 148 201 149 200 158 200 168 199 178 186 184 191 187 197 190 203 189 208 187 164 147 171 145 178 146 184 150 177 151 170 151 213 154 220 151 227 152 232 155 227 157 220 157 174 206 182 202 190 200 195 203 200 202 207 206 212 211 206 217 199 219 193 219 187 218 180 214 178 206 189 206 194 207 200 207 208 210 200 212 194 212 188 211
137 160 138 176 140 192 145 207 154 220 164 232 177 241 191 245 205 243 217 235 228 225 236 213 241 199 245 186 247 172 250 159 152 137 161 131 172 130 183 133 193 138 209 140 220 137 230 137 239 141 244 148 201 149 200 158 200 168 199 178 186 184 191 187 197 190 203 189 208 187 165 147 171 145 178 146 184 150 177 151 170 151 213 154 220 151 227 152 232 155 226 157 219 156 174 205 182 202 190 201 195 203 200 202 206 206 212 210 205 216 198 218 193 218 187 217 180 213 178 206 189 206 194 207 199 207 208 210 199 211 194 211 189 210
137 159 138 175 141 191 145 206 153 220 164 231 176 241 191 245 205 243 217 235 228 225 236 213 241 200 245 186 248 172 250 158 153 136 161 130 172 130 183 133 193 138 209 139 220 137 230 137 239 141 244 148 201 149 200 158 200 167 199 177 186 184 191 187 196 189 202 188 207 187 165 147 171 145 178 146 184 150 177 151 170 151 213 154 220 151 226 152 232 155 226 157 219 156 174 205 182 202 189 201 194 203 200 202 206 206 212 210 205 216 198 217 193 217 187 216 180 212 178 206 189 206 194 207 199 207 208 210 199 210 194 210 188 209
138 159 139 176 141 191 146 207 154 220 165 232 177 240 191 244 205 242 218 235 228 225 236 213 241 200 245 186 248 173 250 159 152 137 161 130 172 129 182 132 192 138 210 139 220 137 230 137 239 141 244 148 201 148 200 158 200 167 199 177 186 184 191 187 197 189 202 188 207 186 164 147 171 145 178 146 184 150 177 151 170 150 213 154 220 151 227 152 232 155 226 157 219 156 174 205 182 202 190 201 194 204 200 203 206 206 212 210 205 215 198 216 193 216 187 215 181 211 177 205 189 206 194 207 199 207 209 209 199 210 194 210 189 208
137 158 137 174 140 190 144 205 153 218 164 230 177 239 191 243 205 241 218 233 228 223 236 211 241 198 245 184 248 171 250 157 152 137 160 130 171 129 183 132 193 137 209 140 220 137 230 137 240 140 244 148 201 149 201 158 200 167 200 177 186 184 191 187 197 189 203 188 208 187 164 147 171 145 178 146 184 150 177 151 170 150 212 154 219 150 227 151 232 155 226 157 219 156 174 204 183 203 191 202 195 204 200 203 206 206 213 209 205 213 199 215 193 215 188 214 181 210 177 204 190 206 194 207 199 207 209 209 199 209 194 209 190 208
137 158 138 174 141 190 145 206 154 219 164 230 177 239 191 242 205 241 218 233 229 223 236 212 241 198 245 185 248 171 250 157 153 136 161 130 172 129 183 132 193 137 210 139 220 137 230 136 239 140 244 148 201 148 201 158 200 167 199 177 186 184 191 187 197 189 203 188 208 187 165 146 171 145 178 146 184 150 177 150 170 150 213 153 220 150 226 151 232 154 226 157 219 156 173 203 182 202 190 202 195 204 200 203 206 206 213 209 205 213 198 214 193 214 188 213 181 209 177 204 189 206 194 207 199 207 209 208 199 208 194 209 189 207
137 159 138 175 140 191 145 206 153 219 165 231 177 239 191 243 205 241 218 234 228 224 236 212 241 199 245 185 248 172 250 157 152 136 161 130 172 129 183 132 193 137 210 139 220 136 230 136 239 140 244 147 201 148 200 158 200 167 199 177 186 184 191 186 197 189 202 188 207 186 165 146 171 145 178 145 184 150 177 150 170 150 213 153 219 150 226 151 232 154 226 156 219 156 173 204 182 202 190 201 195 204 200 203 206 206 213 209 205 214 198 216 193 216 187 214 180 210 176 204 189 206 194 207 199 207 209 208 199 209 194 209 189 208
136 158 137 174 140 191 145 206 153 219 164 231 177 241 191 244 205 242 217 234 228 224 236 212 241 198 245 184 248 170 250 156 152 136 161 130 172 129 183 132 193 137 209 139 220 136 230 136 240 140 244 148 201 148 201 158 200 167 200 177 186 183 191 186 197 189 203 188 208 186 165 146 171 145 178 146 184 150 177 150 170 150 213 153 220 150 227 151 232 154 226 156 219 156 173 204 181 201 189 200 194 203 200 202 206 205 212 209 205 216 199 219 193 219 187 217 180 213 176 205 189 205 194 206 199 206 208 209 199 211 194 212 188 211
137 158 138 174 141 190 145 206 154 220 165 232 176 241 190 245 205 243 217 234 228 224 236 211 241 198 245 184 248 170 250 156 153 136 161 130 172 129 183 132 193 137 209 139 220 137 230 136 239 140 244 148 201 148 201 158 200 167 199 177 186 183 191 186 197 189 203 188 208 186 165 147 172 146 178 147 184 150 178 151 171 150 212 153 219 151 226 153 231 155 225 157 219 156 174 205 182 202 189 200 194 203 200 202 206 205 211 210 205 217 198 220 193 220 187 219 180 214 178 206 189 205 194 206 199 206 207 210 199 212 193 213 188 211
139 159 140 175 142 191 147 206 155 220 165 231 177 241 191 245 204 243 216 235 227 225 235 213 241 199 245 186 248 172 250 158 155 137 162 130 173 129 183 131 193 137 209 139 220 136 230 137 239 141 244 149 201 149 200 158 199 167 198 176 186 184 191 186 196 189 202 188 206 187 167 149 173 148 180 149 185 151 179 152 173 152 212 155 218 154 225 156 230 158 224 160 218 158 176 206 183 202 190 201 194 203 199 202 205 206 210 211 204 217 198 219 193 219 187 218 181 213 179 206 189 206 194 207 199 207 206 210 198 211 193 212 189 210
139 159 141 175 143 191 148 207 156 220 166 232 177 241 190 245 204 243 216 236 227 226 235 213 240 200 245 186 248 172 250 158 154 136 162 130 172 129 183 131 192 136 209 139 220 136 230 136 239 140 244 148 201 149 200 158 199 167 198 177 186 184 191 187 196 190 201 189 206 187 166 148 172 147 179 147 185 150 178 151 172 151 212 154 219 153 225 154 230 156 225 158 218 157 177 207 184 203 191 202 195 204 199 203 205 207 209 212 204 217 198 219 193 219 188 218 182 214 180 207 190 207 194 208 199 208 206 211 198 211 194 212 189 210
138 160 139 176 142 192 147 207 155 221 165 233 177 242 190 246 204 245 216 237 226 226 234 214 240 201 245 187 248 173 250 158 154 136 161 129 172 128 183 131 192 136 209 138 220 136 230 136 239 140 244 148 201 148 200 157 199 167 199 176 186 184 191 187 196 189 201 188 206 187 166 147 172 146 178 146 184 149 178 150 171 150 212 153 219 151 225 153 231 155 225 157 218 156 177 207 184 203 190 202 194 204 199 203 205 207 209 212 203 217 197 219 193 219 188 218 182 214 180 207 190 206 194 208 198 208 205 211 198 211 194 212 189 210
137 158 139 175 141 191 146 207 154 221 165 233 177 243 190 247 204 245 216 237 227 226 235 213 241 200 245 186 248 171 250 157 153 135 161 129 172 128 183 131 193 136 209 138 220 136 230 136 239 140 244 147 201 148 200 157 200 166 199 176 186 183 191 186 196 189 202 188 206 186 165 146 171 145 178 146 184 149 177 150 171 150 212 153 219 151 226 152 231 155 225 157 219 156 176 207 182 203 189 201 194 203 199 202 204 206 209 212 203 218 197 220 192 220 187 219 181 214 179 207 189 206 193 207 198 207 205 211 198 212 193 212 188 211
137 158 138 175 141 192 146 207 154 222 164 235 176 245 189 249 203 247 216 239 226 227 235 214 241 201 245 186 248 172 250 157 152 136 160 129 171 128 182 131 192 136 209 138 219 136 230 136 239 140 244 147 201 148 200 157 199 166 198 176 185 183 190 186 196 189 201 188 206 186 164 146 171 145 178 146 184 149 177 150 170 150 212 153 219 150 226 152 231 155 225 156 219 155 174 207 181 202 189 200 193 202 199 202 205 206 210 212 204 220 197 223 191 224 185 222 179 217 177 207 188 205 193 206 198 206 206 211 198 215 192 216 187 214
137 160 138 177 141 193 146 209 154 223 164 236 176 247 190 251 204 248 216 239 227 228 236 214 241 200 246 186 248 172 250 157 152 136 160 129 171 128 182 131 192 136 209 138 220 136 230 136 239 140 244 147 201 148 200 157 199 166 199 176 185 183 190 186 196 188 202 187 207 186 164 147 171 145 178 146 183 149 177 150 170 150 212 153 219 150 226 152 231 154 226 156 219 155 172 207 180 201 188 199 194 202 199 201 206 205 210 212 204 221 197 225 191 225 185 224 177 218 176 207 188 204 193 205 199 206 207 211 198 217 192 217 187 216
136 161 137 178 140 194 145 210 154 224 164 237 176 246 190 250 204 248 217 240 227 228 235 216 241 202 245 187 248 173 250 159 151 136 160 129 171 128 182 131 192 136 209 138 219 136 230 136 239 140 244 147 201 148 200 157 199 166 199 176 185 183 190 186 196 188 202 187 207 186 164 146 170 145 177 145 183 149 176 150 169 149 212 153 219 150 226 151 231 155 225 156 219 155 171 206 179 200 188 199 193 201 200 200 206 204 211 211 205 221 198 225 191 225 185 223 177 217 174 206 187 204 193 205 199 205 207 211 198 216 192 216 186 215
136 161 137 178 139 194 145 209 153 223 163 235 175 245 188 249 203 247 216 239 227 228 235 216 241 202 245 188 248 173 250 159 151 136 160 130 171 129 182 131 192 137 208 139 219 136 229 136 239 140 243 148 200 148 199 157 199 166 198 176 184 183 190 186 196 188 202 187 207 185 163 147 170 145 177 146 183 150 176 150 169 150 212 153 219 150 226 152 231 155 225 156 218 156 171 205 179 200 188 198 193 201 199 200 206 204 212 211 205 219 197 222 191 222 185 220 177 215 174 205 187 204 193 205 199 205 208 210 198 213 192 213 186 212
136 160 137 176 139 192 145 207 153 221 163 233 175 242 189 246 203 244 215 236 227 226 235 214 241 200 245 186 247 172 250 158 151 136 160 130 171 129 182 132 192 137 209 139 219 137 230 137 239 141 243 148 200 149 200 158 199 167 198 177 184 183 190 186 196 189 202 188 207 186 163 147 170 145 177 146 183 150 176 150 169 150 212 153 219 151 226 152 231 155 225 156 218 156 172 204 179 200 188 199 193 201 199 201 206 204 211 209 205 217 197 221 191 221 185 220 177 214 175 205 187 204 193 205 199 205 207 209 198 214 192 214 186 213
138 158 139 174 141 190 146 206 154 219 164 231 176 240 190 244 204 242 216 234 227 224 235 212 241 199 245 185 247 171 250 157 151 136 160 130 171 129 182 132 192 137 208 139 219 136 229 136 238 140 243 147 200 148 199 158 199 167 198 177 184 183 190 186 196 189 202 188 207 186 164 147 170 145 177 146 183 150 176 151 169 150 212 153 219 151 226 152 231 154 225 157 219 156 173 205 181 202 189 201 193 203 199 202 205 205 210 210 204 216 197 218 191 218 186 217 179 213 177 205 188 205 193 206 198 206 207 209 198 211 192 211 187 210
137 158 139 174 141 190 146 205 154 218 165 230 177 239 190 243 204 241 217 233 227 223 235 211 240 198 244 184 247 170 250 156 151 137 159 130 170 129 182 132 192 137 208 139 219 136 229 136 239 140 244 148 200 148 199 158 199 168 198 178 184 184 190 187 196 189 202 188 207 186 163 147 170 145 177 146 183 150 176 151 169 150 212 153 219 151 225 152 231 154 225 157 218 156 174 204 182 202 189 201 193 204 198 203 204 206 211 210 203 215 197 217 192 217 187 215 180 211 177 205 188 206 193 207 198 207 207 209 198 210 193 210 188 209
138 158 139 174 141 190 146 205 154 219 164 230 176 239 190 243 204 241 217 233 228 223 236 212 241 199 245 185 247 171 249 157 152 137 160 130 171 129 182 132 192 137 208 139 218 136 229 136 238 140 243 148 200 148 199 158 198 167 198 177 184 183 190 186 195 189 201 188 207 186 164 147 170 145 177 146 183 150 176 151 169 150 211 153 218 151 225 152 231 155 225 157 218 156 173 205 181 202 189 201 193 203 198 202 205 206 211 210 204 215 197 217 192 217 186 216 179 211 177 205 188 206 193 207 198 207 207 209 198 210 193 210 188 209
137 158 137 174 140 190 144 205 153 219 163 231 175 240 189 244 204 242 217 234 228 223 236 211 241 198 245 184 247 170 250 156 151 136 160 130 171 129 182 132 192 137 208 139 219 137 229 137 238 140 243 148 200 149 199 158 198 167 198 177 184 184 190 187 195 189 201 188 207 186 163 147 170 145 177 146 183 150 176 151 169 150 212 153 218 151 225 152 231 155 225 157 218 156 172 205 180 202 188 200 193 203 199 202 205 205 211 210 204 216 197 218 192 218 186 217 178 212 176 205 188 205 193 207 198 207 208 209 198 211 192 211 187 210
136 161 137 177 139 193 143 208 152 221 164 232 176 241 190 245 205 242 218 234 229 224 237 213 242 199 245 185 248 171 250 157 151 136 160 130 171 129 182 132 192 138 208 140 219 137 229 137 238 140 243 147 200 148 200 158 199 167 199 177 185 183 190 187 196 189 202 188 207 186 164 147 170 146 177 146 183 150 177 151 170 150 212 153 219 151 225 152 231 155 225 157 218 156 172 205 180 201 189 200 194 202 200 201 207 205 212 209 205 216 198 219 192 219 186 218 178 213 176 205 188 204 193 205 199 205 208 209 199 212 193 212 187 211
136 159 137 175 140 191 144 206 153 220 163 231 176 241 190 244 204 242 217 234 228 224 236 212 241 199 245 185 247 171 250 157 151 136 160 130 171 129 182 132 192 138 208 140 219 137 229 137 238 141 243 148 200 149 199 158 199 167 198 177 184 183 190 186 196 189 202 188 207 186 163 147 170 145 177 146 183 150 176 151 169 150 212 153 218 151 225 152 231 155 225 157 218 156 172 205 180 200 189 199 194 201 199 201 206 204 212 209 205 217 198 220 192 220 186 218 178 214 175 205 188 204 193 205 199 205 208 209 198 213 193 213 187 212
137 159 138 175 141 191 146 206 154 220 164 232 176 241 190 245 204 243 216 234 227 224 235 212 241 199 245 185 247 171 250 157 151 136 160 130 171 129 182 132 191 137 208 139 219 137 229 137 238 141 243 147 200 149 199 158 199 168 198 178 184 183 190 186 196 189 202 188 207 186 163 147 170 145 177 146 183 150 176 151 169 150 212 153 219 151 226 152 231 155 225 157 218 156 172 205 179 200 188 199 194 201 200 200 206 204 212 209 205 217 198 220 191 221 185 219 177 214 175 205 187 204 193 205 199 205 208 209 199 213 192 213 186 212
136 160 138 176 140 192 145 207 153 220 164 232 176 242 190 245 204 243 216 234 227 224 235 212 241 199 245 185 247 171 249 157 151 136 160 130 171 129 182 132 191 137 208 139 219 137 229 137 238 141 243 148 200 149 199 159 198 168 198 178 184 183 190 186 196 189 202 188 207 186 163 147 170 145 177 146 183 150 176 151 169 150 212 153 218 151 225 152 231 155 225 157 218 156 172 205 179 201 188 199 193 201 200 200 206 204 211 210 205 218 198 221 192 221 185 220 177 215 175 206 187 204 193 205 199 205 208 210 199 214 192 214 186 213
136 159 137 175 140 191 145 206 153 220 163 232 175 241 189 245 203 243 216 234 227 224 235 212 241 199 245 185 247 171 250 157 151 136 160 130 171 129 181 132 191 137 208 139 219 137 229 137 238 141 243 148 200 149 199 158 199 167 198 177 184 183 190 186 196 189 202 188 207 186 163 147 170 145 177 146 183 150 176 151 169 150 212 153 218 151 225 152 231 155 225 157 218 156 171 206 179 201 188 199 193 202 200 201 206 204 211 210 205 218 198 221 191 221 185 220 177 215 174 206 187 204 193 205 199 205 207 210 198 214 192 214 186 213
137 159 138 175 140 190 145 206 153 220 163 232 175 241 189 245 203 243 215 235 226 225 235 213 241 200 245 186 248 172 250 157 151 136 160 130 171 129 182 132 191 137 208 139 219 137 229 137 238 140 243 147 200 149 199 158 198 167 198 177 184 183 190 186 195 189 202 188 207 186 163 147 170 145 177 146 183 150 176 151 169 150 211 153 218 151 225 152 231 155 225 157 218 156 171 206 179 201 188 199 193 201 199 200 206 204 211 211 205 218 198 222 191 222 185 221 177 216 175 206 187 204 193 205 199 205 207 210 198 214 192 214 186 213
137 158 138 174 140 190 145 205 153 219 164 231 176 240 189 244 204 242 216 234 227 224 236 212 241 198 245 184 248 170 250 156 152 136 160 130 171 129 182 132 191 137 208 139 218 137 229 137 238 140 243 147 199 148 199 158 198 167 198 177 184 183 189 186 195 189 202 188 207 185 163 147 170 145 177 146 183 150 176 151 169 150 211 153 218 150 225 151 231 154 225 157 218 156 172 205 180 201 188 199 193 202 199 200 206 204 211 209 205 217 198 220 192 220 185 219 178 214 176 206 187 205 193 206 199 206 208 209 198 212 193 212 187 211
137 158 138 174 140 190 144 205 152 219 163 230 176 239 190 243 204 241 217 234 228 223 236 211 241 198 245 184 248 170 250 156 151 136 160 130 170 129 181 132 191 137 208 139 218 137 229 136 238 140 243 148 200 148 199 158 199 167 198 177 184 183 190 186 196 189 202 188 208 185 163 146 170 145 177 146 183 149 176 150 169 150 211 153 218 150 225 152 231 154 225 156 218 156 173 204 181 201 189 199 194 202 199 201 206 204 211 209 204 215 198 217 192 217 186 215 179 211 177 205 188 205 193 206 199 206 207 209 199 209 193 209 187 208
136 158 136 174 139 190 144 205 152 219 163 230 175 239 189 243 203 242 216 234 227 224 235 212 241 198 244 184 247 170 250 156 151 136 159 130 170 129 182 132 191 137 208 139 219 136 229 136 238 140 243 147 200 148 199 158 199 167 198 177 184 183 190 186 196 189 202 188 207 186 163 146 170 145 177 146 183 149 176 150 169 150 211 153 218 150 225 152 231 154 225 157 218 156 173 204 181 201 188 200 193 202 199 201 205 205 211 210 204 215 197 216 192 216 186 215 179 211 176 205 188 205 193 206 198 206 207 209 198 209 192 209 187 208
136 157 137 173 139 189 144 204 152 218 162 231 174 240 188 245 203 243 216 234 227 224 236 211 241 198 245 183 248 169 250 155 151 136 159 129 171 128 182 132 191 137 208 139 219 136 229 136 238 140 243 147 200 148 199 158 199 167 198 177 184 183 189 186 195 189 202 187 207 185 163 146 170 145 177 146 183 149 176 150 169 150 211 153 218 150 225 151 231 154 225 156 218 155 172 204 180 201 188 199 193 202 199 201 205 204 210 209 204 216 197 218 191 218 185 217 178 212 176 205 187 205 192 206 198 206 207 209 198 211 192 211 186 209
136 159 137 175 139 191 144 207 152 220 163 232 174 242 188 246 203 243 215 235 227 225 235 213 241 199 245 185 247 171 249 157 151 136 159 130 170 129 181 131 191 137 208 139 218 136 229 136 238 140 243 147 199 148 199 158 198 167 197 177 183 182 189 186 195 189 201 187 207 185 163 147 169 145 176 146 182 150 175 150 168 150 211 153 218 150 225 151 230 154 225 156 218 155 171 205 179 200 187 199 193 201 199 200 206 204 211 210 204 218 197 221 191 221 184 220 176 214 174 205 187 204 192 205 198 205 207 210 198 214 192 214 186 213
137 157 137 173 140 189 144 205 153 219 163 231 175 241 188 244 203 243 216 234 227 224 235 211 241 198 245 183 247 169 250 155 151 136 159 130 170 128 181 131 191 137 208 139 218 136 229 136 238 140 243 147 199 148 198 158 198 167 197 177 183 183 189 186 195 189 201 188 206 186 163 146 169 145 176 146 182 149 176 150 169 150 211 153 218 150 225 151 231 154 225 156 218 155 171 204 179 202 187 201 192 203 198 202 204 205 210 210 203 217 196 219 190 219 185 218 177 213 175 205 187 205 192 206 197 206 206 209 197 212 191 213 186 211
138 158 139 174 141 190 145 205 153 219 163 230 175 239 189 243 204 241 217 233 227 223 235 211 240 198 244 184 247 171 249 156 151 136 159 130 170 128 181 131 191 137 208 139 218 136 229 136 238 140 243 148 199 148 198 158 198 167 197 178 183 184 189 187 195 189 201 188 206 186 163 146 169 145 176 146 182 150 175 151 168 150 211 153 218 150 225 151 231 154 225 157 218 156 172 204 180 202 188 202 193 204 198 203 204 206 211 209 203 214 196 216 191 216 185 214 179 210 175 204 187 206 192 207 197 207 207 209 197 210 192 210 187 209
137 158 138 174 140 190 144 206 152 219 163 231 175 239 189 243 204 241 216 233 227 224 235 212 241 199 244 185 247 171 249 157 151 136 159 130 170 128 181 131 191 137 208 139 218 136 229 136 238 140 243 148 199 148 198 158 198 167 197 177 183 184 189 187 195 189 201 188 206 186 163 146 169 144 176 145 182 150 176 150 168 150 211 153 218 150 225 151 231 154 225 156 218 156 172 204 180 202 188 202 193 204 198 203 204 206 211 209 203 215 196 217 191 216 185 215 178 211 175 204 187 206 192 207 197 207 207 209 197 210 192 210 187 209
136 157 137 174 139 190 144 205 152 219 163 231 175 240 189 244 204 242 216 234 227 224 235 212 240 198 244 184 247 170 249 156 151 136 159 130 170 129 181 132 191 137 208 139 218 137 229 136 238 140 243 148 199 148 199 158 198 168 197 178 184 184 189 187 195 189 201 188 206 186 163 146 170 145 176 146 182 150 176 150 169 150 211 153 218 151 225 152 230 155 224 157 218 156 172 204 180 202 187 201 192 203 198 203 204 206 210 210 203 216 196 218 190 218 185 217 178 212 175 205 187 205 192 207 197 207 207 210 197 211 191 212 186 210
136 159 137 175 139 191 144 206 152 220 163 232 175 241 189 245 203 243 216 235 227 225 235 213 240 199 244 185 247 171 250 156 151 136 159 130 170 129 181 132 191 137 208 139 218 137 229 136 238 140 243 148 199 149 199 158 198 167 197 177 184 183 189 186 195 189 201 188 206 186 163 147 170 146 176 146 182 150 176 151 169 150 211 153 218 151 225 152 230 155 224 157 218 156 171 204 179 201 187 200 193 203 198 202 205 205 211 210 204 217 197 220 190 220 184 218 177 213 174 205 186 205 192 206 198 206 207 210 197 213 191 213 186 211
135 163 136 179 138 194 143 209 152 222 163 232 175 241 189 245 203 243 216 236 228 227 237 216 242 202 246 188 248 174 250 161 153 137 161 130 171 129 182 132 191 137 208 139 218 137 229 137 237 141 242 148 200 150 199 159 198 167 198 176 184 184 189 187 195 189 201 188 207 187 165 150 171 149 178 149 183 152 177 153 171 153 210 156 217 155 223 156 228 158 223 160 216 159 170 204 179 201 187 200 193 202 199 202 206 205 212 210 205 217 197 220 191 220 185 218 177 214 174 204 187 204 192 205 198 205 208 210 198 213 191 214 186 212
135 163 136 179 138 195 144 210 153 222 164 233 176 242 190 245 204 243 216 236 228 227 236 215 242 202 246 188 247 175 250 161 153 137 160 131 171 129 182 132 191 138 208 140 218 137 229 137 238 141 242 149 200 150 199 159 198 167 198 176 184 184 189 187 195 189 201 188 207 187 165 150 171 149 177 150 183 152 177 153 171 153 210 156 217 155 223 157 228 158 222 160 216 159 171 204 179 201 187 200 193 202 199 202 206 205 212 210 205 217 197 220 191 219 185 218 177 214 174 204 187 204 192 205 198 205 208 209 198 213 192 213 186 212
135 162 136 178 138 194 144 209 152 222 164 233 175 241 189 245 204 243 216 236 228 226 236 215 242 202 245 187 247 173 250 159 152 136 160 130 170 129 181 132 191 138 208 140 218 137 229 137 238 141 242 149 199 149 199 158 198 168 197 177 184 184 189 187 195 190 201 189 206 187 164 149 171 148 177 149 183 151 177 152 170 152 210 155 217 154 223 155 229 157 223 159 217 158 171 204 179 201 187 200 193 202 199 202 206 205 212 210 205 217 197 219 191 219 185 218 177 213 174 205 187 204 192 205 198 205 208 209 198 213 192 213 186 212
136 161 136 177 138 193 143 208 152 220 163 231 175 240 189 244 203 242 216 235 227 225 236 214 242 201 245 186 247 172 250 158 152 136 160 130 171 129 181 132 191 138 208 140 218 137 228 137 238 141 242 148 200 149 199 159 198 168 198 178 184 184 189 187 195 190 201 189 206 187 164 148 170 147 177 148 183 151 177 152 170 151 211 154 217 153 224 154 229 157 224 158 217 157 171 204 179 201 188 200 193 202 199 202 206 205 212 209 204 216 197 218 191 218 185 217 177 212 174 204 187 204 192 205 198 205 208 209 198 212 192 212 186 211
136 160 136 177 139 192 143 207 152 220 163 231 175 240 189 244 204 242 217 235 228 225 236 214 242 200 245 186 247 172 250 158 152 136 160 130 171 129 181 132 190 138 208 140 218 137 228 137 237 140 242 148 200 149 199 159 198 168 198 177 184 184 189 187 195 189 201 189 207 187 164 148 170 147 177 148 182 151 176 152 169 151 211 154 217 152 224 154 229 156 224 158 217 157 171 204 179 201 188 200 193 202 199 201 206 205 212 209 205 215 197 217 191 217 185 216 178 212 174 204 187 204 193 205 199 205 209 209 198 211 192 211 186 210
136 160 137 177 139 192 143 207 152 220 163 231 175 240 190 243 204 242 217 234 228 225 237 213 242 200 245 186 247 172 250 158 152 135 160 130 171 129 181 133 190 138 208 140 218 137 228 137 237 140 243 147 199 149 199 159 198 168 197 178 184 184 189 187 195 190 201 189 207 187 164 148 170 146 176 147 182 150 176 151 169 151 211 154 218 152 224 153 230 156 224 157 217 157 171 204 179 200 188 200 193 202 199 201 206 205 212 209 205 215 198 217 191 217 185 215 178 211 174 204 187 204 193 205 199 205 209 209 198 211 192 211 187 210
136 161 136 177 138 192 143 207 152 220 163 231 175 239 190 243 204 241 217 234 228 224 236 212 242 199 245 185 247 171 250 157 152 136 160 130 170 129 181 133 191 138 208 140 218 137 228 137 237 140 242 148 200 149 199 158 199 168 198 177 184 184 190 187 196 190 202 189 207 187 164 148 170 146 176 147 182 150 176 151 169 151 211 154 218 152 224 153 230 155 224 157 218 157 172 204 180 201 188 201 193 203 199 202 206 205 212 209 204 215 198 216 192 216 186 215 178 211 175 204 188 205 193 206 198 206 209 209 198 210 192 211 187 209
135 161 136 177 138 192 143 207 152 219 163 230 176 239 190 243 204 241 217 234 228 224 237 213 242 199 245 185 247 171 250 157 152 136 160 130 170 129 181 132 190 138 208 140 218 137 229 137 238 140 243 148 200 149 199 158 199 168 198 177 184 184 190 187 196 189 201 189 207 187 163 148 170 146 176 147 182 150 176 151 169 151 211 154 218 152 225 153 230 155 224 157 218 157 172 203 180 202 188 202 193 204 198 203 205 206 212 209 204 214 197 215 191 215 186 214 179 210 175 204 188 206 192 207 198 207 208 209 198 209 192 209 187 208
136 161 137 177 139 192 143 207 152 219 163 230 176 238 190 242 204 240 217 233 228 224 237 212 242 199 245 185 247 171 250 157 151 137 159 130 170 129 181 133 190 138 208 140 218 137 229 137 238 141 243 148 200 149 199 158 199 168 198 178 184 184 190 187 196 190 202 189 207 187 163 148 170 146 176 147 182 150 176 152 169 151 211 154 218 151 225 153 230 155 225 157 218 157 172 203 181 202 189 202 193 204 198 203 205 206 212 209 204 213 197 214 192 214 187 213 180 209 175 204 188 206 193 207 198 207 208 208 198 208 192 209 188 208
136 160 136 176 139 191 143 206 151 219 163 230 175 238 189 242 204 241 217 234 229 224 237 213 242 199 245 185 247 171 250 157 152 137 160 130 170 130 181 133 191 139 208 140 219 138 229 137 238 141 243 148 200 149 199 158 199 168 198 178 184 185 190 187 196 190 202 189 207 187 164 148 170 147 177 147 182 151 176 152 169 151 211 154 218 152 225 153 230 155 225 157 218 157 173 204 181 202 189 202 193 204 199 203 206 206 212 209 204 213 197 214 192 214 187 213 180 209 176 204 188 206 193 207 198 207 209 208 198 208 193 209 188 207
136 160 137 176 139 191 143 206 152 219 163 230 176 238 190 242 204 240 218 233 229 224 237 213 242 200 245 185 247 171 250 157 152 137 160 130 170 130 181 133 190 138 208 140 219 137 229 137 238 141 243 148 200 149 199 159 199 168 198 178 184 185 190 188 196 190 202 189 207 187 164 148 170 146 177 147 182 151 176 152 169 152 211 154 218 152 225 153 230 155 225 158 218 157 173 204 181 202 189 202 193 204 199 204 205 206 212 209 204 213 198 214 192 214 187 213 180 210 176 204 188 206 193 207 199 207 208 208 198 209 193 209 188 208
136 159 137 175 139 191 143 206 152 218 163 229 176 237 190 241 204 239 217 232 229 223 237 212 242 199 245 185 247 171 250 157 152 137 160 131 170 130 181 133 191 138 208 140 219 138 229 138 238 141 243 148 200 149 200 159 199 168 199 178 184 185 190 188 196 190 202 189 207 187 164 148 170 146 177 147 183 151 176 152 169 152 211 154 218 152 225 153 230 155 225 158 218 157 173 204 181 202 189 202 194 204 199 204 206 206 212 209 205 213 198 214 192 214 187 213 180 210 176 204 189 206 193 207 199 207 209 208 198 209 193 209 188 208
137 159 138 175 140 190 145 205 153 218 163 229 175 237 189 241 204 239 217 232 228 223 236 212 241 199 244 186 247 172 249 158 151 137 159 131 170 130 181 133 190 138 208 140 219 138 229 138 238 141 243 148 199 149 199 159 198 169 197 179 184 185 189 188 195 190 201 189 207 187 163 148 170 146 177 147 183 151 176 152 169 151 211 154 218 152 225 153 231 156 225 158 218 157 172 204 181 202 189 202 193 204 199 203 205 206 212 208 204 213 197 214 192 214 187 213 179 209 175 204 188 206 193 208 198 207 208 208 198 208 193 209 188 207
137 158 137 174 139 190 144 205 152 218 163 228 175 237 189 241 204 239 216 233 228 223 236 212 241 199 245 185 247 171 249 157 151 137 159 131 170 130 181 133 191 139 208 141 218 138 229 138 238 141 243 148 199 150 199 159 198 169 198 179 184 185 189 188 195 190 202 189 207 187 164 148 170 146 177 147 183 151 176 152 169 152 211 155 218 152 225 153 231 156 225 158 218 157 172 203 181 202 189 202 194 204 199 203 205 206 212 208 204 213 198 214 192 214 187 213 179 209 175 204 188 206 193 208 198 207 209 208 198 208 193 209 188 207
136 159 137 175 139 191 144 205 152 218 163 229 176 237 190 241 204 239 216 232 228 223 236 212 241 199 244 186 247 172 249 158 151 138 159 131 170 130 181 133 191 138 208 141 218 138 229 138 238 141 243 148 200 150 199 159 199 169 198 178 184 185 190 188 196 190 202 189 207 187 164 148 170 146 177 147 183 151 176 152 169 152 211 155 218 152 225 153 230 156 225 158 218 157 172 203 181 203 189 202 194 204 199 204 205 206 213 208 204 212 198 214 192 214 187 212 180 209 175 204 188 206 193 208 198 207 209 208 198 208 193 208 188 207
136 160 137 176 139 191 144 206 153 218 164 228 177 237 190 240 204 238 217 232 228 223 236 212 242 199 245 185 247 171 249 157 152 137 160 131 170 130 181 133 190 139 208 141 218 138 229 137 238 141 243 148 200 149 199 159 199 169 198 179 184 185 190 188 196 190 202 189 208 187 164 148 170 147 177 148 183 151 177 152 170 152 211 154 218 152 225 153 231 155 225 158 218 157 172 203 181 202 189 202 194 204 199 203 206 206 213 208 205 212 198 213 193 214 188 213 180 209 175 204 189 206 193 207 199 207 210 208 199 208 193 209 189 208
136 159 137 175 139 191 144 205 152 218 163 228 176 237 190 240 205 238 217 231 228 222 236 211 241 198 245 185 247 172 249 158 151 138 159 131 170 130 181 133 191 139 208 141 218 138 229 138 238 141 243 149 200 150 199 159 199 169 198 179 184 185 190 188 196 190 202 189 207 187 163 148 170 147 177 148 183 151 176 152 169 152 211 155 218 152 225 153 230 156 225 158 218 157 172 203 181 202 189 202 194 204 199 204 205 206 213 208 204 212 198 213 192 213 187 212 180 209 175 204 189 206 193 207 198 207 209 208 198 208 193 208 188 207
136 159 137 175 139 191 143 206 152 219 163 229 176 237 190 240 205 239 218 232 229 223 237 212 241 199 244 185 247 171 250 157 151 137 159 131 170 130 181 134 190 139 208 141 218 138 229 138 238 141 243 148 200 150 199 159 199 169 198 179 184 185 190 188 196 190 202 189 208 188 163 148 170 147 177 148 182 152 176 152 169 152 211 155 218 152 225 153 230 156 225 158 218 157 172 204 182 203 189 203 194 205 199 204 205 206 213 208 205 212 198 214 193 214 188 212 180 209 175 204 189 206 194 207 199 207 209 208 198 208 193 209 189 208
136 160 137 176 139 192 144 206 152 219 163 229 176 237 190 240 204 238 217 232 228 223 236 212 241 199 245 186 247 172 249 158 151 138 159 131 170 130 181 134 190 139 208 141 218 138 228 138 238 141 243 148 199 150 199 160 199 169 198 179 184 185 190 188 196 190 202 189 207 188 163 148 169 147 176 148 182 152 176 152 169 152 211 155 218 152 225 153 231 156 225 158 218 157 172 204 181 203 189 202 194 205 199 204 205 206 213 208 204 212 198 214 192 214 187 213 180 209 175 204 188 206 193 207 199 207 209 208 198 208 193 209 188 207
136 160 137 176 139 192 144 206 153 219 165 229 177 237 191 240 204 239 217 232 229 223 237 212 242 199 245 185 247 171 249 157 152 137 160 131 170 130 181 134 191 139 208 141 218 138 229 138 238 141 243 148 200 150 199 160 199 169 199 179 184 185 190 188 196 191 202 190 208 188 164 148 170 147 177 148 183 152 176 153 169 152 211 155 218 152 225 153 231 156 225 158 218 158 172 204 181 203 189 203 194 205 199 204 206 206 213 208 205 212 198 214 193 214 188 213 180 209 175 204 189 207 193 208 199 207 209 208 199 208 193 209 189 208
136 160 137 176 139 192 143 206 152 219 163 229 176 237 190 240 205 239 217 232 228 223 236 212 241 199 245 185 247 172 249 158 151 138 160 131 170 131 181 134 191 139 208 141 218 138 228 138 238 141 243 149 200 150 199 160 199 169 198 179 184 185 190 188 196 191 202 189 208 188 163 148 170 147 177 148 183 152 176 153 169 152 211 155 218 152 225 153 230 156 225 158 218 158 172 204 181 203 189 203 194 205 199 204 206 206 213 208 205 212 198 214 193 214 187 213 180 209 175 204 189 206 194 208 199 207 209 208 199 208 193 209 188 208
136 160 137 176 139 192 143 206 152 219 163 229 176 237 190 240 205 239 217 232 228 223 236 212 241 199 244 185 247 171 250 157 151 137 159 131 170 130 181 133 190 138 208 141 218 138 229 138 238 141 243 148 200 150 199 159 199 169 199 179 184 185 190 188 196 190 202 189 208 188 163 148 170 147 176 148 182 151 176 152 169 152 211 155 218 152 225 153 230 156 225 158 218 157 172 203 181 203 189 203 194 205 199 204 206 206 213 208 205 212 198 213 193 214 187 212 180 209 175 204 189 206 194 208 199 207 209 208 199 208 193 208 188 207
136 160 137 176 139 192 144 207 153 219 165 229 177 237 191 240 205 239 218 232 229 223 237 212 242 199 245 185 247 172 249 158 152 137 160 131 171 130 181 134 190 139 208 141 218 138 228 138 237 141 243 148 200 150 199 160 199 169 199 179 184 185 190 188 196 191 202 190 207 188 163 148 170 147 177 148 182 152 176 153 169 152 211 155 218 152 225 153 230 156 225 158 218 158 172 204 181 203 189 203 194 205 199 204 206 206 213 208 205 212 198 213 193 214 187 213 180 209 175 204 189 206 193 207 199 207 209 207 199 208 193 209 188 208
136 159 136 175 138 191 143 206 152 218 164 228 177 237 191 240 205 238 217 232 228 223 236 211 242 198 245 185 247 171 249 157 152 137 160 131 170 130 181 134 190 139 208 141 218 138 229 138 238 141 243 148 200 150 199 160 198 169 198 179 184 186 190 188 196 191 202 190 207 188 163 148 170 147 177 148 182 151 176 153 169 152 211 155 218 152 225 153 230 156 225 158 218 157 172 204 181 203 189 203 194 205 199 204 206 206 213 207 205 212 198 214 193 214 188 213 180 210 175 204 189 207 193 208 199 207 210 208 199 208 193 209 188 208
135 160 136 176 138 191 143 206 152 218 164 228 177 236 190 240 204 238 217 231 228 223 236 212 242 199 245 185 247 171 250 157 151 137 160 131 170 131 181 134 190 139 207 141 218 138 228 138 238 141 243 148 200 150 199 160 199 169 198 179 184 185 190 188 196 191 202 190 207 188 163 148 170 147 176 148 182 152 176 153 169 152 211 155 218 152 225 153 230 156 225 158 218 158 172 204 181 203 189 203 193 205 199 204 205 206 212 208 205 212 198 214 192 214 187 213 180 210 175 204 189 206 193 208 199 207 209 208 198 208 193 209 188 208
136 160 136 176 138 192 143 207 151 219 163 229 176 237 190 240 204 238 217 232 228 223 236 212 241 199 244 186 247 172 249 158 151 137 159 131 170 131 180 134 190 139 208 141 218 138 228 138 237 141 242 148 199 150 199 159 198 169 198 179 184 185 190 188 196 190 202 189 207 188 163 148 169 147 176 148 182 152 175 153 168 152 211 155 218 152 225 153 230 156 224 158 218 157 171 204 181 203 189 202 194 205 199 203 206 206 213 208 205 212 198 214 193 214 187 213 179 210 174 204 188 206 193 207 199 207 209 208 198 209 193 209 188 208
136 160 136 176 138 192 143 206 152 219 164 229 176 237 190 240 204 239 217 232 228 223 236 212 242 199 245 185 247 171 250 157 152 137 160 131 171 131 181 134 190 139 208 141 218 138 228 138 237 141 242 148 199 150 199 160 199 169 198 179 184 185 190 188 196 191 202 190 207 188 163 148 170 147 176 148 182 151 176 152 169 152 211 155 218 152 225 153 230 155 225 158 218 157 171 204 181 203 189 203 193 205 199 204 206 206 213 208 205 213 198 214 192 214 187 213 179 210 174 204 188 206 193 208 199 207 209 208 198 208 193 209 188 207
136 159 137 175 139 191 143 206 152 219 163 229 175 237 189 240 204 239 217 232 228 223 236 212 241 199 244 185 247 171 249 157 151 137 159 131 170 131 181 134 190 139 208 141 218 138 228 138 237 141 243 148 199 150 199 160 198 169 197 179 184 185 189 188 195 191 201 190 207 188 163 148 169 147 176 148 182 152 175 153 168 152 211 155 218 152 225 153 230 156 225 158 218 157 172 204 181 203 189 203 194 205 199 204 205 206 212 208 205 212 198 214 192 214 187 213 180 209 175 204 188 206 193 208 198 207 209 208 198 208 193 209 188 207
