124 160 126 176 129 191 134 206 142 219 154 230 167 238 181 241 195 239 207 231 218 220 225 208 230 195 233 180 235 166 236 151 137 138 145 132 156 130 167 133 177 137 195 138 205 135 215 134 224 137 230 144 186 148 186 158 186 167 186 177 173 184 179 186 185 189 190 187 195 185 150 147 157 145 164 145 170 150 163 151 156 150 199 152 205 148 212 149 218 151 212 154 205 154 161 204 170 202 178 201 183 203 188 202 195 204 202 206 195 211 188 214 183 214 177 213 169 210 165 204 178 205 183 206 188 205 198 206 188 207 183 208 178 207
123 159 125 175 128 191 133 206 142 219 153 230 166 238 181 241 195 238 207 230 218 220 225 208 230 194 233 180 234 166 236 151 137 138 145 131 156 130 167 133 177 137 195 138 205 135 215 134 224 137 230 144 186 148 186 158 186 167 186 178 173 184 178 186 185 189 190 187 195 185 149 147 156 145 163 145 170 149 163 151 155 150 198 152 205 148 212 149 218 151 212 154 205 154 161 204 170 202 178 201 183 203 189 202 195 204 202 206 195 211 188 213 183 214 177 213 169 210 165 204 178 205 183 206 188 206 199 206 188 207 183 208 177 207
123 159 125 175 127 191 133 206 141 219 153 230 166 238 181 241 195 239 207 230 218 220 225 208 230 194 233 180 235 166 237 151 136 138 145 131 156 130 167 133 177 137 194 138 205 135 215 134 224 137 230 144 186 147 186 157 186 167 186 177 173 184 178 186 184 188 190 187 195 185 149 147 156 145 163 145 170 149 163 150 156 150 199 151 205 148 212 149 218 151 213 154 205 154 161 204 170 202 178 201 183 203 188 201 195 204 202 206 194 211 188 213 182 214 177 213 169 210 165 204 177 205 183 206 188 205 198 206 188 207 183 208 177 207
123 159 124 176 127 191 132 206 141 219 153 230 166 238 181 241 195 239 208 230 218 220 225 208 230 194 233 180 235 166 237 152 136 138 145 131 156 130 167 133 177 137 195 138 205 135 215 134 224 137 230 144 186 147 186 157 186 167 186 177 172 184 178 186 184 189 190 187 195 185 149 147 156 145 163 145 169 149 162 151 155 150 198 151 205 148 212 149 218 151 212 154 205 153 161 204 170 202 177 201 183 203 188 201 195 204 202 206 194 211 188 213 182 214 176 213 169 209 165 204 177 205 182 206 188 205 198 206 188 207 183 207 177 206
122 160 124 176 127 191 132 206 141 219 153 230 166 238 181 241 195 239 207 230 218 220 225 208 230 194 233 180 235 166 236 151 136 138 144 131 155 130 166 132 176 137 194 138 204 134 215 134 224 137 229 144 186 147 186 157 186 167 186 177 172 184 178 186 184 188 190 187 195 185 149 147 156 145 163 145 169 149 162 150 155 150 198 151 205 148 212 148 217 151 212 154 205 153 161 203 170 202 177 201 183 203 188 201 194 203 201 206 194 211 188 213 182 213 176 213 169 209 164 204 177 205 182 206 188 205 198 206 188 207 182 207 177 206
123 160 124 176 127 192 133 206 142 219 153 230 166 239 181 241 195 239 207 230 218 220 225 208 230 195 233 180 234 166 236 152 136 137 145 131 155 130 166 132 176 137 194 137 204 134 215 134 224 137 229 143 186 147 186 157 186 167 186 177 172 184 178 186 184 188 190 187 195 185 149 147 156 145 163 145 169 149 162 150 155 150 198 151 205 148 212 148 218 151 212 154 205 153 161 203 170 202 178 201 183 203 188 201 195 203 202 206 194 211 188 213 182 213 177 213 169 209 165 204 177 205 183 206 188 205 198 206 188 207 183 207 177 206
123 160 124 176 127 191 133 206 141 219 153 230 166 238 181 241 195 239 207 230 218 220 225 208 230 194 233 180 235 166 236 151 136 138 144 131 155 130 166 132 176 137 194 137 204 134 215 134 224 137 229 144 186 147 186 157 186 167 186 177 172 184 178 186 184 188 190 187 195 185 149 147 156 145 163 145 169 149 162 150 155 150 198 151 205 148 212 148 217 151 212 153 205 153 161 204 170 202 178 200 183 202 188 201 195 203 201 206 194 211 188 213 182 213 177 213 169 209 165 204 177 205 183 206 188 205 198 206 188 207 183 207 177 206
123 159 125 176 128 191 133 206 142 219 153 230 166 239 181 241 195 239 207 230 218 220 225 208 230 194 233 180 235 165 236 151 136 137 144 131 155 129 166 132 176 137 194 137 205 134 215 134 224 137 229 144 186 147 186 157 186 167 186 177 172 183 178 186 184 188 190 187 195 185 149 146 156 144 163 145 169 149 162 150 155 150 198 151 205 148 212 148 218 151 212 153 205 153 161 204 170 201 177 200 183 202 188 201 195 203 201 206 194 211 188 213 182 214 176 213 169 210 165 204 177 205 182 206 188 205 198 206 188 207 182 207 177 206
122 159 124 175 127 191 133 206 142 219 154 230 167 238 181 241 195 239 207 230 218 219 226 207 230 193 233 179 235 165 236 150 136 137 144 130 155 129 167 131 177 136 194 137 204 134 215 133 224 136 229 143 186 147 186 156 186 166 186 176 172 183 178 185 184 187 190 186 195 184 149 146 156 144 163 145 169 149 162 150 155 149 198 150 205 147 212 148 217 151 212 153 205 153 161 203 169 201 177 199 182 201 188 200 194 203 200 206 194 211 187 214 182 214 176 213 168 210 164 204 177 204 182 205 188 204 197 206 188 207 182 207 177 207
123 159 125 175 128 191 134 206 142 219 153 230 166 238 180 241 195 238 207 230 217 219 225 207 230 193 233 178 235 164 236 150 137 136 145 130 155 128 166 130 176 135 194 136 204 133 215 132 224 135 229 142 186 146 186 156 185 166 185 176 172 182 177 184 183 187 189 186 195 184 149 145 156 144 163 144 169 148 162 149 155 149 198 150 205 147 212 148 217 150 212 153 205 152 161 203 169 200 177 198 182 200 188 199 194 202 200 206 194 212 187 215 181 215 175 214 167 210 164 203 176 203 182 204 188 203 197 206 187 208 182 208 176 207
122 158 124 174 127 190 133 205 142 218 153 229 166 238 180 241 194 239 206 229 217 218 225 206 230 192 233 178 235 164 236 149 136 135 144 129 155 127 166 129 177 134 194 135 204 132 215 131 224 135 229 142 186 145 185 155 185 165 185 175 172 181 177 184 183 186 189 185 195 183 149 145 155 143 163 143 169 147 162 148 155 148 198 149 205 146 212 147 217 149 212 152 205 152 160 202 168 199 176 197 182 199 188 198 195 201 201 205 194 213 187 216 181 216 174 215 167 211 163 203 176 201 182 202 188 202 197 205 187 209 181 209 175 208
122 157 124 174 127 190 132 205 141 218 152 230 165 239 179 242 193 239 205 230 216 220 225 207 230 193 233 179 235 164 236 150 136 134 144 128 155 126 166 129 176 133 194 134 204 131 215 131 224 134 229 141 185 145 185 155 185 164 185 174 171 180 177 183 183 186 189 184 194 182 148 144 155 142 162 143 169 147 162 148 154 148 198 149 205 145 212 146 218 149 212 151 205 151 159 202 167 198 176 196 182 198 187 197 195 200 201 205 194 213 187 217 180 217 174 216 166 211 163 202 176 201 181 202 187 201 197 205 187 209 181 210 175 209
122 158 124 175 126 191 132 206 141 219 152 231 165 240 179 243 193 240 206 231 216 220 225 208 230 194 233 179 235 165 236 151 137 134 145 127 156 126 167 128 176 133 195 134 204 131 215 130 224 134 229 141 185 145 185 154 185 164 184 174 171 180 177 183 183 185 189 184 194 182 149 144 155 142 163 143 169 147 162 148 155 147 198 149 205 146 212 146 217 149 212 151 205 151 159 202 167 198 176 196 181 198 187 197 195 200 200 205 194 214 187 217 180 218 174 217 166 212 162 202 176 201 181 202 187 201 197 205 187 210 181 211 175 210
122 158 124 174 127 190 132 205 141 218 152 230 164 239 179 242 193 239 206 231 217 220 225 207 230 193 233 179 235 164 236 150 137 133 145 127 156 126 167 128 176 133 195 134 205 131 215 130 224 134 229 140 186 145 185 154 185 164 185 174 171 180 177 183 183 185 189 184 194 182 149 144 155 142 163 143 169 147 162 148 155 147 198 149 205 146 212 146 217 149 212 151 205 151 159 202 167 197 176 196 181 198 187 197 194 200 200 205 194 213 187 216 180 216 174 215 166 211 162 202 175 200 181 201 187 201 197 205 187 209 181 210 175 209
122 157 124 173 127 188 132 203 140 216 151 228 164 236 178 240 193 238 206 229 217 219 225 206 230 193 233 178 235 164 236 149 137 134 145 127 156 125 167 128 177 133 194 134 204 131 215 130 224 134 229 141 185 144 185 154 185 164 184 174 171 180 177 183 183 185 189 184 194 182 149 144 156 142 163 142 169 146 162 147 155 147 198 148 205 146 212 146 217 149 212 151 205 151 160 200 168 197 176 196 181 198 187 197 194 200 200 204 193 210 186 212 180 213 174 211 167 207 163 200 175 200 181 201 187 201 197 204 187 205 181 206 175 204
122 157 124 174 127 189 132 204 141 217 152 228 165 236 180 239 194 237 207 229 218 218 226 206 230 192 233 178 235 164 237 150 137 133 145 127 156 125 167 128 177 133 195 134 205 131 215 130 224 134 230 141 186 144 186 154 186 163 185 173 172 180 177 182 183 185 189 184 195 182 150 144 156 142 163 142 169 146 162 147 155 147 198 148 205 146 212 146 218 149 212 151 205 151 160 200 169 197 177 196 182 198 188 197 194 200 201 204 193 209 187 211 181 211 175 210 168 206 164 200 176 200 182 201 187 201 197 203 187 204 181 204 176 203
123 157 124 173 127 189 132 204 141 217 152 229 164 238 179 241 194 238 207 230 218 219 226 207 230 193 233 179 235 164 236 150 138 134 145 127 156 125 167 128 177 133 195 134 205 130 215 130 224 133 229 140 186 144 186 154 185 163 185 174 172 180 177 182 183 185 189 184 195 181 150 144 156 142 163 143 169 146 163 147 156 147 198 148 205 146 212 146 217 149 211 151 205 151 160 200 168 197 176 195 182 198 188 196 195 199 201 204 194 210 187 212 181 213 175 212 167 207 164 201 176 200 182 201 187 201 197 204 187 205 181 206 175 204
124 159 125 175 128 191 133 206 142 219 153 230 165 239 180 242 194 240 207 231 218 221 225 208 230 194 233 180 235 166 237 152 138 135 145 128 156 125 167 127 177 132 195 134 205 130 215 130 224 134 229 142 186 145 186 154 185 163 185 173 172 179 177 182 183 185 190 183 195 181 152 147 158 146 164 146 170 148 164 149 158 149 198 150 204 149 210 150 216 152 210 153 204 153 160 201 168 197 177 196 182 198 188 196 195 200 201 204 194 212 187 215 181 215 175 214 167 210 164 201 176 200 182 201 188 201 197 204 188 208 182 208 176 207
123 157 124 173 127 189 132 204 141 217 152 229 164 238 179 241 193 239 206 230 217 220 226 207 231 194 234 179 235 165 237 151 139 134 146 127 157 125 167 128 177 132 195 134 205 131 215 130 224 134 229 141 186 145 186 154 185 164 185 174 172 180 177 182 183 185 189 184 195 181 151 146 158 145 164 145 170 148 164 149 157 149 198 150 204 149 211 150 216 151 210 153 204 152 159 200 168 197 176 196 182 198 188 197 195 199 202 203 194 211 187 215 181 215 175 214 166 208 163 200 176 200 182 201 188 201 198 204 187 207 181 208 175 207
123 155 124 171 126 187 132 202 140 216 151 228 164 237 179 241 193 239 206 230 217 219 225 206 230 192 234 178 235 163 237 149 139 133 146 126 157 125 167 127 177 132 195 134 205 131 215 130 224 134 230 141 186 145 186 154 185 164 185 174 172 179 177 183 183 185 189 184 195 182 151 145 157 144 164 144 170 147 163 148 157 147 198 149 205 147 211 148 217 150 211 152 205 151 159 199 168 197 176 196 182 198 188 197 195 200 201 203 194 211 187 214 181 214 174 213 166 208 163 200 176 200 182 201 187 201 197 203 187 207 181 207 175 206
123 156 124 173 127 188 133 203 142 217 153 228 165 237 179 241 194 238 206 229 217 219 225 207 230 193 233 178 235 164 237 150 138 132 146 126 157 124 167 127 177 132 195 133 205 130 215 130 224 133 229 140 186 144 186 154 185 163 185 174 172 180 177 182 183 185 189 184 195 181 150 144 157 143 163 143 170 146 163 147 156 147 199 148 205 146 212 147 217 149 212 151 205 151 160 200 169 197 177 196 182 198 188 197 195 200 201 204 194 211 187 214 181 214 175 213 167 208 164 201 176 200 182 201 188 201 197 204 187 206 182 207 176 206
123 157 125 173 127 188 133 204 141 217 153 228 165 237 180 241 194 238 207 230 218 219 226 207 231 193 234 179 235 165 237 150 138 133 146 126 157 125 167 127 177 132 195 133 205 130 215 130 224 133 229 140 186 144 186 154 185 163 185 173 172 180 178 183 184 185 189 184 195 182 150 144 156 142 163 143 170 146 163 147 156 147 198 148 205 146 212 147 218 149 212 151 205 151 161 201 169 197 177 196 182 198 188 197 195 200 201 205 194 212 187 215 181 215 175 214 168 209 165 201 177 200 182 202 188 201 197 204 187 207 182 207 176 206
124 155 125 171 128 187 133 203 141 216 152 228 165 237 180 240 194 238 207 230 218 219 226 207 230 193 233 178 235 164 237 149 138 132 146 126 157 125 167 127 177 132 195 133 205 130 215 130 224 133 230 140 186 144 186 154 185 163 185 173 172 180 177 183 183 185 189 184 194 182 150 143 156 142 163 142 169 146 163 147 156 147 198 148 205 145 212 146 217 149 212 151 205 150 161 201 169 198 177 196 182 198 187 197 194 200 201 205 194 212 187 214 181 215 175 213 167 209 165 202 176 201 182 202 187 202 197 205 187 207 181 207 176 206
123 156 125 172 128 188 133 203 141 216 152 227 164 236 179 240 193 237 206 229 217 219 225 207 230 193 233 178 235 164 237 150 138 132 146 126 157 125 167 127 177 132 195 133 205 130 215 130 224 133 230 140 186 144 185 154 185 163 185 173 172 180 177 183 183 185 189 184 194 182 150 143 156 142 163 142 169 146 162 147 156 147 198 148 205 145 212 146 217 149 211 151 205 151 161 201 169 198 177 196 182 198 187 197 194 201 200 205 193 211 186 213 181 213 175 212 168 208 165 201 176 201 181 202 187 202 197 205 187 206 181 206 176 205
123 155 125 171 127 187 132 202 141 215 152 226 164 235 179 239 193 237 206 228 217 218 225 206 230 192 233 178 235 164 237 150 138 133 146 126 156 125 167 128 176 132 195 134 205 131 215 130 224 133 230 140 186 144 185 154 185 164 185 174 172 180 177 183 183 185 189 184 194 182 149 144 156 142 163 142 169 146 162 147 155 147 198 148 205 146 212 146 218 149 212 151 205 151 160 200 168 198 176 196 182 199 187 198 194 201 200 205 193 210 186 213 181 213 175 211 167 207 164 201 176 201 181 203 187 202 197 204 187 205 181 205 175 204
123 156 125 172 127 187 132 202 141 215 152 226 165 235 179 238 194 236 206 228 217 218 225 206 230 192 233 178 235 164 237 150 137 133 145 127 156 125 167 128 177 133 195 134 205 131 215 130 224 134 230 141 186 144 186 154 185 164 185 174 172 180 178 183 183 185 189 184 194 182 150 143 156 142 163 142 169 146 162 147 155 147 198 148 205 146 212 146 217 149 212 151 205 151 161 200 169 198 177 196 182 199 187 197 194 201 201 204 194 210 187 212 181 212 175 211 168 207 164 201 176 201 182 202 187 202 197 204 187 204 181 205 176 203
123 156 124 172 127 187 132 202 141 215 152 226 165 235 179 238 194 236 206 228 217 218 225 206 230 192 233 178 235 164 237 149 137 133 145 126 156 125 167 128 176 133 195 134 205 131 215 130 224 133 230 140 186 144 186 154 185 163 185 174 172 180 178 183 183 185 189 184 195 182 149 144 156 142 163 143 169 146 163 147 155 147 198 148 205 146 212 146 218 149 212 151 205 151 161 201 169 197 177 196 182 198 188 197 195 200 201 204 194 210 187 212 181 212 175 211 168 207 165 201 177 201 182 202 188 202 198 204 187 204 182 205 176 203
124 157 125 172 128 188 133 203 141 216 153 226 165 235 180 238 194 236 207 228 218 218 226 206 231 192 234 178 235 164 237 150 138 133 146 126 156 125 167 128 176 132 195 134 205 130 215 130 224 133 229 140 186 144 185 154 185 163 185 173 172 180 178 183 183 185 189 184 195 182 150 144 156 142 163 143 169 146 163 147 156 147 198 148 205 146 212 146 217 149 212 151 205 151 161 201 169 197 177 196 182 198 188 197 195 200 201 204 194 210 188 213 182 213 175 212 168 208 165 201 177 201 182 202 188 201 198 204 188 205 182 205 176 204
124 155 126 172 129 187 133 203 142 216 153 227 166 236 180 239 195 236 207 228 218 217 226 205 231 191 234 177 235 163 237 149 138 132 146 126 156 125 167 128 176 132 195 133 205 130 215 130 224 133 230 140 186 144 185 154 185 164 185 174 172 180 178 183 183 185 189 184 194 182 150 144 156 142 163 142 170 146 163 147 156 147 198 148 205 146 212 146 218 149 212 151 205 151 161 202 169 198 177 196 182 198 188 197 195 200 201 205 195 211 188 214 182 214 176 213 168 209 165 202 177 201 182 202 188 202 197 205 188 206 182 206 176 205
124 156 126 172 128 187 133 202 141 216 152 227 165 236 180 239 194 237 207 228 217 218 225 206 230 192 233 178 235 164 237 150 138 133 146 126 156 125 167 128 177 133 195 134 205 131 215 130 224 134 230 140 186 144 186 154 186 164 185 174 172 181 178 183 184 186 189 184 195 182 150 144 156 142 163 143 170 146 163 148 156 147 198 148 205 146 212 146 218 149 212 151 205 151 162 202 169 199 177 197 182 199 188 198 194 201 200 205 194 211 187 213 181 214 175 213 168 209 165 202 177 202 182 203 188 203 197 205 188 205 182 206 176 205
123 156 124 172 127 188 132 203 141 216 152 227 165 235 180 239 194 237 207 228 218 218 225 206 230 193 233 179 235 165 237 150 138 133 146 126 157 125 167 128 177 133 195 134 205 131 216 130 225 134 230 141 186 144 186 154 186 163 186 174 172 181 178 183 184 185 189 184 194 182 150 144 156 143 163 143 170 146 163 148 156 147 198 149 205 147 212 148 217 150 212 152 205 151 162 201 170 199 177 197 182 199 188 198 194 201 201 205 194 210 187 212 181 212 176 211 169 207 165 201 177 202 182 203 187 202 197 204 187 205 182 205 177 204
123 156 125 172 127 188 132 203 141 216 152 227 165 236 180 239 194 237 207 229 218 218 226 206 230 193 233 179 235 165 236 151 137 133 145 127 156 125 167 128 177 133 195 134 205 131 215 130 225 134 230 141 186 145 186 154 186 164 185 174 172 180 178 183 184 186 190 184 195 182 150 145 156 143 163 144 170 147 163 148 156 148 198 149 205 147 212 148 217 150 212 152 205 151 161 201 169 198 177 197 182 199 188 198 195 201 201 205 194 210 187 212 181 213 175 212 168 208 165 201 177 202 182 203 188 203 197 204 187 205 182 205 176 204
123 156 125 172 127 188 132 203 141 216 152 228 165 237 180 240 194 238 207 229 218 218 226 206 230 192 233 178 235 164 237 150 138 133 146 127 156 125 167 128 177 133 195 134 205 131 215 130 224 134 230 141 186 145 186 154 186 164 186 174 173 181 178 183 184 186 190 184 195 182 150 145 156 143 163 144 169 147 163 148 156 148 198 149 205 147 211 148 217 150 211 152 205 151 161 201 169 198 177 197 183 199 188 198 195 201 201 205 194 212 187 214 182 215 176 214 168 209 165 202 177 202 182 203 188 202 197 205 188 207 182 207 176 206
123 157 124 173 127 189 132 204 141 217 152 229 165 238 180 241 194 239 206 230 217 220 225 208 230 194 233 180 235 165 237 151 138 133 146 127 156 125 167 128 177 133 195 134 205 131 216 130 225 134 230 141 186 145 186 154 186 164 186 174 173 180 178 183 184 185 190 184 195 182 150 145 157 143 163 144 169 147 163 148 156 148 199 149 205 147 211 148 217 150 211 152 205 151 161 202 169 198 177 197 182 199 188 197 195 201 201 205 195 213 188 216 182 216 175 215 167 210 164 202 177 201 182 202 188 202 197 205 188 208 182 209 176 208
123 157 125 173 127 188 132 203 141 217 152 229 165 238 180 241 194 239 207 230 217 219 225 206 230 193 233 178 235 164 237 150 138 133 146 127 157 125 167 128 177 133 195 134 205 131 215 130 224 134 229 141 186 145 186 154 186 164 186 174 172 180 178 183 184 185 190 184 195 182 150 145 157 143 163 144 169 147 163 148 156 148 198 149 205 147 211 148 217 150 211 152 205 151 160 201 168 198 177 196 183 198 188 197 195 200 201 205 195 213 188 216 181 217 175 215 167 210 164 202 177 201 182 202 188 202 197 205 188 209 182 210 176 208
123 157 125 173 128 189 133 204 142 217 153 229 165 238 180 241 194 239 206 230 217 220 225 207 230 193 233 179 235 165 237 151 138 133 145 127 156 125 167 127 177 132 195 134 205 131 215 130 224 134 230 141 186 145 186 155 186 164 186 174 172 180 178 183 184 186 190 184 195 182 150 145 156 143 163 144 169 147 163 148 156 148 198 149 205 147 211 148 217 150 211 152 205 151 160 202 168 198 177 196 182 198 188 197 195 200 201 205 195 213 188 217 182 217 175 216 167 211 164 202 176 201 182 202 188 202 198 205 188 209 182 210 176 209
123 157 124 174 127 189 133 204 142 218 153 230 166 239 180 242 195 239 207 230 217 219 225 206 230 192 233 178 235 164 237 150 138 133 146 127 156 125 167 127 177 132 196 133 205 131 215 130 224 134 230 140 186 145 186 155 186 164 186 174 172 181 178 183 184 186 190 184 195 182 150 145 156 144 163 144 169 147 163 148 156 148 199 149 205 147 212 148 218 150 212 152 205 152 160 202 168 198 177 196 183 198 189 197 196 200 201 205 195 214 188 217 182 218 175 217 167 212 164 202 177 201 182 202 188 202 198 205 188 210 182 211 176 209
123 157 124 173 127 189 133 204 141 218 152 230 165 239 180 242 194 239 206 230 217 220 225 207 230 193 233 179 235 164 237 150 137 133 145 127 156 125 167 128 176 133 195 134 205 131 215 130 224 134 229 141 186 145 185 155 185 164 185 175 172 181 177 183 183 186 189 185 195 182 150 145 156 143 163 144 169 147 162 148 155 148 198 149 204 147 211 148 217 150 211 152 204 152 160 202 168 198 177 196 182 198 188 197 195 200 201 205 194 214 187 217 181 217 175 216 167 212 164 202 176 201 182 202 188 202 197 205 188 209 182 210 176 209
123 157 124 173 127 189 132 204 141 217 152 228 165 238 179 241 193 238 206 230 217 219 225 207 230 193 233 179 235 164 237 150 137 133 145 127 156 125 166 128 176 132 195 134 205 131 215 130 224 133 229 141 185 145 185 155 185 164 185 174 172 180 177 183 183 186 189 184 195 182 149 145 156 144 162 144 169 147 162 148 155 148 198 149 204 147 211 148 217 150 211 152 204 152 160 202 168 198 177 197 182 199 188 198 194 201 200 205 194 212 187 215 181 215 175 214 167 210 164 202 176 202 182 203 187 202 197 205 187 208 182 208 176 207
123 156 124 172 127 188 132 203 141 216 152 228 164 237 179 240 193 238 206 229 217 219 225 207 230 193 233 178 235 164 236 150 137 133 145 127 155 125 166 128 176 132 194 134 204 131 215 130 224 134 229 141 186 145 185 154 185 164 185 174 172 181 177 183 183 186 189 184 194 182 150 145 156 143 162 144 169 147 162 148 155 148 198 149 204 147 211 148 217 150 211 152 204 151 161 201 169 199 177 198 182 200 187 198 194 201 200 205 193 210 186 213 181 213 175 212 168 208 164 201 176 202 182 203 187 203 197 204 187 205 181 206 176 205
122 158 124 174 127 189 132 204 141 217 152 228 165 236 179 240 194 237 206 229 217 219 225 207 230 194 233 180 235 166 236 151 137 134 144 127 155 125 166 128 176 133 194 134 204 131 215 130 224 134 229 141 186 144 186 154 185 164 185 174 172 181 177 184 183 186 189 185 194 183 149 145 156 143 162 144 169 147 162 148 155 148 198 149 204 147 211 148 217 150 211 152 204 152 160 201 169 199 177 198 182 200 187 199 194 201 200 204 193 209 187 211 181 211 175 210 168 207 164 201 176 202 182 203 187 203 197 204 187 205 182 205 176 204
122 158 124 174 126 189 132 204 141 217 152 228 165 236 180 239 194 237 207 229 218 219 225 207 230 193 233 179 235 165 236 151 137 134 144 127 155 125 166 128 176 133 194 134 204 131 215 130 224 134 229 141 185 145 185 154 185 164 185 174 172 181 177 183 183 186 189 184 194 182 149 145 156 144 162 144 169 147 162 148 155 148 198 149 204 147 211 148 216 150 211 152 204 152 160 200 169 199 177 198 182 200 187 199 194 201 201 204 193 209 187 211 181 211 175 210 168 207 164 201 176 202 182 203 187 203 197 203 187 204 181 205 176 204
123 157 124 173 127 189 132 204 141 217 152 228 165 236 180 239 194 237 207 228 218 218 226 206 230 193 233 178 235 165 236 150 136 133 144 127 155 125 166 128 176 133 194 134 204 131 215 130 224 134 229 141 185 145 185 154 185 164 185 174 172 181 177 183 183 186 189 184 194 182 149 145 155 143 162 144 169 147 162 148 155 148 198 149 204 147 211 148 217 150 211 152 204 151 160 200 169 199 177 198 182 200 187 199 194 201 201 204 194 209 187 211 181 211 175 210 168 207 164 201 177 202 182 203 187 203 198 204 187 204 182 205 176 204
123 158 125 174 127 189 132 204 141 217 152 228 165 236 180 239 194 237 207 229 218 219 225 207 230 193 233 179 234 165 236 151 136 134 144 127 155 125 166 128 176 133 194 134 204 131 215 131 224 134 229 142 185 145 185 155 185 164 185 174 172 181 177 184 183 186 189 184 194 183 149 145 155 144 162 144 169 147 162 148 155 148 197 149 204 147 211 148 216 150 211 152 204 152 160 201 169 199 177 198 182 200 187 199 194 201 201 204 193 209 187 211 181 211 175 210 168 207 164 201 176 202 182 203 187 203 197 203 187 204 182 205 176 204
122 158 124 174 127 189 132 204 141 217 152 228 165 236 180 240 194 237 206 229 217 219 225 207 230 194 233 179 234 165 236 151 136 134 144 127 155 125 166 128 175 134 194 135 204 131 215 131 224 134 229 142 185 145 185 155 185 165 185 175 171 181 177 184 183 186 189 185 194 183 149 145 155 144 162 144 168 147 162 149 155 148 197 149 204 147 211 148 216 150 210 152 204 152 160 201 169 199 177 198 182 200 187 199 194 201 201 204 193 209 187 211 181 211 175 210 168 207 164 201 176 202 182 204 187 203 198 204 187 205 182 205 176 204
122 158 124 174 127 190 132 205 140 218 152 229 165 237 180 240 194 238 207 229 217 219 225 207 230 194 232 179 234 165 236 151 136 135 144 128 155 126 166 128 176 134 194 135 204 131 214 131 224 135 229 142 185 145 185 155 185 165 185 175 171 181 177 184 183 186 189 185 194 183 149 145 155 144 162 144 168 147 162 149 155 148 197 149 204 147 211 148 216 150 211 152 204 152 160 201 169 199 177 198 182 200 187 199 194 201 201 203 194 209 187 211 181 211 175 210 168 207 163 201 176 202 182 204 187 203 198 203 187 205 182 205 176 204
122 158 124 174 126 190 132 204 140 217 152 228 165 237 179 240 194 237 206 229 217 219 225 207 229 194 232 179 234 165 236 151 136 135 144 128 155 126 166 129 176 134 194 135 204 132 215 131 224 135 229 142 185 145 185 155 185 165 185 175 171 181 177 184 183 187 189 185 194 183 149 146 155 144 162 145 168 148 161 149 154 149 197 150 204 147 211 148 216 150 211 153 204 152 160 201 168 199 176 198 182 200 187 199 194 201 201 204 193 209 187 211 181 212 175 211 167 207 163 201 176 203 182 204 187 203 198 204 187 205 181 205 176 204
122 157 124 173 127 189 132 204 140 217 152 228 165 236 179 240 194 237 206 229 217 219 225 207 230 194 233 179 234 165 236 151 137 134 144 128 155 126 166 129 175 134 194 135 204 132 214 131 223 134 229 142 185 146 185 155 185 165 185 175 171 182 177 184 183 187 189 185 194 183 149 146 155 144 162 145 168 148 162 149 155 149 197 150 204 148 211 148 216 150 210 153 204 152 160 201 168 199 176 199 182 201 187 199 194 201 201 204 194 209 187 211 181 212 175 211 167 207 163 201 176 203 182 204 187 204 198 204 187 205 182 205 176 204
122 158 124 174 127 189 132 204 140 217 151 228 164 236 179 240 193 238 206 230 217 220 225 208 229 194 232 180 234 166 236 151 137 135 144 128 155 126 166 129 176 134 194 135 204 132 214 131 223 135 229 142 185 146 185 155 185 165 185 175 172 182 177 184 183 186 189 185 194 183 149 146 155 144 162 145 169 148 162 149 155 149 197 150 204 148 211 148 216 151 211 153 204 153 160 201 169 200 177 199 182 201 187 200 194 202 201 204 193 209 187 211 181 212 175 211 168 207 163 201 176 203 182 204 187 204 198 204 187 205 182 205 176 204
122 158 124 174 127 190 132 204 140 217 152 228 165 236 180 239 194 237 207 229 217 219 225 207 230 193 232 179 234 165 236 151 136 135 144 128 155 126 166 129 176 134 194 135 204 132 214 131 223 135 229 142 185 146 185 156 185 165 185 175 172 182 177 184 184 187 189 185 195 183 149 146 155 145 162 145 168 148 162 149 155 149 198 150 204 148 211 148 216 151 211 153 204 152 160 201 169 200 177 199 182 201 187 200 194 202 201 204 193 210 187 212 181 212 175 211 168 207 163 201 176 203 182 204 187 204 198 204 187 205 182 206 176 205
122 158 124 174 126 190 132 205 140 217 152 228 164 237 179 240 194 238 206 230 217 220 225 208 230 194 232 180 234 166 236 152 137 135 144 128 155 126 166 129 176 134 194 136 204 132 214 132 223 135 229 142 185 146 185 156 185 166 185 176 172 182 177 185 183 187 189 186 195 184 149 146 156 145 162 145 169 148 162 149 155 149 197 150 204 148 211 149 217 151 211 153 204 153 160 201 169 200 177 199 182 201 187 200 194 202 201 204 193 210 187 212 181 212 175 211 167 208 163 202 176 203 182 204 187 204 198 204 187 205 182 206 176 205
122 159 124 174 126 190 132 205 141 218 152 229 165 237 180 240 194 238 206 229 217 219 225 207 230 193 233 179 235 165 236 151 136 136 144 129 155 127 166 129 176 135 195 136 204 133 215 132 224 135 229 143 185 146 185 156 185 166 185 176 172 182 177 185 183 187 189 186 194 184 149 147 156 145 162 146 169 149 162 150 155 150 197 150 204 149 211 149 216 151 210 153 204 153 160 201 169 200 177 199 182 201 188 200 194 202 201 204 194 210 187 212 181 212 176 211 168 208 163 202 177 204 182 205 187 204 198 205 187 206 182 206 176 205
123 159 124 175 127 190 132 205 141 218 152 229 165 238 180 241 194 238 206 230 217 220 225 208 230 195 233 180 234 166 236 152 136 135 144 129 155 127 166 130 175 135 194 136 204 133 214 132 223 135 229 142 185 146 185 156 185 166 185 176 171 183 177 185 183 187 189 186 194 184 149 147 155 145 162 145 169 149 162 150 155 150 197 151 204 149 211 149 217 151 211 153 204 153 160 202 169 200 177 199 182 201 187 200 194 202 201 204 194 210 187 212 181 213 175 212 168 208 163 202 176 204 182 205 187 204 198 204 187 206 182 206 176 205
123 159 124 175 127 190 132 205 141 218 152 229 165 237 180 241 194 238 207 230 217 220 225 208 230 194 232 180 234 166 236 151 136 136 144 129 154 127 165 130 175 135 194 136 204 133 214 132 224 136 229 143 185 146 185 156 185 166 185 176 172 183 177 185 183 187 189 186 195 184 149 147 156 145 162 146 168 149 162 150 155 150 197 151 204 148 211 149 216 151 211 153 204 153 160 202 169 200 177 200 182 202 188 200 194 202 201 205 194 210 187 212 181 213 175 212 168 208 163 202 176 204 182 205 187 204 198 205 187 206 182 206 176 205
123 159 125 174 127 190 132 205 141 218 153 229 165 238 180 241 194 238 206 230 217 220 225 208 230 194 233 180 235 166 236 152 136 136 144 129 155 127 166 130 175 135 194 136 204 133 214 132 223 136 229 143 185 146 185 156 185 166 185 176 171 183 177 185 183 187 189 186 195 184 149 147 155 145 162 146 169 149 162 150 155 150 197 151 204 149 211 149 216 151 211 154 204 153 160 202 168 200 177 200 182 202 187 201 194 203 201 205 193 210 187 213 181 213 175 212 167 208 163 202 176 204 182 205 187 204 198 205 187 206 181 206 176 205
123 158 125 174 127 190 132 205 141 218 152 229 165 238 180 241 194 238 207 230 218 219 225 207 230 193 233 179 234 165 236 151 136 136 144 129 155 128 165 130 175 135 194 136 204 133 214 133 223 136 229 143 185 146 185 156 185 166 185 176 171 183 177 185 183 188 189 186 195 184 149 147 155 145 162 146 169 149 162 150 155 150 197 151 204 148 211 149 216 151 211 154 204 153 160 202 169 201 177 200 182 202 187 201 194 203 201 205 194 210 187 213 181 213 175 212 168 208 163 202 176 204 182 205 187 205 198 205 187 206 182 207 176 205
123 158 124 174 127 189 132 204 141 217 152 229 165 237 179 240 194 238 207 230 217 219 225 207 230 193 232 179 234 165 236 150 136 136 144 129 155 128 165 130 175 135 194 136 204 133 214 133 223 136 229 143 185 147 185 156 185 166 185 176 171 183 177 185 183 188 189 186 195 184 149 147 155 145 162 146 168 149 162 150 155 150 197 151 204 149 211 149 217 151 211 154 204 153 159 202 168 200 176 200 182 202 187 201 194 203 201 205 193 210 187 212 181 213 175 212 167 208 163 202 176 204 181 205 187 204 198 205 187 206 181 206 176 205
122 159 124 175 127 190 132 205 141 218 152 229 165 237 179 240 194 238 206 230 217 220 225 208 229 195 232 180 234 166 236 152 136 136 144 129 154 128 165 130 175 135 194 136 204 133 214 133 223 136 229 143 185 146 185 156 185 166 185 176 171 183 177 185 183 188 189 186 195 184 149 147 155 145 162 146 168 149 162 150 155 150 197 151 204 148 211 149 216 151 211 154 204 153 160 202 169 201 177 200 182 202 187 201 194 203 201 205 193 210 187 212 181 213 175 212 168 208 163 202 176 204 182 205 187 204 198 205 187 206 182 206 176 205
123 159 124 175 127 190 132 205 141 218 152 229 165 237 180 241 194 238 206 230 217 220 224 207 229 194 232 180 234 166 235 151 136 136 143 129 154 128 165 130 175 135 194 136 204 133 214 133 223 136 229 143 185 146 185 156 185 166 185 176 171 183 177 185 183 187 189 186 195 184 148 147 155 145 162 146 168 149 161 150 154 150 197 151 204 149 211 149 216 151 211 154 204 153 160 202 168 201 176 200 182 202 187 201 194 203 201 205 193 210 186 212 181 212 175 212 167 208 163 202 176 204 181 205 187 204 197 205 187 206 181 206 176 205
123 159 124 175 127 190 132 205 141 218 152 229 165 237 179 240 193 238 206 230 217 220 224 208 229 195 232 180 234 166 235 152 136 136 144 129 154 127 165 130 175 135 194 136 204 133 214 132 223 136 229 143 185 146 185 156 184 166 184 177 171 183 177 185 183 188 189 186 194 184 149 147 155 145 162 145 168 149 161 150 154 150 197 151 204 148 210 149 216 151 210 153 204 153 160 202 168 200 176 200 182 202 187 200 194 202 201 205 193 210 186 212 181 213 175 212 167 208 163 202 176 204 181 205 187 204 197 205 186 206 181 206 175 205
122 159 124 175 127 191 132 205 141 218 152 229 165 237 179 240 194 238 206 230 217 220 225 208 229 194 232 180 234 166 235 151 135 136 143 129 154 128 165 130 175 135 194 136 204 133 214 133 223 136 228 143 185 146 185 156 185 166 185 176 171 183 177 185 183 187 189 186 194 184 149 147 155 145 162 145 168 149 161 150 154 150 197 151 204 148 210 149 216 151 210 154 204 153 159 202 168 201 176 200 182 202 187 200 194 203 201 205 193 210 186 212 181 212 175 212 167 208 163 203 176 204 181 205 187 204 197 205 187 206 181 206 176 205
122 158 124 174 126 190 131 204 140 217 151 229 164 237 179 240 193 238 206 230 217 219 225 207 229 193 232 179 234 165 235 150 135 136 143 129 154 127 165 130 175 135 194 136 204 133 214 132 223 136 229 143 185 146 185 156 185 166 185 176 170 182 176 185 183 187 189 186 195 184 148 146 155 145 162 145 168 148 161 150 154 149 197 150 204 148 211 149 216 151 210 153 204 153 159 202 168 200 176 200 181 202 187 201 193 203 200 205 193 210 186 212 181 213 175 212 167 208 163 202 176 204 181 205 187 204 197 205 186 206 181 206 175 205
122 158 123 174 126 190 132 205 140 218 151 229 164 237 178 240 193 238 205 230 216 220 224 208 229 194 232 179 233 165 235 150 135 136 143 129 154 127 165 130 175 135 194 136 204 133 214 132 223 136 228 143 185 146 184 156 184 166 184 177 171 182 176 185 183 188 189 186 194 184 148 147 155 145 162 145 168 149 161 150 154 150 197 151 204 148 210 149 216 151 210 153 204 153 159 202 168 201 176 200 181 202 187 201 193 203 200 205 193 210 186 212 180 213 175 212 167 208 163 202 176 204 181 205 186 204 197 205 186 206 181 206 175 205
122 159 123 175 126 191 132 205 141 218 152 229 165 238 179 241 194 239 206 230 217 220 225 207 229 194 232 179 234 165 236 150 135 136 143 129 154 127 165 130 175 135 194 136 204 133 214 132 223 136 228 143 185 146 185 156 185 166 185 176 171 183 177 185 183 188 189 186 194 184 148 146 155 145 161 145 168 148 161 150 154 149 197 150 204 148 210 149 216 151 210 153 204 153 159 202 168 200 176 200 182 202 187 200 194 202 201 205 193 210 186 212 181 213 175 212 167 208 163 202 176 204 181 205 187 204 197 205 187 206 181 206 175 205
122 158 123 174 126 190 131 205 140 218 151 229 164 238 179 241 194 238 206 230 217 220 225 207 229 193 232 179 234 165 236 150 136 136 143 129 154 127 165 130 175 135 193 136 203 133 214 133 223 136 228 143 185 146 185 156 185 166 185 176 171 183 177 185 183 187 189 186 195 184 148 146 155 145 162 145 168 149 161 150 154 150 197 151 203 148 210 149 216 151 210 153 203 153 160 202 168 201 176 200 182 202 187 201 194 203 200 205 193 210 187 212 181 213 175 212 167 208 163 203 176 204 181 205 187 204 197 205 187 206 181 206 176 205
122 158 124 174 127 190 132 205 141 218 152 229 165 238 180 241 194 238 207 230 217 219 225 207 229 193 232 179 234 165 236 150 136 136 143 129 154 128 165 130 175 135 193 136 203 133 214 132 223 136 228 143 185 146 185 156 185 166 185 177 171 183 177 185 183 188 189 186 195 184 148 147 155 145 161 146 168 149 161 150 154 150 197 151 204 148 210 149 216 151 210 153 203 153 160 202 168 200 176 200 181 202 187 201 194 203 200 205 193 210 186 212 181 213 175 212 167 208 163 203 176 204 181 205 187 205 197 205 186 206 181 206 175 205
122 158 123 174 126 190 132 205 141 218 152 229 165 238 179 241 194 238 206 230 217 220 224 207 229 193 232 179 234 165 235 150 135 136 143 129 154 128 165 130 175 135 194 136 204 133 214 133 223 136 228 143 185 146 185 156 185 166 185 176 171 183 177 185 183 188 189 186 195 185 148 146 154 145 161 146 168 149 161 150 154 150 197 151 204 149 210 149 216 151 210 153 204 153 159 202 168 201 176 200 182 202 187 201 194 203 200 205 193 210 187 212 181 213 175 212 167 208 163 203 176 204 181 205 187 205 197 205 187 206 181 207 175 205
122 158 123 174 126 190 132 205 141 218 152 229 165 238 179 241 194 239 206 230 217 220 225 208 229 194 232 179 234 165 236 150 135 136 143 129 154 128 165 131 175 135 194 137 204 133 214 133 223 136 229 143 185 146 185 156 185 166 185 177 171 183 177 185 183 188 189 186 195 184 148 147 154 145 161 146 168 149 161 150 154 150 197 151 204 148 210 149 216 151 210 154 204 153 160 202 168 201 176 200 182 202 187 201 194 203 200 205 193 211 186 213 181 213 175 212 167 208 163 203 176 204 181 205 187 205 197 205 187 206 181 207 176 206
122 158 123 174 126 190 132 205 140 218 152 229 165 238 179 241 194 238 206 230 217 220 225 207 229 194 232 179 234 165 235 151 136 136 144 129 155 128 165 131 175 135 194 137 204 133 214 133 223 136 229 144 185 147 185 157 185 167 185 177 171 183 177 186 183 188 189 187 195 184 148 147 155 145 162 146 168 149 161 150 154 150 197 151 204 149 211 149 216 151 210 154 204 153 160 202 168 201 176 200 182 202 187 201 194 203 200 205 193 211 186 213 181 213 175 212 167 209 163 203 176 204 181 205 187 205 197 205 187 206 181 207 176 206
122 158 124 175 126 190 132 205 141 218 152 229 165 238 179 241 194 239 207 230 217 220 225 207 230 194 232 179 234 165 236 150 136 135 144 129 155 128 165 131 175 136 194 137 204 134 214 133 223 136 229 143 185 147 185 157 185 167 185 177 171 183 177 186 183 188 189 187 194 184 149 146 155 145 162 145 168 149 161 150 154 149 197 151 204 148 211 149 216 151 211 153 204 153 160 202 168 201 176 200 182 202 187 201 194 203 201 205 193 211 186 213 181 213 175 212 167 209 163 203 176 204 181 206 187 205 197 205 187 206 181 207 176 206
122 158 124 174 127 190 132 205 141 218 152 229 165 238 180 241 194 238 206 230 217 220 225 208 229 194 233 179 234 165 236 150 136 135 144 128 155 128 166 131 175 136 194 137 204 134 214 133 223 136 229 142 185 146 185 157 185 166 185 177 171 183 177 186 183 188 189 187 194 185 148 146 155 144 162 145 168 149 161 150 154 149 197 151 204 148 211 148 217 151 211 153 204 153 159 202 168 201 176 200 182 202 187 201 194 203 201 205 193 211 186 213 181 213 175 212 167 208 163 203 176 204 181 205 187 205 197 205 186 206 181 207 176 206
122 158 124 174 126 190 132 205 141 218 152 229 165 237 180 241 194 238 207 230 217 220 225 207 230 194 233 179 234 165 236 150 136 136 144 129 155 127 166 130 175 136 194 137 204 133 214 133 224 136 229 143 185 146 185 156 185 166 185 177 171 183 177 186 183 188 189 186 195 184 149 146 155 144 162 145 169 148 162 150 154 149 197 150 204 148 211 148 217 151 211 153 204 153 160 202 168 201 177 200 182 202 187 201 194 203 201 205 194 211 187 213 181 213 175 212 167 208 163 203 176 204 182 205 187 205 198 205 187 206 182 207 176 206
122 158 124 174 127 190 132 204 141 217 153 228 165 237 180 240 194 238 207 230 217 219 225 207 230 193 232 179 234 165 236 150 136 135 144 129 155 128 166 131 176 136 194 137 204 134 214 133 224 136 229 143 185 146 185 156 185 166 185 177 171 183 177 185 184 188 190 186 195 184 149 146 155 144 162 145 169 149 162 150 155 149 198 151 204 148 211 148 217 151 211 153 204 153 160 202 169 201 177 200 182 202 187 201 194 203 201 205 193 210 187 213 181 213 176 212 168 208 163 203 177 204 182 205 187 205 198 205 187 206 182 207 176 206
122 158 124 174 127 190 132 205 141 218 152 229 165 238 180 241 195 238 207 230 218 220 225 207 230 194 233 179 235 165 236 151 136 136 144 129 155 128 166 130 176 135 194 137 204 133 215 133 224 136 229 143 186 146 186 157 186 166 186 177 171 183 177 186 184 188 190 187 195 185 149 146 155 144 162 145 169 149 162 150 155 149 197 151 204 148 211 148 217 151 211 153 204 153 160 202 169 201 177 200 182 202 187 201 194 203 201 205 194 211 187 213 181 213 176 212 168 209 164 203 177 204 182 205 187 205 198 205 187 206 182 207 176 206
