127 158 129 174 131 189 136 203 144 216 155 227 167 236 181 239 195 237 208 229 220 219 228 207 233 194 236 179 238 165 239 151 139 134 146 128 156 126 167 129 176 134 194 135 204 132 215 131 225 134 231 142 186 145 185 155 185 164 185 174 172 181 178 184 184 186 190 185 195 183 151 145 157 143 164 144 170 147 164 149 157 149 199 149 206 146 213 147 218 150 213 152 206 152 163 202 170 199 178 198 183 200 188 198 195 201 202 205 195 210 188 212 182 212 176 211 169 208 166 203 177 202 182 203 188 203 198 205 188 205 182 205 177 204
126 157 128 173 131 188 136 203 144 216 155 227 166 236 180 240 195 238 207 229 219 219 227 207 232 193 236 179 238 165 240 150 138 134 146 127 157 126 167 129 177 134 194 135 204 132 215 131 225 134 231 141 186 145 186 155 185 164 185 174 172 181 178 183 184 186 190 184 195 182 151 145 157 143 164 143 170 147 164 148 156 148 199 149 206 146 213 147 218 149 213 152 206 152 163 203 170 198 177 196 182 199 188 197 195 201 201 205 194 212 187 215 181 215 175 214 168 210 166 203 177 201 182 202 188 202 197 205 187 207 182 208 176 207
127 158 128 174 131 190 136 204 144 217 155 228 167 237 181 240 195 238 208 230 219 220 227 208 232 194 235 180 238 165 239 151 139 134 146 127 157 126 167 129 177 133 195 135 205 132 215 131 225 135 231 142 186 145 186 154 185 164 185 174 172 181 178 183 184 186 190 184 195 182 151 145 157 143 164 143 170 147 164 148 157 148 199 149 206 146 213 147 218 150 213 152 206 152 163 203 170 198 177 196 183 199 188 197 195 201 201 205 195 212 188 215 181 215 175 214 168 210 166 203 177 201 182 202 188 202 197 205 188 207 182 208 176 207
128 157 129 173 132 189 137 204 145 217 156 228 167 236 181 239 195 237 207 229 218 219 227 207 232 194 236 180 238 165 240 150 139 134 146 127 157 126 167 129 177 134 194 135 205 132 215 131 225 135 231 142 186 145 185 155 185 164 184 174 172 181 177 184 183 186 190 184 195 182 151 145 157 143 164 143 170 147 164 149 157 148 199 149 206 146 213 147 219 149 213 152 206 152 163 203 170 198 177 196 182 198 188 197 195 200 201 205 195 212 187 215 181 215 175 214 168 210 166 203 177 201 182 202 188 202 198 205 188 207 182 208 176 207
127 157 128 173 131 188 136 203 144 216 155 227 167 237 181 240 195 238 208 229 219 219 227 207 232 193 236 179 238 165 239 150 139 133 147 127 157 126 168 129 177 133 195 135 205 132 215 131 225 134 231 141 186 145 185 155 185 164 184 174 172 181 178 183 184 186 189 184 195 182 151 145 157 142 165 143 170 147 164 148 157 148 199 149 206 146 213 146 219 149 213 152 206 152 163 203 170 198 177 196 183 199 189 197 195 200 201 205 195 212 188 215 182 215 176 214 168 210 166 203 177 201 182 202 188 202 198 205 188 207 182 208 176 207
127 158 129 174 132 189 136 204 144 217 155 228 166 237 180 240 194 238 207 230 218 220 227 208 232 195 236 180 238 166 240 151 139 134 147 127 157 126 167 128 177 133 195 134 205 131 216 131 225 134 231 141 186 145 185 154 185 164 184 174 172 180 178 183 183 186 189 184 195 182 151 145 157 142 164 143 170 147 164 148 157 148 199 149 206 146 213 146 219 149 213 152 206 151 163 203 169 198 177 196 182 198 188 197 195 200 201 205 195 212 188 215 181 215 175 214 168 210 166 203 177 201 182 202 188 202 198 205 188 207 182 208 176 207
127 157 128 173 131 189 136 203 144 216 155 227 167 236 181 239 195 237 207 229 218 219 227 207 232 193 236 179 238 165 239 150 139 133 147 127 157 125 168 128 177 133 195 134 205 131 215 131 225 134 231 141 186 145 185 154 185 164 184 174 172 180 178 183 183 186 190 184 195 182 151 144 157 142 164 143 170 147 164 148 157 148 199 149 206 146 213 146 219 149 213 152 206 151 163 203 169 198 177 196 182 198 188 197 195 200 201 205 195 212 188 214 182 215 175 214 168 210 166 203 177 201 182 202 188 201 198 205 188 207 182 207 176 207
127 157 128 173 131 188 136 203 144 216 155 227 167 236 181 240 195 237 208 229 219 219 227 207 232 193 236 179 238 165 239 150 139 133 146 127 157 125 167 128 177 133 195 134 205 131 216 131 225 134 231 141 186 144 185 154 185 164 184 174 172 180 178 183 183 186 190 184 195 182 151 144 157 142 164 143 170 147 164 148 157 148 199 149 206 146 213 146 219 149 213 152 206 151 163 202 170 198 177 196 182 198 188 197 195 200 201 205 195 212 187 214 181 214 175 213 168 209 166 203 177 201 182 202 188 202 198 205 188 207 182 207 176 206
126 157 128 173 131 188 136 203 144 216 155 227 167 236 181 239 195 237 208 229 219 219 227 206 232 192 236 178 238 164 239 149 138 133 146 127 157 125 167 128 177 133 194 135 204 131 215 131 225 134 230 141 186 145 185 154 185 164 184 174 172 180 178 183 183 185 189 184 195 182 151 144 157 142 164 143 170 147 163 148 156 148 199 149 206 146 213 146 219 149 213 152 206 151 163 202 170 198 177 196 183 198 188 197 195 200 201 205 195 212 188 214 182 214 176 213 169 209 166 202 177 201 182 202 188 202 198 205 188 207 182 207 176 206
127 156 128 172 131 188 136 203 144 216 154 227 166 236 180 239 194 237 207 229 218 219 227 207 232 194 235 179 238 165 240 150 139 133 146 127 157 125 167 128 177 133 195 134 205 131 215 131 225 134 231 141 186 144 185 154 185 163 184 173 172 180 177 183 183 185 189 184 194 182 151 144 157 142 164 142 170 146 164 148 157 147 199 148 206 145 213 146 219 149 213 151 206 151 162 202 169 198 177 196 182 198 188 197 195 200 201 205 194 211 187 214 181 214 175 213 168 209 166 202 176 201 182 202 188 201 197 204 187 206 181 207 176 206
126 157 128 173 131 188 136 203 144 216 155 227 166 236 180 239 194 237 207 229 218 219 227 207 232 193 235 179 237 165 239 150 139 133 146 127 157 125 168 128 177 133 194 134 205 131 215 131 225 134 231 141 186 144 185 154 185 163 184 173 172 180 177 183 183 185 189 184 194 182 151 144 157 142 164 142 170 147 164 148 156 148 199 149 206 145 213 146 218 149 213 152 206 151 163 202 169 197 177 195 182 198 188 197 195 200 201 205 194 211 187 214 181 214 175 213 168 209 166 202 176 200 182 201 188 201 197 204 187 206 181 207 176 206
127 157 129 173 132 189 137 203 145 216 155 227 167 235 181 239 195 236 208 229 219 219 228 207 233 193 236 179 238 165 239 150 139 133 146 127 156 125 167 128 176 133 194 134 204 131 215 130 224 134 230 141 185 144 185 154 184 163 184 173 172 180 177 183 183 185 189 183 194 181 151 144 157 142 164 142 170 146 163 148 156 147 199 148 205 145 212 146 218 149 212 151 205 151 163 202 169 197 177 195 182 198 188 196 195 200 201 205 194 211 187 214 181 214 175 213 168 209 166 202 176 200 182 201 187 201 197 204 187 206 181 207 176 206
126 157 128 172 130 188 136 202 144 215 155 226 166 235 180 238 194 236 207 228 218 219 227 207 232 193 236 179 238 164 239 149 139 133 146 126 156 125 167 128 176 133 194 134 204 131 215 130 224 134 230 141 185 144 185 154 184 163 184 173 172 180 177 182 183 185 189 183 194 182 150 144 157 142 164 143 170 146 163 148 156 148 199 148 206 145 213 146 218 149 213 151 206 151 162 202 169 197 176 195 182 197 188 196 195 200 201 204 194 211 187 214 181 214 175 213 168 209 166 202 176 200 181 201 187 201 198 204 187 206 181 206 175 205
127 156 128 172 131 188 135 203 144 215 155 226 167 235 181 238 195 236 208 228 219 218 227 206 232 192 235 178 238 164 240 149 138 133 146 126 157 125 167 128 177 133 194 134 205 131 215 131 225 134 231 141 186 144 185 154 185 163 184 173 172 180 178 182 183 185 189 183 195 181 150 144 157 142 164 143 170 146 163 148 156 148 199 149 206 146 213 146 218 149 213 152 205 151 162 201 169 197 177 195 182 197 188 196 195 199 201 204 194 210 187 213 181 213 175 212 168 208 166 201 176 199 182 201 187 200 197 204 187 206 181 206 176 205
127 157 128 173 131 188 135 203 143 215 154 226 166 235 180 238 195 236 208 228 219 218 227 206 232 192 235 178 238 164 240 150 139 133 146 126 156 125 167 128 176 133 195 134 205 131 215 130 225 134 231 141 186 144 185 154 185 163 184 174 172 179 177 182 183 184 189 183 195 181 151 144 157 142 164 142 170 146 163 148 156 147 199 148 206 145 213 146 218 149 213 151 206 151 161 201 169 196 176 194 182 197 188 195 195 199 201 203 194 210 187 212 181 213 175 212 167 208 165 201 176 199 182 200 188 200 198 203 187 205 181 206 175 205
127 156 128 172 131 188 135 203 143 215 154 226 166 235 180 238 194 236 207 228 219 218 227 207 232 193 236 179 238 165 240 150 139 133 146 126 157 125 167 128 177 133 195 134 205 131 215 131 225 134 231 141 186 144 185 154 185 164 184 174 172 179 177 182 183 184 189 183 195 181 151 144 157 142 164 143 170 146 163 148 156 147 199 148 206 145 213 146 218 149 213 151 206 151 161 200 168 196 176 194 182 196 188 195 195 198 202 202 195 209 187 212 181 213 175 212 167 207 164 200 176 199 182 200 188 200 198 203 187 205 181 206 175 205
127 156 128 172 130 188 135 203 143 215 154 226 166 235 181 238 195 236 208 228 219 218 228 206 232 192 235 178 238 164 240 149 139 133 146 126 157 125 167 128 177 133 195 134 205 131 215 130 225 134 231 141 186 144 185 154 185 163 184 173 172 179 178 182 184 184 190 183 195 181 151 144 157 142 164 142 170 146 164 147 157 147 199 148 206 146 213 146 218 149 213 151 206 151 161 200 168 195 177 194 182 196 188 195 196 198 202 202 195 210 187 213 181 213 175 212 167 207 164 200 176 199 182 200 188 200 199 202 188 206 182 206 176 205
127 157 128 173 130 188 135 203 143 216 154 227 166 236 180 240 195 237 207 229 218 219 227 208 232 194 236 179 238 165 240 150 139 133 147 126 157 125 168 127 177 132 195 134 205 131 216 130 225 134 230 141 186 144 185 154 185 163 184 173 172 179 177 181 183 184 190 183 195 181 151 144 158 143 164 143 170 146 164 147 157 147 199 148 206 146 212 147 218 149 212 151 205 151 161 200 168 195 176 194 182 196 188 195 196 198 202 203 195 212 187 215 181 215 174 214 167 209 164 200 176 198 182 199 188 199 199 203 188 208 181 208 175 207
127 157 128 173 130 189 135 203 143 216 154 228 166 237 180 240 194 238 207 230 219 220 227 208 233 194 236 180 238 165 240 151 140 134 147 127 157 125 168 127 177 132 195 134 205 131 216 131 225 135 230 142 186 145 186 154 185 163 185 172 172 179 178 181 184 184 190 183 195 181 153 146 159 146 165 146 171 147 165 149 159 149 198 150 205 150 211 151 217 152 211 153 204 153 161 200 168 196 176 194 182 196 188 195 196 198 202 204 195 212 187 215 181 216 175 215 167 210 164 201 176 198 182 199 188 199 198 204 188 208 181 209 175 208
127 157 128 172 130 188 134 202 143 215 153 226 165 236 179 239 194 237 207 230 219 220 228 208 233 194 236 180 238 166 240 152 140 134 147 127 157 125 168 127 178 132 194 134 205 131 216 130 226 135 231 142 186 144 186 153 185 162 185 172 172 179 178 182 184 184 190 183 195 181 153 146 159 146 165 145 171 147 165 149 159 149 199 150 205 149 212 150 217 152 211 154 205 153 162 200 169 197 177 195 182 198 188 197 195 200 201 204 194 210 187 213 181 213 175 212 168 208 165 200 177 199 182 201 187 200 198 204 187 206 181 206 176 205
127 157 128 172 130 187 135 202 143 214 153 225 165 234 179 238 194 237 207 230 218 220 227 209 232 195 235 181 238 167 239 152 140 132 147 126 157 124 168 127 177 132 195 134 205 130 216 130 225 134 231 141 186 144 185 153 185 162 184 172 172 179 177 182 183 184 189 183 194 182 152 145 158 144 165 144 171 147 165 148 158 148 199 149 206 148 212 149 218 151 212 153 205 152 162 199 170 197 177 196 182 199 187 198 194 200 202 203 193 208 186 210 181 210 175 209 169 205 165 200 177 201 181 202 187 202 198 203 186 204 181 204 176 203
127 155 128 171 130 187 135 201 143 214 153 225 165 233 179 237 194 235 207 228 219 219 227 207 232 193 235 179 237 165 239 150 140 132 147 125 157 123 168 126 177 131 195 133 205 130 216 129 225 133 231 141 186 143 185 153 185 162 184 172 172 179 177 182 183 184 189 183 194 181 151 144 158 143 164 143 171 146 164 147 157 147 199 148 206 146 212 147 218 149 212 151 205 151 162 199 169 197 177 196 182 198 187 197 194 200 201 203 193 208 186 210 180 210 175 208 168 204 165 199 176 201 181 202 187 202 198 203 186 203 181 204 176 202
127 154 128 170 130 185 135 200 143 213 153 224 165 234 180 237 195 235 207 227 219 217 227 205 232 191 235 177 238 163 240 148 140 131 147 124 157 123 168 126 177 131 195 133 205 129 216 129 225 132 231 140 186 143 185 153 185 162 184 172 172 179 177 181 183 184 189 183 194 181 151 143 158 142 164 142 170 145 164 146 157 146 199 147 206 145 212 146 218 148 212 151 205 150 162 199 169 196 177 196 182 198 187 197 194 200 201 203 193 209 186 211 180 211 175 210 168 205 165 199 176 200 181 202 186 201 197 203 186 204 181 204 176 203
127 154 128 170 130 186 135 201 144 214 155 225 166 234 180 238 195 236 208 228 219 218 227 205 232 192 236 177 238 163 240 148 140 130 147 124 157 123 168 126 177 131 195 132 205 129 215 129 225 132 231 139 186 143 185 152 185 162 184 172 172 178 177 181 183 184 189 183 194 181 151 143 158 141 164 142 170 145 164 146 157 146 199 147 206 145 212 146 218 148 212 151 206 150 162 199 169 196 177 195 181 198 187 197 194 200 200 204 193 210 186 213 181 213 175 211 168 207 166 200 176 200 181 202 186 201 197 204 186 205 181 205 176 204
127 154 128 170 131 186 135 201 144 214 154 225 166 234 180 238 194 236 207 228 218 217 227 205 232 191 235 177 238 163 240 148 140 130 147 124 158 123 168 126 177 131 195 132 205 129 216 129 225 132 231 139 186 143 186 152 185 162 184 172 172 178 177 181 183 184 189 183 194 181 151 143 158 141 164 142 170 145 164 146 157 146 199 147 206 145 212 146 218 148 212 150 206 150 163 200 169 196 177 195 181 197 187 196 193 200 199 204 193 211 186 214 180 213 175 212 168 207 166 200 176 200 181 201 186 201 195 204 186 206 181 206 176 204
126 154 128 170 130 186 136 201 144 214 155 225 166 234 180 238 194 235 206 227 218 218 226 206 232 192 235 178 238 163 240 149 140 130 147 124 157 123 168 126 177 131 195 132 205 129 216 129 225 132 231 139 186 143 185 153 184 162 184 172 172 178 177 181 183 184 188 183 193 181 151 142 157 141 164 141 170 145 164 146 157 146 199 147 206 144 212 145 218 148 212 150 205 150 164 200 170 196 177 194 181 197 186 196 193 200 199 205 192 211 186 214 180 214 175 212 169 208 167 200 176 200 181 201 186 201 195 204 186 205 181 206 176 204
127 154 128 170 131 186 136 201 145 214 155 225 166 234 180 238 194 236 206 228 217 218 226 206 232 192 235 178 238 163 240 148 140 130 147 124 158 123 168 126 177 131 195 132 205 129 216 129 225 132 231 139 186 143 185 152 185 162 184 172 172 179 177 181 183 184 188 183 194 181 151 142 157 141 164 141 170 145 164 146 157 146 199 147 206 144 213 145 218 148 213 150 206 150 164 201 170 196 177 194 181 197 186 196 194 200 199 205 193 212 186 215 180 215 175 213 169 208 167 201 176 200 181 202 186 201 196 204 186 206 181 206 176 204
126 154 128 170 130 186 136 201 144 214 155 225 166 234 180 238 194 235 207 227 218 217 226 205 232 191 235 177 238 162 240 147 140 130 147 124 158 123 168 126 177 131 195 132 205 129 215 129 225 132 231 139 186 143 185 152 185 162 184 172 172 179 177 181 183 184 189 183 193 181 151 142 157 141 164 141 170 145 164 146 157 146 199 147 206 145 213 145 218 148 212 150 206 150 164 201 170 197 177 195 181 197 187 196 193 200 198 205 193 212 186 214 181 214 175 213 169 209 168 201 177 201 181 202 186 202 195 204 186 206 181 206 176 204
127 154 128 170 131 185 136 200 144 213 154 225 166 234 180 238 193 236 206 228 217 218 226 206 231 192 235 178 238 163 239 149 140 130 147 124 157 123 167 125 177 130 195 132 205 129 215 128 225 132 230 139 186 143 185 153 184 162 183 172 172 179 177 181 182 184 188 183 193 181 151 143 157 141 164 141 170 145 164 146 157 146 199 147 206 144 213 145 218 148 212 150 205 150 164 201 170 197 177 195 181 197 187 196 193 200 199 205 193 212 186 214 181 214 175 213 169 208 168 201 176 201 181 202 186 202 195 205 186 205 181 205 176 204
126 154 128 170 130 185 135 200 143 213 154 224 166 234 180 237 194 235 207 227 218 217 226 205 232 191 235 177 238 162 240 148 139 130 147 124 157 123 168 126 177 131 194 132 205 129 215 129 225 132 231 139 186 142 185 152 185 162 184 172 172 178 178 181 183 183 188 182 193 180 151 142 157 141 164 141 170 145 164 146 157 146 199 147 206 144 213 145 218 147 213 150 206 150 164 201 170 197 177 195 181 198 186 196 193 200 199 204 192 211 186 213 180 213 175 212 169 207 167 201 176 201 181 202 186 202 195 204 186 204 181 205 176 203
126 154 127 170 130 186 135 201 143 214 153 226 166 235 180 239 195 236 208 228 219 217 227 205 232 191 235 176 238 162 239 148 139 131 146 124 157 123 167 126 177 131 194 132 204 129 215 129 225 132 231 139 186 143 185 152 185 161 184 171 172 178 178 181 183 183 189 182 194 180 151 143 157 141 164 142 170 145 163 146 156 146 199 147 205 145 212 145 218 148 212 150 205 150 163 201 170 197 177 195 182 197 187 196 194 200 200 204 193 211 186 213 181 213 175 212 169 208 166 201 176 200 181 201 187 201 196 203 186 205 181 205 176 204
126 155 128 172 130 187 135 202 144 215 155 226 167 235 181 239 195 236 208 228 219 217 228 205 233 191 236 176 238 162 239 148 139 131 146 124 157 123 167 126 176 131 194 133 204 130 215 129 224 132 230 139 185 143 185 152 185 162 184 172 172 178 177 181 183 183 189 182 194 180 150 143 157 141 163 142 170 145 163 146 156 146 199 147 205 145 212 145 218 148 212 150 205 150 162 200 169 196 177 194 182 197 187 195 195 199 201 202 194 210 187 214 181 214 175 213 168 208 165 200 176 199 181 200 187 200 197 202 187 206 181 206 176 205
126 156 128 172 130 188 136 203 144 216 155 227 167 236 181 239 195 237 208 228 219 218 227 205 232 192 235 177 238 163 240 149 139 131 146 124 157 123 167 126 176 131 194 133 204 130 215 129 224 132 230 139 186 143 185 153 185 162 184 172 172 178 178 181 183 183 189 182 195 180 150 143 157 141 164 142 170 145 163 146 156 146 199 147 205 145 212 145 218 148 212 150 205 150 162 200 169 196 177 194 182 196 188 195 195 198 201 202 195 211 187 214 181 215 175 214 168 209 165 200 176 199 182 200 188 200 198 202 187 207 182 207 176 206
126 157 128 173 130 189 136 204 145 217 155 228 167 238 181 241 195 238 208 230 219 219 227 206 232 192 236 178 238 163 239 148 139 131 146 125 156 123 167 126 176 131 194 133 204 130 215 129 224 132 230 139 185 143 185 153 184 162 184 172 172 178 177 181 183 183 189 182 194 180 150 143 157 141 163 142 170 145 163 147 156 146 199 147 205 145 212 145 218 148 212 150 205 150 162 201 168 196 176 194 182 196 188 195 195 198 201 203 195 213 187 217 181 217 175 216 167 211 165 201 176 199 182 200 188 200 197 203 187 209 181 209 176 208
126 157 128 173 131 189 136 204 144 217 155 229 166 239 180 242 194 240 207 232 218 221 226 208 232 194 235 180 238 165 239 150 139 131 146 125 156 123 167 126 176 131 194 133 204 130 215 129 224 132 230 139 185 143 185 153 184 163 184 172 172 179 177 181 183 184 189 182 194 180 150 143 156 141 163 142 170 145 163 147 156 146 199 147 205 145 212 146 218 148 212 151 205 150 162 202 168 196 176 193 182 196 188 195 195 198 200 205 194 214 187 218 180 218 174 217 167 212 165 202 176 199 181 200 187 200 196 205 187 210 181 210 175 209
126 157 128 174 130 189 136 204 144 218 154 229 166 239 180 243 194 240 207 231 218 221 226 208 232 194 235 179 238 165 240 150 139 131 147 124 157 123 167 126 176 131 194 133 204 130 215 129 224 132 230 139 185 143 185 153 184 162 184 172 172 178 177 181 183 184 189 182 194 180 150 143 157 141 163 142 170 145 163 147 156 146 199 147 205 145 212 145 218 148 212 151 205 150 162 202 168 196 176 193 182 195 188 194 195 198 200 205 194 214 187 218 181 219 174 218 167 212 165 202 176 199 181 199 187 199 196 205 187 210 181 210 175 210
126 157 128 173 130 189 136 204 144 217 154 229 166 239 180 242 195 240 207 231 218 220 227 207 232 193 236 179 238 164 240 149 139 131 146 125 157 123 167 126 176 131 194 133 205 130 215 129 224 132 230 139 185 143 185 153 184 162 184 172 172 179 177 181 183 184 189 182 194 180 150 143 157 141 163 142 170 145 163 147 156 146 199 148 205 145 212 146 218 148 212 151 205 150 162 202 168 196 176 193 182 195 188 194 195 198 200 205 195 214 187 218 181 218 174 217 167 212 165 202 176 199 181 199 188 199 197 205 187 210 181 210 175 209
126 157 128 173 130 188 135 203 144 216 154 227 167 237 181 240 195 238 208 229 219 219 227 206 232 192 236 178 238 164 240 149 139 131 146 124 157 123 167 126 177 131 194 133 204 130 215 129 224 132 230 139 186 143 185 153 185 162 185 172 172 179 178 181 184 184 190 182 195 180 150 143 156 141 163 142 170 145 163 147 156 146 199 147 205 145 212 145 218 148 212 151 205 150 162 201 169 196 177 194 182 196 188 195 196 198 201 203 195 212 188 215 182 215 175 214 168 210 165 201 176 199 182 200 188 200 197 203 188 208 182 208 176 207
126 157 128 172 131 188 135 203 144 216 155 227 167 236 181 239 196 237 209 229 220 218 228 206 233 192 236 178 238 164 240 149 139 131 146 125 157 123 167 126 177 131 194 133 204 130 215 129 225 132 230 140 186 143 185 153 185 162 185 173 172 179 178 181 184 184 190 182 195 180 150 143 157 141 163 142 170 145 163 147 156 146 199 148 205 145 212 146 218 148 212 151 205 150 162 200 169 196 177 194 182 196 188 195 195 198 202 202 195 209 188 213 182 213 176 212 168 208 165 201 177 199 182 200 188 199 198 202 188 205 182 206 176 205
126 156 128 172 131 188 136 203 144 216 155 227 167 236 181 239 196 237 209 228 220 218 228 206 233 193 236 178 238 164 240 149 139 131 147 124 157 123 167 126 176 131 195 133 204 129 215 129 225 132 231 139 186 143 185 153 185 162 184 172 172 179 178 181 184 184 190 182 195 180 151 143 157 141 164 142 170 145 163 146 156 146 199 147 205 145 212 145 218 148 212 150 205 150 162 200 169 196 177 194 183 196 189 195 196 197 203 201 195 208 188 212 182 212 176 211 169 207 165 200 177 199 182 200 188 199 199 201 188 204 183 205 177 204
126 156 128 172 131 187 135 202 144 216 155 226 167 235 182 238 196 235 209 228 221 218 229 205 233 191 236 177 238 163 240 149 139 130 147 124 157 123 167 126 176 131 195 132 205 129 215 129 225 132 231 139 186 143 185 152 185 162 184 172 172 178 178 181 183 184 190 182 195 180 150 143 157 141 164 142 170 145 163 146 156 146 199 147 206 145 213 145 219 148 213 150 206 150 162 199 169 195 177 194 183 196 188 194 196 197 203 201 195 208 188 211 182 211 176 210 169 207 165 200 177 199 182 200 188 199 199 201 188 204 182 204 177 203
127 156 128 172 131 187 135 202 144 215 154 226 166 234 181 238 195 236 208 228 220 218 228 206 233 192 236 178 238 163 239 149 139 131 146 124 156 123 167 126 177 131 194 132 204 129 215 129 224 132 231 139 185 142 185 152 184 162 184 172 172 178 177 181 183 184 190 182 195 180 150 143 157 141 163 141 170 145 163 146 156 146 199 147 205 144 212 145 218 148 212 150 205 149 162 199 170 196 177 194 182 196 188 195 195 197 202 201 194 207 188 210 182 210 176 209 169 205 165 199 177 199 182 200 188 199 198 201 188 202 182 203 177 202
126 156 127 172 130 187 135 202 143 215 155 225 167 234 181 237 196 235 209 227 220 217 228 205 233 191 236 177 238 163 239 148 139 131 146 124 156 123 167 125 176 130 194 132 204 129 215 128 225 132 231 139 185 142 185 152 184 161 184 171 172 178 177 181 183 183 189 182 195 180 150 142 157 141 163 141 170 145 163 146 156 146 199 147 205 144 212 145 218 147 212 150 205 149 162 199 169 195 177 194 182 196 188 195 195 198 201 201 194 207 187 209 181 210 175 208 169 205 165 199 177 199 182 200 187 200 197 201 187 202 182 202 176 201
126 155 128 171 130 187 135 202 143 215 154 226 166 235 180 238 195 236 208 228 219 218 227 205 232 191 235 177 238 163 239 148 139 130 146 124 157 122 167 125 177 130 194 132 204 129 215 128 225 132 231 139 185 142 185 152 184 162 184 172 172 178 177 181 183 183 189 182 194 180 150 142 157 141 163 141 170 145 163 146 156 146 199 147 205 144 212 145 218 148 212 150 205 149 161 199 169 195 176 194 182 196 187 195 194 198 201 201 194 208 187 211 181 211 175 210 168 206 165 199 176 199 181 200 187 200 197 202 187 203 181 204 176 203
126 156 127 172 130 188 135 202 144 215 155 226 167 236 181 239 196 236 208 228 219 217 228 205 232 191 236 177 238 163 240 148 139 130 146 123 157 122 167 125 176 130 194 132 205 129 215 128 224 131 230 138 186 142 185 152 185 161 184 171 172 178 177 180 183 183 189 182 195 179 150 142 157 141 163 141 170 145 163 146 156 146 199 147 205 144 212 145 218 147 212 150 205 149 161 199 168 195 176 193 182 195 188 194 196 197 202 201 195 211 188 214 181 215 175 214 167 209 164 199 176 198 182 199 188 199 198 202 188 207 182 207 176 206
126 156 127 172 130 187 136 202 144 215 155 227 167 236 181 240 195 237 207 228 219 218 227 205 232 192 236 178 238 163 239 148 139 130 146 123 157 122 167 125 176 130 195 132 205 129 215 128 224 132 230 138 185 143 185 152 184 162 184 172 172 178 177 181 183 183 189 182 195 179 150 142 156 141 163 141 170 145 163 146 156 146 199 147 205 144 212 145 218 147 212 150 205 149 160 198 167 194 176 193 182 195 188 193 197 196 203 200 196 211 188 215 182 216 175 215 166 209 163 199 176 197 182 198 188 198 200 201 188 208 182 209 176 208
126 156 128 172 130 188 136 203 145 216 156 227 168 236 182 240 196 237 208 228 219 218 227 205 233 192 236 177 238 163 239 148 138 130 146 123 156 122 167 125 176 130 195 132 205 129 215 128 225 131 230 138 186 142 185 152 185 162 184 172 172 178 177 181 184 183 190 181 195 179 150 142 156 141 163 141 170 145 163 146 156 145 199 147 205 144 212 145 218 147 212 149 205 149 159 198 167 194 177 193 183 194 189 193 197 195 204 199 197 210 189 215 182 216 175 215 166 209 162 199 176 197 182 197 189 197 201 200 189 208 182 209 176 208
126 156 127 172 130 188 135 203 144 216 155 228 167 237 182 240 197 237 209 228 220 217 228 205 233 191 236 176 238 162 239 148 138 130 146 124 156 122 167 125 176 130 194 131 204 128 215 128 224 131 230 138 185 142 185 152 184 162 184 172 171 178 177 180 183 183 190 181 195 179 150 142 156 141 163 141 170 145 163 146 155 145 199 147 205 144 212 145 218 147 212 149 205 149 158 197 167 194 176 192 183 194 189 193 198 195 205 198 198 210 189 215 182 216 175 215 166 210 161 198 176 196 182 197 189 197 202 199 189 208 182 209 176 208
126 156 127 172 130 188 135 203 144 216 154 228 166 238 181 242 196 239 208 230 219 218 228 206 233 192 236 177 237 163 239 148 138 130 146 124 156 122 167 125 176 130 195 131 205 128 215 128 224 131 230 138 185 142 185 152 184 162 184 172 171 177 177 180 183 183 189 181 195 179 150 142 156 140 163 141 170 145 163 146 156 145 198 147 205 144 212 144 218 147 212 149 205 149 158 196 166 193 176 192 183 194 189 192 198 194 205 198 198 210 189 216 182 216 175 215 165 210 161 198 176 196 182 197 189 196 202 199 189 208 182 208 175 207
126 156 127 172 130 188 135 204 144 218 155 230 167 240 182 244 196 241 208 231 219 219 228 206 233 192 236 177 238 163 239 148 138 130 146 124 156 122 167 125 176 130 194 131 205 128 215 128 224 131 230 138 185 142 185 152 184 162 184 172 171 177 177 180 183 183 190 181 195 178 150 142 156 140 163 141 170 144 163 145 156 145 199 146 205 144 212 145 218 147 212 149 205 149 158 197 166 193 176 192 183 194 189 192 198 194 205 199 198 211 189 217 182 218 175 217 165 211 161 198 176 196 182 197 189 196 202 199 189 209 182 210 175 208
126 155 127 172 130 189 135 204 144 219 154 231 166 242 181 246 196 243 208 233 219 220 228 207 233 192 236 178 238 163 239 148 138 130 146 124 156 122 167 124 176 129 194 131 204 128 215 128 224 131 230 138 185 142 185 152 184 161 184 172 171 177 177 180 183 183 189 181 195 178 150 142 156 140 163 141 170 144 163 145 156 145 198 146 205 144 212 144 218 147 212 149 205 148 157 197 165 193 176 192 182 194 189 192 198 194 205 199 198 213 189 219 181 220 174 219 164 212 160 198 175 196 182 197 189 196 202 200 189 211 182 212 175 210
126 155 127 172 130 188 135 204 144 219 154 232 166 243 180 247 195 244 208 234 219 221 228 208 233 193 237 178 238 163 240 147 139 130 146 124 156 122 167 125 176 130 194 131 204 128 215 128 224 131 230 138 185 142 184 152 184 162 183 172 171 177 176 180 183 183 189 181 195 178 150 142 156 140 163 141 170 144 163 145 156 145 198 146 205 144 212 144 218 147 212 149 205 148 157 197 165 193 175 192 182 194 189 192 198 195 205 199 197 214 188 221 181 221 173 220 164 213 160 199 175 196 182 197 188 196 202 200 188 212 181 213 174 212
126 155 127 172 130 189 135 205 143 219 154 233 166 244 181 248 196 244 208 234 219 222 228 208 233 193 237 178 238 163 240 148 139 130 146 124 157 122 167 125 176 130 194 131 205 128 215 128 224 131 230 138 185 142 185 152 184 162 184 172 171 177 177 180 183 183 189 181 195 179 150 142 156 140 163 141 170 144 163 145 156 145 198 146 205 144 212 144 218 147 212 149 205 149 157 198 165 193 175 192 182 194 189 192 198 195 204 200 197 215 188 221 181 222 173 220 164 214 160 199 175 196 181 197 188 197 201 201 188 213 181 214 174 212
126 156 127 173 130 190 135 206 144 220 154 233 166 244 180 248 195 245 208 235 219 223 228 209 233 194 237 179 238 164 240 148 138 131 146 124 156 122 167 125 176 130 194 131 204 128 215 128 225 132 231 139 185 142 184 152 184 162 183 172 171 177 176 180 182 183 189 181 195 179 150 142 156 140 163 141 170 145 163 145 156 145 198 147 205 144 212 145 218 147 212 149 205 149 157 198 165 193 175 192 181 194 188 193 197 196 204 201 197 215 188 221 180 222 173 221 164 214 160 199 175 197 181 198 188 197 201 202 188 213 181 214 174 213
126 157 128 174 131 190 136 206 144 220 154 234 166 244 180 248 195 245 208 235 219 223 227 209 233 195 236 180 238 165 240 150 138 131 146 124 156 122 167 125 176 129 195 131 205 128 215 128 225 132 230 139 185 142 185 152 184 162 183 172 171 177 176 181 182 183 189 182 194 179 150 142 156 140 163 141 169 145 162 146 155 145 198 147 205 144 212 145 218 147 212 149 205 149 158 200 165 194 175 192 181 195 188 194 196 197 202 204 196 217 187 222 180 223 173 221 164 214 161 201 175 198 181 199 188 198 199 204 187 214 180 214 174 213
126 156 127 173 130 189 135 205 144 219 154 232 166 243 180 247 194 244 207 235 218 223 226 209 232 194 236 179 238 164 239 149 138 130 146 124 156 122 167 125 176 129 195 131 205 129 215 128 224 132 230 139 185 142 185 152 185 161 184 171 171 178 177 181 183 183 189 182 194 180 150 142 156 140 163 141 169 145 163 146 156 145 198 147 205 144 212 145 218 148 212 150 205 149 160 202 167 196 176 194 181 196 187 195 195 198 200 205 194 217 186 222 180 222 173 221 165 214 163 202 175 199 181 200 187 199 197 205 186 213 180 214 174 213
126 157 128 174 131 190 136 206 145 220 155 232 167 242 181 246 195 243 208 234 218 222 227 209 232 194 236 179 238 165 240 149 139 131 146 124 157 123 167 125 177 130 195 131 205 129 215 128 225 132 231 139 186 143 185 152 185 161 184 171 172 178 177 181 183 184 189 182 194 180 151 143 157 141 164 141 170 145 163 146 156 146 199 147 205 144 213 145 218 148 212 150 205 150 163 203 169 197 176 195 182 197 187 196 194 200 199 206 193 216 186 220 180 221 174 219 167 213 166 203 176 200 181 201 187 201 195 206 187 212 181 212 175 211
126 156 128 173 131 189 137 204 145 218 155 230 167 240 181 244 195 242 207 233 218 222 227 209 232 194 236 179 238 164 240 149 139 131 146 124 156 123 167 125 176 130 195 132 205 129 215 128 225 132 231 139 186 143 185 152 185 162 184 172 172 179 177 182 183 184 189 183 194 181 151 143 157 141 164 141 170 145 163 146 156 146 198 147 205 144 212 145 218 148 212 150 205 150 164 203 170 198 177 196 182 198 187 197 193 201 198 207 193 215 186 218 180 218 175 217 169 212 167 203 177 201 181 202 186 202 195 206 186 210 181 210 176 209
127 157 128 173 131 190 136 205 145 218 155 230 167 239 181 243 195 241 208 233 219 222 227 209 232 194 236 180 238 165 239 150 139 132 146 125 156 123 167 126 176 130 195 132 205 129 216 128 225 132 231 140 186 143 185 152 185 162 184 172 173 179 178 182 183 184 189 183 194 181 151 143 157 141 164 142 170 145 163 147 156 147 199 147 205 144 212 145 218 148 212 151 205 150 165 203 171 198 177 197 182 199 187 198 193 201 198 206 192 213 186 215 181 215 176 214 170 210 168 203 177 202 181 203 186 203 195 206 186 207 181 207 177 206
126 156 128 173 131 189 136 204 144 217 155 228 166 237 180 241 194 239 208 232 219 221 227 209 233 194 236 180 238 165 239 150 139 132 146 125 157 123 167 126 177 130 195 132 205 129 216 129 225 132 231 140 186 143 185 153 185 162 184 172 173 180 178 182 183 184 189 183 194 181 151 143 157 141 164 142 170 145 164 147 157 147 199 147 205 145 212 145 218 148 212 151 205 150 164 202 171 198 178 197 182 199 187 198 193 201 199 206 192 211 186 213 181 213 176 212 170 208 168 202 177 202 182 203 186 202 195 205 186 205 181 206 177 204
127 157 128 173 131 189 136 204 144 217 154 228 166 236 180 240 195 239 208 231 219 221 227 209 233 195 236 180 238 165 240 151 139 132 147 125 157 123 168 126 177 131 195 132 206 129 216 129 226 133 231 140 186 143 186 152 186 162 185 172 173 179 178 182 184 184 189 183 194 181 151 143 157 141 164 142 171 145 164 147 157 146 199 147 206 145 213 146 218 148 213 151 206 150 164 202 171 198 178 197 182 199 187 198 193 201 200 205 193 209 186 211 181 211 176 210 170 207 167 202 177 201 182 202 187 202 196 204 187 204 182 204 177 203
127 157 128 173 131 188 136 203 144 216 154 227 166 236 180 239 195 238 208 230 219 220 228 208 233 194 236 179 238 165 240 150 140 132 147 125 157 124 168 126 177 131 195 133 205 130 216 129 225 133 231 140 186 143 186 153 185 162 185 172 173 180 178 182 184 184 189 183 194 181 152 143 158 142 164 142 171 146 164 147 157 147 199 148 206 145 213 146 218 148 213 151 206 150 164 201 171 198 178 196 182 198 187 197 193 200 200 204 193 209 186 210 181 210 176 209 170 206 167 201 177 201 182 202 187 202 197 204 187 204 182 204 177 203
127 156 128 173 131 188 135 203 144 216 154 227 166 235 180 239 195 238 208 230 220 220 228 208 233 194 236 180 238 165 240 150 140 132 147 125 157 124 167 127 177 131 195 133 206 130 216 130 225 133 231 140 186 143 186 153 185 162 185 172 173 180 178 182 184 184 190 183 195 181 151 143 157 142 164 142 171 146 164 147 157 147 199 148 206 145 213 146 219 148 213 151 206 150 163 201 170 197 178 196 182 198 187 197 194 200 200 203 193 208 186 210 181 210 176 209 170 206 166 201 177 201 182 202 187 201 197 203 187 203 182 204 177 203
127 157 129 173 131 188 135 203 143 216 154 227 166 236 181 239 195 238 209 231 220 221 228 209 233 195 236 180 238 166 240 151 140 132 147 126 157 124 167 127 177 131 196 133 206 130 216 130 225 133 231 140 186 143 186 153 185 162 185 172 173 180 178 182 184 184 190 183 195 181 152 144 158 142 164 142 171 146 164 147 157 147 199 148 206 145 213 146 218 148 213 151 206 150 163 201 171 198 178 196 182 198 187 197 194 200 201 204 193 208 187 209 182 209 176 208 170 205 166 201 177 201 182 202 187 201 197 203 187 203 182 203 177 202
127 157 129 173 131 189 136 203 144 216 155 227 167 235 181 238 196 237 209 230 220 220 228 208 233 195 237 180 239 166 240 151 140 132 147 126 157 124 167 126 177 131 195 133 206 130 216 130 225 133 231 140 186 143 186 153 185 162 185 172 173 180 178 182 184 184 189 183 194 181 152 144 158 142 164 142 171 146 164 147 157 147 199 148 206 145 213 146 218 148 213 151 206 150 164 200 171 197 178 196 182 198 187 197 194 199 201 203 193 207 187 209 182 209 176 208 170 205 167 200 177 200 182 202 187 201 198 203 187 203 182 203 177 202
128 156 129 172 131 188 135 203 143 216 154 227 166 235 180 239 195 237 208 231 220 221 228 209 234 195 237 181 239 167 240 152 140 133 147 126 157 124 168 127 177 132 195 133 206 130 216 130 226 133 232 140 186 143 186 153 185 162 185 172 173 180 178 182 184 184 189 183 195 181 152 144 158 142 165 142 171 146 164 147 157 147 200 148 206 145 213 146 219 148 213 151 206 150 163 200 171 197 178 196 182 198 187 197 194 200 202 203 194 207 187 209 182 209 176 208 170 205 166 200 177 200 182 202 187 201 198 203 187 203 182 203 177 202
128 157 129 173 131 188 135 203 143 216 154 226 166 235 180 239 195 237 209 230 220 221 228 209 233 195 236 181 239 167 240 153 140 133 147 126 157 124 168 127 177 132 195 133 206 130 216 130 226 133 232 140 186 143 186 153 185 162 185 172 173 180 178 182 184 184 190 183 195 181 152 144 158 142 165 142 171 146 164 147 157 147 200 148 206 145 213 146 219 149 213 151 206 151 163 200 171 197 178 196 182 198 187 197 194 200 201 203 194 207 187 209 181 209 176 208 170 205 166 200 177 200 182 202 187 201 198 203 187 203 182 203 177 202
128 156 129 172 131 188 135 202 143 215 153 226 165 234 179 238 194 237 208 230 220 220 228 208 233 195 236 180 239 166 240 151 140 132 147 126 157 124 168 127 177 132 196 133 206 130 216 130 226 133 232 140 186 143 186 153 185 162 184 172 173 180 178 182 184 184 189 183 195 181 152 144 158 142 165 142 171 146 164 147 157 147 200 148 206 145 213 146 219 148 213 151 206 150 163 200 171 197 178 196 182 198 188 197 195 199 201 203 194 207 187 209 181 209 176 208 169 205 166 200 177 200 182 201 187 201 198 203 187 203 182 203 177 202
127 156 128 172 131 187 135 202 143 215 153 225 165 234 180 237 195 236 208 229 219 219 228 207 232 193 236 179 238 164 240 150 140 132 147 126 158 124 168 127 177 132 196 133 206 130 216 130 226 133 232 140 187 143 187 153 186 162 186 172 173 180 179 182 184 184 190 183 195 181 152 143 158 142 165 142 171 146 164 147 157 147 200 148 206 145 213 146 219 148 213 151 206 150 163 200 170 197 178 196 182 198 188 197 195 200 201 203 194 208 187 209 181 209 176 208 169 205 166 200 177 201 182 202 187 201 198 203 187 203 182 203 177 202
127 156 128 172 130 187 135 202 143 215 153 225 166 234 180 238 195 236 208 228 219 218 228 207 232 193 236 179 238 164 240 150 140 133 147 126 158 125 168 127 178 132 195 134 206 130 216 130 226 133 232 141 187 144 186 153 186 163 185 173 173 180 178 182 184 184 190 183 195 181 152 144 158 142 165 142 171 146 164 147 157 147 200 148 206 145 213 146 219 148 213 151 206 151 163 200 171 197 178 196 183 198 188 197 194 200 201 203 194 208 187 209 182 210 177 209 170 205 167 200 178 201 182 202 188 202 198 203 187 203 182 203 177 202
127 156 128 172 131 187 135 202 143 214 153 225 166 234 180 237 195 235 208 228 220 218 228 206 233 193 236 178 238 164 240 150 139 133 147 126 157 125 168 127 177 132 195 134 206 130 216 130 226 133 232 140 187 144 186 153 186 162 185 172 173 180 179 182 184 184 190 183 195 181 151 144 158 142 165 142 171 146 164 148 157 147 199 148 206 145 213 146 219 148 213 151 206 151 163 200 171 197 178 196 183 198 188 197 195 200 202 203 194 207 187 209 182 209 177 208 170 205 166 200 178 201 183 202 188 202 198 203 188 203 182 203 178 202
127 156 128 172 131 188 136 202 144 215 155 225 167 234 182 237 197 235 210 228 221 218 229 206 233 192 236 178 238 164 240 149 140 133 147 126 157 125 168 127 177 132 196 134 206 130 216 130 226 133 232 140 187 144 186 153 186 163 185 173 173 180 179 182 184 185 190 183 195 181 152 144 158 142 165 143 171 146 164 148 157 147 200 148 206 145 213 146 219 148 213 151 206 151 164 200 171 198 179 197 183 199 188 197 195 200 202 203 195 208 188 209 183 210 177 209 171 205 167 200 178 201 183 202 188 202 199 203 188 203 183 203 178 202
127 157 129 172 131 188 136 202 144 215 155 225 167 233 181 237 196 235 210 228 221 218 229 206 233 192 236 178 238 164 240 149 140 133 147 126 157 125 168 127 177 132 195 134 206 131 216 130 225 133 231 140 187 144 186 154 186 163 185 173 173 180 179 182 184 185 190 183 195 182 152 144 158 142 165 143 171 146 164 148 157 147 200 148 206 145 213 146 219 149 213 151 206 151 163 200 171 198 178 197 183 199 188 197 195 200 203 203 195 207 188 209 182 209 177 208 170 205 167 200 178 201 183 202 188 202 199 203 188 203 183 203 178 202
128 158 129 174 131 189 136 203 144 215 155 225 167 233 181 237 195 235 208 228 220 218 228 207 233 193 236 179 238 165 240 151 140 134 147 127 157 125 168 127 177 132 195 134 206 131 216 130 226 134 231 142 187 144 186 154 186 163 185 172 173 180 179 182 184 185 190 183 196 181 153 146 159 145 166 145 172 147 166 149 159 149 199 150 206 148 212 149 218 151 212 153 205 152 164 200 171 198 179 197 183 199 189 198 195 200 202 203 195 207 188 209 182 209 177 208 170 205 167 200 178 201 183 202 188 202 199 202 188 203 183 203 178 202
