135 161 136 177 138 193 143 208 152 221 163 232 176 240 190 244 204 242 217 234 229 224 237 213 242 199 245 185 247 170 249 156 150 136 158 131 168 130 178 133 187 138 206 140 216 137 226 136 235 139 241 146 197 149 197 158 196 168 195 177 183 185 188 188 194 190 200 189 205 187 162 148 168 146 175 147 181 151 174 152 168 152 209 154 216 151 223 151 228 154 223 157 216 156 171 205 180 203 187 202 192 204 198 203 205 206 212 208 204 213 197 215 191 215 186 214 179 211 174 205 187 207 192 208 197 207 208 208 197 209 192 209 187 208
135 160 137 176 139 192 144 207 153 220 164 231 176 239 190 243 204 241 217 233 228 223 236 212 242 198 245 183 247 169 249 154 150 137 158 131 168 130 179 133 188 138 206 140 216 136 226 136 236 139 241 146 197 149 197 158 196 168 196 178 183 185 188 188 194 190 200 189 205 187 162 148 168 146 175 147 181 150 175 152 167 152 210 153 216 150 223 151 229 154 223 156 216 156 172 205 180 203 188 202 193 204 198 203 205 205 212 208 204 213 197 214 192 215 186 214 179 210 175 205 187 206 192 207 198 207 208 208 198 208 192 209 187 207
135 162 137 178 139 193 144 208 153 221 165 231 177 240 191 243 205 241 218 234 229 224 237 212 242 198 245 184 246 169 248 155 150 137 158 131 168 130 178 133 188 138 205 139 216 136 226 136 235 139 241 146 197 149 197 158 196 168 196 178 183 185 188 187 194 190 200 189 205 187 161 148 168 146 175 147 181 151 175 152 167 152 209 153 216 150 223 151 229 154 223 156 216 156 172 205 180 202 188 202 193 204 198 203 205 205 212 208 204 213 198 214 192 214 186 214 179 210 175 205 187 206 192 207 198 207 208 208 198 208 192 209 187 207
135 161 136 177 139 193 143 208 152 220 164 231 176 240 190 243 205 241 217 234 229 224 237 212 242 198 245 184 247 169 249 155 150 136 158 130 168 129 178 133 188 138 205 139 216 136 226 136 235 139 240 146 197 149 197 158 196 168 196 178 183 185 189 187 194 189 200 188 205 186 162 148 168 146 175 147 181 150 174 152 167 151 209 153 216 150 223 151 229 154 223 156 216 156 172 205 180 202 188 202 192 204 198 203 205 205 212 208 204 213 198 214 192 214 186 213 179 210 175 205 187 206 192 207 198 207 208 208 198 208 192 208 187 207
135 161 137 177 139 193 144 208 153 221 164 232 177 240 191 244 205 241 218 233 229 223 237 211 242 197 245 183 247 169 249 154 150 136 157 130 168 129 178 132 188 138 205 139 216 136 226 136 235 139 241 146 197 148 197 158 196 168 196 178 183 184 188 187 194 190 200 188 205 186 161 147 168 146 175 146 181 150 174 152 167 151 210 153 216 150 223 151 229 154 223 156 216 156 172 205 180 202 188 202 192 204 198 203 205 205 212 208 204 213 198 214 192 214 186 213 179 210 175 205 187 206 192 207 198 207 208 208 198 208 192 208 187 207
135 161 137 177 139 193 144 209 153 221 164 232 177 240 191 244 205 241 218 234 229 224 237 212 242 198 245 184 246 170 248 155 150 136 158 130 168 129 178 132 187 137 206 139 216 136 226 135 235 139 240 146 197 148 197 158 196 167 196 177 183 184 189 187 194 189 200 188 205 186 162 148 168 146 175 147 181 150 174 151 167 151 210 153 216 150 223 151 228 154 223 156 216 156 172 205 180 202 187 202 192 204 198 203 205 205 212 208 204 213 197 215 192 215 186 214 179 211 175 206 187 206 192 207 198 207 208 208 198 208 192 209 187 208
135 160 136 176 139 192 144 207 152 220 164 231 176 241 190 244 205 242 218 234 229 224 237 211 242 198 245 183 247 169 249 155 149 136 157 130 168 129 178 132 188 137 206 139 216 136 226 136 235 139 241 146 197 148 197 158 196 167 196 177 183 184 188 187 194 189 200 188 205 186 162 147 168 146 175 146 181 150 174 151 167 151 210 153 216 150 223 151 229 153 223 156 216 155 172 205 180 202 188 201 192 203 198 202 205 205 211 209 204 214 197 216 191 217 186 216 179 212 176 206 187 206 192 207 198 207 207 208 198 209 192 210 187 209
135 160 137 176 139 192 144 207 152 220 163 231 175 241 190 244 204 242 217 234 229 224 237 212 242 198 245 184 247 169 249 155 150 136 158 130 168 129 178 132 188 137 206 139 216 136 226 135 235 139 241 146 197 148 197 158 196 167 195 177 183 184 188 187 194 189 200 188 205 186 162 147 168 146 175 146 181 150 174 151 168 151 210 153 216 150 223 151 229 154 223 156 216 155 172 205 180 202 187 201 192 203 198 202 205 205 211 209 204 214 197 217 191 217 185 216 178 212 175 206 187 206 192 207 197 207 207 209 197 210 192 210 186 209
135 160 137 176 139 191 143 206 152 219 163 231 175 240 189 244 204 242 217 234 228 224 236 211 242 198 245 184 247 169 249 155 150 136 158 130 168 129 179 132 188 137 206 139 216 136 226 135 235 139 241 146 197 148 197 157 196 167 196 177 183 184 188 187 194 189 200 188 205 186 162 147 168 146 175 146 181 150 175 151 168 151 210 152 216 150 223 151 229 153 223 156 216 155 173 205 180 202 187 201 192 203 198 202 204 205 211 208 204 214 197 215 191 215 186 214 179 211 176 205 187 206 192 207 197 206 207 208 197 209 192 209 187 208
136 159 137 175 139 191 143 206 152 219 163 230 176 239 190 242 205 240 218 233 229 222 236 210 241 197 245 183 247 169 249 155 150 135 158 130 168 129 179 132 188 137 206 139 216 136 226 135 235 138 241 145 197 148 197 158 196 167 196 177 183 183 188 186 194 189 200 188 205 186 162 147 168 146 175 146 181 150 175 151 168 151 210 153 216 150 223 151 229 153 223 156 216 155 172 204 180 201 188 200 192 202 198 201 204 204 210 208 204 213 197 215 191 215 186 214 179 210 176 205 187 205 192 206 197 206 207 208 197 208 192 208 187 207
136 160 137 175 139 191 143 206 152 219 163 229 175 238 190 242 204 240 217 232 228 222 236 210 241 197 245 183 247 169 249 154 150 136 158 130 168 129 179 132 188 137 206 138 216 136 226 135 235 138 241 145 197 148 197 157 197 167 196 176 183 183 188 186 194 188 200 187 205 185 162 147 168 146 175 146 181 150 175 151 168 151 210 152 216 150 223 151 228 153 223 156 216 155 172 204 180 200 187 199 192 202 198 201 205 204 211 207 204 212 197 214 191 214 185 213 178 210 175 204 187 204 192 205 197 205 207 207 197 208 192 208 186 207
136 160 138 176 140 191 144 206 152 219 163 230 176 238 190 242 205 240 218 232 228 223 237 211 242 198 245 184 247 169 249 155 150 136 158 130 169 129 179 132 188 137 206 138 216 135 226 135 235 139 241 145 197 148 197 157 196 167 196 176 183 183 188 186 194 188 200 187 205 185 162 147 169 145 175 146 181 150 175 151 168 151 210 153 216 150 223 151 228 153 223 156 216 155 172 203 180 200 187 199 192 201 198 200 206 203 212 207 205 213 197 215 191 215 185 213 178 210 176 204 187 203 192 204 198 204 208 207 198 208 192 208 186 207
136 159 137 175 139 191 144 206 152 218 164 229 176 238 190 241 204 239 217 232 228 222 236 210 242 196 245 182 247 168 249 154 150 135 159 129 169 129 179 132 188 137 206 138 217 135 227 135 236 139 241 145 198 148 197 157 197 166 196 176 183 183 189 186 194 188 200 187 206 185 162 147 169 146 175 146 181 150 175 151 168 150 210 153 217 150 224 151 229 153 224 156 217 155 171 203 179 199 187 198 192 200 198 199 206 203 212 207 205 213 197 215 191 215 185 214 178 210 175 203 187 203 192 204 198 204 208 207 198 208 192 209 186 207
137 158 138 174 140 190 144 204 152 217 162 229 174 238 188 241 203 240 216 232 227 223 235 211 241 197 244 183 247 169 249 155 150 136 158 129 169 128 179 131 189 136 207 138 217 135 227 135 236 139 242 146 197 148 197 157 196 167 195 177 183 182 188 185 194 188 200 187 205 185 162 147 168 145 175 146 181 150 175 151 168 150 210 153 217 150 224 150 229 153 224 156 217 155 171 202 179 199 187 198 192 200 198 199 206 202 212 207 205 213 197 216 191 216 184 214 177 210 175 202 186 202 192 204 198 204 209 207 198 209 191 209 185 208
136 160 137 176 139 192 144 207 152 220 163 231 175 240 189 244 204 242 216 234 228 224 236 211 242 198 245 183 247 169 250 154 151 135 158 129 169 128 180 131 189 136 207 138 217 135 227 135 236 138 242 145 198 148 198 157 197 167 197 176 183 182 189 186 195 188 201 187 206 185 162 147 169 145 175 146 181 149 175 151 168 150 210 152 217 150 224 150 229 153 224 155 217 155 171 203 179 199 187 198 192 201 198 200 206 203 212 208 204 216 197 218 191 218 185 217 177 212 174 203 187 203 192 204 198 204 208 208 197 211 191 212 186 210
136 161 137 176 139 192 143 207 152 220 163 232 174 241 188 246 203 244 216 236 227 226 236 213 241 200 245 185 247 171 250 156 151 135 159 129 169 128 179 131 188 136 207 138 217 135 227 135 236 139 241 146 198 148 197 158 196 167 196 177 183 183 188 186 194 189 200 188 205 186 163 147 169 145 175 146 181 150 175 151 168 151 210 153 217 150 224 151 229 154 223 156 217 156 170 203 178 200 186 199 192 202 198 201 205 204 211 209 204 216 196 218 190 218 184 217 176 212 173 203 186 204 191 205 197 205 208 209 197 212 191 212 185 210
136 160 137 176 139 192 143 207 151 220 162 231 174 241 188 245 203 243 216 235 228 225 236 213 242 199 245 184 247 170 250 155 151 136 159 130 169 129 180 132 189 137 206 138 217 136 227 135 237 139 242 146 198 148 197 158 197 167 196 177 183 183 189 187 194 189 200 188 205 186 163 147 169 146 176 146 182 150 175 151 168 151 210 153 217 150 224 151 229 154 224 156 217 156 171 203 179 201 187 201 192 203 197 203 204 205 211 209 203 214 196 216 190 216 185 214 178 210 174 203 187 204 191 206 197 206 207 209 196 210 191 210 186 209
136 159 137 175 139 191 143 206 151 219 162 231 175 240 189 244 204 242 217 235 229 225 237 213 242 199 245 185 247 170 249 156 151 136 159 130 169 129 179 132 189 137 206 138 217 136 227 135 236 139 242 146 198 148 198 158 197 167 196 177 183 184 189 187 194 190 200 189 205 187 163 147 169 146 176 146 182 150 175 151 168 151 210 153 217 150 224 151 229 154 224 157 217 156 171 203 179 202 187 202 191 204 197 204 204 206 211 209 202 213 195 214 190 214 185 213 178 209 174 203 187 206 191 207 196 207 207 209 196 209 191 209 186 208
136 160 137 176 139 192 143 208 151 221 162 232 175 241 189 244 204 243 217 236 229 226 237 214 242 200 245 185 247 171 249 156 151 136 159 130 169 129 179 132 188 137 207 138 217 135 227 135 236 139 242 146 198 148 197 158 197 167 196 177 183 184 189 187 194 190 200 189 205 187 163 147 169 146 176 146 181 150 175 151 168 151 210 153 217 150 224 151 229 154 224 156 217 156 171 203 180 202 187 202 192 205 197 204 204 206 211 209 203 213 196 214 190 214 185 213 178 209 174 204 187 206 191 208 197 207 207 209 196 209 191 209 186 208
136 160 137 176 139 192 143 207 152 220 163 231 175 240 190 243 205 242 218 234 230 225 238 212 243 199 246 184 248 170 249 155 151 135 159 129 169 128 179 131 189 137 206 138 217 135 227 135 236 138 242 145 198 148 198 157 197 167 196 177 183 184 189 187 194 189 200 189 205 187 163 147 169 146 176 146 182 150 175 151 168 151 210 153 217 150 224 151 229 154 224 156 217 156 171 204 180 202 188 202 192 204 198 203 205 206 212 209 204 214 196 216 191 216 185 214 178 210 175 204 187 206 192 207 197 207 208 209 197 209 191 210 187 208
136 159 137 175 139 191 144 206 153 219 164 230 176 240 190 244 204 241 217 234 228 223 237 211 242 197 245 183 247 169 249 154 150 136 158 129 169 128 179 131 188 137 206 138 216 135 227 135 236 139 241 146 198 148 197 157 196 167 196 177 183 184 188 187 194 190 200 189 205 186 162 147 168 146 175 146 181 150 175 151 168 151 210 153 217 150 223 151 229 154 223 156 216 155 173 205 180 202 188 202 192 204 198 203 205 206 211 210 204 215 197 218 191 218 186 216 179 212 176 206 187 206 192 207 197 207 207 209 197 211 192 211 187 210
136 159 137 175 139 191 144 206 152 219 163 231 175 240 189 244 204 242 217 234 228 224 237 212 242 198 245 183 247 169 250 154 150 135 158 129 168 129 179 132 188 137 206 138 216 135 227 135 236 139 242 146 197 148 197 158 196 167 195 177 183 184 188 187 193 190 199 189 204 187 162 147 168 145 175 146 181 150 175 151 168 151 210 153 217 150 224 151 229 154 223 156 217 156 174 206 180 203 187 201 192 204 197 203 204 206 210 210 203 217 196 219 191 219 185 218 179 213 177 206 187 206 191 207 197 207 206 210 197 212 191 212 186 210
136 160 137 175 140 191 144 206 153 219 164 230 176 240 190 244 204 242 218 234 229 224 237 212 242 198 245 184 247 169 250 155 150 136 158 130 168 129 179 132 188 137 206 138 216 135 227 135 236 139 241 146 197 148 197 158 196 167 195 177 183 184 188 187 194 190 199 189 204 187 162 147 168 146 175 146 181 150 175 151 168 151 210 153 217 150 223 151 229 154 223 156 217 156 174 207 180 203 187 202 192 204 197 203 204 207 210 211 203 217 196 219 191 219 185 218 179 214 177 207 187 207 191 208 197 208 206 211 197 212 191 212 186 210
135 159 136 175 138 191 143 206 152 219 163 231 175 240 189 244 204 242 217 234 229 224 237 212 242 198 246 183 248 169 250 154 150 136 158 130 169 129 179 132 189 137 206 138 216 136 227 135 236 139 242 146 197 149 197 158 196 168 195 178 183 185 188 188 194 190 199 189 204 187 162 147 169 146 175 147 181 150 175 151 168 151 210 153 217 150 223 151 229 154 224 156 217 156 174 207 180 203 187 202 192 204 197 203 204 207 210 211 203 217 196 219 191 220 185 218 179 214 177 207 187 207 191 209 197 208 206 211 196 211 191 211 186 210
136 159 136 175 139 191 143 206 152 220 163 231 175 241 189 245 204 243 217 235 228 224 236 212 242 198 245 183 248 169 250 154 150 135 158 130 169 129 179 132 189 137 206 138 216 136 227 136 236 139 242 146 198 148 197 158 196 167 195 177 183 185 188 188 194 190 199 189 204 187 162 147 169 146 176 147 181 150 175 151 168 151 210 153 216 150 223 151 229 154 223 156 216 156 174 207 181 204 187 202 192 205 197 204 204 207 209 211 203 216 196 218 191 218 186 217 179 213 177 207 187 208 191 209 197 208 205 211 196 211 191 211 187 210
136 159 137 175 138 191 143 206 151 220 162 231 174 240 189 244 204 242 217 235 229 224 237 212 242 198 245 184 247 169 249 155 150 135 158 130 168 129 179 132 188 137 206 139 216 136 227 136 236 139 241 146 198 148 197 158 196 167 195 177 183 185 188 187 194 190 199 189 204 187 162 147 168 146 175 147 181 150 175 151 168 151 210 153 216 151 223 152 229 154 223 156 216 156 173 206 180 203 187 202 192 205 197 204 204 207 209 210 203 215 196 217 190 217 185 216 179 212 176 206 187 207 191 208 197 208 206 210 196 210 191 210 186 209
136 160 137 176 138 191 143 206 151 219 162 231 174 240 188 244 203 242 216 235 229 225 238 213 243 199 246 185 248 170 250 156 151 137 159 130 169 129 179 132 189 137 206 139 216 136 227 136 236 140 241 147 197 149 197 158 196 167 195 177 183 184 188 187 194 190 199 189 204 187 164 149 170 148 176 148 182 151 176 152 170 152 209 154 215 153 222 154 227 156 222 158 215 157 172 205 180 202 187 201 192 204 197 203 204 206 210 209 203 215 196 217 190 217 185 216 178 212 175 206 187 206 191 207 197 207 206 209 197 210 191 211 186 209
136 161 137 176 139 192 143 207 152 219 163 230 175 239 189 243 204 241 217 234 228 225 237 213 242 200 246 186 247 172 249 158 151 137 159 130 169 129 179 132 189 137 206 139 216 136 227 136 236 140 241 147 198 149 197 159 196 167 196 177 183 184 188 187 194 189 200 188 205 187 164 150 170 150 177 150 182 152 176 153 170 153 209 155 215 154 222 156 227 157 221 159 215 158 172 205 179 202 187 200 192 202 198 202 205 205 211 208 204 215 197 218 191 218 185 217 178 212 175 205 187 205 192 206 197 205 207 209 197 211 191 211 186 210
136 161 137 176 139 192 144 206 153 219 164 230 176 239 190 243 204 241 217 233 229 224 237 212 243 199 246 185 247 171 249 157 151 136 159 130 169 129 179 131 188 137 206 138 216 136 227 136 236 139 241 147 198 149 197 158 196 167 196 177 183 184 189 186 194 189 200 188 205 186 164 149 170 148 176 149 182 151 176 152 170 152 210 155 216 153 222 154 228 156 222 158 216 157 172 204 179 200 187 199 193 202 198 201 206 204 212 208 205 214 198 217 191 217 185 216 178 212 175 204 187 204 192 205 198 205 208 207 198 210 192 211 186 210
136 161 137 176 139 192 143 207 152 219 164 230 176 238 191 242 205 240 218 233 229 223 237 211 243 198 245 183 247 169 249 155 151 135 159 129 168 128 179 131 188 136 206 138 216 135 226 135 235 138 241 145 198 148 197 158 197 167 196 177 183 183 189 186 194 189 200 188 206 185 163 148 169 147 175 147 181 150 175 151 168 151 210 153 216 152 222 153 228 155 222 157 216 156 171 203 179 200 187 199 193 201 199 200 206 203 212 207 205 214 198 216 191 216 185 215 178 211 174 203 187 203 192 204 199 204 209 207 198 210 192 210 186 209
136 159 137 175 139 191 143 205 152 218 163 229 175 238 190 242 204 240 217 233 228 223 237 211 242 198 245 183 247 169 249 155 151 134 158 128 168 127 179 131 188 136 206 137 216 135 226 134 236 138 241 145 197 147 197 157 196 166 196 176 183 182 188 186 194 188 200 187 205 185 162 147 168 146 175 147 181 150 174 151 168 150 210 153 216 151 223 152 229 154 223 156 216 156 171 202 179 199 187 198 192 200 198 199 206 203 212 207 205 214 197 216 191 216 185 215 177 210 174 203 187 202 192 203 198 203 208 207 198 210 192 210 186 209
135 161 137 177 139 192 143 207 152 220 163 231 176 240 190 243 205 242 218 234 229 223 237 211 242 198 245 184 247 170 249 155 150 135 158 129 168 128 178 130 188 136 206 137 216 134 226 134 236 138 241 145 197 148 197 157 196 166 196 176 183 182 188 185 194 188 200 187 205 185 162 147 168 146 175 146 181 149 174 150 168 150 209 152 216 150 223 151 228 154 222 156 216 155 171 203 178 199 187 198 192 200 198 199 206 203 212 208 205 215 197 218 191 218 184 217 177 212 174 203 186 203 192 204 198 204 208 207 197 211 191 211 186 210
135 160 137 176 139 191 143 206 152 220 163 231 175 240 190 244 205 242 217 234 228 223 236 211 242 198 245 184 247 169 249 155 151 134 158 128 168 128 179 131 188 136 206 137 216 135 226 134 235 138 241 145 197 148 197 157 196 166 195 176 182 182 188 186 194 188 200 187 205 185 162 147 168 145 175 146 180 149 174 151 167 150 209 152 216 150 223 151 228 154 222 156 216 155 170 203 178 199 186 198 192 200 198 200 206 203 212 208 205 216 197 219 191 219 184 217 176 212 174 203 186 203 191 204 198 204 208 208 197 212 191 212 185 211
135 160 137 176 139 192 143 206 152 219 163 230 175 239 189 243 203 241 216 234 227 224 236 212 241 198 244 184 247 170 249 155 150 135 158 129 168 128 178 131 188 136 206 137 216 134 226 134 235 138 241 145 197 147 197 157 196 166 195 176 182 182 188 185 193 188 199 187 205 185 162 147 168 145 175 146 180 149 174 151 167 150 209 152 216 150 223 151 228 154 222 156 216 155 170 203 178 199 186 198 191 200 198 199 205 203 211 208 204 215 197 218 190 218 184 216 176 212 173 203 186 202 191 203 197 203 208 208 197 211 191 211 185 210
136 160 137 175 139 191 143 206 152 219 163 230 175 238 189 242 204 241 217 233 228 223 236 212 242 198 245 184 246 169 249 155 150 135 158 129 168 128 179 131 188 136 206 138 216 135 226 134 235 138 241 145 197 148 197 157 196 166 196 176 183 183 188 186 194 188 200 187 205 185 162 147 168 145 175 146 181 150 174 151 167 150 209 153 216 150 223 151 228 154 222 156 216 155 171 203 178 199 187 198 192 200 198 199 205 203 211 208 204 215 197 217 191 217 185 215 177 211 174 203 186 203 192 204 198 204 207 208 197 210 191 210 186 209
136 160 137 176 139 191 143 206 152 218 163 229 175 238 189 242 203 240 216 233 227 223 235 211 241 198 244 184 247 170 249 156 150 135 158 129 168 128 179 131 188 136 206 138 216 135 226 135 235 138 241 146 197 148 197 157 196 166 196 176 182 183 188 186 194 188 200 187 205 185 162 147 168 145 175 146 181 150 174 151 168 150 209 153 216 150 223 151 228 154 222 156 216 155 170 203 178 199 187 198 192 200 198 200 205 203 211 208 204 214 196 216 190 216 184 215 177 211 174 203 186 203 191 204 197 204 207 208 197 209 191 209 186 208
135 160 136 175 138 191 143 206 151 218 162 229 174 237 189 241 203 240 216 233 227 223 236 211 241 198 244 184 247 169 249 155 150 134 158 129 168 128 178 131 187 136 206 138 216 135 226 135 235 138 240 145 197 148 197 157 196 167 195 176 182 182 188 185 193 188 199 187 205 185 162 147 168 145 175 146 180 150 174 151 167 150 209 153 216 150 223 151 228 154 223 156 216 156 170 202 178 199 186 198 191 200 198 200 205 203 211 208 204 214 196 216 190 216 184 214 176 210 173 203 186 202 191 204 197 204 207 207 197 209 190 209 185 208
135 159 136 174 138 190 142 205 150 217 162 228 174 237 188 241 202 239 216 232 227 223 236 211 241 198 244 184 246 169 249 155 150 135 158 129 168 128 178 131 188 136 206 137 216 135 226 134 236 138 241 145 197 148 196 157 196 166 195 176 182 182 188 185 193 188 199 187 205 185 161 147 168 145 174 146 180 150 174 151 167 150 209 153 216 150 223 151 228 153 223 156 216 155 170 202 178 199 186 198 191 200 197 200 205 203 211 208 203 214 196 216 189 215 183 214 176 210 173 202 186 202 191 203 197 204 207 208 196 209 190 209 185 208
135 159 136 175 138 190 142 205 150 218 161 229 173 238 188 242 202 240 215 233 227 223 235 211 240 198 244 184 246 169 249 155 150 134 158 129 168 128 178 131 188 136 205 138 215 135 225 134 235 138 240 145 197 147 196 157 195 167 195 177 182 182 187 185 193 188 199 187 204 185 161 147 167 145 174 146 180 149 173 150 167 150 209 152 215 150 222 151 228 153 222 156 215 155 169 202 177 199 185 198 191 200 197 200 205 203 211 208 204 215 196 218 189 217 183 216 175 211 172 203 185 202 190 204 197 204 207 208 196 211 190 210 184 209
135 159 136 175 138 190 142 205 150 218 161 229 173 238 187 242 202 241 215 233 227 223 235 211 240 197 244 183 246 169 248 154 150 135 158 129 168 128 178 131 187 136 205 137 215 135 226 134 235 138 240 145 197 148 196 157 195 166 195 176 181 182 187 185 193 188 199 187 204 185 161 147 167 145 174 146 180 150 173 151 167 150 209 152 215 150 222 150 228 153 222 156 215 155 169 202 177 199 185 198 190 200 197 200 204 203 210 209 203 215 195 217 189 217 183 215 175 210 172 203 185 203 190 204 196 204 206 208 196 210 190 210 184 209
135 160 136 176 138 191 142 206 150 218 161 229 174 237 188 241 203 240 216 233 227 223 235 211 240 197 244 183 246 169 248 155 149 134 157 128 168 127 178 130 187 135 204 137 215 134 225 134 235 137 240 145 197 147 196 156 195 166 195 175 181 182 187 185 193 188 199 187 204 185 161 146 167 145 174 146 180 149 173 150 166 150 208 152 215 149 222 150 227 153 222 155 215 155 170 202 178 199 185 198 190 201 196 200 203 203 210 208 202 213 195 214 189 214 183 212 176 208 173 202 185 202 190 204 196 204 206 207 195 208 190 207 184 206
135 160 136 175 138 191 142 206 150 218 161 228 173 237 188 241 203 239 217 232 228 223 236 210 241 197 244 182 246 168 248 154 149 134 157 128 167 127 177 130 187 135 204 137 215 134 226 133 235 137 240 144 196 146 196 156 195 165 194 175 181 182 187 185 193 188 199 187 204 185 161 146 167 145 174 145 180 149 173 150 166 149 209 152 215 149 222 150 227 153 222 155 215 154 170 202 178 199 186 198 191 201 197 200 203 203 210 208 202 212 195 213 189 213 184 211 177 207 174 202 185 203 190 204 196 204 206 207 196 207 190 206 185 205
135 160 136 175 138 191 143 206 151 219 163 229 175 238 189 242 204 240 217 233 228 223 236 211 241 197 244 182 246 168 249 154 149 133 157 128 167 127 178 130 187 135 205 136 215 133 226 133 235 137 240 144 196 146 196 156 196 165 195 174 182 182 187 185 193 187 199 186 204 184 161 146 167 144 174 145 180 149 173 150 166 149 209 152 216 149 222 150 228 153 222 155 215 154 171 203 179 200 186 198 191 201 197 200 204 203 209 208 202 213 196 215 190 215 184 213 177 210 175 203 186 203 191 204 196 204 206 207 196 208 190 208 185 207
135 160 136 176 139 192 143 206 152 219 163 230 175 239 189 242 204 240 217 233 228 222 236 210 241 196 244 182 246 168 248 154 149 134 157 127 167 127 178 130 187 135 205 136 215 133 226 133 235 137 240 144 196 146 196 156 195 165 195 175 182 182 187 185 193 188 199 187 204 185 161 146 167 145 174 145 180 149 174 150 167 150 209 151 215 149 222 150 228 153 222 155 215 154 171 204 179 200 186 199 191 201 196 200 203 204 209 208 202 214 196 216 190 216 184 214 177 210 175 204 186 204 191 205 196 205 205 208 196 208 190 209 185 207
135 159 136 175 138 190 142 205 151 218 162 229 174 238 189 242 203 240 217 233 228 223 236 211 241 197 244 182 246 169 248 154 149 134 157 127 167 126 178 129 187 134 205 136 215 133 226 133 235 137 240 144 196 146 196 156 195 165 195 175 182 182 187 185 193 187 198 186 204 185 161 146 167 144 174 145 180 148 173 150 166 149 209 151 215 149 222 150 228 152 222 155 215 154 171 204 179 200 186 199 191 202 197 201 203 204 209 208 202 213 196 215 190 215 184 214 178 210 175 204 186 204 191 205 196 205 205 208 196 208 190 208 185 207
135 159 136 175 138 191 142 206 151 218 162 229 174 238 188 242 203 240 217 233 228 223 236 211 241 197 244 183 246 168 248 154 149 133 157 127 167 126 178 129 187 134 205 136 215 133 225 133 235 137 240 144 196 146 196 156 195 165 194 175 182 182 187 185 193 187 198 186 203 184 161 146 167 144 174 145 180 148 174 149 167 149 209 151 215 149 222 150 228 152 222 155 215 154 171 203 179 200 186 199 191 202 196 200 203 204 209 208 202 213 196 214 190 214 184 213 177 209 174 204 186 204 191 205 196 205 206 207 196 207 190 207 185 206
135 159 136 175 138 191 143 206 151 219 163 230 175 239 189 243 204 241 217 232 228 222 236 210 241 196 244 182 246 168 249 154 149 133 157 127 168 126 178 129 187 134 205 136 215 133 226 133 235 137 240 144 197 146 196 156 196 165 195 175 182 182 188 185 193 188 199 186 204 184 161 146 167 144 174 145 180 148 174 150 167 149 209 151 215 149 222 150 228 152 222 155 215 154 171 203 179 200 187 199 191 201 197 200 204 204 210 208 203 214 196 216 190 216 185 214 178 210 174 204 186 203 191 204 197 204 206 208 196 209 191 209 186 208
135 159 136 175 138 190 143 205 151 218 162 230 174 239 188 244 203 242 216 233 227 223 235 210 240 197 244 182 246 168 248 153 150 133 157 128 168 127 178 129 187 134 205 136 215 133 226 133 235 137 240 143 197 147 196 156 196 166 195 175 182 182 188 185 193 188 199 187 204 185 161 146 167 144 174 145 180 148 174 150 167 149 209 151 215 149 222 150 228 152 222 155 215 154 170 203 178 199 186 198 191 201 197 200 204 203 210 208 203 215 196 218 190 218 184 216 177 211 174 203 186 203 191 204 197 204 206 208 196 211 191 211 185 209
135 160 136 176 138 192 143 207 151 220 163 231 175 240 189 244 204 242 217 234 228 223 236 211 241 197 244 183 246 169 249 154 149 134 157 128 168 127 178 129 187 135 205 136 215 133 226 133 235 137 240 144 197 147 196 156 196 165 195 175 182 182 188 185 193 188 199 187 204 185 161 146 167 144 174 145 180 149 173 150 167 149 209 152 216 149 223 150 228 153 222 155 215 154 170 203 178 199 186 198 191 200 198 200 205 203 211 208 204 216 197 219 190 219 184 218 176 213 173 203 186 203 191 204 197 204 207 208 197 212 191 212 185 211
135 160 136 176 139 191 143 207 151 220 163 231 175 241 189 245 204 243 217 234 228 224 236 212 241 198 244 183 247 169 249 155 150 133 158 127 168 127 179 129 188 135 206 136 216 133 226 133 235 137 241 144 197 147 196 156 196 165 195 175 182 182 188 185 193 188 199 187 204 185 161 146 167 144 174 145 180 149 174 150 167 150 209 152 216 149 223 150 228 153 223 155 216 155 170 203 178 199 186 198 191 200 197 199 205 203 210 209 204 217 196 220 190 220 184 218 176 213 173 204 186 203 191 204 197 204 207 208 197 213 191 213 185 212
135 162 137 177 139 193 143 208 152 221 163 232 175 241 189 245 204 243 217 235 229 225 237 212 242 198 245 184 247 170 249 155 150 134 158 128 168 127 178 130 187 135 205 137 216 134 226 133 235 137 240 144 197 147 196 156 196 166 195 176 182 182 188 185 194 188 199 187 204 185 162 146 168 145 174 145 180 149 174 150 167 150 209 152 216 149 222 150 228 153 222 155 216 154 170 204 178 199 186 198 192 201 198 200 206 203 211 209 205 217 197 220 190 220 184 219 176 214 173 204 186 203 191 204 198 204 207 209 197 213 191 213 185 212
135 161 137 177 139 193 143 208 152 221 163 232 175 242 190 246 204 243 217 235 228 224 237 212 242 198 245 183 247 169 249 154 150 134 158 128 168 127 178 130 187 135 206 136 216 134 226 133 235 137 240 144 197 147 196 156 196 166 195 175 182 182 188 185 194 188 200 187 205 185 161 146 167 145 174 145 180 149 174 150 167 150 209 152 216 149 223 150 228 153 223 155 216 155 170 204 178 199 186 198 192 201 198 200 206 203 211 209 205 217 197 221 190 221 184 219 176 214 173 204 186 203 191 204 198 204 207 208 197 213 191 213 185 212
135 160 137 176 139 192 143 207 152 220 163 232 175 241 189 245 204 243 217 235 228 224 236 212 242 198 245 183 247 169 249 155 150 134 158 128 168 127 178 130 187 135 206 137 216 134 226 134 235 137 241 144 197 147 197 157 196 166 196 176 182 182 188 185 194 188 200 187 205 185 161 146 167 145 174 145 180 149 174 150 167 150 209 152 216 149 223 150 228 153 223 155 216 155 171 204 178 200 187 199 192 201 198 200 205 203 211 208 204 217 197 220 191 220 185 219 177 214 174 205 186 203 192 204 198 204 207 208 197 213 191 213 186 212
135 160 137 176 139 192 143 207 152 220 163 231 175 239 190 243 204 241 217 233 228 223 236 210 241 197 244 182 246 169 249 154 150 134 157 128 168 127 178 130 188 135 206 137 216 134 227 133 236 137 241 144 197 147 197 157 196 166 196 176 183 182 188 186 194 188 200 187 205 185 161 147 167 145 174 145 181 149 174 150 167 150 209 152 216 149 223 150 228 153 223 155 216 155 171 203 179 200 187 199 192 202 198 201 205 204 211 208 204 214 197 217 191 217 185 216 178 211 175 204 187 204 192 205 197 205 207 207 197 210 191 210 186 209
135 160 136 176 139 191 143 206 151 218 162 229 174 238 188 242 203 240 216 233 228 223 236 211 241 198 244 183 246 169 248 155 150 134 158 128 168 127 179 130 188 135 206 137 216 134 227 134 236 137 241 144 197 147 197 156 196 166 195 176 182 183 188 186 194 188 200 187 205 185 162 146 168 145 175 145 180 149 174 150 167 150 209 152 216 149 223 150 228 153 223 155 216 155 171 203 179 201 187 200 192 202 197 201 204 204 211 207 203 212 196 213 190 213 185 212 178 209 174 203 187 204 191 205 197 205 208 207 196 208 191 208 186 207
135 158 136 174 138 190 143 205 151 217 162 228 174 237 189 241 203 240 217 232 228 222 236 210 241 196 244 182 246 168 249 153 150 134 158 128 168 127 179 130 188 135 206 137 216 134 226 134 235 137 241 145 197 147 197 157 196 166 195 176 182 183 188 186 194 188 200 187 205 185 161 146 167 145 174 146 181 149 174 150 167 150 209 152 216 149 223 150 228 153 223 155 216 155 171 202 180 201 187 200 192 202 198 201 204 204 211 207 203 212 196 213 191 213 186 212 178 208 174 203 187 204 192 206 197 205 208 207 197 207 192 207 187 206
136 160 137 176 139 191 143 206 152 218 162 229 175 237 189 241 203 239 216 232 227 222 236 210 241 197 244 183 246 169 248 154 150 134 157 128 168 127 178 130 187 135 205 137 216 134 226 133 235 137 241 144 197 147 197 156 196 166 196 175 182 183 188 186 194 188 200 187 205 185 161 146 168 145 174 146 180 149 174 150 167 150 209 152 216 149 223 150 228 153 223 155 216 155 171 202 180 201 187 200 192 202 198 201 204 204 212 207 203 211 196 212 191 212 186 211 178 208 174 203 187 204 192 206 197 205 208 207 197 207 192 207 187 206
135 160 136 175 139 191 143 206 151 218 162 229 174 237 189 241 203 239 216 232 227 222 236 210 241 197 244 183 246 169 248 154 150 134 157 128 167 127 178 130 187 135 206 136 216 133 226 133 235 137 240 144 197 146 197 156 196 166 196 176 182 183 188 186 194 188 200 187 205 185 161 146 167 145 174 145 180 149 174 150 167 150 209 152 216 149 223 150 228 153 223 155 216 155 171 202 179 201 187 200 192 203 197 201 204 204 211 207 203 211 196 212 191 212 185 211 178 208 174 203 187 204 192 206 197 205 208 206 197 207 191 207 186 206
135 160 136 175 139 191 143 206 151 218 162 229 175 237 189 241 203 239 216 232 228 223 236 211 241 197 244 183 246 169 248 154 149 134 157 128 167 127 178 130 188 135 205 136 215 133 226 133 235 137 240 144 197 146 196 156 196 166 196 176 182 183 188 186 194 188 200 187 205 185 161 146 167 145 174 145 180 149 174 150 167 150 209 152 216 149 222 150 228 152 222 155 215 154 171 202 179 201 187 201 192 203 198 202 205 204 212 206 204 211 197 212 191 212 185 211 178 208 174 203 187 205 192 206 197 205 208 206 197 207 191 207 186 206
135 160 136 175 138 191 142 206 151 218 162 228 174 237 188 240 203 239 216 232 228 223 236 211 241 198 244 183 246 169 248 154 149 135 157 129 167 127 178 130 187 135 205 136 215 133 226 133 235 137 240 144 197 147 196 157 196 166 195 176 182 183 188 186 193 188 199 187 204 185 161 147 167 145 174 146 180 149 174 151 167 150 209 152 215 149 222 150 228 153 222 155 215 155 170 202 179 201 187 200 191 202 197 202 204 204 211 206 203 211 196 212 190 212 185 211 178 208 173 203 187 204 191 206 197 205 208 206 196 207 191 207 186 206
135 161 136 177 138 192 143 207 151 219 162 229 175 237 189 241 203 239 216 232 228 223 236 212 241 198 244 184 246 169 248 155 149 135 157 129 167 127 178 130 187 135 205 136 215 133 226 133 235 137 240 145 197 147 196 156 196 166 195 176 182 183 188 186 194 188 199 187 204 185 161 147 167 145 174 146 180 149 174 150 167 150 208 152 215 149 222 150 228 153 222 155 215 155 170 202 179 201 187 201 192 203 197 202 204 204 212 206 203 211 196 212 191 212 185 211 178 208 174 203 187 204 191 206 197 205 208 206 197 207 191 207 186 206
135 159 136 175 138 191 142 205 151 218 162 228 174 237 189 240 203 239 216 232 227 222 235 210 240 197 243 183 245 168 248 154 149 135 157 128 167 127 177 130 187 135 205 136 215 133 225 133 235 137 240 145 196 147 196 156 195 166 195 176 182 183 187 186 193 188 199 187 204 185 161 147 167 145 174 146 180 149 173 151 166 150 208 152 215 149 222 150 228 153 222 155 215 155 170 202 179 201 187 201 192 203 197 202 204 204 211 206 203 211 196 212 190 212 185 211 178 208 173 203 187 205 191 206 196 205 208 206 196 207 191 207 186 206
135 159 136 175 138 191 142 205 151 218 162 228 174 237 188 240 203 239 216 232 227 222 235 211 240 197 243 183 246 169 248 154 149 135 157 128 167 127 177 130 187 135 205 137 215 134 225 133 235 137 240 144 196 147 196 157 195 166 194 176 182 183 187 186 193 188 199 187 204 185 160 147 167 145 174 146 180 149 173 151 166 150 209 152 215 149 222 150 228 153 222 155 215 155 170 202 179 201 186 201 191 203 197 202 204 204 211 206 203 211 196 212 190 212 185 211 178 208 173 203 186 205 191 206 196 206 208 206 196 207 191 207 186 206
135 160 136 176 138 191 142 206 151 219 162 229 175 237 189 240 203 239 217 232 228 223 236 211 241 198 244 183 246 169 248 154 149 135 157 129 167 127 177 130 187 135 205 137 215 134 226 133 235 137 240 145 196 147 196 157 195 166 195 176 182 183 187 186 193 188 199 187 204 185 161 147 167 145 174 146 180 149 173 151 166 150 209 152 215 149 222 150 228 153 222 155 215 155 170 202 179 201 187 201 191 203 197 202 204 204 211 206 203 211 196 212 190 212 185 211 178 208 173 203 186 205 191 206 196 205 208 206 196 207 191 207 186 206
135 159 136 175 138 191 142 205 151 218 162 228 174 237 188 240 203 239 216 232 227 222 235 211 241 197 244 183 246 168 248 154 149 135 157 129 167 127 177 130 187 135 205 137 215 134 226 134 235 137 240 145 196 147 196 157 195 166 195 176 182 183 187 186 193 188 199 187 204 185 161 147 167 145 174 146 180 149 173 151 166 150 209 152 215 149 222 150 228 153 222 155 215 155 170 202 179 201 187 201 192 203 197 202 204 204 212 206 203 211 196 212 191 212 185 211 178 208 173 202 187 205 191 206 197 205 208 206 196 207 191 207 186 206
135 160 136 175 138 191 142 206 151 219 162 229 175 237 189 241 203 239 216 232 227 222 236 210 241 197 244 183 246 169 248 154 149 135 157 128 167 127 178 130 187 135 205 137 215 134 226 133 235 137 240 144 196 147 196 157 195 166 195 176 182 183 187 186 193 188 199 187 204 185 160 147 167 145 174 146 180 150 173 151 166 150 209 152 216 149 223 150 228 153 222 155 215 155 170 202 179 201 187 201 191 203 197 202 204 204 212 206 203 211 196 212 191 212 185 211 178 208 173 203 187 205 191 206 197 205 208 206 196 207 191 207 186 206
135 160 136 175 138 191 142 206 151 219 162 229 174 237 189 241 203 239 217 232 228 222 236 211 241 197 244 183 246 169 248 154 149 135 157 129 167 127 178 130 187 136 205 137 215 134 226 134 235 137 240 144 196 147 196 157 196 166 195 176 182 183 188 186 193 188 199 187 204 185 161 147 167 145 174 146 180 150 174 151 166 151 209 152 216 149 223 150 228 153 222 155 215 155 170 202 179 201 187 201 192 203 197 202 204 204 212 206 203 210 196 212 191 212 185 211 178 208 173 203 186 205 191 206 197 205 208 206 197 207 191 207 186 206
135 159 136 174 138 190 142 205 151 218 162 228 174 237 189 240 203 239 217 232 228 222 236 210 241 196 244 182 246 168 248 153 149 135 157 129 167 128 177 131 187 136 205 137 215 134 226 134 235 137 240 145 196 147 196 157 195 166 195 176 182 184 188 186 194 188 199 187 204 186 161 147 167 145 174 146 180 150 173 151 166 150 209 152 215 149 222 150 228 153 222 155 215 155 170 202 179 202 187 201 192 203 197 202 204 204 212 206 203 211 196 212 191 212 186 211 178 208 173 203 187 205 191 206 197 206 208 206 197 207 191 207 186 206
135 159 136 175 138 191 142 205 151 218 162 229 175 237 189 241 203 239 217 232 228 222 236 210 241 197 244 182 246 168 248 154 149 136 157 129 167 128 178 131 187 136 205 138 215 134 226 134 235 138 240 145 196 147 196 157 195 167 195 176 182 184 188 186 193 188 199 187 204 185 161 147 167 145 174 146 180 150 174 151 167 150 209 152 216 150 222 150 228 153 222 156 216 155 170 202 179 201 187 201 192 203 197 202 204 204 212 206 203 211 196 212 191 212 185 211 178 208 173 203 187 205 191 206 197 205 208 206 196 207 191 207 186 206
135 159 136 175 138 191 143 206 151 218 162 229 175 237 189 241 203 239 216 232 227 223 236 211 241 197 244 183 246 168 248 154 149 135 157 129 167 128 178 131 187 136 205 138 215 134 226 134 235 138 241 145 197 147 196 157 196 166 196 176 182 183 188 186 194 188 200 187 205 185 161 147 167 146 174 146 180 150 174 151 167 150 209 152 216 150 223 150 228 153 223 155 216 155 170 202 179 202 187 201 192 203 197 202 204 204 212 206 203 211 196 212 191 212 186 211 178 208 174 203 187 205 192 206 197 206 208 206 197 207 191 207 187 206
135 160 136 175 138 191 143 206 151 218 163 229 175 237 189 241 203 239 216 232 227 222 236 211 241 197 244 183 246 168 248 153 149 135 157 129 167 128 178 131 187 136 205 138 215 134 226 134 235 138 240 145 197 147 196 157 196 166 195 176 182 183 188 186 194 188 199 187 205 185 161 147 167 145 174 146 180 150 174 151 167 150 209 152 216 150 223 150 228 153 222 155 216 155 170 202 179 201 187 201 192 203 197 202 204 204 212 206 203 211 196 212 191 212 186 211 178 208 174 203 187 205 192 206 197 206 208 206 197 207 191 207 187 206
135 159 136 175 138 190 142 205 151 218 162 229 174 237 189 241 204 239 217 232 228 222 236 211 241 197 244 183 246 169 248 155 149 135 157 129 167 128 178 131 187 136 205 138 216 135 226 134 235 138 240 145 197 147 196 157 196 166 195 176 182 183 188 186 194 188 199 187 205 185 161 147 167 145 174 146 180 150 174 151 167 151 209 153 216 150 223 150 228 153 222 156 216 155 170 202 179 201 187 201 192 203 197 202 204 204 212 206 203 211 196 212 190 212 185 212 178 208 173 203 187 205 191 206 197 206 208 206 196 207 191 207 186 206
135 160 136 175 138 191 143 206 152 219 163 229 176 238 190 241 204 239 217 232 228 222 236 210 241 196 244 182 246 168 248 154 150 135 157 129 167 128 177 131 187 136 206 138 216 135 226 134 235 138 240 145 197 147 196 157 196 167 196 176 182 183 188 186 194 189 199 188 205 186 161 147 167 146 174 146 180 150 174 151 167 151 209 153 216 150 223 150 228 153 223 156 216 155 170 202 179 201 187 201 192 203 197 202 204 204 212 206 203 211 196 212 191 213 185 212 178 208 173 203 187 205 192 206 197 206 208 206 197 207 191 207 186 206
135 160 136 175 138 191 143 206 151 219 163 229 175 238 189 241 204 239 217 232 228 222 236 211 241 197 244 183 246 168 248 154 149 135 157 129 167 128 178 131 187 136 205 138 215 135 226 134 235 138 240 145 197 147 196 157 196 166 195 176 182 184 188 186 193 189 199 188 204 185 161 147 167 146 174 146 180 150 174 151 167 151 209 153 215 150 222 150 228 153 222 156 215 155 170 203 179 201 187 201 192 203 197 202 204 204 211 206 203 211 196 213 191 213 185 212 178 208 174 203 187 205 191 206 197 206 208 206 197 207 191 207 186 206
