133 151 135 165 138 179 142 192 149 204 158 215 168 223 181 225 194 223 205 215 213 204 220 192 224 179 227 165 229 151 229 136 142 131 148 127 156 127 165 130 173 133 189 134 197 131 206 127 215 126 222 131 180 140 180 148 180 157 180 166 170 172 175 174 180 175 185 174 190 172 152 141 157 138 163 138 168 141 163 143 157 143 194 141 199 138 205 138 210 140 205 143 199 142 164 189 170 188 176 187 180 188 184 187 190 188 197 189 190 193 184 195 180 195 176 195 170 193 166 189 176 190 180 191 184 190 195 189 184 190 180 191 176 190
133 151 135 165 138 179 142 192 149 204 158 214 168 222 181 225 194 223 205 214 214 204 221 191 224 178 226 164 228 150 229 136 141 132 148 127 156 127 165 130 174 134 188 134 197 131 206 127 215 127 222 132 180 140 180 148 180 157 180 166 171 172 175 174 180 175 185 174 190 172 152 141 158 139 163 138 168 141 163 143 157 143 194 141 199 138 205 138 210 140 205 143 199 142 164 189 171 188 176 187 180 188 184 187 190 188 197 189 190 193 184 194 180 195 176 194 171 193 167 189 176 190 180 191 184 190 195 189 184 190 180 191 176 190
133 151 135 165 138 179 142 192 149 204 158 214 168 223 181 225 194 223 205 214 214 204 220 192 224 178 226 164 228 150 229 136 141 132 148 127 156 128 165 130 174 134 189 134 197 131 206 127 215 127 221 132 180 139 180 148 180 157 180 166 171 172 175 174 180 175 185 174 190 172 153 141 158 139 164 139 168 141 163 143 157 143 194 141 199 138 205 138 210 140 205 143 199 143 164 189 170 188 176 188 180 189 184 187 190 188 197 189 190 193 185 194 180 195 176 194 170 193 167 189 176 190 180 191 184 190 195 189 185 190 180 191 176 190
133 151 135 165 138 179 142 192 149 204 158 215 168 223 181 225 194 223 205 215 214 204 220 192 224 178 226 164 228 150 229 136 141 133 147 128 156 128 165 131 174 134 188 134 197 131 206 127 215 127 222 132 180 140 180 148 180 157 180 166 171 172 175 174 180 175 185 174 190 172 153 141 158 139 163 139 168 141 163 143 157 143 194 141 199 138 205 138 210 140 205 143 199 142 165 189 171 188 176 188 180 189 185 187 190 188 197 189 191 193 185 195 181 195 176 195 171 193 167 189 176 190 180 191 185 190 195 189 185 190 181 191 176 190
133 151 136 166 138 180 142 193 150 204 158 214 169 223 181 225 194 223 205 215 214 204 220 192 224 178 227 164 228 150 229 136 141 133 147 128 156 128 165 131 174 134 188 134 197 131 206 127 215 127 222 132 180 140 180 149 180 157 180 166 170 172 175 174 180 175 185 174 190 172 152 141 158 139 163 138 168 142 163 143 157 143 194 141 199 138 205 138 210 140 205 143 199 143 164 189 170 188 176 188 180 189 184 188 190 188 198 189 191 194 185 195 180 195 176 195 170 193 167 189 176 190 180 191 185 190 195 189 185 191 180 191 176 190
133 151 136 165 138 178 142 192 149 204 157 214 168 222 181 225 194 222 205 214 214 204 221 191 224 178 226 164 228 150 229 136 141 133 147 128 156 128 165 131 174 134 188 134 197 131 206 127 215 127 222 132 181 140 180 149 180 157 180 167 170 173 175 174 180 175 185 174 190 173 153 141 158 139 164 139 168 142 163 143 157 143 194 141 199 139 205 138 210 141 205 143 199 143 164 189 170 188 176 188 180 189 184 188 190 188 197 189 190 193 185 195 180 195 176 195 170 193 167 189 176 190 180 191 184 190 195 189 184 191 180 191 176 190
134 151 136 165 138 178 142 192 149 203 157 214 168 222 181 224 194 222 206 214 214 204 220 192 224 178 226 165 228 151 229 136 141 132 148 128 156 128 165 131 174 134 188 135 197 131 206 127 215 127 222 132 181 140 181 149 180 157 180 167 171 173 175 174 180 175 185 174 190 173 153 141 158 139 164 139 168 142 163 143 157 143 194 142 199 139 205 139 210 141 206 143 200 143 164 189 170 188 176 188 180 189 184 188 190 188 198 189 191 193 185 195 180 195 176 194 170 193 166 189 176 190 180 191 185 190 195 189 185 190 180 191 176 190
133 151 135 165 138 179 142 192 149 204 157 215 168 223 181 225 194 223 205 215 214 204 220 192 224 178 226 165 228 151 229 137 141 132 148 128 156 128 165 131 174 134 189 135 197 131 206 128 215 127 222 131 181 140 181 149 180 158 180 167 171 173 175 174 180 175 186 174 190 173 153 141 158 139 164 139 168 142 163 143 157 143 194 142 199 139 205 139 210 141 206 143 200 143 164 189 170 188 176 188 180 189 184 188 190 188 198 189 190 193 184 195 180 195 175 194 170 193 166 189 176 190 180 191 184 190 195 189 184 190 180 191 176 190
133 151 135 165 138 179 142 192 149 204 157 214 168 223 181 225 194 223 205 215 214 204 220 192 224 178 227 164 228 150 229 136 142 133 148 128 157 128 165 131 174 134 188 135 197 131 206 128 215 127 222 132 181 140 181 149 181 158 181 167 171 173 175 174 180 175 186 174 191 173 153 141 158 139 164 139 168 142 163 143 158 143 194 142 199 139 205 139 210 141 205 143 200 143 164 189 170 188 176 187 180 189 184 188 190 188 197 189 190 193 184 195 180 195 176 195 170 193 166 189 176 190 180 191 184 190 194 189 184 190 180 191 176 190
133 151 135 165 138 179 142 192 149 204 158 214 168 223 181 225 194 223 205 215 213 204 220 192 224 179 226 165 228 151 229 137 142 133 148 128 156 128 165 131 174 134 189 134 197 131 206 128 215 127 222 132 181 140 181 149 181 158 180 167 170 173 175 174 180 175 185 174 190 173 153 141 158 139 164 139 168 142 163 143 158 143 194 142 199 139 205 139 210 141 205 143 199 143 164 188 170 188 175 188 180 189 184 188 189 188 196 189 189 193 184 195 179 195 175 195 170 193 166 189 176 190 180 191 184 190 194 189 183 190 180 191 175 190
133 151 135 165 138 179 142 192 150 204 158 214 168 223 181 225 193 223 204 214 213 204 220 192 224 179 227 165 229 151 229 137 141 133 147 128 156 128 165 131 174 134 188 135 197 131 206 128 215 127 222 132 180 140 180 149 180 158 180 167 170 173 175 174 180 176 185 174 190 173 153 141 158 139 163 139 168 142 163 143 158 143 194 142 199 139 205 139 210 141 205 143 199 143 164 188 170 188 175 187 179 188 183 187 189 188 195 189 189 193 183 195 179 195 175 195 170 193 167 189 175 190 179 191 183 190 193 189 183 190 179 191 175 190
133 150 135 164 138 178 142 191 149 203 158 214 168 223 181 225 193 223 204 214 213 204 220 192 224 178 226 165 228 151 229 136 141 132 147 128 156 128 165 131 174 134 188 134 196 131 205 128 214 127 222 132 180 140 180 149 180 158 180 167 170 173 175 174 180 176 185 174 190 173 153 141 158 139 163 139 168 141 163 143 157 143 194 141 199 139 205 139 210 141 205 143 199 143 165 189 170 188 175 187 180 188 184 187 189 188 195 190 190 195 184 197 180 198 175 197 170 194 168 190 175 190 180 191 184 190 192 190 184 191 180 191 175 190
133 150 135 165 138 178 142 192 149 204 158 214 168 223 181 226 194 223 204 214 213 203 220 191 224 178 226 164 228 150 229 136 141 132 147 128 156 128 165 131 174 134 188 135 196 131 205 128 214 127 222 132 180 140 180 149 180 157 180 167 170 173 175 174 180 176 185 174 190 173 153 141 158 139 163 139 168 141 163 143 157 143 194 141 199 139 205 139 210 141 205 143 199 143 165 190 170 188 175 187 180 189 184 187 190 188 195 190 190 195 184 197 180 198 175 197 170 195 168 190 175 191 180 191 184 191 192 190 184 191 180 192 176 191
133 150 135 164 137 178 142 191 149 204 158 215 168 223 181 226 193 223 204 214 213 203 220 191 224 177 226 164 228 149 229 135 141 132 147 128 156 128 165 131 173 134 188 135 196 131 205 128 214 127 221 132 180 140 180 148 180 157 180 167 171 173 175 174 180 175 185 174 189 173 153 141 158 139 163 139 168 141 163 143 157 143 194 141 199 139 205 138 209 140 205 143 199 143 165 190 170 189 175 188 180 189 184 188 189 189 196 190 190 195 184 198 180 198 175 197 170 195 167 190 175 191 180 192 184 191 193 190 184 191 180 192 175 191
133 149 135 163 137 177 142 191 149 203 157 214 168 223 180 225 193 223 205 214 213 203 220 190 224 177 226 163 228 149 229 135 141 132 147 127 156 128 164 131 173 134 187 134 196 131 205 127 214 127 221 131 180 139 180 148 180 157 180 166 170 172 175 174 180 175 184 174 189 172 152 141 157 139 163 139 168 141 162 143 157 143 193 141 198 138 204 138 209 140 204 143 199 142 164 190 170 189 175 187 179 189 184 187 189 188 196 189 190 195 184 197 180 197 175 197 170 195 167 190 175 191 180 192 184 191 193 190 184 191 180 192 175 191
133 150 135 164 138 178 142 191 149 204 158 214 168 224 181 226 194 223 205 214 213 203 220 191 224 178 226 164 228 150 229 136 141 131 147 127 156 127 164 130 173 133 188 134 197 130 205 127 214 126 221 131 180 139 180 148 180 157 180 166 171 172 175 174 180 175 185 173 189 172 152 141 157 139 163 139 167 141 162 142 157 143 193 141 198 138 204 138 209 140 204 142 199 142 164 189 170 188 175 188 180 189 184 187 190 188 196 189 190 195 184 198 180 198 175 198 170 195 167 190 175 191 180 191 184 191 193 190 184 191 180 192 175 192
132 151 135 165 138 179 142 192 149 205 158 216 169 225 182 227 194 224 205 215 214 203 220 191 224 177 226 163 228 149 228 135 141 132 147 127 155 127 164 130 172 133 187 134 196 130 205 127 214 126 221 131 180 139 180 148 180 157 180 166 170 171 175 173 180 175 185 173 190 171 152 140 157 138 163 138 168 141 162 142 157 142 193 141 198 138 204 138 209 140 204 142 199 142 164 190 169 188 175 187 180 188 185 187 191 188 196 190 191 197 185 201 180 201 175 200 169 197 167 191 175 191 180 191 185 190 193 191 185 194 180 195 175 194
133 151 135 165 138 179 142 193 149 205 158 216 169 224 182 227 194 224 205 214 214 203 220 190 224 176 226 163 228 149 228 135 141 131 147 127 155 127 164 130 172 133 188 134 196 130 205 127 214 126 221 131 180 139 180 148 180 156 180 166 171 172 175 173 180 174 185 173 189 171 152 140 157 138 163 138 168 141 162 142 157 142 193 141 199 138 204 138 209 140 204 142 199 142 164 190 170 188 175 187 180 188 185 187 190 188 196 191 191 198 185 200 180 201 175 200 169 197 167 191 175 191 180 191 185 191 193 191 185 194 180 195 176 194
133 150 135 164 138 178 142 192 149 205 159 215 169 224 182 226 195 223 206 214 214 203 220 190 224 176 226 163 228 149 228 134 141 131 147 127 156 127 164 130 173 133 188 133 196 130 205 127 214 126 221 131 180 138 180 147 180 156 180 166 171 172 175 173 180 174 185 173 189 171 152 140 157 138 163 138 168 140 162 142 157 142 193 140 199 138 204 138 209 139 204 142 199 142 164 190 170 189 176 188 180 189 184 188 190 188 197 190 190 196 185 198 180 198 176 198 170 195 167 190 176 191 180 191 184 191 194 191 184 192 180 193 176 192
133 150 135 164 138 178 141 191 148 203 157 214 168 223 181 225 194 223 205 214 214 203 220 190 223 177 226 163 228 149 228 135 141 131 147 127 156 127 164 129 173 132 188 133 196 130 205 126 214 125 221 130 180 138 180 147 180 156 180 165 171 172 175 173 180 174 185 173 189 171 152 140 157 138 163 138 168 141 162 142 157 142 193 140 198 137 204 137 209 139 204 142 199 142 164 189 170 188 176 187 180 188 184 187 190 188 197 189 190 194 184 196 180 196 176 196 170 194 167 189 176 190 180 191 184 190 194 190 184 191 180 191 176 191
133 150 135 164 138 178 142 191 149 204 158 214 168 223 181 225 194 223 205 214 213 203 220 190 223 177 225 164 227 149 228 135 141 131 147 126 155 126 164 129 173 132 188 133 197 129 205 126 214 125 221 130 180 138 180 147 180 156 180 165 171 171 175 173 180 174 184 173 189 171 152 140 157 137 163 137 168 140 162 141 157 142 193 140 198 137 204 137 209 139 204 141 199 141 164 188 170 188 175 187 180 188 184 187 190 187 197 189 190 194 184 196 180 196 175 196 169 193 166 189 175 190 180 191 184 190 194 189 184 190 180 191 175 190
132 149 135 163 137 177 141 191 148 203 157 214 168 224 180 226 193 223 204 215 213 203 220 191 223 177 225 163 227 149 228 135 140 131 147 126 155 126 164 129 172 132 188 133 196 129 205 126 214 125 221 130 179 138 179 147 179 155 179 165 170 171 175 173 179 174 184 173 189 171 152 140 157 138 163 137 167 140 162 141 156 142 193 140 198 137 204 137 209 139 204 141 198 141 164 189 169 188 175 186 180 188 184 186 190 188 196 190 190 195 184 198 180 198 175 197 169 195 166 190 175 190 180 191 184 190 193 190 184 191 180 192 175 191
132 150 135 164 138 178 142 192 149 204 159 215 169 224 181 227 194 223 204 214 213 203 221 190 225 177 227 163 229 148 229 134 140 130 147 126 155 126 164 129 173 132 187 133 196 129 204 126 213 125 220 130 179 138 179 147 179 156 179 165 170 171 175 173 179 174 184 173 189 171 152 140 157 138 162 137 167 140 162 141 156 142 193 140 198 137 204 137 209 139 204 141 198 141 164 190 170 188 175 187 179 188 184 186 189 188 195 190 190 196 184 199 180 200 175 199 170 196 167 190 175 190 180 191 184 190 192 190 184 192 180 193 175 192
133 151 135 165 138 179 142 192 149 204 158 215 169 224 181 227 193 224 204 215 212 205 219 192 223 178 226 164 228 150 229 136 141 131 147 126 156 126 164 129 173 132 187 133 196 129 204 126 214 126 220 130 180 138 180 147 179 156 179 165 170 171 175 173 179 174 184 173 189 171 152 140 157 138 163 137 167 140 162 141 157 142 193 140 198 137 204 137 209 139 204 141 198 141 165 190 170 188 175 187 180 188 184 187 190 188 195 190 190 196 184 199 180 200 175 199 170 196 168 191 175 190 180 191 184 190 192 191 184 192 180 193 175 193
133 150 135 164 138 178 142 192 149 204 158 215 169 224 181 227 193 224 204 215 213 204 220 191 223 177 226 163 228 149 228 135 140 131 147 126 155 126 164 129 173 132 187 133 195 129 204 126 213 125 220 130 179 138 179 147 179 156 179 165 170 171 175 173 179 174 184 173 189 171 152 140 157 138 162 137 167 140 162 141 157 142 193 140 198 137 204 137 209 139 204 141 198 141 165 191 170 188 175 187 180 188 184 187 190 188 195 190 190 196 185 199 180 200 175 199 170 196 168 191 175 190 180 191 184 190 192 191 184 192 180 193 175 192
132 151 135 166 138 180 143 193 150 205 160 216 170 225 182 227 194 224 204 215 213 204 220 191 224 178 227 164 228 150 229 136 141 131 147 126 155 126 164 129 173 132 187 133 196 129 204 126 213 125 220 130 179 138 180 147 179 156 179 165 170 171 175 173 179 174 184 173 189 171 152 140 156 138 162 137 167 140 162 141 156 142 193 140 198 137 204 137 209 139 204 141 198 141 165 191 170 189 176 187 180 189 184 187 190 188 196 190 190 196 185 199 181 200 176 199 170 197 168 191 176 191 180 192 184 191 193 191 185 192 180 193 176 192
132 151 135 165 138 179 143 193 151 205 160 216 170 225 182 228 194 225 204 216 213 204 220 192 225 178 227 164 228 149 229 135 141 131 147 126 155 126 164 129 173 132 187 133 195 129 204 126 213 125 220 130 179 138 179 147 179 156 179 165 170 172 174 173 179 175 184 173 189 171 152 140 157 138 162 137 167 140 162 141 156 142 193 139 198 137 204 137 209 139 204 141 198 141 165 191 170 189 175 187 180 189 184 187 190 188 196 190 191 197 185 200 181 201 176 201 170 197 168 191 176 191 180 192 184 191 193 191 184 193 180 194 176 193
133 150 136 165 138 179 143 192 150 205 158 216 169 225 181 228 194 225 205 215 213 204 220 191 224 178 226 164 228 150 228 135 141 131 147 126 156 126 164 129 173 132 187 133 196 129 204 126 214 125 221 130 180 138 180 147 179 156 179 165 170 171 175 173 179 174 184 173 189 171 152 139 157 137 163 137 167 140 162 141 157 141 193 140 198 137 204 137 209 139 204 141 199 141 165 191 170 188 175 187 180 188 184 186 190 188 196 191 191 197 185 201 180 201 175 201 170 198 168 191 175 190 180 191 184 190 193 191 184 194 180 195 176 194
133 150 135 165 138 179 142 193 150 205 159 216 169 225 181 227 194 224 204 215 213 204 220 191 224 177 226 164 228 149 229 135 141 131 147 126 155 126 164 129 173 132 187 133 196 129 205 126 214 126 221 130 180 138 179 147 179 156 179 165 170 171 175 173 179 174 184 173 189 171 152 140 157 138 162 137 167 140 162 142 156 142 193 140 198 137 204 137 209 139 204 142 199 141 164 191 169 188 175 186 180 188 184 186 190 188 196 191 191 198 185 201 180 202 175 201 169 198 167 191 175 190 180 191 184 190 193 191 184 194 180 195 175 194
132 150 135 165 138 179 142 192 149 205 158 216 169 225 181 227 194 224 205 215 214 204 220 191 224 178 226 164 228 150 228 135 141 131 147 127 156 126 164 129 173 132 187 133 196 130 204 126 213 126 220 130 179 138 179 147 179 156 179 165 170 171 174 173 179 174 184 173 189 171 152 140 157 138 162 137 167 140 162 141 157 141 193 140 198 137 204 137 209 139 204 141 198 141 164 190 169 187 174 186 179 187 184 186 190 187 196 190 191 198 184 201 179 202 174 201 168 197 167 191 174 189 179 190 184 189 193 191 184 195 179 195 175 194
132 151 135 165 138 179 142 193 150 205 159 216 169 225 182 227 194 224 205 215 214 204 220 191 224 178 227 164 228 149 228 135 141 131 147 126 155 126 164 129 173 133 187 133 196 130 204 126 213 126 220 131 179 138 179 147 179 156 179 165 170 171 174 173 179 174 184 173 189 171 152 140 157 137 162 137 167 140 162 141 157 141 193 140 198 137 204 137 209 139 204 141 198 141 164 190 169 187 175 185 179 187 184 185 190 187 197 190 191 198 185 201 180 202 174 201 169 197 166 190 175 189 179 189 184 189 194 191 184 194 180 195 175 194
132 152 135 166 138 180 142 194 150 206 159 217 169 226 182 229 194 225 205 216 214 205 220 192 225 178 227 164 228 149 229 135 141 131 147 127 155 127 164 129 173 132 187 133 195 130 204 126 213 126 221 131 179 139 179 147 179 156 179 165 170 171 174 173 179 174 184 173 189 171 152 140 157 139 162 139 168 141 162 142 157 142 193 140 198 138 203 138 209 140 203 142 198 142 164 190 169 187 175 185 180 186 185 185 191 187 196 190 191 198 185 202 180 203 174 202 169 198 167 191 175 188 180 189 185 188 193 191 185 196 180 197 175 196
132 151 135 165 138 179 142 193 150 206 159 217 169 226 182 228 194 225 205 216 214 204 221 191 225 177 227 163 229 148 229 134 141 132 147 127 156 127 165 130 173 132 186 133 195 130 204 127 213 126 220 131 179 139 179 148 179 156 179 166 169 171 174 173 179 174 185 173 190 171 153 142 158 141 163 141 168 141 163 143 158 143 192 141 197 140 203 140 208 141 203 143 197 143 164 190 169 187 175 185 180 186 185 185 191 187 197 190 191 198 185 201 180 202 174 201 169 198 167 191 175 188 180 189 185 188 194 191 185 195 180 196 175 195
133 150 135 164 137 178 142 192 149 204 158 215 168 224 181 226 195 223 206 214 215 203 221 189 225 176 227 162 228 148 229 133 141 132 147 127 156 127 165 130 174 133 186 133 195 130 203 127 212 126 219 131 180 139 180 148 180 156 180 166 170 171 174 173 180 174 185 173 190 171 153 142 158 141 163 141 168 141 163 143 158 143 192 141 197 140 203 141 208 141 203 143 197 143 164 189 170 186 175 185 180 186 185 185 191 186 197 189 191 195 185 198 180 199 175 198 169 195 167 189 175 188 180 189 185 188 193 190 185 192 180 193 175 192
133 149 135 164 138 178 142 192 149 204 158 214 168 223 181 225 194 222 205 214 214 203 220 190 224 176 226 162 228 148 229 133 141 132 147 127 156 127 165 130 174 133 187 133 195 130 204 127 213 126 220 131 180 138 180 147 180 156 180 166 170 171 174 173 180 174 185 173 190 171 153 141 158 140 163 140 168 141 163 142 158 142 192 141 198 140 203 140 208 141 203 142 198 142 164 188 169 186 175 185 180 186 184 185 190 186 197 188 190 193 184 195 180 196 175 195 169 193 167 188 175 188 180 189 184 188 193 189 184 190 180 190 175 189
133 150 135 164 137 178 141 192 148 204 157 214 168 222 181 225 194 222 205 214 214 203 221 191 224 177 226 163 228 149 229 135 141 132 147 127 156 127 164 130 173 133 187 133 195 130 204 127 213 126 220 131 180 138 180 147 180 156 179 166 169 171 174 173 179 175 185 173 190 171 152 141 157 139 163 139 168 141 162 142 157 142 193 140 198 139 204 139 209 140 204 142 198 142 163 188 169 186 175 185 180 186 184 185 190 186 197 188 190 193 184 195 180 195 175 195 169 192 166 188 175 188 180 189 184 188 194 188 184 189 180 190 175 189
132 150 134 164 137 178 141 192 148 204 157 214 168 223 181 225 194 223 205 214 214 204 221 191 224 177 227 163 228 149 229 134 141 132 147 127 156 127 164 130 173 133 187 134 196 130 204 127 213 126 220 131 180 138 180 147 180 156 180 166 170 171 174 173 179 175 185 173 190 171 152 141 157 140 163 139 168 140 162 142 157 142 193 140 198 139 204 139 209 140 204 142 198 142 164 188 169 186 175 185 180 187 185 185 191 186 197 188 191 193 185 196 180 196 175 195 169 193 167 188 175 188 180 189 185 188 194 189 185 190 180 190 175 190
132 149 135 163 137 177 141 191 148 204 157 215 167 224 180 226 193 224 205 215 214 204 221 191 224 177 227 163 228 148 229 134 141 132 147 127 156 127 165 130 174 133 186 133 195 130 204 127 213 126 221 131 180 139 180 148 180 156 180 166 170 171 175 173 179 175 185 173 190 171 153 142 158 142 163 141 168 141 163 143 158 143 193 141 198 141 203 141 208 141 203 143 198 143 165 190 170 188 175 186 180 188 184 186 190 188 195 190 190 195 184 197 180 198 175 197 170 195 168 190 175 190 179 190 184 190 192 190 184 191 180 192 175 191
132 149 134 164 137 178 141 192 148 205 157 216 167 225 180 227 193 225 204 216 212 205 219 192 224 178 226 164 228 149 229 134 141 132 147 127 156 127 165 130 174 133 186 133 195 130 204 127 213 126 221 131 180 139 180 148 180 156 180 166 170 172 175 174 180 175 185 174 189 172 153 142 158 142 163 141 168 141 163 143 158 143 193 141 198 141 203 141 209 141 203 143 198 143 166 192 170 189 175 187 180 189 184 187 190 189 195 192 190 197 185 200 180 201 175 200 170 197 168 192 175 191 180 192 184 191 191 192 184 193 180 194 175 193
132 151 135 165 138 179 142 193 149 206 158 217 168 226 181 228 193 225 204 216 213 205 219 192 223 178 226 164 228 149 228 135 141 132 147 127 156 127 165 130 174 133 187 134 195 130 204 127 214 126 221 131 180 139 180 148 180 157 180 166 170 172 175 174 180 176 185 174 189 172 153 141 157 140 163 139 168 141 163 142 157 143 193 141 198 139 204 139 209 140 204 143 198 142 166 192 170 189 175 187 180 189 185 187 190 189 195 192 190 198 185 201 180 202 175 201 170 198 169 192 175 191 180 192 185 191 192 192 185 193 180 194 176 193
133 151 135 166 138 180 142 193 149 206 158 217 168 226 180 229 193 226 203 217 212 205 219 192 223 179 226 165 228 150 229 136 141 131 147 127 156 127 164 130 173 133 187 133 196 130 205 127 214 126 221 131 180 139 180 148 180 157 180 166 170 172 175 174 180 176 185 174 189 172 153 140 157 139 163 138 168 140 163 142 157 142 193 140 198 138 204 138 209 140 204 142 199 142 166 192 170 189 175 187 180 189 184 187 190 189 195 192 190 198 185 201 180 202 175 201 170 198 169 192 175 191 180 192 184 191 192 192 185 193 180 194 175 193
133 151 135 166 138 180 142 193 149 206 158 217 168 226 181 228 193 225 204 216 213 205 220 192 224 179 226 165 228 150 229 136 141 132 147 127 156 127 165 130 173 133 187 133 196 130 205 127 214 126 221 131 180 139 180 148 179 157 179 166 170 172 175 174 179 176 184 174 189 172 152 140 157 138 163 138 168 141 163 142 157 142 193 140 199 138 204 138 209 140 204 142 199 142 165 192 170 189 175 187 180 188 184 187 190 188 196 191 190 198 185 201 180 202 175 201 170 198 168 192 175 191 180 191 184 191 192 192 184 194 180 195 175 194
132 150 135 164 138 178 142 192 149 205 158 216 168 226 181 229 194 225 205 216 214 204 221 191 224 177 226 163 228 149 229 135 141 131 147 127 156 127 164 130 173 133 188 133 196 130 205 127 214 126 221 130 180 139 180 148 180 157 180 166 171 172 175 174 180 175 184 174 189 172 152 140 157 138 163 138 168 141 162 142 157 142 193 141 198 138 204 138 209 140 204 142 199 142 164 191 170 188 176 187 180 188 185 187 191 188 197 191 191 198 185 202 180 203 175 202 169 199 168 192 176 190 180 191 185 190 193 192 185 196 180 196 175 196
132 151 135 165 138 179 142 193 149 206 158 217 168 226 181 229 193 226 204 217 213 205 220 192 224 178 226 164 228 150 229 136 141 131 147 127 156 127 165 130 173 133 188 134 196 130 205 127 214 126 221 131 180 139 180 148 180 157 180 166 170 172 175 174 180 175 184 174 189 172 152 140 157 138 163 138 168 141 163 142 157 142 193 141 198 138 204 138 209 140 204 142 199 142 164 191 169 188 175 187 180 188 185 186 191 188 196 191 191 199 185 203 180 204 175 203 169 199 167 191 175 190 180 190 185 190 193 192 185 196 180 197 175 196
132 151 135 165 137 179 142 193 149 206 158 218 169 227 181 229 193 226 204 217 213 205 220 192 224 178 227 164 228 149 229 135 141 132 147 127 155 127 164 130 173 133 188 134 196 130 205 127 214 126 221 131 180 139 180 148 180 157 180 166 170 172 175 174 180 175 185 174 189 172 152 140 157 138 163 138 168 141 162 142 157 142 193 141 198 138 204 138 209 140 204 142 199 142 164 191 169 188 175 187 180 188 185 187 191 188 196 191 191 199 185 203 180 204 175 204 169 200 167 192 175 190 180 191 185 190 193 192 185 197 180 198 175 197
132 150 135 165 138 179 142 193 149 206 158 217 168 226 181 229 193 226 204 216 214 205 220 192 224 178 226 164 228 149 229 135 141 132 147 127 155 127 164 130 173 133 188 133 196 130 205 127 214 126 221 131 180 139 180 148 179 157 179 166 170 172 175 174 179 175 184 174 189 172 152 140 157 138 163 138 168 141 162 142 157 142 193 140 198 138 204 138 209 140 204 142 198 142 164 191 169 188 175 187 180 188 184 187 190 188 196 191 191 198 185 202 180 203 175 202 169 199 167 192 175 190 180 191 185 190 193 192 185 196 180 197 175 196
132 151 135 165 138 180 142 194 149 206 158 217 169 226 181 228 193 225 204 216 213 205 220 192 224 178 226 164 228 149 229 135 141 131 147 127 156 127 164 130 173 133 188 134 196 130 205 127 214 126 221 131 180 139 180 148 180 156 180 166 171 172 175 174 180 175 184 174 189 172 152 140 157 138 163 138 168 141 162 142 157 142 193 141 198 138 204 138 209 140 204 142 198 142 164 191 170 189 175 188 180 189 184 187 189 189 195 191 189 197 184 200 180 201 175 200 170 197 167 191 175 191 180 192 184 191 192 191 184 194 180 194 175 194
132 150 134 164 137 178 141 192 148 204 157 216 167 225 180 228 193 225 204 216 213 205 220 192 224 178 226 164 228 150 228 136 141 132 147 127 155 127 164 130 173 133 187 134 196 131 204 127 214 126 221 131 180 139 180 148 180 157 180 166 170 172 175 174 180 175 184 174 189 172 152 141 157 139 162 138 167 141 162 142 156 142 193 141 198 138 204 138 209 140 204 142 198 142 164 190 170 189 175 188 179 189 183 188 189 189 195 190 189 196 183 198 179 199 175 198 169 196 166 190 175 191 179 192 183 191 192 191 183 192 179 193 175 192
132 150 135 164 137 178 141 192 148 204 157 216 167 224 180 227 193 225 204 216 213 205 219 192 224 178 226 164 228 150 228 135 140 132 147 127 155 127 164 130 173 133 187 134 196 131 204 127 214 126 221 131 180 139 180 148 179 157 179 166 170 172 174 174 179 175 184 174 189 172 152 141 157 138 163 138 167 141 162 142 157 142 193 141 198 138 204 138 209 140 204 142 198 142 163 189 169 189 175 188 179 190 183 189 189 189 196 190 189 195 183 198 179 198 175 197 169 195 166 190 175 192 179 192 183 192 193 190 183 192 179 193 175 192
132 150 135 164 137 178 141 192 148 204 157 215 167 224 180 227 193 224 204 215 213 204 219 192 223 178 226 164 228 149 228 135 140 133 147 128 155 128 164 131 173 134 187 134 196 131 204 127 214 127 221 132 180 139 180 148 180 157 180 166 170 172 175 174 179 175 184 174 189 172 152 141 157 139 163 139 167 141 162 143 157 143 193 141 198 138 204 138 209 140 204 143 198 142 163 189 169 189 175 188 179 190 183 189 189 189 196 189 189 195 183 197 179 197 175 197 169 194 165 189 175 191 179 192 183 192 193 190 183 192 179 193 175 192
132 150 135 164 137 178 141 192 148 204 157 215 168 224 181 227 194 224 205 215 213 204 220 191 224 177 226 163 228 149 228 135 141 133 147 128 155 128 164 131 173 134 187 134 196 131 205 127 214 127 221 132 180 140 180 149 179 157 179 167 170 172 174 174 179 175 184 174 189 173 152 141 157 139 163 139 167 141 162 143 157 143 193 141 198 138 204 138 209 140 204 143 198 143 163 189 169 189 175 188 179 189 183 188 189 189 196 189 189 195 183 196 179 197 175 196 169 194 165 189 175 191 179 192 183 191 193 190 183 192 179 192 175 191
133 151 135 165 138 179 141 192 148 204 157 215 168 224 181 227 194 224 205 215 213 204 220 191 223 177 225 164 227 150 228 136 140 132 146 128 155 128 164 131 173 134 187 134 196 131 204 127 214 127 220 132 180 140 180 149 179 157 179 167 170 173 175 174 179 175 184 174 189 173 152 141 157 139 163 139 167 142 162 143 156 143 193 141 198 139 204 138 209 141 204 143 198 143 162 189 169 189 175 188 179 190 183 188 189 189 197 189 190 194 184 197 179 197 175 196 169 194 165 189 175 191 179 192 183 191 194 190 183 192 179 192 175 191
132 150 135 164 137 178 141 191 148 204 157 215 167 224 180 226 194 223 205 215 213 204 220 191 224 177 226 163 228 149 228 136 140 132 147 128 155 128 164 131 172 134 187 134 196 131 205 127 214 127 221 132 179 140 179 149 179 158 179 167 170 173 174 174 179 175 184 174 189 173 152 141 157 139 163 139 167 142 162 143 156 143 193 141 198 139 204 138 209 140 204 143 198 143 162 188 169 189 175 188 179 189 183 188 189 189 196 189 189 194 183 196 179 197 175 196 169 194 165 189 175 191 179 192 183 191 193 190 183 191 179 192 175 191
132 150 135 164 137 178 141 191 148 204 156 215 167 224 180 227 193 224 204 215 213 204 220 191 224 178 226 164 228 150 228 136 140 133 146 128 155 128 164 131 172 134 187 135 196 131 204 128 214 127 220 132 179 140 179 149 179 158 179 167 170 173 175 174 179 175 184 174 189 173 152 141 157 139 163 139 167 142 162 143 157 143 193 141 198 139 204 139 209 141 204 143 198 143 162 189 169 189 175 188 179 189 183 188 189 189 197 189 189 194 184 196 179 197 175 196 169 194 165 189 175 191 179 192 183 191 194 190 183 191 179 192 175 191
132 150 135 164 137 178 141 192 148 204 157 215 167 224 180 227 193 224 205 215 213 204 220 191 224 177 226 164 228 150 228 136 140 133 146 128 155 128 163 131 172 134 187 135 196 131 204 128 214 127 220 132 179 140 179 149 179 157 179 167 170 173 174 174 179 175 184 174 189 173 152 141 157 139 162 139 167 142 162 143 156 143 193 141 198 139 204 139 209 141 204 143 198 143 163 189 169 189 175 188 179 189 183 188 189 189 196 189 189 194 183 196 179 197 175 196 169 194 165 189 175 191 179 192 183 191 193 190 183 191 179 192 175 191
132 151 135 164 137 178 141 191 148 204 156 215 167 224 180 226 193 224 204 215 213 204 219 192 223 178 226 164 228 150 228 136 140 133 146 128 155 128 163 131 172 134 187 135 196 131 204 128 214 127 221 132 179 140 179 149 179 158 179 167 170 173 174 174 179 175 184 174 189 173 152 141 157 139 162 139 167 142 162 143 156 143 193 142 198 139 204 139 209 141 204 143 198 143 162 189 169 189 175 188 179 189 183 188 188 189 196 189 189 195 183 196 179 197 174 196 169 194 165 189 175 191 179 192 183 191 193 190 183 191 179 192 175 191
132 150 135 163 137 177 141 191 148 203 156 214 167 224 180 226 193 224 204 215 213 204 219 191 223 178 225 164 227 150 228 136 140 133 146 128 155 128 164 131 172 134 187 135 196 132 204 128 214 127 220 132 179 140 179 149 179 158 179 167 170 173 174 175 179 176 184 174 189 173 152 141 157 139 162 139 167 142 162 143 156 143 193 142 198 139 204 139 209 141 204 143 198 143 163 189 169 189 175 188 179 190 183 188 188 189 196 189 189 194 183 196 179 197 175 196 169 194 166 189 175 191 179 192 183 191 193 190 183 191 179 192 175 191
132 150 134 164 137 178 141 192 148 204 157 215 168 224 181 226 194 224 205 215 213 204 220 191 223 178 226 164 228 150 228 136 140 133 146 128 155 129 163 132 172 135 187 135 195 132 204 128 213 127 220 132 179 140 179 149 179 158 179 167 170 173 175 175 179 176 184 175 189 173 152 142 156 139 162 139 167 142 162 143 156 144 193 142 198 139 204 139 209 141 204 143 198 143 163 188 169 189 175 188 179 189 183 188 189 189 196 189 189 194 183 196 179 197 175 196 169 194 165 189 175 191 179 192 183 191 193 190 183 191 179 192 175 191
132 150 135 164 137 178 141 191 148 204 157 215 167 223 180 226 194 223 205 215 214 203 220 191 224 177 226 164 228 149 228 135 140 134 146 129 154 129 163 132 172 135 186 135 195 132 204 128 214 128 220 133 179 141 179 149 179 158 179 167 170 173 174 175 179 176 184 175 189 173 151 142 156 140 162 140 167 142 162 144 156 144 192 142 198 139 204 139 209 141 204 144 198 143 162 188 169 189 175 188 179 190 183 188 189 189 197 189 189 194 183 196 179 197 174 196 168 194 165 189 175 191 179 192 183 191 194 190 183 191 179 192 174 191
132 151 134 165 137 178 141 192 148 204 157 215 168 224 180 226 194 224 205 215 213 203 220 191 224 177 226 164 228 150 228 136 140 134 146 129 154 129 163 132 172 135 186 135 195 132 204 128 213 128 220 133 179 141 179 150 179 159 179 168 169 173 174 175 179 176 184 175 189 173 151 142 156 140 162 140 167 142 162 144 156 144 192 142 198 139 204 139 209 141 204 144 198 143 162 188 169 189 175 189 179 190 183 189 189 189 197 189 189 194 183 196 179 197 175 196 169 194 164 189 175 191 179 192 183 191 194 190 183 191 179 192 175 191
132 151 134 165 137 179 141 192 148 204 157 215 168 224 181 227 194 224 205 215 213 204 220 191 224 178 226 164 228 150 228 136 140 134 146 129 154 129 163 132 172 135 186 135 195 132 204 128 213 128 220 133 179 141 179 150 179 159 179 168 169 173 174 175 179 176 184 175 189 173 151 142 156 140 162 139 167 142 162 144 156 144 192 142 198 139 204 139 209 141 204 144 198 143 162 188 169 189 174 188 179 190 183 188 189 189 197 188 189 194 183 196 179 197 174 196 169 194 165 189 175 191 179 192 183 191 194 189 183 191 179 192 175 191
132 151 135 165 137 178 141 192 149 204 157 215 168 224 181 226 194 223 205 214 214 203 220 191 224 178 226 164 228 149 228 135 140 134 146 129 154 129 163 132 172 135 187 135 196 132 204 128 214 128 221 133 179 141 179 150 180 159 180 168 170 173 175 175 179 176 184 175 189 173 152 142 157 140 162 140 167 142 162 144 156 144 192 142 198 139 204 139 209 141 204 144 198 143 162 188 169 189 175 188 179 190 184 188 190 188 198 188 190 194 184 196 180 197 175 196 169 193 165 189 175 191 180 192 184 191 195 189 184 191 180 192 175 191
132 150 135 164 137 178 142 191 149 203 157 214 168 223 181 226 194 223 205 214 214 203 220 190 224 177 226 163 228 149 228 135 140 134 146 129 155 129 163 132 172 135 187 135 196 132 204 128 214 128 221 133 179 141 179 150 179 159 179 168 169 173 174 175 179 176 184 175 189 173 151 142 156 140 162 140 167 142 162 144 156 144 193 142 198 139 204 139 209 141 204 143 198 143 162 188 169 188 175 188 179 189 184 188 190 188 198 188 190 193 184 196 180 197 175 196 169 193 165 189 175 191 179 192 184 191 195 189 184 191 180 192 175 191
132 150 135 164 137 178 141 191 148 203 157 214 168 223 181 226 193 223 204 214 213 203 220 191 224 177 226 164 228 150 228 135 140 134 146 129 155 129 163 132 172 135 187 135 196 132 204 128 214 127 221 132 179 141 179 150 179 159 179 168 170 173 174 175 179 176 184 175 189 173 151 142 156 140 162 140 167 142 162 144 156 144 192 142 198 139 204 139 209 141 204 143 198 143 162 188 169 188 175 188 179 189 184 188 190 188 198 187 190 193 184 196 180 197 175 196 169 193 165 188 175 191 179 191 184 191 195 188 184 191 180 192 175 191
132 150 135 164 137 178 142 192 149 203 158 214 168 223 181 225 194 223 205 214 213 203 220 191 224 178 226 164 228 150 228 136 140 133 146 128 154 129 163 132 172 135 186 135 195 132 204 128 213 127 220 132 179 140 179 150 179 158 179 168 169 173 174 175 179 176 184 175 189 173 151 142 156 140 162 140 167 142 161 144 156 144 192 142 198 139 203 139 209 141 204 143 198 143 162 188 169 188 175 188 179 189 183 188 190 188 198 188 190 193 184 196 179 196 175 196 169 193 164 189 175 191 179 192 184 191 195 188 184 191 179 192 175 191
132 150 134 164 137 178 142 191 149 203 158 214 168 223 181 225 194 222 205 213 213 202 220 190 224 177 226 164 228 149 228 135 139 134 145 129 154 129 162 132 172 135 187 135 195 132 204 128 214 127 220 132 179 141 179 150 179 159 179 168 169 173 174 175 179 176 184 175 189 173 151 142 156 140 162 140 167 142 161 144 155 144 192 142 197 139 203 139 209 141 203 143 198 143 161 188 168 188 174 188 179 189 183 188 190 188 198 187 190 193 184 196 179 196 174 196 168 193 164 189 174 191 179 191 183 190 195 188 184 190 179 191 175 191
132 151 134 165 137 179 141 192 149 203 157 214 168 222 181 225 194 222 205 213 214 202 220 190 224 177 226 164 228 150 228 136 139 133 146 128 154 129 163 132 172 135 187 135 196 132 204 128 213 127 220 132 179 141 179 150 179 159 179 168 169 173 174 175 179 176 184 175 189 173 151 142 156 140 162 140 167 142 161 144 156 144 192 142 198 139 204 139 209 141 204 144 198 143 161 188 168 188 174 188 179 189 183 188 190 188 198 187 190 193 184 196 179 196 174 196 168 193 164 189 174 190 179 191 184 190 195 188 184 190 179 191 174 191
132 150 134 165 137 178 141 191 148 203 157 214 168 222 181 225 193 222 204 213 213 202 220 190 224 177 226 164 228 150 228 136 139 134 146 129 154 129 163 132 172 135 187 135 195 132 204 128 213 128 220 132 179 141 179 150 179 159 179 168 169 173 174 175 179 176 184 175 189 173 151 142 156 140 162 140 167 143 161 144 156 144 192 142 197 139 203 139 209 141 204 144 198 143 162 188 168 188 174 188 179 189 183 188 189 188 197 188 190 193 184 196 179 196 174 196 168 193 164 189 174 190 179 191 183 190 194 188 183 190 179 191 174 190
132 150 134 164 137 178 141 191 148 203 157 214 168 222 180 225 193 222 204 213 213 202 220 190 224 177 226 164 228 150 228 136 139 134 146 129 154 129 163 132 172 135 186 135 195 132 204 128 213 128 220 132 179 141 179 150 179 159 179 168 169 174 174 175 179 176 184 175 188 173 151 142 156 140 162 140 167 143 161 144 156 144 192 142 197 139 203 139 208 141 203 144 198 144 162 188 168 188 174 188 179 189 183 188 189 188 197 188 189 193 183 195 179 196 174 195 168 193 165 189 174 190 179 191 183 190 194 189 183 190 179 191 174 190
132 151 134 165 137 179 141 192 148 204 157 214 168 222 181 224 193 222 204 213 213 203 220 191 224 178 226 164 228 150 228 136 139 134 146 129 154 129 163 132 172 135 187 135 195 132 204 128 213 128 220 132 179 141 179 150 179 159 179 168 169 174 174 175 179 176 184 175 189 174 151 142 156 140 162 140 167 143 161 144 156 144 192 142 198 139 204 139 209 141 204 144 198 144 162 188 169 188 175 188 179 189 183 188 189 188 197 188 190 193 184 195 179 196 174 195 169 193 165 189 175 190 179 191 184 190 194 189 184 190 179 191 175 190
131 151 134 165 136 179 141 192 148 204 157 214 168 222 180 224 193 222 204 213 213 202 220 190 224 177 226 163 227 149 228 135 139 134 145 129 154 129 163 132 172 135 187 136 195 132 204 128 213 128 220 132 179 141 179 150 179 159 179 168 169 174 174 175 179 176 184 175 188 173 151 142 156 140 162 140 167 143 161 144 155 144 192 142 197 140 203 139 208 141 203 144 198 144 162 188 169 188 174 188 179 189 183 188 189 188 197 188 190 194 183 196 179 196 174 196 168 193 165 189 174 190 179 191 183 190 194 189 183 191 179 191 174 191
131 151 134 165 137 179 141 192 148 204 157 214 168 223 180 225 193 222 204 214 212 203 219 191 223 178 225 164 227 150 228 135 139 133 146 129 154 129 163 132 172 135 186 136 195 132 204 128 213 128 220 132 179 141 179 150 178 159 178 168 169 174 174 175 178 176 183 175 188 173 151 142 156 140 162 140 167 142 161 144 156 144 192 142 197 139 203 139 208 141 203 143 198 143 162 188 168 189 174 188 178 189 183 188 189 188 196 188 189 194 183 196 179 196 174 196 168 194 165 189 174 190 178 191 183 190 193 189 183 191 179 192 174 191
132 151 135 165 137 179 141 192 148 204 157 214 168 222 180 225 193 222 205 213 213 203 220 191 224 177 226 164 227 149 228 135 140 133 146 129 154 129 163 132 171 135 186 135 195 132 204 128 213 127 220 132 179 140 179 149 178 158 178 168 169 174 174 175 179 176 184 175 188 173 151 142 156 140 162 140 167 142 161 144 156 144 192 142 198 139 203 139 209 141 204 143 198 143 163 189 169 189 175 188 179 189 183 188 189 188 197 189 189 194 183 196 179 196 175 196 169 194 165 190 175 191 179 191 183 191 194 189 183 191 179 192 175 191
132 152 134 166 137 180 141 193 148 205 157 215 168 223 181 225 193 222 204 214 213 203 220 191 223 178 225 164 227 150 227 135 139 134 146 129 154 129 163 132 172 134 186 135 195 131 204 128 213 127 220 132 178 140 179 149 179 158 179 168 169 173 174 175 179 176 184 174 188 173 151 142 156 140 162 140 167 142 161 144 156 144 192 142 197 139 203 139 208 141 203 143 198 143 163 189 169 189 175 188 179 189 184 188 189 188 197 189 190 194 184 196 179 196 175 196 169 194 165 190 175 191 179 191 184 190 194 189 184 191 179 192 175 191
