133 144 136 160 139 176 144 192 152 205 162 217 174 227 189 229 203 226 215 217 225 205 233 191 238 176 241 161 242 145 243 130 143 122 151 117 161 117 171 120 181 124 197 125 207 121 217 117 227 117 235 122 188 131 188 141 188 151 188 162 177 168 182 170 188 172 193 170 199 169 157 132 162 129 169 129 175 132 169 134 162 134 203 133 209 130 216 130 222 132 216 135 209 134 170 188 176 187 183 185 188 187 192 186 199 187 206 189 199 193 192 196 188 196 182 196 176 193 173 189 183 189 188 190 192 189 203 189 192 189 188 190 182 189
133 143 135 160 139 176 144 192 153 206 163 218 175 228 189 231 203 228 215 218 224 205 232 191 237 175 239 159 242 143 243 127 144 122 151 116 161 117 171 120 181 123 197 125 207 121 217 117 227 117 235 122 189 131 189 141 189 151 189 162 178 168 183 170 188 172 194 170 199 169 157 132 163 129 169 129 175 132 169 134 162 134 204 133 209 129 216 130 221 132 216 135 209 134 170 189 176 187 183 186 188 187 193 185 199 187 205 189 199 196 193 199 188 200 183 199 176 195 174 190 183 190 188 190 193 189 202 190 193 191 188 192 183 191
133 143 135 160 139 176 144 192 153 206 164 219 176 229 190 232 204 228 216 217 227 204 236 190 241 174 243 158 245 142 246 125 144 122 151 117 161 117 171 120 181 123 198 124 208 121 217 117 228 117 236 121 189 131 189 141 189 151 189 162 178 168 183 170 188 172 194 170 199 168 157 132 163 130 170 129 175 132 169 134 163 134 204 133 210 130 216 130 222 132 216 135 210 134 171 190 177 187 183 186 188 187 193 185 200 187 206 190 200 197 194 200 188 201 183 200 177 197 174 190 183 190 188 190 193 189 202 190 193 193 188 194 183 193
133 143 135 160 139 176 145 192 153 206 163 219 175 229 190 232 203 229 215 218 225 205 233 191 238 175 241 160 243 143 244 127 144 122 152 117 162 117 171 120 181 124 198 124 208 121 218 117 228 117 235 122 189 131 189 141 189 151 189 162 178 168 183 170 189 171 194 170 199 168 157 131 163 129 170 129 175 132 169 133 163 134 204 132 210 130 216 130 222 132 216 134 210 134 171 190 177 187 183 186 189 187 194 186 200 187 206 190 200 197 194 200 189 201 183 200 177 197 174 190 183 190 189 191 194 190 203 190 194 193 189 194 183 193
134 143 136 159 139 176 144 192 153 206 164 219 176 229 190 232 204 228 216 218 226 205 233 190 238 175 240 159 242 143 244 127 144 122 152 116 162 116 172 120 182 124 198 124 208 121 218 117 228 116 236 122 189 131 189 141 189 151 189 162 178 168 183 170 189 171 194 170 199 168 158 131 163 129 170 129 175 132 170 134 163 134 204 132 210 129 217 129 222 132 217 135 210 134 171 189 177 188 184 186 189 188 194 186 200 188 207 190 200 196 194 199 189 200 184 199 177 196 174 190 184 190 189 191 194 190 203 190 194 192 189 193 184 192
134 142 136 158 139 175 144 191 152 205 163 218 175 228 189 231 204 228 216 218 225 205 233 191 238 175 240 159 242 143 244 127 145 122 152 116 162 116 172 120 182 123 198 124 208 120 218 117 229 116 236 122 190 130 190 141 190 151 190 162 179 168 184 170 189 171 195 170 200 168 158 132 163 129 170 129 175 132 170 134 163 134 205 133 210 130 217 130 223 132 217 135 211 134 171 189 178 188 184 187 189 188 193 187 199 188 207 189 200 195 194 197 189 198 184 197 177 195 174 189 184 191 189 191 193 191 203 190 193 191 189 192 184 191
134 142 136 159 139 175 144 190 153 204 163 217 175 227 189 230 204 227 216 217 225 205 233 190 238 175 240 159 242 143 244 127 145 121 152 116 162 116 172 120 182 123 199 124 209 120 219 117 229 116 236 122 190 130 190 140 190 150 190 161 179 168 184 170 189 171 195 170 200 168 158 131 164 129 170 129 176 132 170 134 163 134 205 132 211 129 217 129 223 132 217 134 211 134 170 188 177 187 184 187 189 188 193 187 200 188 207 189 200 194 194 197 189 197 184 196 177 193 173 188 184 190 189 191 193 190 204 189 193 191 189 191 184 190
134 142 136 159 139 175 144 191 153 205 163 218 176 228 190 231 204 228 216 217 225 205 233 190 238 175 241 159 243 142 244 126 145 121 152 115 163 116 172 119 183 123 198 124 208 120 218 116 229 116 236 121 190 130 190 140 190 150 190 161 179 167 184 169 190 171 195 169 200 168 158 131 164 128 171 128 176 132 170 133 164 133 205 132 211 129 217 129 223 132 217 134 211 134 170 188 177 187 184 186 189 187 194 186 200 187 207 188 200 194 194 197 189 197 184 197 177 193 173 188 184 190 189 191 194 190 204 189 194 190 189 191 184 190
134 141 137 157 140 174 145 190 153 204 163 217 176 227 190 230 204 227 216 216 226 204 233 189 238 174 240 159 243 143 244 127 146 120 153 115 163 115 173 119 183 122 199 123 209 119 219 116 229 115 237 121 190 129 190 140 191 150 191 160 179 167 184 169 190 170 195 169 200 167 158 130 164 128 171 128 176 131 170 132 164 133 205 132 211 129 218 129 223 131 218 134 211 133 171 187 178 186 185 185 190 186 194 185 200 186 207 188 201 194 194 198 189 198 184 197 178 194 174 188 184 188 189 189 194 188 204 189 194 191 190 192 185 191
135 141 137 158 140 175 145 190 154 204 164 217 176 227 191 229 205 226 216 215 226 203 233 189 238 174 240 158 243 142 244 126 145 120 153 115 163 115 173 119 183 122 199 123 209 119 219 116 230 115 237 121 191 129 191 139 191 149 191 160 179 167 185 169 190 170 195 169 201 167 158 130 164 128 171 128 176 131 170 132 164 132 205 131 211 128 218 128 223 131 218 133 211 133 172 188 178 186 185 184 190 186 195 184 201 186 207 188 201 194 195 197 190 198 185 197 178 194 175 188 185 188 190 188 195 187 204 188 195 190 190 191 185 190
134 141 137 158 140 175 145 190 154 204 164 217 176 226 190 229 204 226 216 216 226 204 234 190 239 175 241 159 243 143 245 127 145 120 153 115 163 115 173 118 183 122 199 122 210 119 219 115 230 115 237 121 191 129 191 139 191 149 191 160 179 166 184 168 190 170 195 168 200 167 158 130 164 128 171 128 176 131 170 132 164 132 205 131 211 128 218 128 223 131 218 133 211 133 172 187 178 186 185 184 189 186 194 184 200 186 207 187 200 193 194 195 189 196 184 195 178 192 175 187 184 188 189 189 194 188 204 188 194 189 189 189 184 189
134 141 137 158 140 174 145 190 153 204 164 216 176 226 190 228 204 226 215 216 225 203 233 189 237 174 240 159 243 143 244 127 145 119 153 114 163 115 173 118 182 122 200 122 209 119 219 115 229 115 237 120 190 129 190 139 190 149 190 160 179 167 184 169 190 170 195 169 200 167 158 130 164 128 170 127 176 131 170 132 163 132 205 131 211 128 218 128 223 131 218 133 211 133 172 187 178 186 184 185 189 186 194 184 199 186 206 187 199 192 194 195 189 196 184 195 178 192 175 188 184 188 189 189 194 188 203 187 194 188 189 189 185 188
134 139 136 156 139 173 144 189 153 203 163 216 175 226 189 229 204 226 215 216 225 203 232 189 237 174 240 158 243 142 244 126 145 119 152 114 163 114 173 118 183 121 199 122 209 119 219 115 229 114 237 120 190 129 190 139 190 149 190 159 179 166 184 168 190 170 195 168 200 167 158 130 164 127 170 127 176 130 170 132 163 132 205 131 210 128 217 128 223 130 217 133 211 132 172 188 178 186 185 185 189 186 193 185 199 186 205 188 199 193 194 196 189 197 184 196 178 193 175 188 185 189 189 189 193 188 202 188 193 189 189 190 185 189
134 141 136 158 139 174 144 190 152 204 162 217 174 227 189 230 203 227 215 217 224 204 232 190 237 174 240 158 243 142 244 126 145 119 153 114 162 114 172 118 182 121 199 122 209 118 218 115 229 115 236 120 190 129 189 139 189 149 189 159 178 166 183 169 189 170 194 168 199 166 158 130 163 127 170 127 175 130 169 132 163 132 204 131 210 128 217 128 222 130 217 133 210 132 172 189 177 186 184 185 189 186 193 184 199 186 206 189 199 195 193 198 189 199 184 198 178 195 175 189 184 188 188 189 193 188 202 189 193 190 189 191 184 191
134 141 136 158 139 174 145 191 154 205 164 218 176 228 190 231 205 227 217 216 227 203 236 189 241 173 244 157 245 140 247 124 145 119 152 114 162 114 172 118 182 121 198 122 209 118 219 115 229 114 237 120 190 129 189 139 189 149 189 159 178 166 183 169 189 170 194 169 200 166 158 130 163 127 170 127 175 130 170 132 163 132 204 131 210 128 217 128 223 130 217 133 210 133 173 189 178 186 184 184 189 185 194 184 200 186 206 189 200 196 194 200 189 201 183 200 177 197 176 190 184 188 189 188 194 187 202 189 194 192 189 193 184 193
134 142 136 158 139 175 144 190 153 205 164 218 176 228 190 231 204 227 216 216 226 203 234 189 238 173 241 158 243 142 244 126 144 120 152 115 162 115 172 118 182 121 198 122 208 119 218 115 229 115 236 120 189 129 189 139 189 149 189 159 178 166 183 168 189 170 194 168 199 166 157 130 163 127 170 127 175 130 169 132 163 132 204 131 210 128 217 128 222 131 217 133 210 133 171 189 176 185 183 183 188 185 194 183 200 185 206 189 200 197 194 201 189 202 183 201 176 197 175 189 183 187 188 187 194 187 202 189 194 193 189 194 183 193
133 142 136 158 139 174 145 190 154 204 164 217 176 227 190 230 204 226 216 215 226 203 233 188 238 173 241 157 243 141 244 125 144 120 151 115 161 115 172 118 182 121 197 122 208 119 218 115 228 115 236 120 189 129 189 139 189 149 189 159 178 166 183 168 189 169 194 168 199 166 157 130 163 127 169 127 175 131 169 132 163 132 204 131 210 128 216 128 222 130 217 133 210 133 171 188 176 184 183 182 188 184 194 183 200 185 206 189 200 196 194 200 188 201 183 200 176 196 175 189 183 186 188 187 194 186 203 189 194 192 188 193 183 192
133 142 136 159 139 175 145 190 153 204 164 216 176 226 190 228 205 225 216 214 226 202 234 188 238 173 241 157 242 141 244 125 144 120 151 115 162 115 172 118 182 122 197 122 208 119 218 115 228 115 236 121 189 129 189 139 189 149 189 160 178 165 183 168 188 169 194 168 200 166 158 130 163 127 170 127 175 130 169 131 163 132 204 131 210 128 216 128 222 130 216 133 210 132 172 187 177 183 183 182 188 184 194 182 200 184 206 187 200 193 194 196 188 197 183 196 177 192 175 187 183 185 188 186 194 185 202 187 194 188 188 189 183 188
134 142 136 158 139 174 144 189 153 203 163 215 175 225 190 227 204 224 216 214 226 203 233 189 238 174 240 158 242 142 244 126 144 120 152 115 162 115 172 118 182 122 198 123 208 119 218 115 228 115 236 121 189 129 189 139 189 149 189 159 178 165 183 167 188 169 194 167 200 166 157 130 163 127 169 127 175 130 169 131 163 132 204 131 210 128 216 128 222 130 216 132 210 132 171 186 177 183 183 181 188 183 194 181 200 183 207 187 200 192 194 195 188 195 182 194 176 191 175 186 183 184 188 185 194 185 203 187 194 187 188 187 183 186
132 141 135 158 139 174 144 189 153 203 163 215 175 225 190 227 204 224 216 214 226 202 233 188 238 173 240 157 242 142 243 126 144 120 151 114 162 115 172 118 182 121 197 122 207 119 217 115 228 115 236 121 189 129 189 139 189 149 189 160 177 165 183 167 188 169 194 167 200 166 157 129 163 127 169 127 175 130 169 131 163 132 204 131 210 128 216 128 221 130 216 132 210 132 171 186 176 182 182 181 188 182 193 181 200 183 206 186 200 191 194 195 188 195 182 194 176 191 174 186 182 184 188 185 194 184 203 186 193 187 188 188 182 186
133 142 136 159 139 175 144 190 153 203 164 215 175 225 190 227 204 224 216 214 225 202 233 189 238 173 240 158 242 142 243 125 144 121 151 115 161 115 171 118 182 122 197 123 207 119 217 115 228 115 236 121 189 129 189 139 189 149 189 160 177 166 183 168 188 170 194 168 200 166 157 130 163 128 169 127 174 131 169 132 162 132 204 131 210 128 216 128 222 130 216 133 210 132 170 186 176 182 182 181 188 182 194 181 200 183 207 186 200 192 194 195 188 196 182 195 176 191 174 186 182 185 188 186 194 185 203 186 194 187 188 188 182 187
133 142 135 158 139 174 144 189 152 203 163 215 174 224 189 227 204 224 216 214 225 202 233 188 237 174 240 158 242 142 243 126 144 121 151 115 161 115 171 118 181 122 197 123 207 119 217 115 228 115 236 121 189 129 189 139 189 149 189 160 177 166 182 168 188 169 194 168 200 166 157 130 162 128 169 127 174 131 169 132 162 132 204 131 209 128 216 128 222 131 216 133 210 132 170 186 176 182 182 181 188 182 194 181 201 182 207 186 200 191 194 194 188 195 182 194 176 191 174 186 182 184 188 185 194 184 203 186 194 186 188 187 182 186
133 142 136 158 139 174 144 190 152 203 163 215 175 225 189 227 203 224 215 214 225 202 233 188 238 173 240 158 242 142 243 126 144 120 151 115 162 115 172 119 182 122 197 123 207 119 217 116 228 115 236 121 189 129 189 139 189 150 189 160 177 166 182 168 188 170 194 168 200 166 157 130 162 128 169 128 174 131 168 132 162 132 204 131 209 128 216 128 222 131 216 133 210 132 170 186 176 182 182 180 188 182 194 180 200 182 206 186 200 191 194 194 188 195 182 194 175 191 173 186 182 184 188 185 194 184 203 186 194 186 188 187 182 186
133 142 135 159 138 175 144 190 153 204 163 215 175 224 189 227 204 223 215 213 225 202 234 188 238 173 241 158 242 142 243 126 144 121 151 115 161 115 171 119 181 122 197 123 207 120 217 116 227 115 235 121 189 130 188 140 188 150 188 161 176 166 182 168 188 170 194 168 200 166 157 130 162 128 169 128 174 131 168 132 162 132 203 131 209 129 216 129 222 131 216 133 210 133 170 185 176 182 182 180 188 182 194 180 201 182 207 186 201 191 194 194 188 195 182 195 176 191 174 185 182 184 188 185 194 184 203 185 194 187 188 188 182 187
132 141 135 158 138 175 143 190 152 204 163 216 174 226 189 228 203 224 215 214 225 203 234 189 239 174 241 158 243 142 244 125 144 121 151 115 161 115 171 119 181 122 197 123 208 119 218 116 228 115 236 121 189 130 189 140 188 150 188 161 177 166 182 168 188 170 194 168 200 166 157 130 162 128 169 128 174 131 169 132 162 132 203 131 209 128 216 129 222 131 216 133 209 133 170 186 176 182 182 180 188 182 194 180 201 182 207 186 201 191 194 196 188 197 182 196 175 192 173 186 182 184 188 185 194 184 203 186 194 187 188 189 182 188
133 142 135 159 138 176 144 191 152 205 163 217 175 227 189 229 203 226 215 216 225 204 234 189 238 174 240 158 242 142 244 126 144 121 151 115 161 115 171 119 181 122 197 123 207 119 217 116 228 115 235 121 189 130 189 140 189 150 189 161 177 166 183 168 188 170 194 168 200 166 157 130 163 128 169 128 175 131 169 132 162 132 204 131 209 128 216 128 222 131 216 133 209 133 170 187 176 183 183 181 188 183 194 181 200 183 206 187 200 194 194 198 188 199 182 198 176 194 174 187 183 185 188 186 194 185 203 187 194 191 188 192 183 191
132 142 135 159 138 175 144 191 152 205 163 217 175 226 189 229 203 225 216 215 226 203 234 189 238 174 241 158 242 142 243 126 144 121 151 115 161 115 171 119 181 122 197 123 207 119 217 116 227 116 235 121 189 130 188 140 188 150 188 161 177 166 182 168 188 170 194 169 200 166 157 130 162 128 169 128 175 131 169 132 162 133 203 131 209 128 216 128 221 131 216 133 209 133 171 187 176 183 183 182 188 183 194 182 200 183 206 187 200 193 194 197 188 197 182 197 176 193 174 187 183 185 188 186 194 185 203 187 194 189 188 190 183 189
133 142 136 159 139 175 144 190 152 204 163 216 175 226 190 228 204 225 216 214 226 202 234 188 239 173 241 158 242 142 244 125 144 121 151 115 161 115 171 119 181 122 197 123 207 120 217 116 227 115 235 121 189 129 189 140 189 150 189 161 177 166 183 168 188 170 194 168 200 166 157 131 163 128 169 128 175 131 169 132 163 133 203 131 209 128 216 129 221 131 216 133 209 133 171 186 177 183 183 182 188 183 194 182 200 183 207 186 200 192 194 195 188 196 183 195 177 191 174 186 183 185 188 186 194 185 204 186 194 187 188 188 183 187
133 143 136 159 139 175 144 190 153 204 163 216 175 225 190 228 204 224 216 214 227 203 234 189 239 174 241 158 243 142 244 126 144 121 151 116 162 116 172 119 182 122 198 123 208 119 218 116 229 116 236 122 189 129 189 140 189 150 189 161 178 166 183 168 189 170 195 168 200 166 157 130 163 128 169 128 175 131 169 132 163 132 204 131 210 128 216 128 222 131 216 133 210 133 171 185 177 183 183 181 189 183 194 181 201 183 207 186 201 191 194 194 189 195 183 194 177 191 174 186 183 185 189 186 194 185 204 186 194 187 189 188 183 187
133 143 136 159 139 176 145 191 153 204 164 216 176 225 190 227 205 224 216 214 226 203 234 189 239 174 241 158 242 142 243 126 144 122 151 116 162 115 172 119 182 122 198 123 208 119 218 116 228 116 236 122 189 130 189 140 189 150 189 161 178 166 183 168 189 170 195 168 200 166 157 131 163 128 169 128 175 131 169 132 163 132 204 132 210 128 216 129 222 131 217 133 210 133 171 185 176 182 183 181 188 183 194 181 201 183 207 186 201 192 194 194 189 195 182 194 176 191 174 185 183 185 188 186 194 185 204 186 194 187 188 188 183 187
133 143 135 159 139 176 144 191 153 205 164 217 176 226 190 228 205 225 216 215 226 203 234 189 239 174 241 158 242 142 243 126 144 121 152 115 162 115 172 119 182 122 198 123 208 120 218 116 228 116 236 122 189 130 189 140 189 150 189 161 178 166 183 168 189 170 195 169 201 167 157 131 163 128 169 128 175 131 169 132 163 133 204 132 210 129 216 129 222 131 217 133 210 133 170 185 176 182 183 181 189 183 194 182 201 184 208 187 201 192 194 195 189 196 183 195 176 191 174 186 183 185 189 186 194 185 204 187 194 188 189 189 183 187
133 144 135 160 138 176 144 191 153 205 163 217 175 226 189 229 204 225 216 215 226 203 234 189 239 174 241 159 243 143 244 127 144 121 152 115 162 115 172 119 182 122 198 123 208 120 218 116 228 116 235 121 189 130 189 140 189 150 189 161 177 166 183 169 188 170 194 169 200 167 157 131 163 128 169 128 174 131 169 132 163 132 204 132 210 129 216 129 222 131 216 133 210 133 170 186 176 183 183 182 188 184 194 182 201 184 207 187 201 193 194 196 188 196 182 195 176 192 174 186 183 186 188 187 194 186 204 187 194 188 188 189 183 188
133 142 135 159 139 175 144 190 153 204 163 216 175 226 189 229 203 226 215 215 226 203 234 189 239 174 241 158 243 142 244 126 144 121 151 116 161 115 172 119 182 122 197 123 208 120 218 116 228 116 236 121 189 129 189 140 189 150 189 161 178 166 183 169 188 170 194 169 200 167 157 130 163 128 169 128 175 131 169 132 162 133 204 131 210 129 216 129 222 131 216 133 210 133 171 187 176 184 183 183 188 184 193 183 200 184 207 188 200 193 193 196 188 197 182 196 176 192 174 187 182 186 188 187 194 186 203 188 193 189 188 190 182 189
133 143 135 159 139 175 144 191 153 204 164 216 176 226 190 229 203 225 215 215 225 204 233 190 238 175 240 159 242 142 243 126 144 120 151 115 162 116 172 119 181 123 198 123 208 120 218 116 228 115 236 121 189 130 189 140 189 150 189 161 178 167 183 169 189 170 194 169 199 167 157 130 163 128 169 128 175 131 169 132 162 133 204 132 209 129 216 129 222 131 216 134 210 133 171 187 177 185 183 184 188 185 193 184 199 185 206 188 200 193 194 196 188 197 183 196 177 193 174 188 183 187 188 188 193 187 203 188 193 189 188 190 183 189
133 142 136 158 139 174 144 190 153 204 163 216 175 226 189 228 203 225 215 215 225 203 233 190 238 175 240 159 242 143 243 127 144 121 152 115 162 116 172 119 182 123 198 124 208 120 218 116 228 116 236 121 189 130 189 140 189 150 189 161 178 167 183 169 188 171 194 170 199 168 157 131 163 128 169 128 175 131 169 133 162 133 204 132 210 129 216 129 222 131 216 134 210 134 170 187 176 186 183 185 188 186 193 185 199 186 207 188 200 194 193 196 188 197 183 196 176 193 173 188 183 189 188 189 193 189 203 188 193 189 188 190 183 189
133 142 136 159 139 175 144 190 153 204 163 217 176 226 190 229 204 226 216 215 226 203 234 190 239 175 241 159 242 143 243 127 144 121 152 116 162 116 172 119 182 123 198 124 208 120 218 117 228 116 236 121 189 130 189 140 189 150 189 161 178 168 183 170 188 171 194 170 199 168 157 131 163 129 169 129 175 132 169 133 162 133 204 132 210 129 216 129 222 131 216 134 210 134 170 187 176 186 183 184 188 186 194 185 200 186 208 188 201 193 194 196 189 197 183 196 176 193 173 188 183 189 188 189 194 189 204 188 194 189 189 190 183 189
133 142 135 158 138 175 144 191 153 205 164 217 176 227 190 229 204 226 216 215 225 203 233 189 238 174 240 158 242 142 243 126 145 120 152 116 162 116 172 120 181 123 198 124 208 121 218 117 228 117 235 122 189 131 189 141 189 151 189 162 178 168 183 170 188 172 194 170 199 168 157 131 163 129 170 129 175 132 169 133 163 133 204 133 210 129 216 129 222 132 216 134 210 134 170 188 176 186 183 184 188 186 193 185 200 187 207 189 200 195 193 199 188 199 182 198 176 194 173 189 183 188 188 189 193 189 203 189 193 191 188 192 183 191
133 144 135 160 139 176 145 191 153 205 164 217 176 227 190 229 203 226 215 216 225 204 233 190 238 175 240 159 242 143 243 127 144 121 152 116 161 117 171 120 181 124 198 124 208 121 217 117 228 117 235 122 189 131 188 141 188 151 188 162 177 168 182 170 188 171 194 170 199 168 157 131 163 129 169 129 174 132 169 133 163 134 204 132 210 129 216 129 222 132 216 134 210 134 170 188 176 185 183 184 188 186 193 185 199 186 206 189 199 196 193 198 188 199 182 198 176 194 174 188 183 188 188 189 193 188 202 189 193 192 188 192 182 191
133 144 135 160 139 176 144 191 153 205 163 217 175 227 189 229 203 226 215 216 225 204 233 190 238 175 241 159 242 143 243 127 144 121 151 116 161 116 171 120 181 123 197 124 207 121 217 117 227 116 235 122 188 131 188 141 188 151 188 162 177 167 182 170 187 172 193 170 199 168 156 131 162 129 168 129 174 132 168 134 162 134 203 133 209 129 216 130 221 132 216 135 209 134 170 188 176 185 182 184 187 186 192 185 199 186 206 189 199 196 193 199 187 200 181 198 175 194 173 188 182 188 187 189 193 188 202 189 192 192 187 192 182 191
132 143 135 160 138 176 143 191 152 204 163 217 175 226 189 229 203 226 216 215 226 203 235 189 240 174 242 158 243 142 244 125 144 121 151 116 161 116 170 120 180 123 197 124 207 120 217 117 227 116 234 121 188 131 188 141 188 151 187 161 176 167 182 169 187 171 193 170 199 168 156 131 162 129 168 129 174 132 168 133 162 133 203 132 209 129 215 129 221 132 215 134 209 134 170 187 175 185 182 184 187 185 192 184 199 186 206 189 199 194 192 198 187 198 181 197 175 193 173 188 182 187 187 188 192 188 202 189 192 191 187 191 182 190
132 143 135 160 138 176 144 191 153 204 163 216 175 225 189 228 203 225 215 215 225 203 233 189 238 174 240 158 242 142 243 126 144 121 151 116 161 116 170 120 180 123 197 124 207 120 216 117 227 116 235 122 188 130 188 141 188 151 188 161 176 167 182 169 187 171 193 170 199 168 156 131 162 129 168 129 174 132 168 133 162 133 203 132 209 130 215 130 221 132 215 134 209 134 169 187 175 184 182 183 187 185 192 184 198 186 206 188 198 194 192 197 187 198 181 196 175 193 173 187 181 187 187 188 192 187 202 189 192 190 187 190 181 189
133 143 135 160 138 176 144 191 153 205 163 217 175 226 189 228 203 225 216 215 227 204 236 190 241 175 244 158 246 142 247 126 143 122 150 117 160 117 170 120 180 124 196 124 207 120 217 117 227 117 235 123 188 131 188 141 187 151 187 162 176 167 181 170 187 172 193 170 199 168 156 131 162 129 168 129 174 132 168 133 162 133 203 133 209 129 215 130 221 132 215 134 209 134 169 187 175 185 181 184 187 186 192 185 199 186 205 189 198 194 192 196 186 197 181 195 175 192 172 187 181 187 187 188 192 187 202 189 192 190 186 190 181 189
132 145 135 162 138 177 143 192 152 205 163 217 175 226 189 228 203 225 216 215 227 204 235 190 240 175 242 159 244 143 246 127 143 122 150 117 160 117 170 121 180 124 196 125 206 121 216 117 227 117 235 123 187 131 187 142 187 152 187 162 176 168 181 170 187 172 193 171 199 169 156 132 161 130 168 129 173 133 167 134 161 134 203 133 208 130 215 130 221 133 215 135 209 135 169 187 175 185 181 184 187 186 192 185 199 186 206 189 198 194 192 197 186 197 181 196 175 192 172 188 181 187 187 188 192 188 202 189 192 190 187 190 181 189
133 145 135 161 138 177 144 192 152 205 163 217 175 226 189 228 202 225 215 215 225 203 233 190 237 175 240 160 241 144 242 128 143 122 150 117 160 118 170 121 180 125 196 126 206 122 216 118 226 117 234 123 187 132 187 142 187 152 187 163 176 168 181 171 187 172 193 171 199 169 155 132 161 130 168 130 173 133 167 134 161 134 203 133 208 130 215 130 221 133 215 135 209 135 169 188 175 186 181 185 187 187 192 185 199 187 206 189 199 194 192 197 187 198 181 196 175 193 172 188 181 189 187 190 192 189 203 189 192 190 187 191 181 189
132 144 134 160 137 177 143 192 151 205 162 217 174 226 188 228 203 225 215 216 226 204 234 191 239 175 242 159 244 143 245 127 143 122 150 117 160 118 169 121 179 125 197 126 207 122 216 118 226 117 234 122 187 132 187 142 187 152 187 163 176 169 181 171 187 173 192 171 198 169 156 132 161 130 168 130 173 133 167 135 161 135 202 134 208 131 215 130 221 133 215 136 208 135 168 188 175 187 181 186 187 187 192 186 199 187 206 189 199 194 192 197 187 198 181 197 175 194 172 189 181 189 187 190 192 189 203 189 192 190 187 191 181 190
133 143 135 160 138 176 143 191 151 205 161 217 174 226 188 228 202 225 214 215 224 204 232 190 237 176 240 160 241 144 242 128 143 122 150 117 160 118 169 121 179 125 196 125 206 122 216 118 226 117 234 122 187 132 187 142 187 152 187 163 176 169 181 171 187 173 192 171 198 169 155 132 161 130 168 130 173 133 167 135 161 135 202 134 208 131 215 131 220 133 215 136 208 135 168 188 175 187 181 186 187 187 192 186 198 187 206 189 199 194 192 197 187 197 181 197 175 194 171 189 181 189 187 190 192 189 203 189 192 190 187 191 181 190
132 143 135 160 138 176 143 191 151 205 161 217 173 226 188 229 202 225 215 216 224 204 232 190 237 175 239 159 241 143 242 128 143 122 150 117 160 118 169 121 179 125 197 126 206 122 216 118 226 117 234 122 187 132 187 142 187 152 187 163 176 169 181 171 187 172 193 171 198 170 155 132 161 130 168 130 173 133 167 135 161 135 202 134 208 131 214 131 220 133 215 136 208 136 168 188 175 187 181 186 187 187 192 186 198 187 206 189 199 195 192 197 187 198 181 197 175 194 171 189 181 189 187 190 192 189 202 189 192 190 187 191 181 190
132 145 134 161 137 177 143 192 151 205 162 217 174 226 188 229 203 226 215 216 225 204 233 191 238 176 240 161 241 145 242 129 142 122 150 117 159 118 169 121 179 125 197 126 206 122 216 118 226 117 234 122 187 132 187 143 187 152 187 163 176 169 181 171 187 173 192 171 198 170 155 133 160 130 167 130 173 134 167 135 160 135 202 134 208 131 215 131 221 133 215 136 208 136 168 189 174 187 181 186 187 187 192 186 198 187 206 189 198 194 192 197 187 197 181 196 175 194 171 189 181 189 187 190 192 189 202 189 192 190 187 191 181 190
132 145 134 161 137 177 142 192 151 205 162 217 174 226 188 228 202 225 215 215 225 203 233 190 238 175 240 160 241 144 242 129 142 122 150 118 160 118 169 121 179 125 196 126 206 122 216 118 226 118 234 123 187 132 187 143 187 153 187 163 176 169 181 171 187 173 192 172 198 170 155 133 161 131 167 130 173 134 167 135 160 135 202 134 208 131 215 131 220 133 215 136 208 136 168 189 174 187 181 186 186 187 191 186 198 187 205 189 198 194 192 197 187 197 181 196 174 194 171 189 181 189 186 190 191 190 202 189 191 190 187 191 181 190
132 143 135 160 137 176 142 191 151 204 161 216 173 226 188 228 202 225 214 215 224 204 232 190 236 175 238 159 241 143 242 128 142 123 150 118 160 118 169 122 179 125 196 126 206 122 216 118 226 118 234 123 187 132 187 143 187 153 187 163 176 169 181 171 187 173 193 171 198 170 155 133 161 131 167 130 173 134 167 135 160 135 202 134 208 131 215 131 220 133 215 136 208 136 168 189 175 187 181 186 187 188 192 186 198 187 206 189 198 195 192 197 187 197 181 196 175 194 171 189 181 189 186 190 192 189 202 190 192 190 187 191 181 190
131 144 134 161 137 177 142 192 151 205 161 217 173 226 188 229 202 226 215 216 225 205 233 191 238 177 241 161 242 145 243 129 142 123 149 118 159 118 169 121 179 125 196 126 206 122 216 118 226 118 234 123 187 132 187 142 187 153 186 163 176 169 181 171 186 173 192 171 198 170 155 133 160 131 167 130 173 134 167 135 160 135 202 134 208 131 215 131 220 133 215 136 208 136 168 189 174 187 181 186 186 188 191 186 198 187 206 189 198 195 191 197 186 197 181 197 174 194 171 189 181 189 186 190 191 190 202 189 191 190 186 191 181 190
131 144 134 160 137 176 142 192 150 205 161 217 173 227 188 229 202 226 215 216 225 204 233 190 238 175 240 160 241 143 242 128 142 122 150 117 159 118 169 121 179 125 196 126 206 122 215 118 226 117 234 123 187 132 187 142 187 152 186 163 175 169 181 171 186 173 192 172 198 170 155 133 160 130 167 130 173 133 166 135 160 135 202 134 207 131 214 131 220 133 214 136 208 136 168 189 175 187 181 186 186 188 191 186 198 187 205 189 198 194 192 197 187 197 181 197 175 194 171 189 181 190 186 191 191 190 202 190 192 190 187 191 181 190
132 144 134 160 137 176 142 192 151 205 161 217 173 226 187 229 202 226 214 217 224 205 232 191 237 176 239 161 241 144 242 128 142 123 149 117 159 118 169 121 179 125 196 126 206 122 216 118 226 118 234 123 187 132 187 142 187 152 187 163 176 169 181 171 186 173 192 171 197 170 155 133 161 130 167 130 173 133 167 135 160 135 202 134 208 131 214 131 220 133 214 136 208 135 168 189 174 187 181 186 186 187 191 186 198 187 205 189 198 194 192 197 187 197 181 196 174 193 171 189 181 190 186 190 191 190 202 189 191 190 187 191 181 190
132 144 134 160 137 176 142 192 151 205 161 217 173 226 188 229 203 226 215 216 225 204 233 190 237 175 239 160 241 144 242 128 142 122 150 117 160 118 169 121 179 125 197 126 206 122 216 118 226 117 234 123 187 132 187 142 187 152 187 163 176 169 181 171 187 172 193 171 198 169 155 132 161 130 167 130 173 133 167 134 160 135 202 133 208 131 215 131 220 133 215 135 208 135 168 188 175 187 181 186 187 187 192 186 198 187 206 189 199 194 192 197 187 197 182 196 175 194 171 189 181 189 187 190 192 189 203 189 192 190 187 191 182 190
132 144 134 160 137 176 142 192 151 205 161 217 173 226 188 229 202 226 215 216 226 204 234 190 238 176 240 160 242 144 243 129 143 122 150 117 160 117 170 121 180 125 197 125 206 122 216 118 226 117 234 122 188 132 188 142 187 152 187 163 176 169 182 171 187 172 193 171 198 169 155 132 161 130 168 130 173 133 167 135 161 135 202 133 208 130 215 130 221 133 215 135 208 135 168 188 175 187 182 186 187 187 192 186 198 187 205 189 198 194 192 196 187 197 181 196 175 193 171 189 182 189 187 190 192 189 202 189 192 190 187 191 182 190
132 144 134 160 137 176 142 191 151 205 161 217 173 226 188 229 202 226 214 216 224 204 232 190 237 175 239 160 241 144 242 128 143 121 150 116 160 117 169 120 179 124 197 125 207 121 216 118 226 117 234 122 187 131 187 141 187 151 187 162 176 169 181 170 187 172 192 171 198 169 155 132 161 130 168 129 173 133 167 134 161 134 202 133 208 130 215 130 220 133 215 135 208 135 168 188 175 187 181 185 187 187 192 185 198 187 205 189 199 194 192 196 187 197 181 196 175 193 171 189 181 189 187 190 192 189 202 189 192 190 187 190 182 189
132 144 134 160 137 176 142 191 151 204 161 216 173 226 187 228 201 225 214 216 224 204 232 191 237 176 239 160 241 144 242 128 142 121 150 116 160 117 169 120 179 124 196 125 206 121 216 117 226 117 234 122 187 131 187 141 187 151 187 162 176 168 181 170 187 171 192 170 198 169 155 132 161 129 168 129 173 133 167 134 161 134 202 133 208 130 215 130 221 132 215 135 208 135 168 188 175 186 181 185 187 187 191 185 198 187 206 189 198 194 192 196 187 197 181 196 175 193 171 188 181 189 186 190 191 189 202 189 191 190 187 190 181 189
132 144 134 160 137 176 142 191 150 205 161 217 173 226 188 228 202 225 215 216 225 204 234 191 238 176 241 160 242 144 243 128 142 121 150 116 160 117 169 120 179 124 197 125 207 121 216 117 226 117 234 122 187 131 187 141 187 151 187 162 176 168 181 170 187 172 192 170 198 169 155 132 161 129 168 129 173 132 167 134 161 134 202 133 208 130 215 130 221 132 215 135 208 135 168 188 174 186 181 185 186 187 192 185 198 187 205 189 198 194 192 196 186 197 181 196 174 193 171 188 181 189 186 190 192 189 202 189 192 190 186 190 181 189
132 144 134 160 137 176 142 191 151 205 161 216 173 226 187 228 202 225 214 216 225 204 233 190 238 176 240 160 241 144 242 128 142 121 150 117 160 117 169 120 179 124 197 125 206 121 216 117 226 117 234 122 187 131 187 141 187 151 187 162 176 168 181 170 187 172 192 170 198 169 155 132 161 129 167 129 173 133 167 134 161 134 202 133 208 130 215 130 221 132 215 135 208 135 168 188 175 186 181 185 187 187 191 185 198 187 205 189 198 194 192 196 187 197 181 196 175 193 171 188 181 189 186 190 191 189 202 189 191 190 187 190 182 190
132 145 134 161 137 177 142 192 151 205 161 217 173 226 188 228 202 225 215 215 225 204 234 190 238 176 240 160 242 144 242 129 142 122 150 117 160 117 170 120 179 124 196 125 206 121 216 117 226 117 234 122 187 131 187 142 187 151 187 162 176 169 182 171 187 172 192 171 198 169 155 132 161 130 167 129 173 133 167 134 161 134 202 133 208 130 215 130 221 132 215 135 208 135 168 188 175 186 181 185 187 187 192 185 198 187 206 189 198 194 192 196 187 197 181 196 174 193 171 188 181 189 187 190 192 189 202 189 192 190 187 190 181 190
132 143 134 159 137 175 142 190 151 204 161 216 173 226 188 228 202 225 215 216 225 204 232 190 237 175 239 160 241 143 242 127 142 121 150 117 160 117 170 120 180 124 196 125 206 121 216 118 226 117 234 122 187 131 187 141 187 151 187 162 176 169 182 170 187 171 192 170 198 169 155 132 161 130 167 129 173 133 167 134 160 134 202 133 208 130 215 130 221 132 215 135 208 135 168 188 175 186 181 185 187 187 192 185 198 187 206 189 199 194 192 196 187 197 181 196 175 193 171 189 181 189 187 190 192 189 202 189 192 190 187 190 182 190
131 144 133 160 137 176 142 191 151 204 161 216 173 226 188 228 202 225 215 215 225 203 233 190 237 175 240 159 241 143 242 127 142 122 150 117 160 117 169 120 179 124 196 125 206 121 216 117 226 116 233 121 187 131 187 141 187 151 187 162 176 168 182 170 187 171 193 170 198 169 155 132 160 130 167 129 172 133 167 134 160 134 202 133 208 130 214 130 220 132 215 135 208 135 168 188 175 187 181 185 187 187 192 185 198 187 206 189 199 194 192 196 187 197 182 196 175 193 171 189 181 189 187 190 192 189 202 189 192 190 187 190 182 190
131 144 134 160 137 176 142 191 151 204 161 216 173 225 187 228 202 225 214 215 225 204 233 190 238 175 240 160 241 144 242 128 142 121 150 116 159 117 169 120 179 124 196 125 206 121 215 117 226 116 234 122 187 131 187 141 187 151 187 162 176 168 181 170 187 172 192 170 198 169 155 132 160 129 167 129 173 132 167 134 160 134 202 133 208 130 214 130 220 132 215 135 208 135 168 188 174 186 181 185 187 187 192 185 198 187 205 189 198 194 192 196 187 197 181 196 175 193 171 188 181 189 187 190 192 189 202 189 192 190 187 191 181 190
131 144 134 161 137 177 143 192 151 205 162 217 174 226 188 228 202 225 214 215 224 204 233 190 237 175 239 159 241 143 242 128 142 122 150 117 159 117 169 120 179 124 196 125 206 121 216 117 226 116 234 121 187 131 187 141 187 151 187 162 176 168 181 170 187 172 192 170 198 169 155 132 161 129 167 129 173 132 167 134 160 134 202 133 208 130 215 130 220 132 215 135 208 135 169 188 175 187 182 185 187 187 192 185 198 187 205 189 198 194 192 196 187 197 182 196 175 193 171 189 182 189 187 190 192 189 202 189 192 190 187 190 182 190
131 144 134 160 137 177 143 192 152 205 162 217 174 226 189 228 203 225 215 215 225 203 234 189 238 174 240 159 241 143 242 127 142 122 150 117 160 117 170 120 180 124 197 125 207 121 216 117 226 116 234 122 187 131 187 141 187 151 187 162 176 168 182 170 187 172 193 170 198 169 155 132 161 129 167 129 173 132 167 134 161 134 202 133 208 130 215 130 221 132 215 135 208 134 169 188 175 186 182 185 187 187 192 185 198 187 206 189 199 194 192 196 187 197 182 196 175 193 172 189 182 189 187 190 192 189 202 189 192 190 187 190 182 190
132 144 134 160 137 176 142 191 151 205 162 216 174 226 189 228 203 225 215 215 224 203 232 190 237 175 239 159 240 144 242 128 143 121 150 116 160 117 170 120 180 124 197 124 207 121 216 117 227 117 234 122 188 131 188 141 188 151 188 162 177 168 182 170 187 171 193 170 198 168 156 131 161 129 168 129 173 132 167 134 161 134 203 132 208 130 215 130 220 132 215 134 208 134 169 188 175 186 182 185 187 186 192 185 199 186 206 189 199 193 193 196 188 196 182 196 175 193 172 188 182 189 187 189 192 189 202 189 192 189 188 190 182 189
132 144 135 160 138 176 143 191 152 205 162 217 174 226 188 228 203 225 215 215 225 203 233 190 237 175 239 159 241 143 242 127 142 122 150 117 160 117 170 120 180 123 196 124 206 121 216 117 227 116 234 122 188 131 188 141 188 151 188 162 177 168 182 170 187 171 193 170 198 168 156 132 161 129 168 129 173 132 167 133 161 134 202 132 208 130 215 130 221 132 215 134 208 134 169 188 175 186 182 185 187 186 192 185 199 186 206 189 199 193 193 196 188 196 182 196 175 193 172 188 182 189 187 189 192 189 202 189 192 189 187 190 182 189
132 144 135 160 138 176 143 191 152 204 162 216 174 225 188 228 203 225 215 215 224 203 232 190 236 175 239 159 241 143 242 127 143 121 151 116 160 117 170 120 180 124 197 124 206 121 216 117 226 116 234 121 188 131 188 141 188 151 188 161 177 168 182 170 188 171 193 170 198 168 156 131 161 129 168 129 173 132 167 134 161 134 203 132 208 130 215 130 220 132 215 134 208 134 169 188 175 186 182 185 187 186 192 185 199 186 206 189 199 193 193 196 188 196 182 195 176 193 172 188 182 189 187 189 192 189 203 189 192 189 188 190 182 189
131 144 134 160 137 176 142 191 151 204 162 216 174 226 188 228 203 225 215 215 225 204 234 190 238 175 241 159 242 143 242 128 143 121 150 116 160 117 170 120 180 124 197 124 206 121 216 117 226 116 234 121 187 131 187 141 187 151 187 162 177 168 182 170 187 171 193 170 198 168 155 132 161 129 168 129 173 132 167 134 161 134 202 133 208 130 215 130 221 132 215 134 208 134 169 188 175 186 182 185 187 186 192 185 198 186 205 189 198 193 192 196 187 196 182 196 175 193 172 188 182 189 187 189 192 189 202 189 192 189 187 190 182 189
132 143 135 159 137 175 142 191 151 204 161 216 174 225 188 228 203 225 215 215 225 203 233 189 237 174 239 159 241 143 242 127 143 121 150 116 160 117 170 120 180 123 197 124 207 121 216 117 226 116 234 121 187 131 187 141 187 151 187 161 177 168 182 170 187 171 193 170 198 168 155 132 161 129 168 129 173 132 167 134 161 134 203 133 208 130 215 130 221 132 215 135 208 134 169 188 175 186 182 185 187 187 192 185 198 187 205 189 198 194 192 196 187 197 182 196 175 193 172 188 182 189 187 190 192 189 202 189 192 189 187 190 182 189
132 144 135 160 138 176 143 191 152 204 162 216 174 226 189 228 203 225 215 215 225 203 232 189 237 174 239 159 241 143 242 128 143 121 151 117 160 117 170 120 180 124 197 124 207 121 216 117 227 116 234 122 188 131 188 141 188 151 188 162 177 168 182 170 187 171 193 170 198 169 155 132 161 130 168 129 173 132 167 134 161 134 203 133 209 130 215 130 221 132 215 135 209 135 169 188 175 186 182 185 187 187 192 185 199 187 206 189 199 194 193 196 188 197 182 196 175 193 172 189 182 189 187 190 192 189 202 189 192 190 188 190 182 190
131 143 134 159 137 175 142 191 151 204 161 216 173 226 188 228 203 225 215 215 226 204 235 190 240 175 242 159 244 142 245 126 143 121 151 117 160 117 170 120 180 124 197 125 206 121 216 117 226 116 234 121 188 131 187 141 187 151 187 162 177 168 182 170 187 172 192 170 198 169 155 132 161 129 168 129 173 132 167 134 161 134 202 133 208 130 215 130 221 132 215 135 208 135 169 188 175 186 182 185 187 187 192 185 198 186 205 189 198 194 192 196 187 197 181 196 175 193 172 188 182 189 187 190 192 189 202 189 192 190 187 191 182 190
132 143 134 159 137 175 142 190 151 204 161 216 173 226 188 228 202 225 214 216 224 204 232 190 237 175 239 159 241 143 242 127 143 121 151 117 160 117 170 120 179 124 197 125 207 121 216 117 226 116 234 121 187 131 187 141 187 151 187 162 177 168 182 170 187 172 193 170 198 169 155 132 161 130 168 130 173 133 167 134 161 134 203 133 208 130 215 130 221 132 215 135 208 134 169 188 175 187 182 185 187 187 192 185 198 187 206 189 199 194 192 196 187 197 182 196 175 193 172 189 182 189 187 190 192 189 202 189 192 190 187 190 182 189
132 145 134 161 137 177 143 192 151 205 162 217 174 226 188 228 203 225 215 215 225 204 234 191 238 176 241 160 242 144 242 129 143 122 150 117 160 117 169 120 179 124 197 125 207 121 216 117 226 116 234 122 187 131 187 141 187 151 187 162 177 169 182 170 187 172 192 170 198 169 155 132 161 129 168 129 173 133 167 134 161 134 202 133 208 130 215 130 221 132 215 135 208 135 169 188 175 187 182 186 187 187 192 185 198 187 206 189 199 194 192 196 187 197 182 196 175 193 172 189 182 189 187 190 192 189 202 189 192 190 187 190 182 190
