128 156 131 171 134 186 138 201 146 213 155 224 166 233 180 235 194 232 205 223 214 212 220 199 224 185 226 170 228 155 229 141 138 136 145 131 154 130 164 133 173 136 187 136 196 133 205 130 214 130 221 135 179 143 179 152 179 161 179 170 169 177 174 179 179 180 184 179 189 177 150 144 155 142 162 142 167 145 161 146 155 147 193 145 198 142 204 142 210 144 204 147 198 146 163 196 169 195 175 193 179 195 183 193 189 195 195 196 189 201 183 204 179 204 175 204 169 201 166 197 175 197 179 198 183 197 192 197 183 198 179 198 175 198
128 156 131 172 134 186 139 201 146 213 155 225 167 233 180 236 193 233 205 224 214 212 220 199 224 185 226 170 228 155 229 141 138 136 145 131 154 130 164 133 173 136 187 136 196 133 205 130 215 130 221 135 179 143 179 152 179 160 179 170 169 177 174 179 179 180 184 179 189 177 150 145 155 142 161 142 166 145 161 146 155 147 193 145 198 142 205 142 210 144 205 147 198 146 163 196 169 195 175 194 179 195 183 194 189 195 196 197 189 202 183 204 179 204 175 204 169 201 166 197 175 197 179 198 183 197 193 197 183 198 179 198 175 198
128 157 131 172 134 187 139 201 146 214 155 225 167 234 180 236 194 233 205 224 213 213 220 199 224 185 226 171 228 156 229 141 138 136 145 131 154 130 163 133 173 136 187 136 197 133 205 130 215 130 221 135 179 143 179 152 179 161 179 170 169 177 174 179 179 180 184 179 189 177 150 145 155 143 161 142 166 145 161 146 155 147 193 145 198 142 205 142 210 144 205 147 198 147 163 197 169 195 175 194 179 195 183 194 189 195 196 197 189 202 183 204 179 205 175 204 169 202 166 197 175 198 179 198 183 198 193 197 183 198 179 199 175 198
128 157 131 172 134 187 139 201 146 214 156 225 167 233 181 235 194 232 205 224 214 212 220 199 224 185 226 170 228 155 229 141 138 136 144 131 154 130 163 133 173 136 187 136 196 133 205 130 215 130 221 135 179 143 179 152 179 161 179 170 169 177 174 179 179 180 184 179 189 177 150 145 155 142 161 142 166 145 161 146 155 147 193 145 198 142 204 142 210 144 205 147 198 146 163 197 169 195 175 193 179 194 183 193 189 195 196 197 189 201 183 203 179 204 175 203 168 201 165 197 175 197 179 197 183 197 192 197 183 197 179 198 175 197
128 157 131 172 134 187 139 201 147 214 156 225 167 234 180 236 193 233 204 224 213 212 219 199 224 185 226 171 228 156 229 142 138 136 144 131 154 130 163 133 173 136 187 136 196 133 205 130 215 130 222 135 179 143 179 152 179 161 179 170 169 177 174 179 179 180 184 179 189 177 150 145 155 142 161 142 166 145 161 146 155 147 193 145 198 142 204 142 210 144 204 147 198 146 162 196 168 194 174 193 179 195 183 193 189 194 196 196 190 203 183 206 179 207 174 206 168 203 164 197 174 196 179 197 183 196 193 197 183 200 179 201 174 200
128 156 131 172 134 187 139 201 146 214 156 225 167 234 180 236 193 233 204 225 213 213 219 199 224 185 226 171 228 156 229 141 138 136 144 131 154 130 163 133 173 136 187 136 196 133 205 130 215 130 222 135 179 143 179 152 179 161 179 170 169 177 174 179 179 180 184 179 189 177 150 145 155 142 161 142 166 145 161 146 155 147 193 145 198 142 204 142 210 144 204 147 198 146 162 197 167 195 174 194 179 195 183 193 189 195 196 197 190 204 183 207 179 208 174 207 167 204 164 197 174 197 179 197 183 197 193 197 183 202 179 202 174 202
128 156 130 171 134 186 139 201 146 214 155 225 167 234 180 237 193 234 204 225 213 213 220 199 224 185 226 171 228 156 229 141 138 136 145 131 154 130 163 133 173 136 187 136 196 133 205 130 215 130 221 135 179 143 179 152 179 160 179 170 169 177 174 179 179 180 184 179 189 177 150 144 155 142 161 142 166 145 161 146 155 147 193 145 198 142 204 142 209 144 204 147 198 146 163 197 168 195 174 194 179 195 183 194 189 195 195 197 189 203 183 207 179 207 174 207 168 204 166 198 174 198 179 198 183 197 192 197 183 200 179 201 175 200
128 156 131 171 134 186 138 201 146 214 155 225 166 233 179 236 193 233 204 224 213 213 219 199 223 185 226 170 228 156 229 141 138 136 144 131 154 130 163 133 173 136 187 136 196 133 205 130 215 130 221 135 179 143 179 152 179 161 179 170 169 177 174 179 179 180 184 179 189 177 150 145 155 142 161 142 166 145 161 146 155 146 193 145 198 142 204 142 210 144 204 147 198 146 163 197 169 195 174 194 179 195 183 194 189 195 195 197 189 203 183 205 179 206 174 205 169 203 166 198 174 198 179 198 183 198 192 197 183 199 179 200 175 199
128 157 131 172 134 187 138 201 146 214 155 225 166 233 180 235 193 233 205 224 214 213 220 199 224 185 226 170 228 156 229 141 138 136 145 131 154 130 163 133 173 136 187 136 196 133 205 130 214 130 221 135 179 143 179 152 179 161 179 170 169 177 174 179 179 180 184 179 188 177 150 145 155 142 161 142 166 145 161 146 155 147 193 145 198 142 204 142 209 144 204 147 198 146 163 197 169 195 175 194 179 195 183 194 189 195 195 197 189 202 183 204 179 204 174 204 169 201 165 197 175 198 179 198 183 198 192 197 183 198 179 199 175 198
128 156 130 171 133 185 138 200 145 213 154 224 165 232 179 235 193 232 205 224 213 212 220 199 224 185 226 170 228 155 229 140 138 136 144 131 154 130 163 133 173 136 187 136 196 133 205 130 214 130 221 135 179 142 179 152 179 161 179 170 169 177 174 179 179 180 183 179 188 177 150 145 155 142 161 142 166 145 161 146 155 146 192 145 198 142 204 142 209 144 204 146 198 146 162 197 168 195 174 193 178 195 183 193 188 195 195 197 189 201 183 204 179 204 174 204 168 201 165 197 174 197 178 198 183 197 192 197 183 197 179 198 174 198
127 156 130 171 133 186 138 200 146 213 155 225 166 234 180 236 194 233 205 224 214 212 220 198 224 184 226 169 228 155 229 140 137 136 144 131 154 130 163 133 173 136 186 136 195 133 205 130 214 130 221 135 179 143 179 152 179 161 179 170 169 177 174 179 178 180 183 179 188 177 149 144 155 142 161 142 166 145 161 146 155 146 192 145 198 142 204 142 209 144 204 146 198 146 163 197 168 195 174 193 179 195 183 193 189 195 196 197 190 203 184 206 179 206 174 206 168 203 165 198 174 198 179 198 183 197 193 198 184 199 179 199 174 199
128 156 131 171 134 186 138 201 146 214 155 226 166 235 180 237 193 234 204 225 213 213 220 199 223 184 226 170 228 155 229 140 137 136 144 131 153 130 163 132 172 135 186 136 195 132 204 129 214 130 221 135 179 142 179 151 179 160 179 170 169 177 174 179 179 180 183 178 188 177 149 144 155 142 161 142 166 144 160 146 154 146 192 144 198 142 204 142 209 144 204 146 198 146 163 197 168 194 174 193 178 194 183 193 189 194 195 198 189 205 183 209 179 209 173 209 167 205 166 198 174 197 178 197 183 197 191 198 183 201 179 202 174 201
128 157 131 172 134 186 139 201 146 214 155 226 166 235 180 237 193 234 204 225 213 213 220 199 223 184 226 170 228 155 229 140 138 135 144 130 154 130 163 132 172 135 186 135 195 132 205 129 214 129 221 134 179 142 179 151 179 160 179 169 169 176 174 178 179 179 183 178 188 176 149 144 154 142 161 141 166 144 160 146 154 146 192 144 197 141 204 141 209 144 204 146 198 146 163 197 168 193 174 192 178 193 183 192 189 194 195 198 190 204 184 208 179 209 173 208 168 204 166 197 174 196 178 196 183 196 192 198 183 201 179 202 174 201
127 156 130 171 133 186 138 200 145 213 155 224 166 233 180 235 193 233 205 224 213 212 220 198 224 184 226 169 228 154 229 140 137 135 144 130 153 129 163 132 172 135 186 135 195 132 205 129 214 129 221 134 179 142 179 151 179 159 178 169 169 175 173 177 178 179 183 178 188 176 149 144 155 141 161 141 166 144 160 145 155 145 192 144 197 141 204 141 209 143 204 145 198 145 163 196 168 193 173 191 178 192 183 191 189 193 195 196 189 201 183 204 178 205 173 204 168 201 166 196 173 194 178 195 183 195 191 196 183 197 178 198 173 197
128 156 130 171 133 185 138 199 146 212 155 223 166 232 180 234 193 232 204 223 213 211 220 198 224 184 226 170 228 155 229 140 137 135 144 130 153 129 163 131 173 134 186 134 195 131 205 128 214 129 221 134 179 141 179 150 178 159 178 168 168 175 173 177 178 179 183 177 188 175 149 143 155 141 160 141 166 143 160 145 154 145 192 143 198 141 204 141 209 143 204 145 198 144 163 195 168 192 174 191 178 192 183 191 189 192 195 195 189 200 183 202 179 203 174 202 168 200 165 195 174 194 178 195 183 194 192 195 183 196 179 196 174 195
128 155 131 170 133 184 138 198 145 211 154 222 166 231 180 233 193 231 205 222 214 210 220 197 224 183 226 169 228 154 229 140 137 135 144 129 153 129 163 131 172 134 186 135 195 131 205 128 214 128 221 134 178 141 178 150 178 159 178 169 169 175 173 177 178 178 183 177 188 175 149 143 155 141 161 141 166 143 160 145 154 145 192 143 197 140 203 140 208 143 203 145 197 145 162 195 168 193 173 191 178 193 182 191 188 193 195 195 188 199 183 202 179 203 174 202 168 200 165 195 173 195 178 196 182 195 192 195 183 195 178 196 174 196
128 155 131 170 134 185 138 199 145 211 155 223 166 231 180 233 194 231 205 222 214 210 220 197 224 183 226 169 228 154 229 139 137 135 144 130 153 129 163 132 173 135 186 135 195 132 204 128 214 129 221 134 178 141 178 150 178 159 178 169 168 176 173 178 178 179 183 177 188 176 149 144 154 141 160 141 166 144 160 145 154 145 192 143 197 141 203 141 209 143 204 145 197 145 162 196 168 194 173 192 178 193 182 192 188 193 195 195 189 200 183 203 178 204 174 203 168 200 165 196 173 196 178 196 182 196 192 196 183 196 178 197 174 196
128 156 131 171 134 185 138 199 146 212 155 224 166 232 180 235 193 232 204 222 213 211 220 197 223 183 226 169 228 155 229 140 137 135 144 130 153 129 163 132 172 135 187 135 196 132 205 129 214 129 221 134 179 142 178 151 178 159 178 169 169 176 173 178 178 179 183 178 188 176 149 144 154 141 160 141 166 144 160 145 154 145 192 144 197 141 204 141 209 143 204 145 198 145 162 196 168 194 174 192 178 194 183 192 189 194 195 196 189 201 184 204 179 205 174 205 168 202 165 197 174 196 178 197 183 196 192 196 183 197 179 198 174 197
128 156 131 171 134 186 139 200 146 213 155 224 166 233 180 235 193 232 204 223 213 211 220 198 223 183 226 169 228 154 229 140 137 135 144 130 153 130 163 132 172 135 186 135 195 132 205 129 214 129 221 134 179 142 179 151 179 160 179 170 169 176 173 178 178 179 183 178 188 176 149 144 154 142 160 141 166 144 160 145 154 146 192 144 198 141 204 141 209 143 204 146 198 145 163 197 168 194 174 193 179 194 183 192 189 194 195 196 189 202 183 205 179 206 174 205 168 202 166 197 174 196 179 197 183 196 192 197 183 198 179 199 174 198
128 156 131 171 134 186 139 200 146 213 156 224 167 233 180 235 194 232 205 223 214 211 220 198 224 183 226 169 229 154 230 139 138 136 144 130 154 130 163 132 173 135 186 135 196 132 205 129 214 129 221 135 179 142 179 151 179 160 179 170 169 176 174 178 178 179 183 178 188 176 150 144 155 142 161 142 166 144 160 145 155 146 192 144 198 142 203 142 209 144 204 146 198 145 163 196 169 194 174 193 178 194 183 192 189 194 195 196 189 202 183 204 179 205 174 204 169 201 167 197 174 196 179 197 183 196 191 197 183 197 179 198 174 197
128 155 131 170 134 184 138 199 145 212 155 224 166 233 179 235 193 232 204 223 213 212 220 198 224 184 226 169 228 154 229 139 138 135 145 130 154 129 164 132 173 135 186 135 195 132 204 129 214 129 221 134 179 142 179 151 179 160 179 169 169 176 173 178 179 179 184 178 189 176 151 145 156 144 161 144 167 144 161 146 156 146 192 144 197 144 203 144 208 145 202 146 197 146 163 196 168 194 174 192 179 194 183 192 189 194 195 196 189 201 184 204 179 205 174 204 169 201 166 196 174 196 179 196 183 195 192 196 184 197 179 198 174 197
128 154 131 169 134 184 138 199 146 212 156 224 167 232 181 234 195 231 206 221 214 210 221 196 225 181 227 167 229 152 230 138 138 135 145 130 154 129 164 132 173 135 186 135 195 132 204 129 214 129 221 134 179 142 179 151 179 160 179 169 169 176 173 178 179 179 184 178 189 176 151 145 156 145 161 144 167 144 161 146 156 147 192 144 197 144 203 144 208 145 203 147 197 146 163 195 168 192 174 191 179 192 183 191 189 193 195 196 190 202 184 204 179 205 174 204 168 201 166 196 174 194 179 195 183 195 192 196 184 197 179 198 174 197
128 155 131 170 134 184 138 199 146 212 155 223 166 233 180 235 194 232 205 223 214 211 221 197 225 182 227 168 229 153 229 138 138 136 145 130 154 129 164 132 173 135 185 135 195 132 205 129 214 129 221 134 179 142 179 151 179 160 178 169 168 175 173 177 178 179 184 178 189 176 150 145 156 144 161 143 166 144 161 145 156 146 192 144 198 143 204 143 209 144 204 146 198 146 163 194 167 191 173 189 178 191 183 190 189 192 196 196 189 203 183 206 178 206 172 205 167 201 166 195 173 194 178 194 183 194 192 196 183 199 178 199 173 198
127 156 130 171 133 186 138 200 146 213 155 225 166 234 180 237 193 234 204 224 213 212 220 198 224 184 227 169 229 154 229 139 138 135 145 130 154 129 163 132 173 135 186 135 195 132 205 129 214 129 221 134 179 142 179 151 179 160 178 169 168 175 173 177 178 179 184 178 189 176 150 144 155 142 161 142 166 144 161 145 155 146 192 144 198 142 204 142 209 144 204 146 198 146 163 195 167 191 173 189 178 191 183 190 189 192 195 197 189 204 183 208 178 209 172 207 167 203 165 195 173 193 178 194 183 194 191 197 183 201 178 201 173 200
127 156 130 171 133 186 138 201 145 213 155 225 166 234 180 237 193 234 205 224 214 212 221 198 225 184 227 169 229 154 229 140 138 135 144 130 154 130 163 132 173 135 186 136 195 132 205 129 214 129 221 135 179 142 179 151 178 160 178 170 168 175 173 177 178 179 183 178 189 176 149 144 155 142 161 141 166 144 160 145 155 146 192 144 197 142 204 142 209 144 204 146 198 145 163 195 167 190 172 189 178 191 183 190 189 192 195 197 189 204 183 208 178 208 172 207 167 203 166 195 173 193 178 194 183 194 192 197 183 201 178 201 172 200
128 156 130 171 134 186 138 200 146 213 155 224 166 233 180 235 194 232 205 223 214 212 221 198 225 184 227 169 229 154 229 139 138 135 144 130 154 129 163 132 173 135 186 135 195 132 205 129 215 130 222 135 179 142 179 151 179 160 178 170 168 175 173 177 178 179 184 178 189 176 150 144 155 142 161 141 166 144 160 145 155 145 192 144 198 141 204 142 209 144 204 146 198 145 163 194 167 190 173 189 178 191 183 190 189 192 195 196 189 202 183 205 178 205 172 204 167 200 166 194 173 193 178 194 183 194 192 196 183 198 178 198 173 197
128 156 130 171 133 186 138 200 146 212 155 223 166 231 180 234 194 231 205 222 214 211 221 198 225 184 227 169 228 154 229 140 138 135 145 130 154 130 164 132 173 135 186 135 195 132 205 129 214 129 221 135 179 142 179 151 179 160 178 169 168 175 173 177 178 179 184 177 189 175 150 144 155 142 161 141 166 144 160 145 155 145 192 144 198 141 204 141 209 144 204 145 198 145 163 194 167 190 173 189 178 191 183 190 189 191 196 195 189 199 183 202 178 202 173 201 167 198 166 194 173 192 178 193 183 193 192 195 183 195 178 195 173 194
128 156 131 171 134 185 138 199 145 212 155 223 166 231 180 233 194 231 205 222 214 211 221 198 224 183 226 169 228 154 229 140 138 136 144 130 154 130 164 132 173 135 185 136 195 132 204 129 214 129 222 135 179 142 179 151 179 160 178 169 168 175 173 177 178 179 184 177 189 175 150 144 155 142 161 141 166 144 160 145 155 145 192 144 198 141 204 141 209 143 204 145 198 145 162 193 167 190 173 189 178 191 183 190 189 191 196 195 189 199 183 202 178 202 173 201 167 198 165 194 173 193 178 194 183 193 193 195 183 195 178 195 173 194
128 157 130 172 133 186 138 200 145 212 155 223 166 231 180 234 194 231 205 222 214 211 221 198 224 183 226 169 228 154 229 140 138 136 144 130 154 130 164 132 173 135 185 135 195 132 204 129 214 129 221 135 179 141 179 151 178 160 178 169 168 175 173 177 178 179 184 177 189 176 149 144 155 142 160 141 166 144 160 145 155 145 192 144 198 141 204 141 209 143 204 145 198 145 162 194 167 191 173 189 178 191 183 190 189 192 196 195 189 199 183 201 178 202 172 201 167 198 165 194 173 193 178 194 183 193 192 195 183 195 178 195 173 194
128 156 130 171 133 186 138 200 145 213 155 224 167 232 181 234 194 232 206 223 214 211 221 198 225 183 227 169 228 154 229 139 138 136 144 130 154 130 163 132 173 135 186 135 195 132 204 129 214 129 221 135 179 142 179 151 179 160 179 169 168 175 173 177 178 179 184 177 189 176 150 144 155 141 161 141 166 144 160 145 155 145 192 144 198 141 204 141 209 143 204 145 198 145 163 194 168 191 173 190 178 192 183 191 189 192 195 195 189 200 183 202 178 202 173 201 168 198 165 194 173 193 178 194 183 194 192 195 183 196 178 196 173 195
128 157 131 172 134 186 138 201 146 213 155 225 166 234 180 236 194 233 205 224 214 212 221 199 224 184 227 169 229 154 229 140 138 136 144 130 154 130 163 132 173 135 186 135 195 132 205 129 215 129 221 135 179 142 179 151 179 160 178 169 168 175 173 177 178 179 183 178 188 176 150 144 155 141 161 141 166 144 160 145 155 145 192 144 198 141 204 141 209 143 204 146 198 145 163 195 168 191 173 190 178 192 183 191 189 193 195 196 189 202 183 204 178 204 173 203 168 200 166 195 173 194 178 195 183 194 191 197 182 198 178 198 173 197
128 156 130 171 133 186 138 201 145 214 155 226 166 235 180 238 193 235 205 225 214 213 221 199 224 184 227 169 228 154 229 139 138 135 145 130 154 130 163 132 173 135 186 135 196 132 205 129 214 130 221 135 179 142 179 151 178 160 178 169 169 175 173 178 178 179 183 178 188 176 150 144 155 142 161 141 166 144 160 145 155 146 192 144 198 141 204 141 209 144 204 146 198 146 164 196 168 191 173 190 178 192 183 191 189 193 195 198 189 204 183 207 178 207 173 206 168 202 167 196 173 194 178 195 183 195 191 198 183 200 178 201 173 199
128 157 131 172 134 187 138 201 145 214 154 225 166 234 179 237 193 235 205 225 214 214 221 200 224 185 227 170 229 155 229 140 138 136 145 130 154 130 163 132 173 135 187 136 196 132 205 129 215 130 221 135 179 142 179 151 179 160 178 169 169 176 174 178 178 179 183 178 188 176 150 144 155 142 161 141 166 144 161 146 155 146 193 144 198 142 204 142 209 144 204 146 198 146 163 196 167 192 173 190 178 192 183 191 189 194 195 198 189 204 183 207 178 207 172 206 167 202 166 196 173 194 178 195 183 195 192 198 183 200 178 200 173 199
128 156 131 171 134 186 138 200 146 213 155 224 166 233 180 235 193 233 205 224 214 213 220 199 224 185 227 170 229 155 229 140 138 135 145 130 154 130 164 132 173 135 186 136 196 132 205 130 214 130 221 135 179 142 179 151 179 160 179 170 169 176 174 178 179 179 184 178 189 176 150 144 155 142 161 141 166 144 161 145 155 146 192 144 198 142 204 142 209 144 204 146 198 146 162 194 168 192 173 191 178 192 183 191 189 193 196 196 189 201 183 203 178 204 173 202 167 199 165 195 173 194 178 195 183 195 192 196 183 197 178 197 173 196
128 156 130 171 134 186 138 200 145 213 154 224 165 232 179 235 193 232 204 224 213 212 220 199 224 185 226 170 228 155 229 140 138 136 145 130 154 130 163 133 173 135 187 136 196 133 205 130 215 130 221 135 179 142 179 151 178 160 178 170 168 176 173 178 178 179 183 178 189 176 150 144 155 142 161 141 166 144 160 145 155 146 192 144 198 141 204 141 209 144 204 146 198 146 162 194 168 192 173 191 178 192 183 191 189 193 196 196 189 200 183 202 178 202 173 201 168 199 165 194 173 194 178 195 183 194 192 196 183 196 178 196 173 195
128 156 130 171 133 186 138 200 145 212 155 224 166 232 180 235 193 232 205 223 214 212 220 198 224 184 226 170 228 155 229 141 138 136 144 130 154 130 163 132 173 135 187 136 196 133 205 130 215 130 222 135 179 142 179 151 179 160 179 170 169 176 173 178 179 179 184 178 189 176 150 144 155 142 161 141 166 144 161 146 155 146 193 144 198 142 204 142 209 144 204 146 198 146 162 195 167 192 173 191 178 192 183 191 189 193 196 196 189 201 183 204 178 204 173 203 167 200 165 195 173 194 178 195 183 194 192 196 183 197 178 198 173 197
128 156 131 171 134 186 138 200 146 213 155 225 166 233 180 236 193 233 205 223 214 212 220 198 224 184 227 169 229 155 229 140 138 135 144 130 154 130 163 132 173 135 186 136 196 133 205 130 215 130 222 135 179 143 179 152 179 160 178 170 169 176 173 178 178 180 184 178 189 176 150 144 155 142 161 142 166 144 161 146 155 146 193 144 198 142 204 142 209 144 204 146 198 146 163 196 167 192 173 191 178 192 183 191 189 193 196 197 190 204 183 207 178 207 173 206 167 202 166 196 173 194 178 195 183 195 192 197 183 200 178 200 173 199
128 157 131 172 134 187 139 201 146 214 156 225 167 234 180 237 194 234 205 224 214 213 220 199 224 185 227 170 229 155 229 141 138 136 145 131 154 130 163 133 173 135 187 136 196 132 205 130 215 130 221 135 179 142 179 151 179 161 179 170 169 176 174 178 179 180 184 178 189 177 150 144 155 142 161 142 166 144 161 146 155 146 193 145 198 142 204 142 209 144 204 146 198 146 163 196 167 192 174 191 179 192 184 191 190 193 196 197 190 205 184 209 179 209 173 208 167 204 166 197 174 194 179 195 184 195 192 198 184 201 179 202 173 201
127 157 130 172 134 187 139 201 147 214 156 226 167 235 181 237 194 234 205 225 214 213 220 199 224 185 227 170 228 155 229 141 138 135 145 130 154 130 163 132 173 135 187 136 196 133 205 130 214 130 221 135 179 143 179 152 179 161 179 170 169 176 174 178 179 180 184 178 189 176 150 144 155 142 161 141 166 144 161 146 155 146 193 145 198 141 204 142 209 144 204 146 198 146 163 197 168 192 174 191 179 192 184 191 190 193 196 198 190 205 184 209 179 210 174 209 168 205 166 197 174 194 179 195 184 195 192 198 184 202 179 203 174 202
128 157 131 172 134 187 139 202 146 214 156 226 167 235 180 237 193 234 204 225 213 213 220 199 223 185 226 170 228 155 229 141 138 136 145 131 154 130 164 133 173 136 187 136 196 133 205 130 215 130 221 135 179 143 179 152 179 161 179 170 169 176 174 178 179 180 184 179 189 177 150 144 155 142 161 142 166 145 161 146 155 146 193 145 198 142 204 142 209 144 204 146 198 146 163 197 168 193 174 191 179 193 184 192 190 194 196 198 190 206 184 210 179 210 173 209 167 205 166 198 174 195 179 196 184 195 192 198 184 202 179 203 174 202
128 157 131 172 134 187 139 201 146 214 156 225 167 235 180 237 193 234 204 225 213 213 220 199 224 185 226 171 228 156 229 141 138 136 145 131 154 130 164 133 173 136 187 136 196 133 205 130 215 130 221 136 179 143 179 152 179 161 179 171 169 177 174 179 179 180 184 179 189 177 150 145 155 142 161 142 166 145 161 146 155 146 193 145 198 142 204 142 210 144 204 147 198 146 163 198 168 194 174 192 179 194 184 192 190 194 195 198 190 205 184 208 179 209 174 208 168 205 166 198 174 196 179 197 184 196 192 198 184 201 179 202 174 201
128 156 130 172 133 186 138 201 146 214 155 225 167 234 180 236 193 233 204 224 213 212 220 199 223 185 226 170 228 156 229 141 138 136 145 131 154 130 163 133 173 136 187 136 196 133 205 130 215 130 221 135 179 143 179 152 179 161 179 170 169 177 174 179 179 180 184 179 189 177 150 145 155 142 161 142 166 145 161 146 155 146 193 145 198 142 204 142 209 144 204 147 198 146 163 197 168 194 174 193 179 194 183 193 189 195 195 198 189 203 184 206 179 207 174 206 168 203 166 198 174 197 179 197 183 197 192 198 183 200 179 200 174 200
128 156 131 171 133 186 138 200 145 213 154 225 166 234 179 236 193 233 204 225 213 213 220 200 224 185 226 171 228 156 229 141 138 136 145 131 154 130 163 133 172 136 187 136 196 133 205 130 214 130 221 135 179 143 179 152 179 161 179 170 169 177 174 179 179 180 183 179 188 177 149 145 155 142 161 142 166 145 160 146 154 146 192 145 198 142 204 142 209 144 204 147 198 146 162 197 168 195 174 193 179 195 183 193 189 195 195 197 189 202 183 205 178 205 174 204 168 202 165 197 174 197 178 198 183 197 192 197 183 198 179 199 174 198
127 156 130 172 133 186 138 201 145 213 154 224 166 233 179 235 193 232 204 224 213 212 219 199 223 185 226 170 228 155 229 140 137 136 144 131 153 130 162 133 172 136 186 137 195 133 204 130 214 130 221 135 178 143 178 152 178 161 178 170 169 177 173 179 178 180 183 179 188 177 149 145 154 142 160 142 165 145 160 146 154 147 192 145 197 142 203 142 209 144 203 147 197 146 162 196 168 195 174 193 178 195 182 193 188 195 195 197 188 201 182 204 178 204 174 204 168 201 165 197 174 197 178 198 182 197 192 197 182 198 178 198 174 198
128 156 130 171 133 185 137 200 145 213 154 224 165 232 179 235 192 232 204 224 213 212 220 199 223 185 226 170 228 155 229 140 137 136 143 131 153 130 162 133 172 136 185 136 195 133 204 130 214 130 220 136 178 143 177 152 177 160 177 170 168 177 172 179 177 180 182 179 187 177 149 145 154 142 160 142 165 145 159 146 153 146 191 145 197 142 203 142 208 144 203 147 197 146 162 196 167 195 173 193 177 194 181 193 187 194 194 196 187 201 182 203 177 203 173 203 167 201 164 196 173 197 177 197 181 197 191 197 181 197 177 198 173 197
128 156 130 171 133 186 137 200 145 213 154 224 165 232 179 235 192 232 204 224 213 212 219 199 223 185 226 170 228 155 229 140 137 136 143 131 153 130 162 133 172 136 185 137 194 133 204 130 214 130 220 136 178 143 178 152 177 161 177 170 168 177 172 179 177 180 182 179 187 177 148 145 154 143 160 142 165 145 159 146 153 147 191 145 197 142 203 142 208 144 203 147 197 146 161 196 167 195 173 193 178 195 182 193 187 194 194 196 188 201 182 203 178 203 173 203 167 200 164 196 173 197 178 197 182 197 191 196 182 197 178 198 173 197
128 156 131 172 133 186 138 200 145 213 154 224 165 232 179 235 193 232 204 224 213 213 220 200 224 185 226 171 228 156 229 141 137 136 143 131 153 131 162 133 171 136 185 137 195 134 204 130 214 130 221 136 178 143 178 152 178 161 178 171 168 178 173 179 178 180 183 179 188 178 148 145 154 143 160 142 165 145 159 147 153 147 191 145 197 143 203 143 209 145 203 147 197 147 162 196 167 195 173 194 178 195 181 194 187 195 195 197 188 201 182 203 178 204 173 203 168 201 164 197 173 197 178 198 182 197 192 197 182 198 178 198 173 197
128 157 130 172 133 186 138 201 145 214 155 225 166 233 179 235 193 233 204 224 213 212 220 199 224 185 226 170 228 156 229 141 137 137 143 132 153 131 162 134 171 137 186 137 195 134 204 131 214 131 220 136 178 144 178 153 178 162 178 171 168 178 173 180 178 181 183 180 188 178 149 145 154 143 160 143 165 146 160 147 154 147 192 145 197 143 203 143 209 145 203 147 197 147 162 197 168 195 174 194 178 195 182 194 188 195 195 197 188 202 182 204 178 205 174 204 168 201 164 197 174 197 178 198 182 197 192 197 182 198 178 199 174 198
128 157 130 172 133 186 138 201 145 214 154 225 165 233 179 235 193 233 204 224 213 213 220 199 223 185 226 171 228 156 228 141 137 137 144 132 153 131 162 134 171 137 186 138 195 134 204 131 213 131 220 136 178 144 178 153 178 162 178 172 168 178 173 180 178 181 183 180 188 178 149 146 154 143 160 143 165 146 160 147 154 148 192 146 197 143 203 143 208 145 203 148 197 147 162 197 168 196 174 194 178 196 182 194 188 196 195 197 188 202 182 204 178 204 174 204 168 202 164 197 174 198 178 199 182 198 192 197 182 198 178 199 174 198
128 156 130 171 133 186 138 200 145 213 154 225 165 233 179 235 193 233 204 224 213 213 220 200 223 185 226 171 228 156 228 141 137 137 144 132 153 132 162 134 171 137 186 138 195 135 204 131 214 131 220 136 178 144 178 153 178 162 178 172 168 179 173 180 178 181 183 180 188 179 149 146 154 144 160 143 165 146 160 148 154 148 192 146 197 143 203 143 209 146 203 148 197 148 161 197 167 196 173 195 178 196 182 195 188 196 195 197 188 202 182 204 178 205 173 204 167 202 164 197 173 198 178 199 182 198 192 198 182 198 178 199 173 198
128 157 131 172 133 187 138 201 145 214 154 225 165 233 179 236 193 233 204 224 213 213 220 200 223 186 226 171 228 156 229 142 137 137 144 133 153 132 162 135 172 138 186 138 195 135 204 132 214 132 221 137 178 144 178 154 178 163 178 172 168 179 173 181 178 182 183 181 188 179 149 146 154 144 160 143 165 146 160 148 154 148 192 146 197 143 203 144 209 146 203 148 197 148 161 198 167 196 173 195 178 196 182 195 187 196 195 198 188 202 182 204 178 205 173 205 167 202 164 198 173 198 178 199 182 198 192 198 182 199 178 199 173 199
128 157 131 172 134 187 138 201 145 214 154 225 165 234 179 237 193 234 205 225 214 214 220 200 224 186 226 171 228 156 229 142 137 138 144 133 153 132 162 135 172 138 187 139 196 135 205 132 214 132 221 137 178 145 178 154 178 163 178 173 169 179 173 181 178 182 183 181 188 179 149 146 154 144 161 144 166 147 160 148 154 148 192 146 197 144 203 144 209 146 204 148 198 148 162 198 168 197 174 195 178 197 182 195 188 197 195 198 188 203 183 205 178 205 174 205 168 203 165 198 174 199 178 199 182 199 192 198 182 199 178 200 174 199
128 158 131 173 134 187 138 202 146 214 155 226 166 234 180 236 193 233 205 225 214 213 221 200 224 186 227 172 228 157 229 143 137 137 144 133 154 132 163 135 173 138 187 139 196 136 205 132 215 132 221 137 179 145 179 154 179 163 179 173 169 179 174 181 179 182 184 181 189 180 150 147 155 144 161 144 166 147 161 148 155 149 193 147 198 144 204 144 209 146 204 149 198 149 162 198 168 197 174 195 179 197 183 195 189 197 196 198 189 203 183 205 179 206 174 205 168 203 165 199 174 199 179 200 183 199 193 199 183 199 179 200 174 199
129 158 132 173 135 188 139 202 146 215 155 225 167 234 180 236 194 233 205 225 214 213 221 200 225 186 227 172 229 157 229 142 138 138 145 133 154 133 163 135 173 138 188 139 197 136 206 133 215 132 222 137 179 145 179 154 179 163 179 173 169 180 174 181 179 182 184 181 189 180 150 147 155 144 161 144 167 147 161 149 155 149 193 147 198 144 205 145 210 147 205 149 198 149 163 198 169 197 175 195 179 197 183 195 189 197 196 199 190 203 184 206 179 206 175 206 169 203 165 199 175 199 179 200 184 199 193 199 184 200 179 200 175 199
129 158 131 173 134 188 139 202 146 214 156 225 167 234 180 236 194 234 205 225 214 214 221 201 225 186 227 172 229 157 230 143 139 137 146 133 155 133 164 135 174 139 188 139 197 136 206 133 215 132 222 138 180 145 180 154 180 163 180 173 170 180 175 181 180 182 185 181 189 180 150 146 156 144 162 144 167 147 162 148 156 148 193 147 199 144 205 145 210 147 205 149 199 149 163 198 169 196 175 195 180 197 184 195 190 197 197 198 190 203 184 205 180 206 175 205 169 203 166 198 175 199 180 200 184 199 194 199 184 199 180 200 175 199
129 157 131 172 134 187 139 201 146 214 155 225 166 234 180 236 194 234 205 225 214 214 221 201 225 187 227 172 229 158 230 143 139 137 146 133 155 132 165 135 174 138 188 139 197 136 206 133 216 132 222 137 180 145 180 154 180 163 180 173 170 180 175 181 180 182 185 181 190 179 151 146 156 144 162 144 167 147 162 148 156 148 194 147 199 144 205 145 210 147 205 149 199 148 163 198 169 196 175 195 180 197 184 195 190 197 197 199 190 203 184 205 180 206 175 205 169 203 166 198 175 199 180 200 184 199 194 199 184 199 180 200 175 199
129 157 132 172 135 187 139 202 146 214 156 225 167 234 181 236 194 233 205 225 214 214 221 201 225 187 227 172 229 157 230 142 139 137 146 132 156 132 165 135 174 138 188 139 197 136 206 132 216 132 223 137 180 145 180 154 180 163 180 173 170 179 175 181 180 182 185 181 190 179 151 146 156 144 162 144 167 147 162 148 156 148 194 147 199 144 206 144 211 146 206 149 199 148 163 198 170 196 175 195 180 196 184 195 190 196 197 198 190 203 185 205 180 206 175 205 170 203 166 198 175 199 180 199 184 199 194 199 184 199 180 200 176 199
129 158 132 173 135 187 139 201 146 214 155 225 167 233 181 236 194 233 206 225 214 214 221 200 225 186 227 172 229 157 230 143 139 137 146 132 155 132 165 135 174 138 188 139 197 135 206 132 216 132 223 137 180 144 180 154 180 163 180 172 170 179 175 181 180 182 185 181 190 179 151 146 156 144 162 144 167 147 162 148 156 148 194 147 199 144 205 144 211 146 205 148 199 148 163 198 169 196 175 195 180 197 184 195 190 196 197 198 190 203 185 205 180 205 175 205 170 202 166 198 175 199 180 199 184 199 194 198 184 199 180 200 176 199
129 158 132 173 135 187 139 201 146 214 155 225 167 234 180 236 194 234 206 225 214 214 221 200 225 186 227 172 229 157 230 143 139 137 146 132 155 132 165 135 174 138 188 138 197 135 206 132 216 132 223 137 180 145 180 154 180 163 180 172 170 179 175 181 180 182 185 181 190 179 151 146 156 144 162 144 167 146 162 148 156 148 194 147 199 144 205 144 210 146 205 148 199 148 164 198 170 196 176 195 180 196 185 195 190 196 197 198 191 203 185 205 180 206 176 205 170 203 166 198 176 198 180 199 185 198 194 198 185 199 180 200 176 199
129 157 132 172 135 187 139 201 146 214 156 225 167 234 181 236 194 233 205 225 214 213 221 200 225 186 227 172 229 157 230 143 139 137 146 132 155 132 165 135 174 138 188 138 197 135 206 132 216 132 223 137 180 144 180 153 180 162 180 172 170 179 175 181 180 182 185 181 190 179 151 146 156 144 162 143 167 146 162 148 156 148 194 146 199 144 205 144 211 146 206 148 199 148 164 198 170 196 176 195 180 196 184 195 190 196 197 198 190 203 184 205 180 206 175 205 170 203 166 198 175 199 180 199 184 199 194 199 184 199 180 200 176 199
130 158 132 173 135 187 139 202 147 214 156 225 167 233 181 236 195 233 206 225 215 213 221 200 225 186 227 172 229 157 230 143 139 137 146 133 156 132 165 135 174 138 188 138 197 135 206 132 216 132 223 137 180 144 180 153 180 162 180 172 170 179 175 181 180 182 185 181 190 179 151 146 156 144 162 143 167 146 162 148 156 148 194 146 199 144 205 144 211 146 205 148 199 148 164 198 170 196 176 195 180 196 184 195 190 196 197 198 191 203 185 205 180 206 176 205 170 202 166 198 176 199 180 199 184 198 194 198 184 199 180 200 176 199
129 158 132 173 135 187 139 202 147 214 156 225 167 234 181 236 194 234 205 225 214 214 221 201 225 187 227 172 229 158 230 143 139 137 146 132 156 132 165 135 174 138 188 139 197 135 206 132 216 132 222 137 181 144 180 154 180 163 180 172 170 179 175 181 180 182 185 181 190 179 151 146 156 144 162 143 168 146 162 148 156 148 194 146 199 144 205 144 211 146 206 148 199 148 164 198 170 196 176 195 180 196 184 195 190 196 197 198 190 203 185 205 180 206 176 205 170 202 167 198 175 199 180 199 184 199 194 198 184 199 180 200 176 199
129 158 132 173 135 187 139 201 147 214 156 225 167 234 181 236 194 234 205 225 214 214 221 201 225 186 227 172 229 157 231 143 139 138 146 133 155 132 165 135 174 138 188 139 197 135 207 132 216 132 223 137 180 144 180 154 180 162 180 172 170 179 175 181 180 182 185 181 190 179 151 146 156 144 162 144 168 147 162 148 156 148 194 146 199 144 206 144 211 146 206 148 199 148 164 198 170 197 175 195 180 196 184 195 190 196 197 198 190 203 185 205 180 206 175 205 170 203 166 199 175 199 180 199 184 199 194 198 184 199 180 200 176 199
129 157 132 172 135 187 139 201 147 214 156 225 167 234 181 236 194 233 206 225 214 214 221 201 225 186 227 172 229 157 230 142 139 138 146 133 155 132 165 135 174 138 189 139 198 135 207 132 216 132 223 137 180 145 180 154 180 163 180 172 170 179 175 181 180 182 185 181 190 179 151 146 156 144 162 144 167 147 162 148 156 148 194 146 199 144 206 144 211 146 206 148 200 148 164 198 170 197 175 195 180 197 184 195 190 197 197 198 191 203 185 205 180 206 175 205 170 203 166 199 175 199 180 199 185 199 194 199 185 199 180 200 176 199
129 158 132 173 135 188 139 202 147 215 156 226 168 234 181 236 195 233 206 224 214 213 221 200 225 186 227 172 229 157 230 143 139 138 146 133 155 133 165 135 174 138 188 139 197 135 206 132 216 132 223 138 180 145 181 154 181 163 181 172 171 179 175 181 180 182 185 181 190 179 151 147 156 144 162 144 167 147 162 148 156 149 194 147 199 144 205 144 211 146 206 149 199 148 164 198 170 197 176 195 180 197 184 195 190 197 197 198 190 203 185 205 180 206 176 205 170 203 166 199 176 199 180 200 185 199 194 199 185 199 180 200 176 199
129 158 132 173 135 188 139 202 147 215 156 226 167 234 181 236 194 233 206 225 214 214 221 201 225 187 227 172 229 157 230 143 139 138 146 133 155 132 164 135 174 138 188 139 197 135 206 132 216 132 222 137 180 145 180 154 180 163 180 173 170 180 175 181 180 182 185 181 190 179 150 147 156 144 162 144 167 147 162 149 155 149 194 147 199 144 205 144 211 146 205 149 199 149 164 199 170 197 175 195 180 197 184 195 190 197 197 199 190 203 185 205 180 206 175 206 170 203 166 199 175 199 180 200 184 199 194 199 184 199 180 200 176 199
129 158 132 173 135 188 139 202 146 214 156 225 167 234 181 236 194 233 206 225 215 213 221 200 225 186 227 172 229 157 230 142 139 137 146 133 155 133 164 135 174 138 188 139 197 135 206 132 216 132 223 137 180 145 180 154 180 163 180 173 170 180 175 181 180 182 185 181 190 179 151 147 156 144 162 144 167 147 162 148 156 149 194 147 199 144 205 144 210 146 205 149 199 148 164 198 170 197 175 195 180 197 184 195 190 197 196 198 190 203 185 205 180 206 175 205 170 203 166 199 175 199 180 200 184 199 194 199 184 199 180 200 176 199
129 158 132 173 135 188 139 202 147 215 156 226 168 234 181 236 195 233 206 225 214 213 221 200 224 186 227 172 229 157 230 143 139 137 146 133 155 132 164 135 174 138 188 139 197 135 206 132 215 132 222 137 180 145 180 154 180 163 180 173 170 180 175 181 180 182 185 181 190 179 151 146 156 144 162 144 167 147 162 148 156 149 194 147 199 144 205 144 210 146 205 149 199 148 164 199 170 197 176 195 180 197 184 195 190 197 197 199 191 203 185 206 180 206 175 206 170 203 167 199 176 199 180 200 185 199 194 199 185 199 180 200 176 199
129 158 131 173 135 187 139 202 147 214 156 225 167 234 181 236 194 233 205 225 214 213 221 200 224 186 227 171 229 157 230 142 139 138 146 133 155 132 164 135 174 138 188 139 197 136 206 132 215 132 222 137 180 145 180 154 180 163 180 172 170 180 175 181 180 182 185 181 189 180 151 146 156 144 162 144 167 147 162 148 156 149 193 147 199 144 205 144 210 146 205 149 199 148 163 198 169 197 175 195 180 197 184 195 190 197 197 198 190 203 185 206 180 206 175 206 169 203 166 199 175 199 180 200 184 199 193 199 184 199 180 200 175 199
129 158 132 173 135 188 139 202 147 215 156 226 167 234 181 237 194 234 205 225 214 214 221 200 225 186 227 172 229 157 230 142 139 138 145 133 155 132 164 135 174 138 188 139 197 135 206 132 216 132 222 137 180 145 180 154 180 163 180 173 170 180 175 181 180 182 184 181 189 179 150 147 156 144 162 144 167 147 161 148 156 149 193 147 199 144 205 144 210 146 205 149 199 148 163 198 169 197 175 195 180 197 184 195 190 196 196 198 190 203 184 206 180 206 175 206 169 203 166 199 175 199 180 200 184 199 194 199 184 199 180 200 175 199
129 158 132 173 135 188 139 202 146 214 155 226 166 234 180 236 194 234 205 225 214 214 221 201 225 186 227 172 229 157 230 143 139 137 146 133 155 132 164 135 174 138 188 139 197 135 206 132 215 132 222 137 180 145 180 154 180 163 180 172 170 179 175 181 179 182 184 181 189 179 151 147 156 144 162 144 167 147 161 148 156 148 194 147 199 144 205 144 210 146 205 149 199 148 163 198 169 197 175 195 180 197 184 195 190 196 197 199 190 203 184 206 180 206 175 206 169 203 166 199 175 199 180 200 184 199 194 199 184 199 180 200 175 199
129 158 132 173 135 188 139 202 146 215 156 226 167 234 180 236 194 234 205 225 214 213 221 200 225 186 227 171 229 157 230 142 139 138 145 133 155 132 164 135 173 138 187 138 197 135 206 132 215 132 222 137 180 144 180 154 180 163 180 172 170 180 175 181 180 182 185 181 189 179 150 147 155 144 162 144 167 147 161 148 155 148 193 147 199 144 205 144 210 146 205 148 199 148 163 198 169 197 175 195 180 196 184 195 190 196 196 198 190 203 184 205 180 206 175 205 169 203 166 199 175 199 180 199 184 199 193 199 184 199 180 200 175 199
129 158 132 173 135 188 139 202 146 215 156 226 167 234 181 236 194 233 206 225 215 213 221 200 225 186 227 171 229 156 230 142 138 138 145 133 154 132 164 135 173 138 187 139 197 135 205 132 215 132 222 137 180 145 180 154 180 163 180 173 170 180 175 181 180 182 185 181 189 179 150 146 156 144 162 144 167 147 161 148 155 148 193 147 199 144 205 144 210 146 205 148 199 148 164 198 169 197 175 195 180 196 184 195 189 196 196 198 190 203 184 205 180 206 175 205 169 203 166 199 175 199 180 199 184 199 193 199 184 199 180 200 175 199
129 157 131 172 135 187 139 201 147 214 156 225 167 234 181 236 194 233 206 225 214 213 221 200 225 186 227 171 229 156 230 142 139 137 145 132 155 132 164 135 173 138 187 138 196 135 205 132 215 132 222 137 180 145 180 154 180 162 180 172 170 179 174 181 180 182 184 181 189 179 150 146 156 144 162 144 167 147 161 148 155 148 193 147 199 144 205 144 210 146 205 149 199 148 164 198 169 197 175 195 180 197 184 195 189 197 196 198 190 203 184 205 180 206 175 205 170 203 166 199 175 199 180 200 184 199 193 199 184 199 180 200 175 199
