132 163 135 178 138 192 142 206 150 219 159 230 171 238 185 240 199 237 211 229 219 218 226 205 230 191 232 177 234 162 235 148 142 141 149 136 159 135 168 137 178 140 193 141 202 138 211 135 220 135 226 141 185 148 184 157 184 166 184 175 174 182 179 184 184 185 189 184 194 182 154 150 160 147 166 147 171 150 166 152 160 152 198 150 204 147 210 147 215 150 210 152 204 152 168 201 174 199 180 198 184 199 189 198 195 199 202 201 195 205 189 208 185 208 180 208 174 206 170 202 180 202 184 202 189 202 199 201 189 202 185 203 180 202
132 161 134 177 138 192 142 206 150 219 160 230 172 238 186 240 199 237 210 229 219 218 226 205 230 191 232 176 234 162 235 147 142 142 149 136 159 135 169 137 178 141 192 141 201 138 211 135 220 135 227 141 185 148 185 157 185 165 185 175 174 182 179 184 184 185 189 184 194 182 155 150 160 147 166 147 171 150 166 151 160 152 198 150 204 147 210 147 215 150 210 152 204 151 167 201 174 199 180 198 184 199 189 198 195 199 202 201 195 206 189 208 185 209 180 208 174 206 170 202 180 202 184 202 189 202 199 201 189 202 185 203 180 202
132 163 135 178 138 193 142 207 150 219 160 230 171 238 185 240 199 237 210 229 219 218 226 205 230 191 232 177 233 162 234 148 142 141 149 135 159 135 168 137 178 141 192 141 201 138 211 135 220 135 227 141 185 148 185 157 185 166 185 175 174 182 179 184 184 185 189 184 194 182 155 150 160 147 166 147 171 150 166 152 160 152 198 150 204 147 210 147 215 150 210 152 204 152 168 202 174 200 180 198 184 199 189 198 195 199 202 201 195 206 189 208 185 209 180 208 174 206 171 202 180 202 184 203 189 202 199 202 189 202 185 203 180 202
132 163 135 178 138 193 142 207 150 220 160 231 172 239 186 241 199 238 210 229 219 218 226 205 230 191 232 177 234 162 235 148 143 141 150 136 159 135 168 137 178 141 192 141 202 138 211 135 220 135 227 141 185 148 185 157 185 166 185 175 174 183 179 184 184 186 190 184 194 182 155 150 160 147 166 147 171 150 166 151 160 152 198 150 204 147 210 147 215 150 210 152 204 152 167 202 174 200 180 198 184 200 189 198 195 200 202 202 195 206 189 209 185 210 180 209 174 206 170 202 180 203 184 203 189 202 198 202 189 202 184 203 180 202
133 163 135 178 138 193 143 207 150 219 160 230 172 239 185 241 199 238 210 230 219 218 226 206 230 191 232 177 234 162 235 148 143 141 150 136 159 135 169 137 178 141 192 141 201 138 211 135 220 135 227 141 185 147 185 156 185 166 185 175 174 182 179 184 185 185 190 184 195 182 155 150 160 147 167 147 171 150 166 151 160 152 198 150 204 147 210 147 215 150 210 152 204 151 168 203 174 200 180 199 184 200 189 199 195 200 202 202 195 207 190 209 185 210 180 209 174 207 171 203 180 203 184 203 189 203 199 203 189 203 185 204 180 203
132 163 135 178 138 193 143 207 151 219 160 231 172 239 185 242 199 239 210 230 219 219 226 206 229 192 232 177 234 162 235 148 142 141 149 136 159 135 168 137 178 140 192 141 202 138 211 135 220 135 227 141 185 148 185 157 185 166 185 175 174 182 179 184 185 185 190 184 195 182 155 150 160 147 167 147 171 150 166 151 160 152 198 150 204 147 210 147 215 150 210 152 204 151 168 203 174 200 180 199 185 200 189 199 195 200 201 203 195 207 190 210 185 211 180 210 174 208 171 203 180 203 185 203 189 203 198 203 189 204 185 205 180 204
133 163 135 178 138 193 143 207 151 219 160 230 172 240 185 242 199 239 210 230 219 219 226 206 229 191 232 177 234 162 235 148 143 141 150 136 159 135 168 137 178 140 192 141 201 137 211 135 220 135 227 140 185 148 185 157 185 165 185 175 175 182 180 184 185 185 190 184 194 182 155 150 160 147 167 147 172 150 166 151 160 152 198 150 204 147 210 147 215 150 210 152 204 151 168 203 174 200 180 199 185 200 189 199 195 200 201 203 195 208 190 210 185 211 180 211 174 208 171 203 180 203 185 203 189 203 198 203 189 204 185 205 180 204
133 163 135 178 138 193 143 207 151 219 160 230 171 239 185 241 199 239 210 230 219 219 226 206 230 191 232 177 234 162 235 148 143 141 150 136 159 135 168 137 178 140 192 141 202 138 211 135 220 135 227 140 185 148 185 157 185 166 185 176 174 183 179 184 185 186 190 184 195 182 155 150 160 148 167 147 172 150 166 151 160 152 198 150 204 147 210 147 215 150 210 152 204 151 169 203 174 200 180 199 185 200 189 199 195 200 201 203 195 207 189 210 185 210 180 210 174 207 171 203 180 203 185 204 189 203 198 203 189 203 185 204 180 203
133 163 136 178 138 193 143 207 151 219 160 230 172 239 185 241 199 238 210 230 219 218 226 206 230 191 232 177 234 162 235 148 143 141 150 136 159 135 168 137 178 141 192 141 202 138 211 135 220 135 227 141 185 148 185 157 185 166 185 175 174 183 179 184 184 185 190 184 195 182 155 150 160 147 167 147 171 150 166 151 160 152 198 150 204 147 210 147 215 150 210 152 204 151 169 203 174 200 180 199 184 200 189 199 195 200 201 202 195 207 189 209 185 209 180 209 174 207 171 203 180 203 184 203 189 202 198 202 189 203 185 204 180 203
132 163 135 178 138 192 142 207 150 219 160 230 171 239 185 241 199 238 210 229 219 218 226 206 230 191 232 177 234 162 235 148 143 141 150 136 159 135 169 137 178 140 192 141 201 138 211 135 220 135 227 141 185 148 185 157 185 166 185 175 174 183 179 184 184 186 190 184 194 183 155 150 160 147 166 147 172 150 166 151 160 152 198 150 204 147 210 147 215 150 210 152 204 151 168 202 174 200 180 199 184 200 189 198 195 200 202 202 195 207 190 209 185 210 180 210 174 207 171 203 180 203 184 203 189 203 199 202 189 203 185 204 180 203
133 163 135 178 138 193 143 207 151 220 161 231 172 239 186 241 200 238 211 229 220 218 226 205 230 191 232 177 234 162 235 148 143 141 150 136 159 135 169 138 179 141 192 141 201 138 211 135 220 135 227 141 185 148 185 157 185 166 185 175 174 182 179 184 185 186 190 184 195 182 155 150 160 147 166 147 171 150 166 151 160 152 198 150 204 147 210 147 215 150 210 152 204 151 168 203 174 200 180 198 185 200 189 198 196 200 201 202 196 208 190 211 185 212 180 211 174 208 171 203 180 203 185 203 190 202 198 203 190 204 185 205 180 204
132 162 135 177 138 192 142 206 150 219 160 231 172 240 186 242 199 239 210 229 219 218 226 205 230 191 232 176 234 161 235 147 143 141 150 136 159 135 168 138 178 141 192 141 202 138 211 135 221 135 227 141 185 148 185 157 185 166 185 176 175 182 179 184 185 186 190 184 194 182 155 150 160 147 167 147 171 150 166 151 160 152 198 150 204 147 210 147 215 150 210 152 204 151 169 203 174 200 180 198 185 200 189 198 196 200 201 203 196 209 190 213 185 214 180 213 174 209 172 203 180 202 185 203 189 202 198 203 190 205 185 206 180 205
132 163 135 178 138 193 143 207 151 220 161 231 172 240 186 242 200 238 211 229 219 218 226 205 229 190 232 176 234 162 235 147 143 141 150 136 159 135 169 138 178 141 192 141 202 138 211 135 220 135 227 141 185 148 185 157 185 166 185 176 175 183 180 184 185 186 190 184 195 182 155 150 160 147 166 147 171 150 166 151 160 152 198 150 204 147 210 147 215 150 210 152 204 151 169 203 174 200 180 198 185 199 190 198 196 200 201 203 196 208 190 212 185 213 180 212 174 209 172 203 180 202 185 203 190 202 198 203 190 204 185 205 180 205
132 161 135 177 138 191 142 206 150 219 160 230 172 239 186 241 199 238 210 229 220 217 226 204 230 190 232 176 234 161 235 147 143 141 149 136 159 135 168 137 178 140 192 141 202 138 211 135 220 135 227 141 185 148 185 157 185 166 185 176 174 182 179 184 184 186 190 184 194 182 155 150 160 148 166 147 171 150 166 151 160 152 198 150 204 147 210 147 215 150 210 152 204 152 168 203 174 200 180 198 184 199 189 198 195 199 201 202 195 207 190 210 185 211 180 210 174 207 171 203 180 202 184 202 189 201 198 202 189 203 185 204 180 203
133 162 135 178 138 192 143 206 151 219 160 230 172 238 186 240 200 237 211 229 219 218 226 205 230 191 232 177 234 162 235 148 143 141 150 135 159 135 169 137 179 141 192 141 201 138 211 135 221 135 227 141 185 148 185 157 185 166 185 176 174 182 179 184 184 185 190 184 195 182 155 150 160 148 166 147 171 150 166 151 160 152 198 150 204 147 210 147 215 150 210 152 204 151 168 202 174 200 180 198 184 199 189 198 195 199 201 202 195 206 190 209 185 210 180 209 174 207 171 202 180 202 184 202 189 201 198 202 189 202 185 203 180 202
132 162 135 177 138 192 143 206 150 219 160 230 172 238 186 240 199 237 210 228 219 217 226 205 230 191 232 176 234 162 235 148 142 141 149 135 159 135 169 137 179 141 192 141 201 138 211 135 221 135 227 141 185 148 185 157 185 166 185 176 174 182 179 184 184 186 190 184 195 182 154 150 160 148 166 147 171 150 166 151 160 152 198 150 204 147 210 147 215 149 210 152 204 151 169 202 174 200 180 199 184 200 189 198 195 200 200 202 195 207 189 210 185 211 180 210 174 207 171 203 180 202 184 203 189 202 197 202 189 202 185 204 180 203
132 162 135 177 138 192 142 206 150 219 160 230 172 239 185 241 199 238 210 229 219 218 226 205 230 191 232 176 234 162 235 147 142 141 149 136 159 135 169 137 179 140 192 141 202 138 211 135 221 135 227 141 185 148 184 157 184 166 184 176 174 182 179 184 184 186 189 184 194 182 155 150 160 147 166 147 171 150 166 151 160 152 198 150 204 147 210 147 215 149 210 151 204 151 169 203 174 201 180 199 184 200 189 199 194 200 200 203 195 208 189 211 185 212 180 211 174 208 172 203 180 203 184 203 189 203 197 203 189 203 184 204 180 204
132 162 135 177 138 192 142 206 150 219 159 231 171 240 185 242 198 239 209 230 218 219 225 205 229 191 232 177 234 162 235 147 143 141 150 135 159 135 169 137 178 140 193 141 202 138 211 135 221 135 227 141 185 148 185 157 185 165 185 175 175 182 179 184 184 186 189 184 194 182 155 150 160 147 166 147 171 150 166 151 160 152 198 150 204 147 210 147 215 149 210 152 204 151 169 204 174 200 180 199 184 200 189 198 194 200 200 203 194 209 189 212 184 213 179 212 174 209 172 204 180 203 184 203 189 203 197 204 189 204 184 205 180 204
132 162 135 177 138 192 143 206 150 219 160 231 171 240 185 243 198 240 210 230 218 218 225 205 229 190 232 176 234 161 235 146 143 141 150 135 159 135 168 137 178 140 192 140 202 137 211 135 221 135 228 140 185 148 185 157 184 166 184 175 174 182 179 184 184 186 189 184 194 182 155 150 160 147 166 147 171 150 166 151 160 151 198 150 204 147 210 147 215 149 210 151 204 151 169 204 174 200 180 198 185 200 189 198 195 200 200 204 195 210 190 213 185 214 180 213 174 210 173 204 180 202 185 203 189 202 197 204 189 205 185 206 180 205
132 162 135 177 138 192 143 206 151 219 160 231 171 240 185 243 198 240 210 231 218 218 225 205 230 190 232 176 234 161 235 146 143 141 149 135 159 135 169 137 178 140 192 141 201 138 211 135 220 135 227 140 185 148 185 157 185 165 185 175 175 182 179 184 184 185 189 184 194 182 155 150 160 147 166 147 171 150 166 151 160 151 198 150 204 147 210 147 215 149 210 151 204 151 169 204 174 200 180 198 184 199 189 198 195 200 200 204 195 210 190 214 185 214 180 214 174 210 172 204 180 202 184 203 189 202 197 204 189 206 184 207 180 206
132 162 135 177 138 192 142 206 150 220 160 231 171 240 185 243 198 239 210 230 219 219 226 206 230 191 232 176 234 162 235 147 143 141 150 135 159 135 168 137 178 140 192 140 202 137 211 135 220 135 227 140 184 148 184 157 184 166 184 175 174 182 179 184 184 186 189 184 194 182 155 150 160 147 166 147 171 150 166 151 160 152 198 150 203 147 209 147 215 149 210 152 204 151 168 203 174 200 179 198 184 199 189 198 195 200 201 203 195 208 189 212 184 213 179 212 173 209 171 203 179 202 184 202 189 202 197 203 189 204 184 205 179 205
132 162 135 177 138 192 143 206 151 219 160 230 172 239 186 241 199 237 211 229 219 217 226 204 230 190 232 176 234 162 235 147 143 141 149 135 159 135 168 137 178 140 192 140 201 137 211 135 220 135 227 140 184 147 185 157 185 166 185 175 174 182 179 184 184 185 189 184 194 182 155 149 160 147 166 147 171 150 166 151 160 151 198 150 204 147 210 147 215 149 210 151 204 151 168 202 174 200 180 198 185 200 189 198 195 200 200 202 195 207 189 210 185 211 180 210 174 207 171 202 180 202 185 203 189 202 197 202 189 203 185 203 180 203
132 162 135 177 138 192 143 206 150 219 160 230 172 239 185 241 199 238 210 229 219 218 226 205 230 191 232 176 234 162 235 147 143 141 149 135 159 135 169 137 178 140 192 140 201 137 211 134 221 135 227 141 184 147 184 156 184 165 184 175 174 182 179 184 184 185 190 184 195 182 155 149 160 147 166 147 171 149 166 151 160 151 198 149 204 147 209 147 215 149 210 151 204 151 168 202 174 200 180 198 185 200 189 198 195 199 201 202 195 207 189 210 185 211 180 210 174 207 171 202 180 202 185 203 189 202 197 202 189 203 185 204 180 203
132 161 134 177 137 192 142 206 150 219 160 230 172 239 186 241 199 238 210 228 219 217 226 204 230 190 232 176 234 161 235 147 143 141 150 135 159 135 169 137 179 140 192 141 201 138 211 135 220 135 227 140 185 148 185 157 184 166 185 175 174 182 179 184 184 185 189 184 194 182 155 150 160 147 166 147 171 150 166 151 160 151 198 150 204 147 210 147 215 149 210 151 204 151 168 202 174 200 180 198 184 199 189 198 195 200 201 202 195 207 190 210 185 211 180 210 174 208 171 203 180 202 184 202 189 202 198 202 189 203 185 204 180 203
132 162 135 177 138 192 143 207 151 219 160 231 172 239 186 241 199 238 210 229 219 217 226 204 230 190 232 176 234 161 235 147 142 141 149 135 159 135 168 137 178 140 192 141 202 138 211 135 220 135 227 141 184 148 184 157 184 166 184 175 174 182 179 184 184 185 189 184 194 182 155 150 160 147 166 147 171 150 166 151 160 151 198 150 203 147 209 147 215 149 210 151 204 151 169 202 174 199 180 198 184 199 189 197 195 199 201 202 195 207 190 210 185 211 180 210 174 207 172 202 180 201 184 202 189 201 198 202 189 203 185 204 180 203
132 162 135 178 138 192 143 207 150 219 160 231 171 240 185 242 199 239 210 229 219 218 226 205 230 191 232 176 234 161 235 147 142 141 149 136 159 135 168 137 178 141 192 141 201 138 211 135 220 135 227 141 184 148 184 157 184 166 184 175 174 182 179 184 184 185 189 183 194 182 155 150 160 147 166 147 171 150 166 151 160 152 198 150 203 147 209 147 215 150 210 152 204 151 168 202 174 199 179 197 184 199 189 197 195 199 201 202 195 208 189 211 184 212 179 211 173 208 171 202 179 201 184 202 189 201 197 202 189 204 184 205 179 204
132 162 135 178 138 193 143 207 150 220 160 232 172 241 185 243 199 240 210 230 219 218 226 205 230 190 232 176 234 161 235 147 142 141 149 136 159 135 168 138 178 141 192 141 201 138 211 135 220 135 227 141 184 148 184 157 184 166 184 175 174 182 179 184 184 185 190 184 195 182 155 150 160 147 166 147 171 150 166 151 160 151 198 150 203 147 209 147 215 149 210 151 204 151 168 203 173 199 180 197 184 198 189 197 195 199 201 203 196 209 190 213 184 214 179 213 173 209 171 203 180 201 184 201 189 201 198 203 189 206 184 206 180 206
132 163 135 178 138 193 143 208 150 220 160 232 171 241 184 243 198 240 209 231 218 219 225 206 229 191 232 177 234 162 235 147 142 141 149 135 159 135 168 137 178 140 192 141 201 138 211 135 220 135 227 140 184 148 184 157 184 166 184 175 174 182 179 184 184 185 189 184 194 182 154 150 160 147 166 147 171 150 165 151 160 151 198 150 203 147 209 147 215 149 209 151 203 151 168 203 173 199 179 197 184 198 189 197 196 198 201 203 196 210 190 213 184 214 179 213 173 210 171 203 179 201 184 201 189 200 198 203 189 206 184 207 179 206
132 162 135 178 138 192 142 207 150 220 160 231 171 240 185 242 199 239 210 230 219 218 225 205 229 190 232 176 234 161 235 147 142 141 149 135 159 135 168 137 178 140 192 141 201 137 210 135 220 135 227 140 184 147 184 157 184 166 184 175 174 181 179 183 184 185 189 183 194 181 155 149 160 147 166 147 171 150 166 151 160 151 198 150 203 147 209 147 214 149 209 151 203 151 168 202 173 198 179 196 184 198 189 196 195 198 201 202 195 208 190 211 184 212 179 212 173 208 171 202 179 200 184 201 189 200 198 202 189 204 184 205 179 205
132 162 135 177 138 192 142 206 150 219 160 230 172 238 186 241 199 237 210 228 219 217 226 204 230 190 232 175 234 161 235 146 142 141 149 135 159 135 168 137 178 140 192 140 201 137 210 135 220 135 227 140 184 147 185 156 185 165 185 175 174 181 179 183 184 184 190 183 195 181 154 149 160 147 166 147 171 149 166 151 160 151 198 149 203 147 209 147 214 149 209 151 203 151 169 201 174 198 179 196 184 197 189 196 195 198 201 201 195 206 190 209 184 209 179 209 174 206 172 201 179 200 184 200 189 200 198 201 189 202 184 203 179 202
132 161 134 176 137 191 142 205 150 218 160 229 172 238 186 240 199 237 211 228 220 217 227 204 230 189 233 175 234 160 235 146 143 141 150 135 159 134 169 137 179 140 191 140 201 137 210 134 220 134 227 140 185 147 185 156 185 165 185 175 174 181 179 183 184 184 190 183 195 181 156 150 161 149 167 149 172 150 167 151 161 152 198 150 203 149 209 149 214 150 209 152 203 151 169 200 174 197 179 195 184 197 189 195 195 197 202 201 196 205 190 208 185 208 179 208 174 205 172 200 179 199 184 200 190 199 198 201 190 201 184 201 179 201
132 159 135 175 137 189 142 204 150 217 159 228 171 237 185 239 199 236 210 228 219 217 226 204 230 189 233 175 235 160 235 145 143 141 150 135 160 134 169 137 179 140 191 140 201 137 211 134 220 135 227 140 185 147 185 156 185 165 185 175 174 181 179 183 184 184 190 183 195 181 156 151 161 150 167 150 172 150 167 152 161 152 197 150 203 150 209 150 214 150 209 152 203 152 168 200 174 196 179 195 184 196 190 195 196 197 202 200 196 205 190 207 184 208 179 207 174 204 171 200 179 198 184 199 190 199 198 200 190 200 184 201 179 200
131 161 134 176 137 191 141 205 149 218 159 229 171 238 185 240 199 237 210 228 219 217 226 204 230 190 233 175 234 160 235 146 143 141 150 135 160 134 169 137 179 140 191 140 201 137 210 134 220 135 226 140 185 147 185 156 185 165 185 175 174 181 179 183 184 184 190 183 195 181 156 151 161 150 166 150 172 150 167 151 161 152 197 150 203 149 208 150 214 150 208 152 203 151 168 200 173 196 179 195 184 196 190 195 196 197 202 200 196 205 190 208 184 209 179 208 173 205 171 200 179 199 184 200 190 199 198 200 190 201 184 201 179 200
132 161 134 176 137 191 142 206 150 218 160 230 171 238 185 241 199 238 210 229 219 217 226 204 230 190 233 175 234 160 235 145 143 141 150 135 159 134 169 137 179 140 192 140 201 137 211 134 220 134 227 140 185 147 185 156 185 165 185 175 174 181 179 183 185 184 190 183 195 181 155 150 161 149 166 148 172 149 166 151 161 151 198 149 203 148 209 148 214 149 209 151 203 151 168 201 173 197 179 195 184 197 189 195 196 197 201 201 196 206 190 209 184 210 179 209 173 206 172 201 179 199 184 200 189 199 198 201 189 202 184 203 179 202
132 161 135 177 138 191 142 206 150 219 160 230 172 239 185 242 199 239 210 229 219 218 226 204 230 190 232 175 234 161 235 146 143 140 149 135 159 134 169 137 178 140 192 140 201 137 211 134 220 134 227 140 185 147 185 156 185 165 185 175 174 181 179 183 185 184 190 183 195 181 155 149 160 147 166 147 171 149 166 151 160 151 198 149 204 147 209 147 215 149 209 151 204 151 169 201 174 197 180 196 184 197 189 196 195 198 201 202 196 207 190 211 185 211 179 211 174 207 172 201 180 200 184 200 189 200 197 202 189 203 184 204 179 203
132 163 135 178 138 193 143 207 150 220 160 231 172 239 186 242 199 239 210 230 219 218 226 205 230 191 232 176 234 161 235 147 143 141 149 135 159 134 168 137 178 140 192 140 201 137 211 134 220 135 227 141 184 147 184 156 184 165 184 175 174 181 179 183 184 185 190 183 195 181 155 149 160 147 166 146 171 149 166 151 160 151 198 149 203 146 209 147 214 149 209 151 203 151 169 201 174 198 179 196 184 197 189 196 195 198 201 201 196 207 190 209 185 210 179 209 174 206 172 201 179 200 184 200 189 200 198 202 189 203 184 203 179 202
132 163 135 178 138 193 143 207 150 219 160 230 172 238 185 241 199 238 210 229 219 218 225 205 229 191 232 176 234 162 235 147 143 141 149 135 159 134 169 137 178 140 192 140 202 137 211 134 221 135 227 141 185 147 185 156 185 165 185 175 174 181 179 183 185 184 190 183 195 181 155 149 160 147 166 146 171 149 166 150 160 151 198 149 203 147 209 147 215 149 210 151 204 151 168 201 174 198 180 196 184 197 189 196 195 198 201 201 195 206 190 208 185 209 179 208 174 205 172 201 180 199 184 200 189 200 198 201 189 201 184 202 180 201
133 163 135 178 138 193 143 207 150 220 160 231 171 239 185 241 199 239 210 230 219 219 225 206 229 192 231 177 233 162 235 147 143 141 149 135 159 134 169 137 179 140 192 140 201 137 211 134 220 135 227 140 185 147 185 156 185 165 185 175 174 181 179 183 184 184 190 183 195 181 155 149 160 147 166 146 171 149 166 150 160 151 198 149 204 146 209 147 215 149 210 151 204 150 168 201 174 198 180 197 184 198 189 197 195 199 201 202 195 206 189 208 184 209 179 208 174 206 171 201 180 200 184 200 189 200 198 202 189 202 184 202 180 202
132 162 135 177 138 192 142 206 150 219 160 230 171 239 185 242 199 239 210 230 219 218 226 205 229 191 232 176 234 162 235 147 143 141 149 135 159 134 169 137 179 140 192 140 201 137 211 134 221 135 227 141 185 147 185 156 184 165 184 174 174 181 179 183 184 185 189 183 194 181 155 149 160 147 166 146 172 149 166 150 160 151 198 149 204 146 209 147 215 149 210 151 204 150 169 202 174 199 180 197 184 198 189 197 195 199 201 202 195 207 189 210 184 211 179 210 174 207 172 202 180 200 184 201 189 200 198 202 189 203 184 203 180 203
132 162 135 178 138 192 142 207 150 219 160 231 171 239 185 242 199 239 210 230 219 219 226 206 230 191 232 177 234 162 235 147 143 140 150 135 159 134 169 137 178 140 192 140 201 137 211 135 220 135 227 140 185 147 185 156 185 165 185 174 175 182 180 183 184 185 189 183 194 182 155 149 160 147 166 147 171 149 166 151 160 151 198 150 203 147 209 147 215 149 210 151 204 151 169 202 174 199 180 197 184 199 189 197 195 199 201 202 195 207 189 210 185 211 179 210 174 207 172 202 180 201 184 201 189 201 198 202 189 203 184 204 180 203
132 162 135 177 138 192 142 206 150 219 160 231 171 240 185 242 199 239 210 230 219 218 226 205 230 191 232 176 234 161 235 147 143 141 150 135 159 134 169 137 178 140 192 140 202 137 211 134 221 135 227 141 185 147 185 156 185 165 185 174 175 182 180 183 185 185 190 183 194 182 155 149 160 147 166 146 171 149 166 150 160 151 198 149 204 146 210 147 215 149 210 151 204 151 168 202 174 199 180 197 184 199 189 197 195 199 201 203 195 208 189 210 184 211 179 210 174 207 172 202 180 201 184 201 189 201 198 203 189 203 184 204 180 203
132 162 135 177 138 192 142 206 150 219 160 231 171 240 185 243 198 240 210 230 219 218 226 205 230 191 232 176 234 161 235 146 143 141 150 135 159 134 169 137 178 140 192 140 202 137 211 134 221 135 227 141 185 147 185 156 185 165 185 175 175 182 179 183 184 185 189 183 194 182 155 149 160 147 166 147 171 149 166 151 160 151 198 149 203 146 209 147 215 149 210 151 204 151 169 203 174 199 180 197 184 199 189 197 195 199 201 203 195 209 190 212 185 213 180 212 174 208 172 203 180 201 184 202 189 201 198 203 189 204 184 205 180 204
132 162 135 178 138 192 142 207 150 220 160 232 171 241 185 243 198 240 210 231 219 219 226 206 229 191 232 176 234 161 235 146 143 140 150 135 159 134 169 137 178 140 192 141 201 137 211 134 220 135 227 140 185 147 185 156 185 165 185 175 175 182 179 183 184 185 189 183 194 182 155 149 160 147 166 146 171 149 166 151 160 151 198 149 203 146 210 147 215 149 210 151 204 151 169 203 174 199 180 197 185 199 189 197 196 199 201 203 196 210 190 214 185 214 179 214 173 210 172 203 180 201 184 202 189 201 198 203 189 206 185 207 180 206
133 162 135 178 138 192 143 207 150 220 160 232 171 241 185 244 198 241 209 231 218 219 225 206 229 191 232 177 234 162 235 147 143 140 150 135 159 134 169 137 178 140 192 140 202 137 211 134 220 135 227 140 185 147 185 156 185 165 185 175 175 182 179 183 184 185 189 183 194 182 155 149 160 147 167 147 171 149 166 151 160 151 198 149 204 147 210 147 215 149 210 151 204 151 168 203 173 199 179 198 184 199 189 198 195 200 201 203 195 210 189 214 184 214 179 214 173 210 171 203 179 201 184 202 189 201 197 204 189 206 184 207 179 206
133 162 135 178 138 192 143 207 150 220 160 231 171 240 185 243 198 240 209 231 218 219 225 206 229 191 232 176 234 161 235 147 143 141 150 135 159 135 169 137 178 140 192 140 202 137 211 135 220 135 227 140 185 148 185 156 184 165 184 175 174 182 179 184 184 185 189 184 194 182 155 149 161 147 167 147 172 150 166 151 160 151 198 149 204 147 210 147 215 149 210 151 204 151 168 203 173 199 179 198 184 199 189 198 195 199 201 203 195 209 189 213 184 213 179 213 173 209 171 203 179 201 184 202 189 201 197 203 189 206 184 206 179 205
133 163 135 178 138 192 142 206 150 219 159 231 170 240 184 242 198 240 209 231 218 219 225 206 229 192 231 177 234 162 235 147 143 141 149 135 159 134 168 137 178 140 192 140 201 137 211 135 220 135 227 140 184 147 184 156 184 165 184 175 174 182 179 184 184 185 189 184 194 182 155 149 160 147 166 146 171 149 166 151 160 151 198 149 204 147 210 147 215 149 210 151 204 151 168 203 173 199 179 198 184 199 189 198 195 199 201 203 195 208 189 211 184 212 179 211 173 208 171 203 179 201 184 202 189 201 197 203 189 204 184 205 179 204
133 163 135 178 138 193 143 207 150 220 160 231 171 240 185 242 199 239 210 230 219 218 226 205 229 191 232 177 233 162 235 147 143 141 150 135 159 135 168 137 178 140 192 141 202 137 211 135 220 135 227 140 185 148 185 157 184 165 184 175 174 182 179 184 184 185 189 184 194 182 155 150 160 147 167 147 171 150 166 151 160 151 199 150 204 147 210 147 215 149 210 151 204 151 168 202 174 199 180 198 185 199 189 198 195 199 201 202 195 207 189 210 185 211 180 210 174 208 171 203 180 201 185 202 189 201 198 203 189 203 185 204 180 203
132 162 135 177 138 192 142 207 150 219 159 231 171 240 185 242 198 239 210 230 219 219 225 206 229 192 232 177 234 163 235 148 143 140 150 135 159 135 168 137 178 140 193 141 202 138 211 135 220 135 227 141 184 148 184 157 184 166 184 175 174 182 179 184 184 185 189 184 194 182 155 150 160 147 166 147 171 150 166 151 160 151 198 150 204 147 210 147 215 149 210 151 204 151 168 203 174 200 180 198 184 199 189 198 195 200 201 203 195 207 189 210 184 211 179 210 174 207 171 203 180 202 184 202 189 202 198 203 189 203 184 204 180 203
133 162 135 177 138 192 142 207 150 219 159 231 171 239 185 242 199 239 210 230 219 218 226 206 229 191 232 177 234 162 235 148 143 141 149 135 159 135 169 137 178 140 192 141 202 137 211 135 221 135 227 141 185 148 184 157 184 166 184 175 174 182 179 184 184 186 189 184 194 182 155 150 160 147 166 147 171 150 166 151 160 151 198 150 204 147 210 147 215 150 210 152 204 151 168 203 174 200 179 198 184 199 189 198 195 200 201 202 195 207 189 210 184 211 179 210 173 207 171 203 179 202 184 202 189 201 198 203 189 203 184 204 179 203
132 162 135 178 138 192 143 207 150 219 160 230 172 239 186 241 199 238 210 229 219 218 226 205 230 191 232 177 234 162 235 148 143 141 149 135 159 135 168 137 178 140 192 141 202 138 211 135 221 135 227 141 185 147 185 157 185 166 185 175 174 182 179 184 184 185 189 184 194 182 155 150 160 147 166 147 171 150 166 151 160 152 198 150 204 147 210 147 215 150 210 152 204 151 168 203 174 200 180 198 184 199 189 198 195 200 201 202 195 207 190 210 185 210 180 210 174 207 171 203 180 202 184 202 189 202 198 202 189 203 185 204 180 203
132 162 135 177 138 192 142 206 150 219 159 230 171 239 185 242 198 239 210 230 219 218 226 205 230 191 232 177 234 162 235 148 143 141 150 135 159 135 168 137 178 140 192 141 202 138 211 135 221 135 227 141 185 148 185 157 185 166 185 175 174 182 179 184 184 185 190 184 194 182 155 150 160 148 166 147 171 150 166 151 160 152 198 150 204 147 210 147 215 150 210 152 204 151 168 203 174 200 180 198 185 200 189 198 195 200 201 202 195 207 189 210 185 210 180 210 174 207 171 203 180 202 185 203 189 202 198 203 189 203 185 204 180 203
132 163 135 178 138 193 142 207 150 220 159 231 171 240 185 242 199 239 210 230 219 219 226 206 230 192 232 177 234 163 235 148 143 141 150 135 159 135 169 137 178 141 193 141 202 138 211 135 221 135 227 140 185 148 185 157 185 166 185 175 174 183 179 184 184 185 189 184 194 183 155 150 160 148 166 147 171 150 166 151 160 152 199 150 204 147 210 147 215 150 210 152 204 151 168 203 174 200 180 198 185 200 189 198 195 200 202 203 195 207 190 210 185 211 180 210 174 208 171 203 180 202 185 203 189 202 199 203 189 203 185 204 180 203
133 163 135 178 138 193 142 207 150 220 159 231 171 239 185 242 199 239 210 230 219 219 226 206 230 191 232 177 234 162 235 148 143 141 150 136 159 135 168 138 178 141 192 141 202 138 211 135 220 135 227 141 185 148 185 157 185 166 185 175 174 183 179 184 184 186 190 184 194 183 154 150 160 148 166 147 171 150 166 152 160 152 198 150 204 147 210 148 215 150 210 152 204 152 168 203 174 200 180 199 185 200 189 199 195 200 202 203 195 207 190 210 185 210 180 210 174 207 171 203 180 203 185 203 189 203 199 203 189 203 185 204 180 203
133 163 135 178 138 193 143 207 150 220 159 231 171 240 185 242 199 239 210 231 219 220 226 207 230 192 232 178 234 163 235 148 143 141 150 136 159 135 169 138 178 141 192 141 202 138 211 135 220 135 227 141 184 148 184 157 184 166 184 175 174 183 179 184 184 186 189 184 194 183 155 150 160 148 166 148 171 150 166 152 160 152 198 150 204 147 210 148 215 150 210 152 204 152 168 203 174 200 180 199 185 200 189 198 195 200 202 203 195 207 189 210 185 210 180 210 174 207 171 203 180 203 184 203 189 203 199 203 189 203 185 204 180 203
132 163 135 178 138 193 143 207 151 220 160 231 172 239 186 241 199 238 210 230 219 219 226 206 230 192 232 177 234 163 235 148 143 141 150 136 159 135 169 138 178 141 192 141 202 138 211 135 221 135 227 141 185 148 185 157 185 166 185 175 174 183 179 184 184 186 189 184 194 183 155 150 160 148 166 147 171 150 166 152 160 152 198 150 204 147 210 148 215 150 210 152 204 152 168 203 174 200 180 199 184 200 189 199 195 200 201 202 195 207 189 209 185 210 180 210 174 207 171 203 180 203 184 203 189 203 198 203 189 203 184 204 180 203
132 162 135 177 138 192 142 207 150 219 160 231 171 239 185 241 199 239 210 230 219 219 226 206 230 192 232 177 234 162 235 147 143 141 149 136 159 135 169 138 178 141 192 141 202 138 211 135 221 135 227 141 185 148 185 157 185 166 185 175 174 183 179 184 184 185 190 184 194 183 155 150 160 148 166 147 172 150 166 152 160 152 198 150 204 147 210 148 215 150 210 152 204 152 168 202 174 200 180 199 184 200 189 199 195 200 202 202 195 207 189 209 185 210 180 209 174 207 171 203 180 203 184 203 189 202 199 202 189 203 185 204 180 203
132 162 135 177 138 192 142 206 150 219 159 230 171 239 185 241 199 239 210 230 219 219 226 206 230 192 232 177 234 162 235 148 143 141 150 136 159 135 169 138 179 141 192 141 202 138 211 135 221 135 227 141 185 148 184 157 184 166 184 176 174 183 179 184 184 186 189 184 194 183 155 150 160 148 166 147 172 150 166 152 160 152 198 150 204 147 210 148 215 150 210 152 204 152 168 202 174 200 180 199 184 200 189 198 195 200 201 202 195 207 189 209 185 210 180 209 174 207 171 202 180 202 184 203 189 202 198 202 189 203 185 204 180 203
132 163 135 178 138 193 143 207 151 219 160 230 172 239 186 241 199 238 211 229 219 218 226 205 230 191 232 177 234 162 235 148 143 141 150 136 159 135 168 138 178 141 192 141 202 138 211 135 221 135 227 141 185 148 185 157 185 166 185 175 174 183 179 184 184 185 189 184 194 183 154 150 160 148 166 147 172 150 166 152 160 152 198 150 204 147 210 148 215 150 210 152 204 152 168 202 174 200 180 198 185 200 189 198 195 200 201 202 195 207 189 209 185 210 180 209 174 207 171 203 180 202 185 203 189 202 198 202 189 203 185 203 180 203
132 163 135 178 138 193 142 207 150 220 160 231 172 239 185 241 199 238 210 229 220 218 227 205 231 191 233 176 235 162 235 147 143 141 150 136 159 135 168 138 178 141 193 141 202 138 211 135 220 135 227 141 185 148 185 157 184 166 184 175 174 183 179 184 184 186 189 184 194 183 155 150 160 148 166 148 172 150 166 152 160 152 198 150 204 148 210 148 215 150 210 152 204 152 168 202 174 200 180 198 184 200 189 198 195 200 202 202 195 207 189 209 185 210 180 209 174 207 171 203 180 203 184 203 189 202 199 202 189 203 184 204 180 203
132 162 134 177 137 192 142 206 149 219 159 230 170 239 185 241 199 238 210 230 219 219 226 206 230 192 232 177 234 163 235 148 143 141 150 136 159 135 169 138 178 141 192 141 202 138 211 135 220 136 227 141 185 148 185 157 184 166 184 176 174 183 179 185 184 186 189 184 194 183 155 150 160 148 166 147 171 150 166 152 160 152 198 150 204 148 210 148 215 150 210 152 204 152 168 203 174 200 180 199 184 200 189 199 195 200 201 203 195 207 189 209 185 210 180 209 174 207 171 203 180 203 184 203 189 202 198 203 189 203 184 204 180 203
132 162 135 177 138 192 142 206 150 219 159 230 171 239 185 241 199 238 210 230 219 219 226 206 230 191 232 177 234 162 235 148 142 142 149 136 159 135 168 138 178 141 192 141 202 138 211 135 221 135 227 141 185 148 185 157 185 166 185 176 174 183 179 184 184 186 189 184 194 183 155 150 160 148 166 147 171 150 166 152 160 152 198 150 204 147 210 147 215 150 210 152 204 152 168 203 174 200 180 199 184 200 189 198 195 200 201 202 195 207 189 209 185 210 180 209 174 207 171 203 180 202 184 203 189 202 198 202 189 203 185 204 180 203
132 162 135 177 138 192 142 206 150 219 159 230 171 238 185 241 199 238 210 230 219 218 226 205 229 191 232 177 234 162 235 148 143 141 150 136 159 135 169 138 179 141 192 141 202 138 211 135 220 135 227 141 185 148 185 157 185 166 185 175 175 183 179 184 185 185 190 184 194 183 155 150 160 148 166 147 172 150 166 151 160 152 198 150 204 147 210 147 215 150 210 152 204 151 168 203 174 200 180 199 185 200 189 198 195 200 202 202 195 207 190 209 185 210 180 209 174 207 171 203 180 202 185 203 189 202 199 203 189 203 185 204 180 203
132 162 135 177 138 192 142 206 150 219 159 230 171 239 185 241 199 238 210 230 219 219 226 206 230 192 232 177 234 162 235 148 143 141 150 136 159 135 169 138 178 141 192 141 202 138 211 135 221 135 227 141 185 148 185 157 185 166 185 175 174 183 179 184 184 185 189 184 194 182 155 150 160 148 166 147 172 150 166 152 160 152 198 150 204 147 210 147 215 150 210 152 204 152 168 203 174 200 180 199 184 200 189 198 195 200 202 202 195 207 189 209 185 210 180 209 174 207 171 203 180 202 184 203 189 202 199 202 189 203 185 204 180 203
132 162 135 177 138 192 142 206 150 219 159 230 171 239 185 241 199 238 210 229 220 218 226 205 230 191 232 177 234 162 235 148 143 141 150 136 159 135 169 138 179 141 192 141 202 138 211 135 221 135 227 141 185 148 185 157 185 166 185 175 174 183 179 184 184 186 190 184 195 182 155 150 160 148 166 147 172 150 166 151 160 152 198 150 204 147 210 147 215 150 210 152 204 151 168 202 174 200 180 198 185 200 189 198 195 200 202 202 196 207 190 209 185 210 180 209 174 207 171 203 180 202 185 203 189 202 199 203 189 203 185 204 180 203
132 163 135 178 138 193 142 207 150 220 159 231 171 239 185 241 199 239 210 230 219 219 226 206 230 192 232 177 234 163 235 149 143 141 150 136 159 135 169 138 178 141 193 141 202 138 211 135 221 135 228 141 185 148 185 157 185 166 185 175 174 183 179 184 184 186 190 184 194 183 155 150 160 147 167 147 172 150 166 151 160 152 198 150 204 147 210 147 215 150 210 152 204 152 168 202 174 200 180 198 185 200 189 198 195 200 201 202 195 207 189 209 185 210 180 209 174 207 171 203 180 202 185 203 189 202 198 203 189 203 185 203 180 203
133 162 135 177 138 192 142 206 150 219 159 230 171 239 185 241 199 238 210 230 219 218 226 205 230 191 232 177 234 162 235 148 143 141 150 136 159 135 169 138 179 141 193 141 202 138 211 135 221 135 227 141 185 148 185 157 185 166 185 175 175 183 180 184 185 185 190 184 195 182 155 150 160 148 166 147 172 150 166 151 160 152 198 150 204 147 210 147 215 150 210 152 204 152 168 202 174 200 180 198 185 200 189 198 195 200 201 202 195 207 190 209 185 210 180 210 174 207 171 203 180 202 185 203 189 202 199 202 189 203 185 204 180 203
132 163 135 178 138 193 142 207 150 220 160 231 171 239 185 241 199 238 210 230 219 219 226 206 230 191 232 177 234 162 235 148 143 141 150 136 159 135 169 138 179 141 192 141 202 138 211 135 221 135 227 141 185 148 185 157 185 166 185 175 174 183 179 184 185 185 190 184 195 183 155 150 160 147 167 147 172 150 166 151 160 152 198 150 204 147 210 147 215 150 210 152 204 151 168 203 174 200 180 198 185 200 189 198 195 200 202 202 195 207 190 209 185 210 180 209 174 207 171 203 180 202 185 203 189 202 199 202 189 203 185 204 180 203
132 163 135 178 138 193 143 207 150 220 160 231 172 239 185 241 199 238 210 229 219 218 226 205 230 191 232 177 234 162 235 148 143 141 150 136 159 135 169 138 179 141 192 141 202 138 211 135 221 135 228 141 185 148 185 157 185 166 185 175 175 183 180 184 185 185 190 184 195 183 155 150 160 148 166 147 172 150 166 152 160 152 198 150 204 147 210 147 215 150 210 152 204 152 168 203 174 200 180 198 185 200 189 198 195 200 202 202 196 207 190 209 185 210 180 209 174 207 171 203 180 203 185 203 189 202 199 203 190 203 185 204 180 203
132 163 135 178 138 193 143 207 150 219 160 230 172 239 186 241 200 238 211 229 220 218 226 205 230 191 232 176 234 162 235 148 143 141 150 136 159 135 169 138 178 141 192 141 202 138 211 135 221 135 228 141 185 148 185 157 185 166 185 175 175 183 180 184 185 186 190 184 195 183 155 150 160 148 166 147 172 150 166 152 160 152 198 150 204 147 210 147 215 150 210 152 204 152 168 203 174 200 180 199 185 200 189 198 195 200 202 202 196 207 190 209 185 210 180 210 174 207 171 203 180 202 185 203 190 202 199 203 190 203 185 204 180 203
132 163 135 178 138 193 143 207 150 220 160 231 171 239 185 241 199 238 210 230 219 219 226 206 230 192 233 178 234 163 235 148 143 141 150 136 159 135 169 138 178 141 192 141 202 138 211 135 221 136 227 141 185 148 185 157 185 166 185 175 174 183 179 184 185 185 190 184 195 183 155 150 160 148 166 147 171 150 166 152 160 152 198 150 204 147 210 148 215 150 210 152 204 152 168 203 174 200 180 198 185 200 189 198 195 200 201 202 195 207 190 209 185 210 180 209 174 207 171 203 180 203 185 203 190 202 199 202 189 203 185 204 180 203
132 163 135 178 138 193 143 207 151 220 160 231 172 239 186 241 199 238 210 229 219 218 227 206 231 192 233 177 235 162 235 148 143 141 150 136 159 135 169 137 178 141 192 141 202 138 211 135 221 135 227 141 185 148 185 157 185 166 185 175 175 182 179 184 185 185 190 184 195 182 155 150 160 148 167 147 172 150 166 152 160 152 198 150 204 147 210 147 215 150 210 152 204 152 168 202 174 200 180 198 185 200 189 198 195 200 201 202 195 207 190 209 185 210 180 209 174 207 171 203 180 202 185 203 189 202 198 202 189 203 185 203 180 203
132 163 135 178 138 193 143 207 150 220 160 231 171 239 185 241 199 239 210 230 219 219 226 206 230 192 232 177 234 162 235 148 143 141 150 136 159 135 168 137 178 141 193 141 202 138 211 135 220 135 227 141 185 148 185 157 185 166 185 175 175 183 179 184 185 185 190 184 195 183 155 150 160 147 167 147 172 150 166 151 160 152 199 150 204 147 210 147 215 150 210 152 204 152 168 202 174 200 180 198 185 200 189 198 195 200 202 202 196 207 190 210 185 210 180 210 174 207 171 203 180 203 185 203 189 202 199 203 189 203 185 204 180 203
132 161 134 177 138 192 142 206 150 219 160 230 171 239 185 241 199 238 210 229 219 218 226 205 230 191 233 176 234 162 235 147 143 141 150 136 159 135 169 137 178 141 193 141 202 138 211 135 220 135 227 141 185 148 185 157 185 166 185 175 175 183 180 184 185 185 190 184 194 183 155 150 160 148 167 147 172 150 166 151 160 152 198 150 204 147 210 147 215 150 210 152 204 152 168 202 174 200 180 198 185 200 189 198 195 200 201 202 195 207 190 209 185 210 180 209 174 207 171 203 180 202 185 203 189 202 198 203 189 203 185 204 180 203
132 163 135 178 138 193 142 207 150 219 160 230 171 239 185 241 198 238 210 230 219 219 226 206 230 192 232 178 234 163 235 149 143 141 150 136 159 135 169 138 178 141 193 141 202 138 211 135 220 135 227 141 185 148 185 157 185 166 185 175 175 183 179 184 184 185 189 184 194 183 155 150 160 148 167 147 172 150 166 151 160 152 198 150 204 147 210 148 215 150 210 152 204 152 168 203 174 200 180 198 184 200 189 198 195 200 201 202 195 207 189 209 185 210 180 210 174 207 171 203 180 202 184 203 189 202 198 203 189 203 185 204 180 203
