132 150 135 164 138 178 142 191 150 203 159 213 170 221 182 223 195 220 205 212 214 201 220 188 224 175 226 161 228 146 228 133 141 130 147 125 155 125 164 128 173 131 187 131 196 128 204 124 213 123 220 128 180 137 180 146 180 154 180 164 171 170 175 171 180 173 185 171 190 169 152 139 157 136 163 136 168 139 162 140 157 141 193 138 198 135 204 135 209 137 204 140 198 140 165 187 170 185 176 184 180 185 185 184 191 185 197 187 191 192 185 194 181 195 176 194 171 192 167 188 176 188 181 188 185 187 194 187 185 188 181 189 176 188
132 150 135 164 138 178 142 191 150 203 159 213 170 221 182 223 195 220 205 212 214 201 220 188 224 175 226 161 227 147 227 133 141 130 147 125 155 125 164 128 173 131 187 131 196 128 204 124 213 123 220 128 179 137 180 146 180 154 180 163 170 170 175 171 180 173 185 171 190 169 152 139 157 136 163 136 168 139 162 140 157 141 193 138 198 135 204 135 209 137 204 140 199 140 165 188 170 186 176 184 180 185 185 184 191 185 197 187 191 192 185 194 181 195 176 194 170 192 168 188 176 188 180 188 185 188 194 187 185 188 181 189 176 188
133 151 135 165 138 179 143 192 151 203 159 214 170 222 182 224 194 221 205 212 213 202 220 189 224 176 226 162 228 147 228 133 141 130 147 125 155 125 164 128 173 131 187 131 196 128 204 124 213 123 220 127 179 137 179 146 180 154 180 164 170 170 175 172 180 173 185 171 189 170 152 139 157 137 163 136 168 139 162 140 157 141 193 138 198 135 204 135 209 137 204 140 199 140 165 188 170 186 176 185 180 186 185 184 191 185 197 187 191 192 185 195 181 195 176 195 170 192 167 188 176 188 180 189 185 188 194 188 185 188 181 189 176 189
133 150 135 164 138 178 143 191 150 203 160 214 170 222 182 224 194 221 205 213 213 202 220 189 224 176 226 162 228 148 228 134 141 130 147 125 156 125 164 128 173 131 187 131 196 128 205 124 214 123 221 128 180 137 180 146 180 154 180 164 171 170 175 171 180 173 185 171 190 169 152 139 157 136 163 136 168 139 163 140 157 141 193 138 198 135 204 135 209 137 205 140 199 140 165 188 170 186 175 185 180 186 185 184 190 186 197 188 191 193 185 195 181 196 176 196 170 193 168 189 176 188 180 189 185 188 194 188 185 189 181 190 176 189
132 150 135 164 138 178 143 191 151 203 160 214 170 222 182 224 194 221 205 212 214 201 221 189 225 176 227 162 228 147 229 134 141 129 148 124 156 125 165 127 173 130 188 130 196 127 205 123 214 122 221 127 180 136 180 145 180 154 180 163 171 169 176 171 181 172 185 171 190 169 152 138 157 136 163 136 168 138 163 140 157 140 193 138 199 135 205 135 209 137 205 139 199 139 165 188 171 186 176 184 181 185 185 184 191 185 197 188 191 193 186 196 181 197 176 197 171 194 168 189 176 188 181 188 185 187 193 188 185 190 181 191 176 190
133 150 135 164 139 178 143 191 151 203 160 214 170 222 183 224 195 221 205 212 214 202 221 189 225 175 227 162 228 147 229 133 142 128 148 124 156 124 165 126 174 129 189 130 197 126 206 123 215 122 221 127 181 135 181 144 181 153 181 162 172 168 176 170 181 171 186 170 191 168 153 138 158 135 164 135 169 138 163 139 158 139 194 137 199 134 205 134 210 136 205 139 200 139 166 188 171 185 177 183 181 184 186 183 191 185 197 188 192 193 186 196 182 197 177 197 171 194 169 188 177 187 181 187 186 187 194 188 186 190 181 190 177 190
133 149 135 163 138 176 143 190 150 202 160 213 170 221 183 223 195 220 206 211 215 200 221 188 225 174 227 161 229 147 229 133 143 128 149 123 158 123 166 126 175 129 189 130 198 126 207 123 216 122 223 127 182 136 182 144 182 153 182 162 172 168 177 170 182 171 187 170 191 168 154 137 159 135 165 135 170 137 164 139 159 139 195 137 200 134 206 134 211 136 206 139 200 139 166 187 171 183 177 182 182 183 186 182 192 184 198 187 192 193 187 196 182 196 177 195 171 192 170 187 177 186 182 186 186 186 195 187 186 189 182 189 177 189
133 149 136 163 139 177 144 190 151 202 161 212 171 220 183 223 195 220 206 211 215 201 221 188 225 175 227 161 229 147 230 133 143 128 149 123 158 123 167 126 176 129 190 130 199 127 207 123 216 122 223 127 183 136 183 144 183 153 183 162 173 168 177 169 182 171 187 170 192 168 155 137 160 135 165 135 170 137 165 139 159 139 195 137 201 135 206 135 211 137 207 139 201 139 167 186 172 183 177 181 182 183 187 181 192 183 198 186 192 191 187 194 182 195 177 194 172 191 170 186 177 185 182 185 187 185 195 186 187 187 182 188 177 187
134 148 136 162 139 176 143 189 151 201 160 212 171 220 183 222 196 220 206 211 215 200 222 188 225 175 228 161 229 147 230 133 144 129 150 124 159 124 168 127 176 130 191 130 199 127 208 123 217 123 223 128 183 136 183 145 183 154 183 163 173 168 177 170 183 171 188 170 193 168 155 137 160 135 165 135 171 137 165 139 160 139 196 137 201 135 207 135 212 137 207 139 201 139 167 185 172 182 177 181 182 182 187 181 193 183 199 186 193 191 187 194 182 194 177 193 172 190 170 185 177 184 182 185 187 184 196 186 187 187 182 187 177 186
134 148 136 163 139 177 144 190 151 202 160 213 171 221 183 223 196 220 206 211 215 200 222 188 226 175 228 161 229 147 230 133 144 128 150 124 159 124 168 127 177 130 191 131 199 127 208 124 217 123 224 128 183 136 183 145 183 154 183 163 173 168 177 170 183 172 188 170 193 168 155 137 160 136 165 135 170 138 165 139 160 139 196 138 201 135 207 135 212 137 207 139 201 139 167 186 172 183 177 181 183 183 188 182 193 183 199 187 193 192 188 196 183 196 177 196 172 192 170 186 177 185 183 186 188 185 196 187 187 189 182 189 177 188
134 149 137 163 140 177 144 191 151 203 161 213 171 222 183 224 196 221 206 212 216 201 223 189 226 175 228 161 230 148 230 134 144 128 151 124 159 124 168 128 177 131 191 131 200 128 208 124 217 123 224 128 183 137 183 146 183 155 183 164 173 169 177 171 183 173 188 171 193 169 155 138 160 136 166 136 171 138 165 140 160 140 196 138 201 135 207 135 212 138 207 140 202 140 167 187 172 184 177 183 183 184 187 182 193 184 199 187 194 194 188 197 183 198 177 198 172 194 170 188 178 186 183 186 188 186 196 188 188 190 183 191 178 190
134 148 136 162 139 176 144 190 151 202 160 213 171 222 183 224 195 221 206 213 215 202 222 190 225 176 228 162 230 148 231 134 144 128 151 124 159 125 168 128 176 131 191 132 200 128 208 125 217 124 224 128 183 137 183 146 183 155 183 164 173 170 178 172 183 173 188 172 192 170 155 138 160 136 166 136 171 139 165 140 160 140 196 139 201 136 207 136 212 138 207 140 202 140 166 187 172 185 178 184 183 185 187 184 193 185 199 188 193 193 187 197 183 197 178 197 172 194 169 188 178 187 183 188 187 187 196 188 187 190 183 190 178 190
134 147 137 161 140 175 144 189 151 202 160 212 171 222 183 224 195 221 206 212 214 202 221 189 225 176 227 162 229 148 230 134 144 129 150 124 159 125 167 128 176 131 191 132 200 128 208 125 217 124 224 129 183 137 183 146 183 155 183 164 173 170 178 172 183 173 187 171 192 170 155 138 160 136 166 136 171 139 165 140 160 140 196 138 201 136 207 136 212 138 207 140 201 140 167 188 173 186 178 185 182 187 187 185 192 186 198 188 192 193 187 196 183 196 178 196 172 193 170 188 178 189 182 189 187 188 195 188 187 189 183 190 178 189
134 147 137 161 140 175 144 189 151 201 160 212 170 221 183 224 195 221 206 212 214 201 221 189 225 175 227 162 229 148 230 134 144 128 150 124 159 125 167 128 176 131 190 132 199 129 207 125 217 124 224 128 183 137 183 146 183 155 183 164 173 170 178 172 182 173 187 172 192 170 155 138 160 136 166 136 171 138 165 140 159 140 196 138 201 136 207 136 212 138 207 140 201 140 167 188 173 187 178 186 182 187 186 185 191 187 197 188 192 194 187 196 182 197 178 197 173 194 170 189 178 189 182 190 186 189 194 189 186 190 182 190 178 190
134 148 136 162 139 177 144 190 152 203 161 214 171 222 183 224 195 221 206 212 215 201 221 189 226 175 228 161 230 147 230 133 144 128 150 124 159 125 167 128 176 131 190 131 199 128 207 124 216 124 223 128 182 137 182 146 182 155 182 164 173 170 177 172 182 173 187 171 191 170 155 138 160 136 165 136 170 138 165 140 159 140 196 138 201 135 207 136 211 138 207 140 201 140 167 189 172 187 178 186 182 187 186 186 192 187 197 189 192 194 187 197 182 198 178 197 172 195 170 190 178 190 182 190 186 189 194 189 186 190 182 191 178 190
134 148 136 162 139 177 144 191 151 203 160 214 170 224 183 226 195 223 205 214 214 202 222 190 226 176 229 162 230 148 231 133 143 128 150 124 158 124 167 127 175 130 190 131 199 128 207 124 216 123 223 128 182 136 182 145 182 154 182 164 173 170 177 171 182 173 187 171 191 169 155 138 159 136 165 135 170 138 165 139 159 140 195 138 200 135 206 135 211 137 206 140 201 139 167 190 172 187 177 185 182 186 186 185 191 187 197 189 192 195 186 198 182 199 177 199 172 196 170 190 177 189 182 189 186 189 194 190 186 191 182 192 178 192
134 148 136 163 139 177 144 191 151 203 160 215 171 224 183 226 195 223 205 214 214 202 221 189 226 175 228 161 230 147 230 133 143 128 149 124 158 124 166 127 175 130 189 130 198 127 207 123 216 123 223 128 182 136 182 145 182 154 181 163 172 169 177 171 182 172 186 171 191 169 154 137 159 135 165 135 170 138 165 139 159 139 195 137 200 135 206 135 211 137 206 139 201 139 167 189 171 185 177 184 181 185 186 184 192 185 197 189 192 196 187 200 182 200 177 200 171 196 170 189 177 187 181 188 186 187 194 189 186 192 182 193 177 192
133 147 136 162 139 176 143 190 151 203 160 214 170 223 183 226 195 222 206 212 215 201 222 188 227 175 230 160 231 146 231 131 143 127 149 123 158 123 166 126 175 129 189 130 198 127 206 123 216 123 223 127 182 136 182 145 181 153 181 162 172 168 176 170 181 172 186 170 191 168 154 137 159 135 164 135 169 137 164 139 159 139 195 137 200 134 206 135 211 137 206 139 200 139 166 188 171 184 176 182 181 184 186 182 192 184 197 188 192 195 186 199 181 200 176 199 171 195 169 188 176 186 181 186 186 186 194 188 186 192 181 192 176 192
133 149 136 163 139 177 143 190 151 202 160 213 170 222 183 224 195 221 206 211 215 200 222 188 226 174 228 160 229 146 230 132 142 128 149 123 157 123 166 126 175 129 189 130 198 126 206 123 215 122 222 127 181 135 181 144 181 153 181 162 172 168 176 170 181 171 186 170 191 168 154 137 158 135 164 135 169 137 164 139 158 139 194 137 200 134 206 134 211 136 206 139 200 139 166 187 171 183 176 182 181 183 186 182 192 183 197 187 192 193 186 196 181 197 176 196 170 193 169 187 176 185 181 186 186 185 194 187 186 189 181 190 176 189
133 149 136 163 139 177 143 190 151 202 160 212 170 221 182 223 195 220 206 211 214 200 221 188 225 174 228 160 229 146 229 132 142 128 148 123 156 123 165 126 174 129 188 130 197 126 206 122 215 122 222 127 181 135 181 144 180 153 180 162 171 168 176 169 181 171 186 169 191 167 153 137 158 135 163 135 169 137 163 139 158 139 194 137 199 134 205 134 210 136 205 138 199 138 165 185 170 182 176 181 181 182 186 181 191 183 198 186 192 190 186 193 181 194 176 193 170 190 168 185 176 184 181 185 186 184 194 186 186 187 181 187 176 187
133 149 135 163 138 177 143 190 150 202 159 213 170 221 182 223 195 220 206 211 215 200 221 187 225 173 227 160 228 146 228 132 141 129 147 124 156 124 164 127 173 129 187 130 196 126 205 123 214 122 221 127 180 135 180 144 180 153 180 162 171 168 175 169 180 171 185 169 190 168 152 137 157 136 163 135 168 138 163 139 157 139 193 137 198 134 204 134 209 136 204 138 199 138 165 185 170 182 175 181 180 182 185 181 191 182 197 186 191 190 186 193 181 194 175 193 170 190 168 186 175 184 180 185 185 184 194 186 185 187 180 187 175 186
132 149 135 163 138 177 142 190 150 202 159 213 170 221 182 223 195 220 206 211 215 199 221 187 225 173 227 159 228 145 228 131 141 129 147 124 155 124 164 127 173 130 186 130 195 127 204 123 213 122 220 127 179 136 179 145 179 153 179 163 170 168 175 170 180 171 185 170 190 168 152 139 157 138 162 137 167 138 162 140 157 140 192 138 197 136 203 136 208 137 203 139 198 139 165 186 169 183 175 181 180 182 185 181 190 183 197 186 191 192 185 195 180 196 175 195 169 192 168 186 175 185 180 185 185 185 193 186 185 188 180 189 175 188
132 148 134 163 137 177 142 190 149 202 159 213 169 222 182 224 195 221 205 211 214 200 222 187 225 173 227 159 228 144 228 130 140 129 146 124 155 124 164 127 173 130 186 130 194 126 203 123 213 122 220 127 179 136 179 145 179 154 179 163 170 168 174 170 179 172 184 170 189 168 152 140 157 139 162 139 167 139 162 140 157 141 192 138 197 137 202 137 208 137 202 140 197 140 164 187 169 183 174 181 179 183 184 181 190 183 196 186 191 193 185 197 180 198 174 197 169 193 167 187 174 185 179 186 184 185 193 187 184 190 180 191 174 190
131 148 134 163 137 177 142 191 150 203 159 214 169 223 182 226 195 222 205 212 214 201 222 188 226 174 228 159 228 145 228 130 140 129 146 124 155 124 164 127 172 130 186 130 195 127 203 123 212 122 219 126 179 136 179 145 179 154 179 163 169 168 174 170 179 172 184 170 189 168 152 139 157 138 162 138 167 138 162 140 157 140 192 138 197 136 203 136 208 137 203 139 197 139 164 187 168 183 174 181 179 182 184 181 191 183 196 187 191 195 185 199 180 200 174 199 168 195 167 187 174 185 179 185 184 185 193 187 184 192 179 193 174 192
132 150 134 164 137 178 142 192 150 204 159 215 170 224 182 226 195 222 205 213 214 201 221 189 226 175 227 161 228 146 228 132 140 128 147 124 155 124 163 127 172 130 187 130 195 126 204 123 213 122 220 126 179 136 179 145 179 153 179 162 170 168 174 170 179 171 184 170 189 168 152 138 157 137 162 136 167 138 162 140 157 140 192 137 197 135 203 135 208 137 203 139 198 139 164 187 168 183 174 181 180 182 185 181 191 183 197 186 192 195 186 199 180 200 174 199 168 195 167 187 175 185 180 185 185 184 194 187 185 192 180 193 175 192
132 149 134 163 137 177 142 191 150 203 159 214 169 223 182 225 195 222 205 213 214 201 221 189 225 175 227 161 228 146 228 132 140 128 146 124 155 124 164 127 172 130 187 130 195 126 204 122 213 122 220 126 179 136 179 144 179 153 179 162 170 168 175 170 180 171 185 169 189 168 152 138 156 136 162 135 167 138 162 139 156 139 193 137 198 134 204 134 209 136 204 138 198 138 164 187 168 183 174 181 180 182 185 181 192 183 197 186 192 194 186 199 180 200 175 199 169 195 167 187 175 185 180 185 185 184 194 187 185 192 180 193 175 192
132 149 135 163 138 177 142 190 150 202 159 213 169 222 182 225 194 222 205 212 214 201 221 188 225 175 227 160 228 146 229 132 141 128 147 123 155 124 164 126 172 129 188 130 196 126 204 122 213 122 220 126 180 135 180 144 180 153 180 162 171 168 175 170 180 171 185 169 189 168 152 138 157 136 163 135 168 137 162 139 157 139 193 137 198 134 204 134 209 136 204 138 198 138 164 187 169 183 174 181 180 183 185 181 191 183 197 186 191 194 185 198 180 198 175 198 169 194 167 187 175 185 180 185 185 185 194 187 185 191 180 192 175 191
133 149 135 163 138 177 142 190 150 202 159 213 170 222 182 224 194 221 204 212 213 201 220 188 224 175 227 161 228 147 229 133 141 128 147 123 156 123 164 126 173 129 188 130 196 126 205 122 214 122 221 127 180 135 180 144 180 153 180 162 171 168 175 170 180 171 185 170 190 168 152 137 157 135 163 135 168 137 163 139 157 139 193 137 198 134 204 134 209 136 204 138 199 138 165 186 169 183 175 182 180 183 185 182 191 183 197 186 191 193 185 196 181 197 175 196 170 193 167 187 175 185 180 186 185 185 194 187 185 189 180 190 175 189
133 148 135 162 138 176 143 190 150 202 160 213 170 221 183 223 195 220 205 211 214 201 221 188 225 175 227 161 228 147 229 133 141 128 147 123 156 123 165 126 174 130 188 130 196 126 205 123 214 122 221 127 180 135 180 144 180 153 180 162 171 168 175 170 180 171 185 170 190 168 153 137 157 135 163 135 168 137 163 139 157 139 193 137 199 134 204 134 210 136 205 139 199 138 164 186 170 184 176 182 180 184 185 182 191 184 198 186 192 192 186 195 181 196 176 195 170 192 167 186 176 186 180 187 185 186 194 186 185 188 181 189 176 188
132 148 135 163 138 176 142 190 150 201 159 212 169 220 182 223 194 220 204 211 213 201 220 188 224 175 227 161 228 147 229 133 141 129 147 124 156 124 165 127 174 130 188 130 197 127 205 123 214 122 221 127 180 136 180 145 180 153 180 163 171 169 175 170 180 172 185 170 190 169 152 138 157 136 163 135 168 138 163 139 157 140 193 137 199 135 205 135 210 137 205 139 199 139 164 186 169 184 175 183 180 184 185 183 191 184 198 186 191 191 186 194 181 195 175 194 170 191 167 186 175 186 180 187 185 186 194 186 185 187 181 188 176 187
133 148 135 162 138 177 143 190 150 202 159 212 170 220 182 223 195 220 205 211 214 200 221 188 225 175 227 161 229 147 229 133 142 128 148 124 157 124 165 127 174 130 188 131 197 127 205 124 214 123 221 127 180 136 180 145 180 154 180 163 171 169 175 171 180 172 185 171 190 169 153 138 157 136 163 136 168 138 163 139 157 140 193 138 199 135 205 135 210 137 205 139 199 139 164 186 170 184 176 183 180 184 185 183 191 184 197 186 191 191 186 194 181 195 176 194 170 191 167 186 176 186 180 187 185 186 194 186 185 187 181 188 176 187
133 147 136 161 138 175 142 189 149 201 159 212 169 221 182 223 194 220 205 211 214 200 221 188 225 175 227 161 229 147 229 133 142 128 148 124 157 124 165 127 174 131 188 131 197 127 205 124 214 123 221 127 181 136 180 145 180 154 180 163 171 169 175 171 180 172 185 171 190 169 152 138 157 136 163 136 168 138 163 139 157 140 194 138 199 135 205 135 210 137 205 139 199 139 164 186 170 184 176 182 180 184 185 182 191 184 197 186 191 192 185 195 181 196 176 195 170 192 167 187 176 186 180 187 185 186 194 186 185 187 181 188 176 187
133 148 135 162 138 176 143 190 150 202 160 213 170 221 182 224 195 221 205 212 214 200 221 188 225 175 227 161 228 147 229 133 141 128 148 124 157 124 165 127 174 130 188 130 197 127 205 123 214 122 222 127 181 136 180 145 180 153 180 163 171 169 176 171 180 172 185 170 190 169 152 138 157 136 163 135 168 138 163 139 157 139 194 137 199 135 205 135 210 137 205 139 199 139 165 187 170 184 176 183 181 184 185 183 191 184 198 187 192 193 186 196 181 197 176 196 170 193 168 187 176 186 181 187 185 186 194 187 186 188 181 189 176 189
133 148 135 162 138 176 143 189 150 202 159 213 170 222 182 224 195 221 206 212 215 200 222 188 225 174 227 160 229 146 229 132 142 128 148 124 157 124 165 127 174 130 188 130 197 127 205 123 214 122 221 127 181 136 181 145 180 153 180 162 171 169 176 170 181 172 186 170 190 168 153 138 157 135 163 135 169 138 163 139 157 140 194 137 199 134 205 134 210 136 205 139 199 139 165 187 170 184 176 183 181 184 186 182 192 184 197 187 192 193 186 197 181 198 176 197 171 194 169 188 176 186 181 187 186 186 194 187 186 190 181 191 176 190
132 148 135 162 138 176 143 190 150 202 160 213 170 222 183 224 195 221 205 211 214 200 221 187 225 174 227 160 228 146 229 132 142 128 148 124 156 124 165 127 174 130 188 130 197 127 205 123 214 122 221 127 181 136 181 145 181 153 180 162 171 168 176 170 181 171 185 170 190 168 153 138 158 135 164 135 168 138 163 139 158 139 194 137 199 134 205 134 210 136 205 139 199 139 165 187 170 184 176 182 181 184 186 182 192 184 197 187 192 194 186 198 181 199 176 198 170 194 169 188 176 186 181 187 186 186 194 187 186 190 181 191 176 191
133 149 136 163 139 177 143 190 150 203 160 213 170 222 182 224 195 221 205 212 214 201 221 189 225 175 228 161 229 147 229 133 142 128 148 124 156 124 165 127 173 130 188 130 197 127 205 123 214 122 221 127 180 136 180 145 180 153 180 163 171 168 176 170 180 172 185 170 190 168 153 138 157 135 163 135 168 138 163 139 157 140 193 137 199 134 205 134 210 136 205 139 199 139 165 187 169 184 175 182 181 184 186 182 192 184 198 187 192 195 186 199 181 199 175 199 169 195 168 188 175 186 181 186 186 186 194 188 186 192 181 192 175 192
133 149 135 163 138 177 143 191 151 203 160 214 170 223 182 225 194 222 205 212 214 201 221 189 225 175 228 161 229 146 229 132 141 128 148 124 156 124 165 127 173 130 188 131 196 127 205 123 214 122 221 127 180 136 180 145 180 154 180 163 171 169 175 171 180 172 185 170 190 169 152 138 157 136 163 135 168 138 162 140 157 140 193 138 198 135 205 135 210 137 205 139 199 139 165 188 170 184 176 183 180 184 185 183 192 184 197 187 192 195 186 200 181 200 175 200 169 196 168 188 176 186 181 186 185 186 194 188 186 193 181 194 176 193
133 150 135 164 138 178 143 192 151 204 160 215 170 223 182 226 194 222 205 213 214 202 221 189 226 176 228 162 229 148 229 133 141 129 148 124 156 124 164 127 173 130 188 131 196 127 205 123 214 123 221 127 180 136 180 145 180 154 180 163 171 169 175 171 180 172 185 170 190 169 152 138 157 136 163 136 168 138 163 140 157 140 193 138 198 135 204 135 209 137 205 139 199 139 165 188 169 185 175 183 180 184 185 183 192 184 197 188 192 196 186 201 181 201 175 201 169 197 167 189 175 186 180 187 185 186 194 188 186 194 180 194 175 194
133 150 135 164 138 178 143 192 151 204 160 215 170 224 182 226 194 223 204 214 214 203 221 190 226 176 228 162 229 148 230 133 141 128 147 124 156 124 164 127 173 130 188 131 196 127 205 123 214 123 221 127 180 136 180 145 180 154 180 163 171 169 175 171 180 172 185 171 190 169 152 138 157 136 163 135 168 138 162 140 157 140 193 138 198 135 204 135 209 137 205 139 199 139 164 188 169 185 175 183 180 184 185 183 192 184 197 188 192 197 186 201 180 202 175 201 169 197 167 189 175 186 180 187 185 186 194 189 185 194 180 195 175 194
133 150 135 164 138 178 143 192 151 204 160 215 170 224 182 226 194 223 204 214 213 202 220 190 225 176 227 162 229 147 229 133 141 129 147 124 156 124 164 127 173 130 187 131 196 127 205 123 214 123 221 127 180 136 180 145 180 154 180 163 170 169 175 171 180 172 185 171 190 169 152 138 157 136 163 135 168 138 163 139 157 140 193 138 198 135 204 135 209 137 204 139 198 139 165 188 169 185 175 183 180 184 185 183 191 184 197 188 192 197 186 201 180 202 175 201 169 197 167 189 175 186 180 187 185 186 194 188 185 194 180 195 175 194
133 149 135 164 138 178 143 191 150 203 159 214 170 223 182 226 194 223 205 213 214 202 221 189 225 176 227 162 228 147 229 133 141 129 147 124 156 124 164 127 173 130 188 130 196 127 205 123 214 123 221 127 180 136 180 145 180 154 179 163 171 169 175 171 180 172 185 170 190 169 152 138 157 136 163 135 168 138 162 140 157 140 193 138 198 135 204 135 209 137 204 139 199 139 165 188 169 185 175 183 180 184 185 183 191 185 197 188 192 196 186 201 180 201 175 201 169 196 167 189 175 186 180 187 185 186 194 188 185 193 180 194 175 194
133 148 135 162 138 177 143 190 150 203 159 214 170 222 182 225 195 222 205 212 214 201 221 188 225 174 227 160 228 146 229 132 141 129 147 124 156 124 164 127 173 130 188 130 196 127 205 123 214 122 221 127 180 136 180 145 180 154 180 163 171 169 175 171 180 172 185 170 190 169 152 138 157 136 163 135 168 138 162 140 157 140 193 138 198 134 204 134 209 137 205 139 199 139 165 188 169 185 175 183 180 185 185 183 191 185 197 188 192 195 186 199 181 200 175 199 169 195 168 188 175 187 180 187 185 187 194 188 185 192 181 193 176 192
132 149 135 163 138 177 143 191 150 203 160 214 170 223 182 225 194 222 205 213 214 202 221 189 225 175 227 161 229 147 229 133 141 128 148 124 156 124 165 127 174 130 188 130 197 127 205 123 214 122 221 127 180 136 180 145 180 153 180 162 171 169 176 171 181 172 185 170 190 169 152 138 157 136 163 135 168 138 162 140 157 140 194 138 199 135 205 135 210 137 205 139 199 139 165 188 170 185 176 184 181 185 185 184 191 185 197 187 191 194 186 197 181 198 176 197 170 194 168 188 176 188 181 188 185 187 194 188 185 191 181 191 176 191
133 150 135 164 138 178 143 191 151 203 160 214 170 222 182 224 195 221 205 213 214 202 221 189 226 176 228 162 229 148 229 134 142 128 148 124 157 124 165 127 174 130 188 130 197 127 205 123 214 123 221 127 181 136 180 145 180 153 180 162 171 169 176 171 180 172 185 171 190 169 153 138 157 136 163 135 168 138 163 140 157 140 194 138 199 135 205 135 210 137 205 139 199 139 165 187 171 186 176 184 181 186 185 184 191 185 197 187 191 192 185 195 181 196 177 195 171 193 168 188 176 188 181 189 185 188 194 188 185 189 181 190 177 189
133 149 136 164 139 178 143 191 151 203 160 213 170 222 183 223 195 220 206 212 215 201 221 189 225 176 228 162 229 148 229 134 142 129 148 124 157 124 165 127 174 130 188 131 197 127 206 123 215 123 221 128 181 136 181 145 181 154 181 163 172 169 176 171 181 172 186 171 190 169 153 138 158 136 164 136 168 138 163 140 158 140 194 138 199 135 205 135 210 137 205 140 199 140 165 187 171 186 177 185 181 186 185 185 191 185 197 187 191 191 185 194 181 194 177 194 171 192 168 187 177 188 181 189 185 188 194 187 185 188 181 189 177 189
133 149 136 163 139 176 143 190 150 202 159 212 169 221 182 223 195 221 206 212 214 201 221 189 225 175 227 161 229 147 229 133 142 128 148 124 157 124 165 127 174 130 188 131 197 127 205 124 214 123 221 128 181 137 181 145 181 154 181 163 171 169 176 171 181 172 185 171 190 169 153 138 158 137 163 136 168 139 163 140 158 141 194 138 199 136 205 136 210 138 205 140 199 140 165 187 171 186 176 185 181 186 185 184 190 185 197 187 191 191 185 193 181 194 176 193 171 192 168 187 176 188 181 188 185 188 194 187 185 188 181 189 177 188
133 149 136 163 139 177 143 190 150 202 159 213 170 221 182 223 194 221 205 212 214 201 221 189 225 176 227 162 229 147 229 133 141 129 148 124 156 124 165 128 174 131 188 131 196 128 205 124 214 123 221 128 180 137 181 145 181 154 181 163 171 170 176 171 180 172 185 171 190 169 152 139 157 137 163 136 168 139 163 141 157 141 194 139 199 136 205 136 210 138 205 140 199 140 165 187 171 186 176 184 181 186 184 184 190 185 197 187 190 191 185 193 181 194 176 194 171 191 168 187 176 188 180 188 185 188 194 187 185 188 181 189 176 188
133 149 135 163 138 177 142 190 150 202 159 212 169 221 182 223 195 220 205 211 214 201 221 189 225 175 227 162 229 148 229 134 141 129 147 124 156 124 165 127 174 131 188 131 197 128 205 124 214 123 221 128 180 137 180 145 180 154 180 163 171 170 176 171 180 172 185 171 190 169 152 139 157 137 163 137 168 139 163 141 157 141 194 139 199 136 205 136 210 138 205 140 199 140 165 187 171 186 176 184 181 186 185 184 190 185 197 187 191 191 185 193 181 194 176 193 171 191 168 187 176 188 181 188 185 187 194 187 185 188 181 189 176 188
132 149 135 163 138 177 142 190 150 202 159 213 170 221 182 223 195 220 206 211 214 201 221 189 225 175 227 161 228 147 229 134 141 129 148 124 156 125 165 128 174 131 188 131 197 128 205 124 214 123 221 128 180 137 180 145 180 154 180 163 171 170 176 171 180 172 185 171 190 169 152 139 157 137 163 137 168 139 163 141 157 141 193 139 199 136 205 136 210 138 205 140 199 140 165 187 171 185 176 184 180 185 185 184 190 185 197 186 191 191 185 193 181 194 176 193 171 191 167 187 176 187 180 188 185 187 195 186 185 187 181 188 176 188
132 149 135 163 138 177 142 190 150 202 159 212 169 221 182 223 195 220 206 211 214 200 221 188 225 175 227 161 228 147 229 133 141 129 148 124 156 124 165 127 174 130 188 131 197 128 205 124 214 123 221 128 180 136 180 145 180 154 180 163 171 169 176 171 180 172 185 171 190 169 152 138 157 137 163 136 168 139 163 140 157 140 193 138 199 136 205 136 210 138 205 140 199 140 165 187 171 185 176 184 180 185 185 184 190 185 197 186 191 190 185 193 181 193 176 193 171 191 168 187 176 187 180 188 185 187 195 186 185 187 181 188 176 187
133 149 135 163 138 177 143 190 150 202 159 212 170 220 182 222 195 220 206 211 214 200 221 188 225 175 227 161 229 147 229 133 141 129 147 124 156 124 165 127 174 130 188 131 197 127 205 124 214 123 221 128 180 136 180 145 180 154 180 163 171 169 176 171 180 172 185 171 190 169 152 138 157 137 163 136 168 139 163 140 157 141 193 138 199 136 204 136 209 137 205 140 199 140 165 186 171 185 176 184 181 185 185 184 191 184 198 186 191 190 185 192 181 193 177 193 171 191 167 187 176 187 181 187 185 187 195 186 185 187 181 188 177 187
133 149 135 163 138 177 143 190 150 202 159 212 169 220 182 222 195 219 205 211 214 200 221 188 225 175 227 161 229 147 229 134 142 128 148 124 157 125 165 128 174 130 188 131 196 127 205 124 214 123 221 127 180 136 180 145 180 154 180 163 171 169 175 171 180 172 185 170 189 169 152 138 157 136 163 136 168 139 163 140 157 141 193 138 199 136 205 135 210 137 205 140 199 140 165 186 170 185 176 184 180 185 185 183 190 184 197 186 191 190 185 192 181 193 176 192 170 190 167 186 176 187 180 187 185 187 195 186 185 186 181 187 176 187
132 148 135 162 138 176 142 189 149 201 159 212 169 220 182 222 194 219 205 211 214 200 221 188 225 174 227 161 228 147 229 133 141 129 148 124 156 124 165 127 174 130 188 131 196 127 205 124 214 123 221 128 180 136 180 145 180 154 180 163 171 169 175 171 180 172 185 170 190 169 152 138 157 137 163 136 168 139 163 140 157 140 193 138 199 136 205 136 210 137 205 140 199 140 164 186 170 185 176 184 180 185 185 183 191 184 197 186 191 190 185 192 181 193 176 192 170 190 167 186 176 187 180 187 185 186 195 186 185 187 181 188 176 187
133 149 135 163 138 176 142 190 150 201 159 212 169 220 182 222 195 219 205 210 214 200 221 188 225 174 227 161 228 147 229 133 141 129 148 124 156 124 165 127 174 130 188 131 197 127 205 124 215 123 221 128 180 136 180 145 180 154 180 163 171 169 175 170 180 172 185 170 190 169 153 138 158 136 163 136 168 138 163 140 157 140 193 138 199 135 204 135 209 137 205 139 199 139 165 186 170 185 176 184 180 185 185 183 190 184 197 186 191 190 185 192 181 193 176 192 170 190 167 187 176 187 180 187 185 186 194 186 185 187 180 188 176 187
132 149 135 163 138 177 142 190 150 202 159 212 170 220 182 222 195 219 206 211 214 200 221 188 225 175 227 161 228 147 229 134 141 129 148 124 156 124 165 127 174 130 188 131 197 127 205 124 214 123 221 128 180 136 180 145 180 154 180 163 171 169 176 170 181 172 185 170 190 169 153 138 157 136 163 135 168 138 163 139 157 140 194 138 199 135 205 135 210 137 205 139 199 139 165 186 170 185 176 184 181 185 185 183 191 184 198 186 191 190 185 193 181 193 176 193 170 191 167 187 176 187 181 187 185 187 195 186 185 187 181 188 176 187
133 149 135 163 138 177 143 190 150 202 159 212 170 220 182 222 194 219 205 211 214 200 221 189 225 176 228 162 229 148 229 134 142 128 148 124 157 124 165 127 174 130 188 131 197 128 205 124 214 123 221 127 181 136 180 145 180 154 180 163 171 169 176 171 180 172 185 171 190 169 153 138 157 136 163 136 168 138 163 140 157 140 194 138 199 135 205 135 210 137 205 140 199 139 165 187 170 185 176 184 181 185 185 183 191 184 198 186 191 190 185 192 181 193 176 193 170 191 167 187 176 187 181 187 185 187 195 186 185 187 181 188 176 187
133 148 135 163 138 176 142 190 150 202 159 212 169 220 182 222 195 219 205 211 214 200 221 189 225 175 227 162 229 148 229 134 142 128 148 124 157 124 165 127 174 130 189 131 197 128 206 124 215 123 221 127 181 136 181 145 181 154 181 163 171 169 176 171 181 172 185 171 190 169 153 138 158 136 164 136 169 138 163 140 158 140 194 138 199 135 205 135 210 137 205 140 199 139 165 187 171 185 176 184 181 185 185 183 191 185 198 186 191 191 186 193 181 193 176 193 171 191 167 187 176 187 181 187 185 187 195 186 185 187 181 188 177 187
133 149 135 163 138 177 142 190 150 202 159 212 169 220 182 222 194 220 205 211 214 201 221 189 225 176 227 162 228 148 229 134 142 128 148 124 157 124 165 127 174 130 189 131 197 128 206 124 214 123 221 127 181 136 181 145 180 154 180 163 171 169 176 171 180 172 185 170 190 169 153 138 157 136 163 136 168 138 163 140 157 140 194 138 199 135 205 135 210 137 205 140 199 140 165 187 171 185 176 184 181 185 185 184 191 185 198 186 191 191 185 193 181 193 176 193 171 191 168 187 176 187 181 188 185 187 195 186 185 187 181 188 176 187
133 149 135 163 138 177 143 190 150 202 159 212 170 220 182 222 195 219 206 211 215 200 221 189 225 175 227 162 228 148 229 134 142 128 149 124 157 124 165 128 174 131 189 131 197 128 206 124 215 123 221 128 181 136 181 145 181 154 181 163 172 169 176 171 181 172 185 170 190 169 153 138 158 136 164 136 169 138 163 140 158 140 194 138 199 135 205 135 210 137 205 140 199 139 165 187 171 185 176 184 181 185 185 183 191 184 198 186 191 190 186 193 181 193 177 193 171 191 168 187 176 187 181 187 185 187 195 186 185 187 181 188 177 187
133 149 136 163 139 177 143 190 150 202 160 212 170 220 183 222 195 219 206 211 215 200 222 188 226 175 228 161 229 147 229 134 142 129 148 124 157 125 165 127 174 131 188 131 197 128 206 124 215 123 222 128 181 136 181 145 181 154 181 163 172 169 176 171 181 172 185 171 190 169 153 138 158 136 164 136 169 138 163 140 157 140 194 138 199 135 205 135 210 137 205 140 199 140 165 187 171 185 177 184 181 185 185 184 191 185 198 186 192 191 186 193 181 194 177 193 171 191 168 187 177 187 181 188 185 187 195 186 185 187 181 188 177 188
133 149 136 163 138 177 143 190 150 202 159 212 170 220 182 222 195 219 205 211 214 201 221 189 225 175 227 162 229 148 229 134 142 128 148 124 157 124 165 127 174 131 188 131 197 128 206 124 215 123 221 127 181 136 181 145 181 154 181 163 171 169 176 171 181 172 186 171 190 169 153 138 158 136 164 135 169 138 163 140 158 140 194 138 199 135 205 135 210 137 205 140 200 139 165 187 171 185 177 184 181 185 185 184 191 185 198 186 191 191 186 193 181 193 177 193 171 191 168 187 177 187 181 188 185 187 195 186 185 187 181 188 177 187
133 148 136 162 139 176 143 189 150 201 159 212 169 220 182 222 195 219 206 211 215 200 222 188 225 175 228 161 229 147 230 134 142 128 148 124 157 124 165 127 174 130 189 131 197 128 206 124 215 123 222 127 181 136 181 145 181 154 181 163 172 169 176 171 181 172 186 171 190 169 153 138 158 136 164 135 169 138 163 140 158 140 194 138 200 135 205 135 210 137 206 140 200 139 165 187 171 185 177 184 181 185 185 184 191 185 198 186 191 191 185 193 181 193 176 193 171 191 168 187 177 187 181 188 185 187 195 186 185 187 181 188 177 187
133 148 135 162 138 176 143 190 150 201 159 212 170 220 183 222 195 219 206 211 215 200 221 188 225 175 227 161 229 147 229 134 142 129 148 124 157 124 166 127 174 130 189 131 197 128 206 124 215 123 222 128 181 136 181 145 181 154 181 163 172 169 176 171 181 172 186 171 190 169 153 138 158 136 164 136 169 138 164 140 158 140 194 138 200 135 206 135 211 137 206 140 200 140 165 187 171 185 177 184 181 185 185 184 191 185 198 186 191 191 186 193 181 193 177 193 171 191 168 187 177 187 181 188 185 187 195 186 185 187 181 188 177 187
133 149 136 163 139 177 143 190 151 202 160 212 170 220 183 222 195 220 206 211 215 201 221 189 225 175 228 162 229 148 230 134 142 129 149 124 157 124 166 127 175 130 189 131 197 128 206 124 215 123 222 128 181 136 181 145 181 154 181 163 172 169 177 171 181 172 186 171 190 169 153 138 158 136 164 136 169 138 164 140 158 140 194 138 200 135 206 135 211 137 206 140 200 140 165 187 171 185 177 184 181 185 186 184 192 185 198 186 192 191 186 193 182 194 177 193 171 191 168 187 177 187 181 188 186 187 196 187 186 187 182 188 177 187
134 149 136 163 139 177 143 190 151 202 160 212 170 220 182 222 195 219 206 211 215 201 221 188 225 175 227 161 229 148 229 134 142 129 149 124 157 125 166 127 174 131 189 131 197 128 206 124 215 123 222 128 181 137 181 145 181 154 181 163 172 169 176 171 181 172 186 171 190 169 153 138 158 136 164 136 169 139 164 140 158 140 194 138 200 135 206 135 211 138 206 140 200 140 166 187 171 185 177 184 181 185 186 184 191 185 198 186 192 191 186 193 181 194 177 193 171 191 168 187 177 187 181 188 186 187 195 187 186 187 181 188 177 187
133 149 136 163 139 177 143 190 150 201 159 212 169 220 182 222 194 219 205 211 214 201 221 189 225 176 227 162 229 148 230 134 142 128 149 124 157 125 166 128 174 131 189 131 198 128 206 124 215 123 222 128 181 137 181 145 181 154 181 163 172 170 176 171 181 172 185 171 190 169 153 138 158 136 164 136 169 139 164 140 158 140 194 138 200 135 206 135 211 138 206 140 200 140 165 187 171 185 176 184 181 185 185 184 191 185 198 187 191 191 185 193 181 194 176 193 171 191 168 187 176 187 181 188 185 187 195 187 185 188 181 188 176 188
133 149 136 163 139 177 143 190 151 202 159 212 170 220 182 222 195 220 205 212 214 201 221 189 225 176 228 162 229 148 230 135 142 129 149 125 157 125 166 128 175 131 189 131 197 128 206 124 215 123 222 128 181 137 181 146 181 154 181 163 171 170 176 171 181 172 185 171 190 170 153 138 158 136 164 136 169 139 164 140 158 141 194 138 199 135 206 135 210 138 206 140 200 140 165 187 171 185 176 184 181 185 185 184 191 185 198 187 191 191 186 193 181 194 176 193 171 191 168 187 176 187 181 188 185 187 195 187 185 187 181 188 177 188
133 149 136 163 139 177 143 190 150 202 159 213 169 221 182 223 194 220 205 212 214 201 221 189 226 176 228 162 229 148 230 134 142 129 149 124 157 125 166 128 174 131 189 132 197 128 206 124 215 123 222 128 181 137 181 146 181 154 181 163 172 170 176 172 181 173 185 171 190 170 153 139 158 136 164 136 169 139 164 140 158 141 194 139 199 136 205 136 210 138 206 140 200 140 165 187 171 185 176 184 181 185 185 184 191 185 198 187 191 191 186 194 181 194 176 194 171 192 168 187 176 188 181 188 185 188 195 187 185 188 181 189 176 188
134 150 136 164 139 178 143 191 150 202 159 212 170 221 182 223 195 220 206 211 215 201 222 189 227 176 229 163 230 149 230 135 142 129 149 125 157 125 165 128 174 131 189 131 197 128 206 124 215 123 221 128 181 137 181 146 181 155 181 164 172 170 176 171 181 173 186 171 190 170 153 138 158 136 164 136 169 139 164 140 158 141 194 139 200 136 206 135 210 138 206 140 200 140 165 187 171 185 176 184 181 185 185 184 191 185 198 187 191 191 185 194 181 194 176 194 171 192 168 187 176 188 181 188 185 188 195 187 185 188 181 189 177 188
134 150 136 164 139 178 143 191 150 202 159 212 170 221 183 222 195 220 206 211 215 201 222 189 226 176 228 162 229 148 230 135 142 128 149 124 157 125 165 128 174 131 189 132 197 128 206 124 215 123 221 128 181 137 181 146 181 154 181 164 172 170 176 171 181 173 186 171 190 170 153 138 158 136 164 136 169 139 164 140 158 141 194 139 200 136 206 136 211 138 206 140 200 140 165 187 171 186 177 184 181 186 186 184 191 185 198 187 192 191 186 193 181 194 177 194 171 192 168 187 177 188 181 188 186 188 195 187 186 188 181 189 177 188
133 149 136 163 139 177 143 190 150 202 159 212 170 220 182 222 195 220 206 211 215 201 222 189 226 176 228 162 229 148 229 135 142 129 148 125 157 125 165 128 174 131 189 131 198 128 206 124 215 124 222 129 181 137 181 146 181 154 181 164 172 170 176 171 181 173 186 171 190 170 153 138 158 136 164 136 169 139 164 140 158 141 195 139 200 136 206 136 211 138 206 140 200 140 165 187 171 186 177 185 181 186 186 184 191 185 198 187 192 191 186 193 182 194 177 193 171 191 168 187 177 188 181 188 186 188 195 187 186 188 181 189 177 188
133 149 135 163 138 177 143 190 150 202 159 212 170 221 182 223 195 220 206 211 215 201 222 189 226 176 228 162 229 148 230 135 142 129 148 125 157 125 165 128 174 131 189 132 197 128 206 125 215 124 222 128 181 137 181 146 181 155 181 164 172 170 176 172 181 173 186 171 190 170 153 139 158 136 164 136 169 139 164 140 158 141 194 139 200 136 206 136 210 138 206 141 200 140 165 187 171 185 177 184 181 186 185 184 191 185 198 187 191 191 186 194 181 194 176 194 171 192 168 188 177 188 181 188 185 188 195 187 185 188 181 189 177 188
133 150 136 164 138 177 143 191 150 202 159 213 170 221 182 223 195 220 205 211 214 201 221 189 226 176 228 162 229 148 230 134 142 129 149 125 157 125 165 128 174 131 189 132 197 129 206 125 215 124 221 128 181 137 181 146 181 155 180 164 172 170 176 172 181 173 185 172 190 170 153 139 158 137 164 136 169 139 164 141 158 141 194 139 200 136 206 136 210 138 206 141 200 140 165 187 171 186 176 184 181 186 185 184 191 185 198 187 191 191 186 194 181 194 176 194 171 192 168 188 176 188 181 188 185 188 195 187 185 188 181 189 176 188
133 150 136 164 139 178 143 191 150 202 159 212 170 221 182 223 195 220 206 211 215 201 221 189 226 175 228 162 229 148 229 134 142 129 149 125 157 125 165 128 174 132 189 132 197 129 206 125 215 124 222 128 181 137 181 146 181 155 180 164 172 170 176 172 181 173 185 172 190 170 153 139 158 137 164 136 169 139 164 141 158 141 194 139 200 136 206 136 210 138 206 141 200 140 165 188 171 186 176 185 181 186 185 185 191 185 198 187 192 192 186 194 181 195 176 194 171 192 168 188 176 188 181 188 186 188 195 187 186 188 181 189 177 188
