135 151 138 166 141 180 146 193 153 205 163 215 173 223 186 225 198 222 209 214 217 203 224 191 227 178 230 165 231 151 232 137 145 131 152 126 161 126 170 128 179 131 192 131 201 128 210 125 219 125 225 130 185 138 185 146 185 155 185 164 175 171 180 173 185 174 190 172 194 171 157 140 162 138 168 137 173 140 167 141 162 142 198 140 203 137 209 137 214 139 209 141 203 141 169 189 175 187 181 185 185 187 189 185 195 187 201 189 195 193 190 196 185 196 181 196 175 193 172 189 181 189 185 190 189 189 198 189 189 189 185 190 181 190
136 151 138 165 141 179 145 193 153 205 162 215 173 223 186 225 198 222 209 214 217 203 224 191 227 178 230 164 231 150 232 137 145 131 152 126 161 126 169 128 178 131 192 132 201 128 210 125 219 125 225 130 185 138 185 146 185 155 185 164 175 171 180 172 185 174 189 172 194 171 157 140 162 138 168 137 173 140 167 141 162 142 198 139 203 137 209 137 214 139 209 141 204 141 169 189 175 187 181 186 185 187 189 185 195 187 201 189 195 193 190 196 185 197 180 196 175 194 171 189 181 189 185 190 189 189 198 189 189 189 185 190 181 190
136 151 138 165 141 179 145 192 153 204 162 215 173 223 186 225 199 222 209 214 218 203 224 191 228 178 230 164 232 151 232 137 145 131 152 126 161 125 170 128 179 131 192 131 201 128 210 125 219 125 225 130 185 138 185 146 185 155 185 164 175 171 180 172 185 173 190 172 194 171 157 140 162 137 168 137 173 140 167 141 162 142 198 140 203 137 209 137 214 139 210 141 204 141 169 189 175 187 180 185 185 187 189 185 195 187 202 189 195 193 190 196 185 197 180 196 175 194 172 189 181 189 185 190 189 189 199 189 190 189 185 190 181 190
136 152 138 166 141 180 146 193 153 205 163 215 173 224 186 226 198 223 209 214 217 204 224 192 228 178 230 165 231 151 232 137 146 131 152 126 161 126 170 128 178 131 192 132 201 128 210 125 219 125 225 130 185 138 185 146 185 155 185 164 175 171 180 172 185 174 190 172 194 171 157 140 162 138 168 137 173 140 167 141 162 142 198 140 203 137 209 137 214 139 209 141 203 141 169 189 175 187 180 186 185 187 189 186 195 187 201 189 195 194 190 197 185 197 180 197 174 194 172 190 180 189 185 190 190 189 198 190 189 190 185 191 180 190
135 151 138 165 141 180 146 193 153 205 163 216 174 224 187 226 199 223 210 213 218 203 225 190 229 177 231 163 232 149 233 136 145 131 152 126 161 125 170 128 179 131 192 131 201 128 210 125 219 124 225 130 185 138 185 146 185 155 185 164 175 171 180 172 185 174 190 172 195 171 157 140 162 137 168 137 173 140 167 141 162 142 198 140 203 137 209 137 214 139 209 141 204 141 169 190 175 187 180 186 185 187 189 186 195 187 201 190 195 195 190 198 185 198 181 198 175 195 172 190 181 189 185 190 190 189 198 190 190 191 185 192 181 191
136 151 138 165 141 180 146 193 153 206 163 216 174 225 186 227 198 224 209 215 218 204 224 191 228 178 230 164 232 150 233 136 145 130 152 126 161 125 170 128 179 131 192 131 201 128 210 125 219 124 225 130 185 138 185 146 185 154 185 163 175 170 180 172 185 173 190 172 194 170 157 140 162 137 168 137 172 140 167 141 162 142 198 140 203 136 209 136 214 139 210 141 204 141 170 191 175 187 181 185 185 187 190 185 195 187 201 190 196 196 190 199 185 200 181 199 175 196 173 191 181 189 185 190 190 189 198 190 190 192 185 193 181 192
135 151 137 165 140 180 145 193 153 205 163 216 174 225 186 227 199 224 209 215 218 204 224 191 228 178 230 164 232 150 232 136 145 131 152 126 161 125 170 128 179 131 192 131 201 128 210 124 219 124 225 130 185 138 185 146 185 155 185 163 175 171 180 172 185 173 190 172 195 170 157 140 162 137 168 137 173 140 167 141 162 142 198 140 203 137 209 136 214 139 210 141 204 141 170 191 175 187 180 185 185 187 190 185 195 187 201 190 196 196 190 199 185 200 180 199 175 196 173 191 181 189 185 190 190 189 197 190 190 192 185 193 181 192
135 151 138 166 141 180 146 194 154 206 163 217 174 225 187 228 199 224 209 215 217 204 224 192 228 178 230 165 232 151 233 137 146 131 152 126 161 125 169 128 178 131 192 131 201 128 210 125 219 124 226 130 185 138 185 146 185 154 185 163 175 171 180 172 185 174 190 172 194 171 157 140 162 138 168 137 173 140 167 141 162 142 198 139 204 137 209 137 214 139 210 141 204 141 170 191 175 187 180 185 185 187 190 185 195 187 201 191 195 196 190 199 185 200 180 199 175 196 173 191 180 189 185 190 190 189 198 191 190 192 185 193 180 192
136 152 139 166 142 181 146 194 154 206 163 217 174 225 186 227 198 224 209 216 217 205 224 193 228 179 230 165 232 151 233 137 146 131 152 126 161 126 170 128 179 131 192 131 201 128 210 125 219 125 226 130 185 138 185 146 185 155 185 164 175 171 180 173 185 174 190 172 194 171 157 140 162 138 168 137 173 140 167 142 162 142 198 140 204 137 209 137 214 139 210 141 204 141 170 191 175 187 180 185 185 187 190 186 195 187 201 191 195 196 190 199 185 200 180 199 175 196 173 191 180 189 185 190 190 189 197 191 190 192 185 193 180 192
136 152 138 166 141 180 146 194 154 206 163 217 174 225 186 227 199 224 209 215 218 204 224 192 228 179 231 165 232 151 233 137 146 131 152 126 161 126 169 129 178 131 192 132 201 128 210 125 219 125 225 130 185 138 185 147 185 155 185 164 176 171 180 172 185 174 190 172 194 171 157 140 162 138 168 138 173 140 168 142 162 142 198 140 203 137 209 137 214 139 210 142 204 141 170 190 175 187 180 185 185 187 189 185 195 187 201 190 195 195 190 199 185 199 180 199 175 196 173 190 181 189 185 189 189 189 198 190 189 192 185 193 180 192
136 151 139 166 142 180 146 193 154 205 163 216 174 225 186 227 199 224 209 215 218 204 224 192 228 178 230 164 232 150 233 136 146 131 152 126 161 126 170 129 179 132 192 132 202 129 210 125 219 125 226 130 185 138 185 147 185 155 185 164 176 171 180 172 185 174 190 172 195 171 157 140 162 138 168 138 173 140 168 142 162 142 198 140 203 137 209 137 214 139 210 141 204 141 170 190 175 186 181 185 185 186 190 185 195 187 201 190 195 195 190 198 185 199 180 198 175 195 173 190 181 188 185 189 190 188 198 190 190 191 185 192 181 191
136 151 138 165 141 179 146 193 153 205 163 215 173 224 186 226 199 223 209 215 218 204 225 192 229 178 231 165 233 151 233 137 146 131 152 126 161 127 170 129 179 132 193 132 202 129 210 125 220 125 226 130 185 139 186 147 185 156 186 165 176 171 180 172 185 174 190 172 195 171 157 141 162 138 168 138 173 141 168 142 162 142 198 140 204 137 210 137 215 140 210 142 204 142 170 189 175 185 180 184 185 186 190 185 196 186 202 189 196 194 190 197 185 197 180 197 175 193 173 189 180 188 185 188 190 188 198 189 190 190 185 191 180 190
136 151 138 166 141 180 146 193 154 205 164 215 174 224 187 226 199 223 210 214 218 203 225 191 229 177 231 164 233 150 233 136 146 132 152 127 161 127 170 129 179 132 193 133 202 129 211 126 220 125 226 131 186 139 186 147 186 156 186 165 176 171 181 173 186 174 191 172 196 171 157 140 162 138 168 138 173 141 168 142 162 142 198 140 204 138 210 138 215 140 210 142 204 142 170 188 175 185 181 184 186 185 191 184 196 186 203 188 196 194 191 197 185 197 180 196 175 193 173 188 181 188 186 188 191 188 199 189 190 190 185 190 181 189
137 151 139 165 142 179 146 192 153 204 162 215 173 224 186 226 199 223 210 214 219 204 225 191 228 178 230 164 232 150 233 137 146 132 153 127 162 127 170 129 179 132 194 133 202 129 211 126 220 125 226 130 186 138 186 147 186 156 186 165 176 171 180 172 185 174 191 172 196 171 158 141 163 138 168 138 173 141 168 142 162 142 199 140 204 138 210 137 215 140 210 142 204 142 169 188 175 185 180 184 185 186 190 184 196 186 202 188 196 194 190 197 185 197 180 197 174 193 172 188 180 188 185 189 190 188 199 189 190 190 185 191 180 190
137 151 139 166 142 180 146 194 154 206 163 216 174 225 187 227 199 224 210 215 218 205 225 192 228 178 230 164 232 150 233 136 146 132 153 126 162 126 170 129 179 132 193 133 202 129 210 126 219 125 226 130 186 138 186 147 186 156 186 165 176 171 181 173 186 174 191 173 196 171 157 140 162 138 168 138 173 141 168 142 162 142 199 140 204 138 210 137 215 140 210 142 204 142 169 189 175 186 181 185 186 186 191 185 197 186 203 189 197 195 191 198 185 199 180 198 175 195 172 189 181 188 186 189 191 188 199 189 190 192 186 193 181 192
137 152 140 166 142 180 147 194 154 206 163 217 174 225 187 228 200 224 210 215 219 205 225 192 228 178 231 164 233 151 234 136 146 131 153 127 162 127 170 129 179 132 193 133 202 129 210 126 219 125 226 130 186 138 186 147 186 156 186 165 176 171 181 173 186 174 191 173 195 171 157 141 162 138 168 138 173 141 168 142 162 142 199 140 204 138 210 138 215 140 210 142 204 142 169 190 175 187 181 185 186 186 191 185 197 186 203 189 197 196 191 200 186 200 181 200 175 196 172 190 181 189 186 189 191 188 200 190 191 193 186 194 181 194
138 152 140 166 142 180 147 194 154 206 163 216 174 224 187 226 199 223 210 215 218 204 225 192 228 178 230 165 232 151 233 136 146 131 153 127 162 126 170 129 179 132 194 133 202 129 210 126 219 125 226 130 186 138 186 147 186 156 186 165 176 171 181 173 186 174 191 173 195 171 158 141 163 138 168 138 173 141 168 142 162 142 199 140 204 138 210 138 215 140 210 142 204 142 169 189 175 187 181 186 186 187 191 186 196 187 203 189 197 194 191 197 186 198 181 198 175 195 172 190 181 189 186 190 191 189 199 189 191 191 186 192 181 192
136 151 139 165 142 180 146 193 154 205 164 215 174 224 187 226 200 223 210 214 219 204 225 191 229 178 231 164 232 150 233 136 146 131 153 126 161 126 170 129 179 132 193 132 202 129 211 125 220 125 226 130 186 139 186 147 186 156 186 165 176 171 181 173 186 175 191 173 195 171 157 141 162 138 168 138 173 141 168 142 162 142 198 140 204 137 210 137 215 139 210 142 204 141 170 189 176 188 182 187 186 188 190 187 196 188 202 189 196 194 190 197 186 198 181 197 176 194 172 189 182 190 186 191 190 190 199 189 190 191 186 192 182 191
136 150 139 165 142 179 147 192 154 204 164 215 175 223 187 225 200 222 210 213 219 203 225 190 229 177 231 163 232 149 233 136 146 131 153 126 161 126 170 129 179 132 193 132 202 129 210 125 220 125 226 130 186 139 186 147 186 156 186 165 176 171 181 173 186 175 191 173 195 171 157 140 162 138 168 138 173 141 168 142 162 142 198 140 204 137 210 137 215 139 210 142 204 142 171 190 176 189 182 187 186 189 190 187 195 188 201 189 196 195 191 198 186 199 182 198 176 195 173 190 182 191 186 191 190 190 198 190 190 191 186 192 182 192
136 151 138 166 142 180 146 194 154 206 164 217 175 225 187 227 199 224 209 215 217 204 224 192 228 178 231 164 232 150 233 137 145 131 152 126 161 126 170 129 179 132 193 132 201 129 210 125 220 125 226 130 186 138 186 147 186 155 186 164 176 172 181 173 185 175 190 173 194 171 157 140 162 138 168 138 173 140 167 142 162 142 198 140 203 137 209 137 214 139 210 142 204 141 170 191 176 190 181 188 185 189 189 188 195 189 200 191 195 196 190 199 186 200 182 200 176 197 173 192 181 192 186 192 190 191 197 191 190 192 186 193 182 193
136 152 139 166 142 180 147 194 154 206 164 217 175 226 187 228 199 225 209 215 218 204 224 192 228 179 231 165 233 151 233 137 146 131 152 126 161 126 170 129 179 132 192 132 201 129 210 125 219 125 226 130 186 139 186 147 186 155 186 164 176 172 180 173 185 175 190 173 195 171 157 141 162 138 168 138 173 141 168 142 162 142 198 140 204 137 209 137 214 139 210 142 204 142 170 192 176 189 181 187 185 188 190 187 195 188 201 191 196 197 190 201 186 202 181 201 176 198 173 192 181 191 185 191 190 190 197 191 190 193 186 194 181 194
136 151 139 166 142 180 146 194 154 206 164 217 175 226 187 228 199 225 210 215 218 204 225 191 228 178 231 164 232 150 233 136 145 132 152 126 160 126 169 129 178 132 192 132 201 129 210 125 219 125 226 130 185 139 185 147 185 155 185 164 175 171 180 173 185 175 190 173 194 171 157 141 162 138 168 138 173 141 167 142 162 142 198 140 203 137 209 137 214 139 210 141 204 141 170 191 175 188 180 186 185 187 190 186 195 187 201 191 196 198 190 201 186 202 181 202 175 198 173 191 181 190 185 190 190 189 197 191 190 194 185 195 181 194
136 151 138 165 141 180 146 193 154 206 164 217 174 226 187 228 199 224 209 215 218 204 224 191 228 177 230 164 232 150 233 136 145 132 152 126 160 126 169 129 178 132 192 132 201 128 210 125 219 125 226 130 185 138 185 147 185 155 185 164 175 171 180 173 185 174 190 173 194 171 157 140 162 138 167 138 172 140 167 142 161 142 198 140 203 137 209 137 214 139 209 141 203 141 170 191 175 187 181 186 185 187 190 185 195 187 201 190 196 197 190 200 185 201 180 201 175 197 173 191 181 189 185 189 190 189 197 190 190 193 185 194 181 194
136 150 138 164 141 179 146 193 154 205 163 216 174 225 187 227 199 223 210 214 218 203 225 190 229 177 231 163 232 149 233 135 145 131 152 126 161 126 170 129 179 132 192 132 201 128 210 125 219 124 226 130 185 138 185 147 185 155 185 164 175 171 180 172 185 174 190 172 195 170 156 140 161 138 167 138 172 140 167 141 161 142 198 139 203 137 209 137 214 139 209 141 203 141 169 190 175 187 180 185 185 186 190 185 196 186 201 189 196 195 190 198 185 199 180 199 175 196 173 190 181 188 185 189 190 188 198 189 190 191 185 192 181 192
136 150 139 164 141 178 145 192 153 204 163 215 174 223 186 226 199 222 209 213 218 202 225 190 228 177 230 163 232 150 232 136 146 130 152 126 161 126 170 128 178 131 192 131 201 128 210 125 219 124 225 129 185 138 185 146 185 155 185 164 175 171 180 172 185 174 190 172 195 170 157 140 161 138 167 137 172 140 167 141 161 142 198 139 203 136 209 137 214 139 209 141 203 141 169 189 175 187 181 186 185 187 190 185 195 187 201 189 196 194 190 197 186 197 181 197 175 194 172 189 181 189 185 190 190 189 198 189 190 190 185 191 181 190
135 151 138 165 141 179 146 193 154 205 163 215 174 223 187 225 199 222 209 213 217 203 224 190 228 177 230 164 232 150 232 136 145 130 152 125 161 126 169 128 178 131 192 131 201 128 210 125 219 124 225 129 185 137 185 146 185 155 185 164 175 171 180 173 185 174 190 172 195 170 156 140 161 138 167 137 172 140 167 141 161 142 198 139 203 137 209 137 214 139 209 141 203 141 169 189 175 187 181 186 185 187 190 186 195 187 201 188 196 194 191 197 186 198 181 198 175 195 172 189 181 190 185 190 190 189 198 189 190 190 186 191 181 190
135 151 138 165 141 179 146 193 154 205 163 215 174 224 187 226 200 222 210 213 218 202 225 190 228 177 230 163 232 150 232 136 145 131 152 126 160 126 169 128 178 131 192 132 201 128 210 125 219 124 226 129 185 137 185 146 185 155 185 164 175 171 180 173 185 174 190 172 194 171 156 140 161 138 167 137 172 140 167 141 161 142 198 139 203 137 209 137 214 139 209 141 203 141 169 190 175 188 181 186 185 187 190 186 195 187 201 189 196 194 190 198 186 199 181 198 175 196 172 190 181 190 185 190 190 189 198 189 190 190 186 192 181 191
136 151 138 165 141 180 145 193 153 206 163 216 174 225 187 226 199 223 209 214 218 203 224 191 228 178 230 164 231 150 232 137 145 131 152 126 160 126 169 129 178 132 192 132 201 129 210 125 219 125 225 130 185 138 185 147 185 155 185 164 175 171 180 173 185 174 190 172 194 171 156 140 161 138 167 138 172 140 167 141 161 142 198 140 203 137 209 137 213 139 209 141 203 141 169 190 174 187 180 186 185 187 190 185 196 187 201 189 196 195 190 198 186 199 181 198 175 195 172 190 180 189 185 190 190 189 198 189 190 191 185 192 181 191
136 151 138 165 141 179 146 193 153 205 163 216 174 224 186 226 199 223 209 214 218 203 224 191 227 177 230 164 231 150 232 136 145 131 152 126 160 126 169 129 178 132 192 132 200 129 209 125 219 125 226 130 185 138 185 147 185 155 185 164 175 171 180 173 185 174 190 172 194 171 156 140 161 138 167 138 172 140 167 141 161 142 198 140 203 137 209 137 214 139 209 141 203 141 169 189 175 187 180 185 185 186 190 185 196 186 201 189 196 195 190 198 185 199 180 198 175 195 172 190 180 188 185 189 190 188 198 189 190 191 185 191 181 191
136 152 138 166 141 180 146 193 153 205 163 216 174 224 186 226 199 223 209 214 218 203 224 191 228 178 230 164 231 150 232 136 145 132 152 127 160 126 169 129 178 132 192 132 201 129 210 125 219 125 226 130 185 138 185 147 185 155 185 164 175 171 180 173 185 174 190 172 194 171 156 140 161 138 167 138 172 140 167 142 161 142 198 140 203 137 209 137 214 139 209 141 203 141 169 189 175 186 180 185 185 186 190 185 196 186 202 189 196 195 190 198 185 199 180 198 174 195 172 190 180 188 185 189 190 188 198 189 190 190 185 191 180 191
136 151 138 165 141 179 146 193 153 205 163 215 173 224 186 226 199 223 209 214 218 203 224 191 228 177 230 164 232 150 232 136 145 132 152 127 160 126 169 129 178 132 192 132 201 129 210 125 219 125 226 130 185 138 185 147 185 155 185 165 175 171 180 172 185 174 190 172 195 171 156 140 161 138 167 138 172 140 167 142 161 142 198 140 203 137 209 137 214 139 209 141 203 141 169 189 174 186 180 185 185 186 190 184 196 186 202 189 196 194 190 198 185 198 180 198 174 195 172 189 180 188 185 189 190 188 198 189 190 190 185 191 180 190
136 151 138 166 141 180 146 193 153 205 163 216 174 224 186 226 199 223 209 214 218 203 225 191 228 178 230 164 232 150 232 137 145 131 152 126 161 126 170 129 178 132 192 132 201 129 210 125 219 125 226 130 185 138 185 147 185 155 185 165 175 171 180 172 185 174 190 172 195 171 156 140 161 138 167 138 172 140 167 142 161 142 198 140 203 137 209 137 214 139 209 141 203 141 169 190 175 186 180 185 185 186 190 185 196 186 201 189 196 194 190 198 185 199 180 198 175 195 172 190 180 188 185 189 190 188 198 189 190 190 185 191 180 191
136 152 139 166 142 180 146 194 154 206 163 217 174 226 187 228 199 224 209 215 218 204 225 191 228 178 231 164 232 150 233 136 145 131 152 126 161 126 169 129 178 131 192 131 201 128 210 125 219 125 226 130 185 138 185 147 185 155 185 164 175 171 180 173 185 174 189 172 194 171 157 140 162 138 167 138 173 140 167 141 162 142 198 140 203 137 209 137 214 139 209 141 203 141 170 191 175 187 180 185 185 186 189 185 195 187 201 190 196 196 190 199 185 200 180 200 175 196 173 191 180 189 185 189 190 189 197 190 190 192 185 193 180 192
136 151 138 165 141 179 146 193 154 206 163 217 173 225 186 227 199 224 209 215 218 204 224 192 228 178 230 164 232 150 232 136 146 131 152 126 161 126 169 128 179 131 192 132 201 129 209 125 219 124 225 129 185 138 185 146 185 155 185 164 175 171 180 172 184 174 189 172 194 170 157 140 162 138 167 138 172 140 167 141 162 142 197 140 202 137 208 138 213 139 208 141 203 141 170 190 175 187 180 185 185 186 189 185 195 187 201 190 195 195 190 198 185 199 180 198 175 195 173 190 180 189 185 189 189 188 197 190 189 191 185 192 180 191
136 149 138 164 141 178 146 192 153 205 163 216 174 225 187 227 199 223 210 214 219 203 225 190 229 176 231 162 232 148 233 135 146 131 152 126 161 125 170 128 179 131 191 131 200 128 209 125 219 124 225 130 185 137 185 146 185 154 185 164 175 170 180 172 185 173 189 172 194 170 157 141 162 140 167 140 173 140 167 142 162 142 197 140 202 139 208 139 213 140 208 142 202 142 169 189 175 186 180 185 185 186 189 185 195 186 201 189 195 193 190 195 185 196 180 195 175 193 172 189 180 188 185 189 189 188 198 189 190 190 185 190 180 190
136 150 139 164 141 178 146 192 153 205 162 215 173 224 186 226 199 223 210 214 219 203 225 191 229 177 231 163 232 149 233 135 147 131 153 126 161 125 170 128 179 131 192 131 201 128 210 124 219 124 225 129 185 138 185 146 185 155 185 164 175 170 179 172 185 173 190 172 194 170 158 141 163 141 168 140 173 140 168 142 163 142 197 140 202 139 207 140 212 140 208 142 202 142 169 188 175 186 180 185 185 186 189 185 195 186 202 188 195 192 190 194 185 195 180 195 175 193 172 188 180 188 184 188 189 188 199 188 189 189 185 190 180 189
136 150 138 164 141 179 146 192 154 205 163 215 174 224 187 226 200 223 210 214 219 203 225 190 229 176 231 163 232 149 232 135 146 131 152 125 161 125 170 128 179 131 192 131 201 128 210 124 219 124 225 129 185 137 185 146 185 155 185 163 175 170 180 172 185 173 190 171 194 170 157 140 162 140 168 139 173 140 168 141 162 142 197 140 203 138 208 139 213 139 208 141 203 141 169 188 175 186 181 185 185 186 190 185 195 186 202 187 196 192 190 194 185 194 181 194 175 192 172 188 181 188 185 188 190 187 199 187 190 188 185 189 181 188
136 151 139 165 142 179 146 193 154 205 163 216 174 224 186 226 199 223 210 214 218 203 225 191 228 177 230 163 232 149 232 136 146 131 152 126 161 125 169 128 179 131 192 131 201 128 209 124 218 124 225 129 185 137 185 146 185 154 185 164 175 170 180 172 185 173 190 172 194 170 157 140 162 138 167 138 172 140 167 141 162 141 197 139 203 137 208 137 213 139 208 141 203 141 169 188 175 186 180 185 185 186 189 185 195 186 201 188 195 192 190 195 185 195 180 195 175 192 172 188 180 188 185 188 189 188 198 188 189 189 185 190 181 189
136 151 138 165 141 179 145 193 153 205 162 216 173 225 186 227 199 224 209 215 218 204 224 191 228 178 230 164 232 150 232 136 146 131 152 126 161 125 169 128 178 131 192 131 201 128 209 124 218 124 225 129 185 138 185 146 185 154 185 163 175 170 180 172 184 173 189 172 194 170 157 140 162 138 167 138 172 140 167 141 162 141 197 139 202 137 208 137 213 139 208 141 203 141 170 189 175 186 180 185 185 186 189 185 195 186 201 189 195 194 190 197 185 197 180 197 175 194 173 189 180 188 185 188 189 188 198 189 189 191 185 191 180 191
136 151 138 166 141 180 146 194 154 206 163 217 173 226 186 228 198 225 209 215 217 204 224 191 228 178 230 164 232 150 232 136 145 130 152 126 160 125 169 128 178 131 192 131 201 128 210 124 219 124 225 129 185 138 184 146 184 155 184 164 175 170 179 172 184 173 189 172 194 170 156 140 161 138 167 137 172 140 167 141 161 141 198 139 203 136 209 137 213 139 209 141 203 141 170 189 174 186 180 184 185 186 189 184 195 186 201 189 195 196 190 199 185 199 180 199 174 195 173 189 180 188 185 188 189 188 197 190 189 192 185 193 180 192
136 152 138 166 141 180 146 194 154 206 163 216 174 225 186 227 198 224 209 215 217 204 224 191 228 178 230 164 232 150 232 136 145 131 151 126 160 125 169 128 178 131 192 131 201 128 209 124 219 124 225 129 185 138 185 146 185 155 185 163 175 170 180 172 184 173 189 172 194 170 156 140 161 138 167 137 172 140 167 141 161 141 197 139 203 137 208 137 213 139 209 141 203 141 169 189 174 186 180 184 185 186 190 184 196 186 201 189 196 195 190 199 185 199 180 199 174 195 172 189 180 188 185 188 190 188 198 189 190 192 185 193 180 192
136 151 138 165 141 179 146 193 153 204 163 215 173 223 186 225 199 222 209 213 218 202 224 190 228 177 230 163 231 149 232 136 145 131 151 126 160 125 169 128 178 131 192 131 201 128 209 124 219 124 225 129 185 137 185 146 185 154 185 164 175 170 180 171 185 173 189 171 194 170 156 139 161 137 167 137 172 139 167 141 161 141 197 139 202 136 208 136 213 139 209 141 203 141 169 188 174 185 180 184 184 185 189 184 195 185 201 188 195 193 189 195 185 196 180 195 174 192 172 188 180 187 184 188 189 187 198 188 189 189 184 190 180 189
136 150 138 165 141 178 145 192 152 204 162 214 172 222 185 225 198 222 209 213 217 203 224 190 228 177 230 164 231 150 232 136 146 130 152 125 161 125 169 128 178 131 192 131 201 128 209 124 218 124 225 129 185 137 185 146 184 154 185 164 175 170 179 172 184 173 189 171 194 170 156 139 161 137 167 137 172 139 167 141 161 141 197 139 203 136 208 137 213 139 208 140 203 140 169 188 174 185 179 184 184 185 189 184 195 185 201 188 195 192 189 195 184 195 179 194 174 192 171 188 179 187 184 188 189 187 197 188 189 188 184 189 179 188
135 151 138 165 141 179 145 192 153 204 162 214 173 222 186 224 199 221 209 213 218 202 224 190 227 177 229 163 231 149 232 136 145 131 151 125 160 125 169 128 178 131 192 131 201 128 210 124 219 124 226 129 185 137 185 146 185 154 185 164 175 170 180 171 185 173 189 171 194 170 156 139 161 137 167 137 172 139 167 140 161 141 197 139 203 136 208 136 213 138 209 140 203 140 169 188 174 185 180 183 185 185 190 184 195 185 201 188 195 193 190 195 185 196 179 195 174 192 172 188 180 187 185 188 190 187 198 188 190 188 185 189 180 188
135 150 138 164 141 178 145 192 152 203 162 214 173 223 185 225 198 222 209 213 217 202 224 190 228 177 230 163 231 149 232 136 145 130 151 125 160 125 169 128 178 131 192 131 201 128 209 124 218 124 225 129 185 137 185 146 185 154 185 163 175 170 180 171 185 173 189 171 194 170 156 139 161 137 167 137 172 139 167 141 161 141 197 139 203 136 208 136 213 139 208 141 203 140 169 188 174 185 180 184 185 185 190 184 195 185 201 188 195 193 190 196 185 197 179 196 174 193 172 188 180 187 185 188 190 187 198 188 190 189 185 190 180 189
135 151 138 165 141 179 146 192 153 204 163 215 173 223 186 225 199 222 209 213 217 203 224 190 228 177 230 163 231 149 232 136 145 130 151 126 160 126 169 128 178 131 192 131 201 128 210 125 219 124 225 129 184 137 184 146 184 155 185 164 175 170 179 172 184 174 189 172 194 170 156 140 161 137 167 137 172 140 167 141 161 141 197 139 203 136 209 137 213 139 209 141 203 141 169 189 174 186 180 184 185 186 189 184 195 186 201 189 195 194 190 197 185 198 180 197 174 194 172 189 180 188 185 188 189 188 198 189 189 190 185 191 180 190
135 151 138 166 141 180 145 193 153 205 163 215 174 224 186 226 199 223 209 214 217 203 224 190 228 177 230 164 232 150 232 136 145 131 152 126 160 126 169 128 178 131 192 131 201 128 210 125 219 124 225 129 185 138 185 146 185 155 185 164 175 170 180 172 185 173 189 172 194 170 156 140 161 137 167 137 172 140 167 141 161 141 197 139 203 137 209 137 214 139 209 141 203 141 169 189 174 186 180 185 185 186 190 185 195 186 201 189 195 194 190 197 185 197 179 197 174 194 172 189 180 188 185 189 190 188 197 189 189 190 185 191 180 190
135 151 138 165 141 179 145 193 153 205 163 215 173 224 186 226 199 222 209 214 218 203 225 191 228 178 230 164 232 150 232 136 145 131 152 126 160 126 169 128 178 131 192 131 201 128 209 125 218 124 225 129 185 138 185 146 185 155 185 164 175 171 180 172 185 174 189 172 194 171 156 140 161 138 167 138 172 140 167 141 161 142 197 140 203 137 208 137 213 139 209 141 203 141 169 190 174 187 180 185 185 186 189 185 195 187 201 189 195 194 190 197 185 198 180 197 174 195 172 190 180 189 185 189 190 188 198 189 190 190 185 191 180 191
136 150 138 164 141 178 145 192 153 204 162 215 173 224 186 226 199 223 209 214 218 203 225 191 228 177 230 163 232 149 233 136 145 131 152 126 160 126 169 129 178 131 192 131 201 128 210 125 219 125 226 130 185 138 185 147 185 155 185 164 175 171 180 173 185 174 189 172 194 171 157 140 161 138 167 138 172 140 167 141 161 142 198 140 203 137 209 137 214 139 209 141 203 141 169 190 174 187 180 186 185 187 189 186 195 187 201 190 195 195 190 197 185 198 180 197 174 195 172 190 180 189 185 190 189 189 198 190 190 191 185 191 180 191
136 151 138 165 141 179 146 193 154 205 163 216 174 224 186 226 199 223 209 214 218 204 224 191 228 178 230 164 232 150 233 137 145 131 152 126 161 126 170 129 179 132 192 132 201 129 210 125 219 125 225 130 185 138 185 147 185 155 185 164 176 171 180 173 185 174 190 173 194 171 156 140 161 138 167 138 172 140 167 141 161 142 198 140 203 137 209 137 214 139 209 141 203 141 169 190 175 187 180 186 185 187 190 186 195 187 201 190 195 195 190 197 185 198 180 198 175 195 172 190 180 190 185 190 190 189 198 190 190 191 185 192 180 191
136 151 138 165 141 179 145 193 153 205 162 215 173 224 186 226 198 223 209 214 217 203 224 191 228 178 230 164 231 150 232 136 145 131 152 126 160 126 169 129 178 132 192 132 201 129 210 125 219 125 225 130 185 138 185 147 185 155 185 164 175 171 180 173 185 174 189 173 194 171 156 140 161 138 167 138 172 140 167 142 161 142 197 140 203 137 209 137 214 139 209 141 203 141 169 190 175 187 180 186 185 187 189 186 195 187 201 189 195 194 189 197 185 197 180 197 175 194 172 190 180 190 185 190 189 190 198 190 189 190 185 191 180 191
135 151 137 165 140 179 145 193 152 205 162 215 173 224 185 226 198 223 208 215 217 204 224 192 228 179 230 165 232 151 232 137 145 131 151 126 160 126 169 129 178 132 192 132 201 129 210 125 219 125 226 130 185 138 185 147 185 155 185 164 175 171 180 173 184 174 189 173 194 171 156 140 161 138 167 138 172 140 167 142 161 142 197 140 203 137 209 137 214 139 209 142 203 141 169 190 175 188 180 186 185 188 188 186 194 187 201 189 194 194 189 196 185 197 180 197 175 194 171 190 180 190 184 190 189 190 198 189 189 190 185 191 181 190
136 151 139 166 141 180 145 193 152 205 162 215 172 224 185 226 198 223 209 214 218 204 224 191 227 178 229 164 231 150 232 136 145 132 151 127 160 126 169 129 178 132 192 132 201 129 209 125 218 125 225 130 184 138 184 147 184 155 184 164 175 171 180 172 184 174 189 172 194 171 156 140 161 138 167 138 172 140 166 142 161 142 197 140 203 137 209 137 214 139 209 142 203 142 168 189 174 188 180 186 184 187 189 186 195 187 201 189 195 194 189 195 184 196 180 196 174 194 171 189 180 190 184 190 189 189 198 189 189 190 184 191 180 190
136 151 138 166 141 180 145 193 153 205 162 216 173 224 186 226 198 223 209 214 217 204 224 191 227 178 229 164 231 150 232 137 145 132 151 126 160 126 168 129 178 132 192 132 201 129 209 125 218 125 225 130 184 138 184 147 184 155 185 165 175 171 180 173 184 174 189 173 194 171 156 140 161 138 167 138 172 140 166 142 161 142 197 140 203 138 209 137 213 139 209 142 203 142 168 189 174 187 180 186 184 187 189 186 194 187 201 189 194 193 189 195 184 196 180 195 174 193 171 189 180 189 184 190 189 189 198 189 189 190 184 191 180 190
136 152 138 166 141 180 145 194 153 206 162 216 173 224 186 226 198 223 209 214 217 204 223 191 227 178 229 164 231 150 232 136 145 131 151 126 160 126 168 129 177 132 192 132 200 129 209 126 218 125 224 130 184 138 184 147 184 155 184 165 175 171 179 173 184 174 189 173 193 171 156 140 161 138 167 138 171 141 166 142 161 142 197 140 202 137 208 137 213 139 208 142 203 141 168 189 174 188 180 186 184 187 188 186 194 187 201 189 194 193 189 195 184 196 180 195 174 193 171 189 180 189 184 190 188 189 198 189 188 190 184 190 180 190
135 151 138 165 141 179 145 193 152 205 161 215 172 223 185 225 198 223 208 214 217 204 223 191 227 178 229 164 231 150 231 137 144 131 151 126 159 126 168 129 177 132 191 132 200 129 209 125 218 125 225 130 184 138 184 147 184 155 184 164 174 171 179 173 184 174 188 173 193 171 155 140 160 138 166 138 171 140 166 142 160 142 196 140 202 137 208 137 213 139 208 142 202 142 168 189 174 188 180 186 184 187 188 186 194 187 201 188 194 193 188 195 184 196 180 195 174 193 170 189 180 189 184 190 188 189 198 189 188 189 184 190 180 190
135 151 137 165 140 179 144 192 152 204 161 215 172 223 185 225 197 222 208 214 217 203 223 191 227 178 229 164 230 150 231 137 144 131 150 126 159 126 168 129 177 132 190 132 199 129 208 125 217 125 224 130 183 138 183 147 183 155 183 165 174 171 178 173 183 174 188 172 193 171 155 140 160 138 166 138 171 141 165 142 160 142 196 140 201 137 207 137 212 139 208 142 202 141 167 189 173 187 179 186 183 187 187 186 193 187 200 188 194 193 188 195 184 196 179 195 173 193 170 189 179 189 183 190 188 189 197 189 188 190 184 190 179 190
134 151 137 165 140 179 144 193 151 205 161 215 172 223 184 225 197 223 207 214 216 204 223 192 226 178 229 164 230 150 231 137 143 131 150 126 159 126 167 129 176 132 190 132 199 129 208 125 217 125 224 130 183 138 183 147 183 155 183 164 173 171 178 173 183 174 188 173 192 171 155 140 160 138 166 138 171 140 165 142 159 142 196 140 201 137 207 137 212 139 207 142 201 142 167 189 173 187 179 186 183 187 187 186 193 187 200 188 193 193 188 195 183 196 179 195 173 193 170 189 179 189 183 190 187 189 197 189 187 189 183 190 179 190
135 151 137 166 140 180 144 193 152 205 161 215 172 223 184 225 196 222 207 214 216 204 223 192 226 179 229 165 230 151 231 137 143 131 150 126 159 126 167 129 176 132 190 132 199 129 208 125 217 125 224 130 183 138 183 147 183 155 183 164 173 171 178 173 183 174 187 173 192 171 155 140 160 138 166 138 171 141 165 142 159 142 196 140 201 137 207 137 212 139 207 142 201 142 167 189 173 187 179 186 183 187 187 186 193 187 200 188 193 193 187 195 183 196 179 195 173 193 170 189 179 189 183 190 187 189 197 189 187 189 183 190 179 190
134 151 137 165 140 179 144 193 151 204 161 215 172 223 184 225 197 222 207 214 216 203 223 191 226 178 229 164 230 150 231 137 144 131 150 126 159 126 168 129 176 132 191 132 199 129 208 125 217 125 224 130 183 138 183 147 183 155 183 164 174 171 178 173 183 174 188 173 192 171 154 140 160 138 166 138 171 141 165 142 159 142 196 140 201 137 207 137 212 139 207 142 201 142 167 189 173 187 179 186 183 187 187 186 193 187 200 188 194 193 188 195 184 196 179 195 174 193 170 189 179 189 183 190 188 189 197 189 188 189 184 190 179 190
135 152 137 166 140 180 144 194 152 205 162 215 172 223 185 225 197 222 208 214 217 204 223 192 227 178 229 165 230 151 231 137 144 131 150 126 159 126 168 129 176 132 190 132 199 129 208 125 217 125 224 130 183 138 183 147 183 155 183 164 174 171 178 173 183 174 188 173 193 171 155 140 160 138 166 138 171 140 166 142 160 142 196 140 201 137 207 137 212 139 207 142 202 141 167 189 173 187 179 186 183 187 187 186 193 187 200 188 194 193 188 195 184 195 179 195 174 193 170 189 179 189 183 190 188 189 197 189 188 189 184 190 179 190
135 152 137 166 140 180 144 193 152 205 161 215 172 223 185 225 197 222 208 213 217 203 223 191 227 178 229 164 230 150 231 137 144 131 150 126 159 126 167 129 176 132 191 132 200 129 208 125 217 125 224 130 183 138 183 147 183 155 184 164 174 171 179 173 184 174 188 172 193 171 155 140 160 138 166 138 171 141 166 142 160 142 196 140 201 137 207 137 212 139 208 142 202 142 167 189 173 187 179 186 183 187 188 186 193 187 200 188 194 193 188 195 184 196 179 195 173 193 170 189 179 189 183 190 188 189 197 189 188 189 184 190 179 190
134 152 137 166 140 180 144 194 152 205 161 215 172 223 185 225 197 222 208 214 216 203 223 191 227 178 229 164 230 150 231 137 144 131 150 126 159 126 168 129 177 132 190 132 200 129 208 125 218 125 224 130 183 138 183 147 183 155 184 164 174 171 178 173 183 174 188 173 193 171 155 140 160 138 166 138 171 141 165 142 160 142 196 140 201 137 208 137 212 139 208 142 202 142 167 189 174 187 179 186 183 187 187 186 193 187 200 188 194 193 188 195 184 196 179 195 174 193 170 189 179 189 183 190 188 189 197 188 188 189 184 190 179 190
134 152 137 166 140 180 144 193 152 205 161 215 172 223 185 225 198 222 208 213 217 203 223 191 227 178 229 164 230 151 231 137 144 131 150 126 159 126 167 129 176 131 191 132 200 129 209 125 218 125 224 130 183 138 183 147 183 155 184 164 174 171 179 172 183 174 188 172 193 171 155 140 160 138 166 138 171 141 165 142 160 142 196 140 201 137 207 137 212 139 208 141 202 141 167 189 173 187 179 186 183 187 187 186 193 187 200 188 194 193 188 195 184 196 179 195 174 193 170 189 179 189 183 190 188 189 197 189 188 189 184 190 179 190
134 151 137 165 140 179 144 193 152 204 162 215 173 223 185 225 198 222 208 213 217 203 223 191 227 178 229 164 231 150 231 137 144 131 150 126 159 126 168 129 177 132 191 132 200 129 209 125 218 125 224 130 183 138 184 147 184 155 184 164 174 171 179 173 184 174 188 172 193 171 155 140 160 138 166 138 171 140 165 142 160 142 196 140 202 137 208 137 213 139 208 142 202 141 168 189 174 187 179 186 184 187 188 186 194 187 200 188 194 193 189 195 184 196 180 195 174 193 171 189 179 189 184 190 188 189 197 189 188 189 184 190 180 190
134 151 136 165 139 179 144 193 152 205 161 215 172 223 185 225 198 222 208 214 217 203 224 191 227 178 229 164 231 150 231 137 144 131 151 126 159 126 168 129 177 132 191 132 200 129 209 125 218 125 224 130 184 138 184 147 184 155 184 164 174 171 179 173 184 174 188 172 193 171 155 140 160 138 166 138 171 140 166 142 160 142 197 140 202 137 208 137 213 139 208 141 202 141 168 189 174 187 180 186 184 187 188 186 194 187 200 189 194 193 189 195 184 196 180 195 174 193 171 189 180 189 184 190 188 189 197 189 188 189 184 190 180 190
134 151 137 166 140 180 144 193 152 205 162 215 172 223 185 225 197 222 208 214 216 203 223 191 227 178 229 164 231 151 232 137 144 131 151 127 160 126 168 129 178 132 191 132 200 129 209 125 218 125 224 130 184 138 184 147 184 155 184 164 174 171 179 173 184 174 189 173 193 171 155 140 160 138 166 138 171 141 166 142 160 142 197 140 202 137 208 137 213 139 208 141 202 141 168 189 174 187 180 186 184 187 188 186 194 187 201 189 194 193 189 195 185 196 180 196 174 194 171 189 180 189 184 190 188 189 198 189 189 189 184 190 180 190
135 151 137 166 140 180 144 193 152 205 162 215 173 223 185 225 198 222 208 214 217 203 223 191 227 178 229 164 231 150 232 136 144 131 151 126 160 126 169 129 178 132 191 133 200 129 209 125 218 125 224 130 184 139 184 147 184 155 184 164 174 172 179 173 184 174 189 173 193 171 155 140 160 138 166 138 171 141 166 142 160 142 197 140 202 137 208 137 213 139 208 142 202 142 168 189 174 187 180 186 184 187 188 186 194 187 201 189 194 193 189 195 184 196 180 196 174 194 170 189 180 189 184 190 188 189 198 189 189 189 184 190 180 190
135 151 137 165 140 179 144 193 152 205 161 215 172 223 185 225 198 222 208 213 217 203 224 190 228 177 230 163 231 150 232 136 144 131 151 126 159 126 168 129 177 132 191 132 200 129 209 125 218 125 224 130 184 138 184 147 184 155 184 164 175 171 179 173 184 174 188 173 193 171 155 141 161 138 166 138 172 141 166 142 160 142 197 140 202 137 208 137 213 139 208 141 202 141 168 189 174 187 179 186 184 187 188 186 194 187 201 189 194 193 189 195 184 196 180 195 174 194 171 189 180 189 184 190 188 189 198 189 188 189 184 190 180 190
134 151 137 165 140 179 144 193 152 204 161 215 172 223 185 225 197 222 208 214 217 203 223 191 227 178 229 164 231 150 232 137 144 130 151 126 160 126 168 129 177 132 191 132 200 129 209 125 218 125 224 130 184 139 184 147 184 155 184 164 174 171 179 173 184 174 188 173 193 171 155 140 160 138 166 138 172 141 166 142 160 142 197 140 202 137 208 137 213 139 208 142 202 142 168 189 174 187 180 186 184 187 188 186 194 187 200 189 194 193 189 195 184 196 180 196 174 193 170 189 180 189 184 190 188 189 198 189 188 190 184 190 180 190
135 151 137 166 140 180 145 193 152 205 162 215 173 223 185 225 197 222 208 214 217 203 223 191 227 178 229 164 231 150 232 137 144 131 151 126 160 126 168 129 177 132 192 132 200 129 209 125 218 125 224 130 184 139 184 147 184 155 184 164 174 172 179 173 184 174 189 173 193 171 155 140 161 138 166 138 172 141 166 142 160 142 197 140 202 137 208 137 213 139 208 142 202 141 168 189 174 187 180 186 184 187 188 186 194 187 201 189 194 193 189 195 185 196 180 196 174 194 171 189 180 189 184 190 188 189 198 189 189 189 184 190 180 190
135 152 137 166 140 180 145 193 152 205 162 215 173 223 185 225 198 222 208 214 217 204 224 192 228 179 230 165 231 151 232 137 145 131 151 126 160 126 168 129 177 132 192 132 200 129 209 125 218 125 224 129 184 138 184 147 184 155 184 164 175 171 180 173 184 174 189 173 193 171 156 140 161 138 167 138 172 141 166 142 160 142 197 140 202 137 208 137 213 139 208 142 202 142 168 189 174 187 180 186 184 187 188 186 194 187 201 189 195 193 189 195 185 196 180 196 174 194 171 189 180 189 184 190 189 189 198 189 189 189 184 190 180 190
135 152 137 166 140 180 145 193 152 205 162 215 173 223 186 225 198 222 208 214 217 203 224 191 227 178 229 165 231 151 232 137 144 131 151 126 160 126 168 129 177 132 192 132 200 129 209 125 218 125 224 130 184 138 184 147 184 155 184 164 175 171 179 173 184 174 189 172 193 171 155 140 160 138 166 138 172 140 166 142 160 142 197 140 202 137 208 137 213 139 208 142 202 141 168 189 174 187 180 186 184 187 188 186 194 187 201 189 195 193 189 195 185 196 180 196 174 194 171 189 180 189 184 190 189 189 198 189 189 189 184 190 180 190
135 151 137 166 140 180 145 193 152 205 162 215 173 223 185 225 198 222 208 214 217 203 224 192 227 178 229 165 231 151 231 137 145 131 151 126 160 126 169 129 177 132 192 132 200 129 209 125 218 125 224 130 184 138 184 147 184 155 184 164 175 171 179 173 184 174 189 173 193 171 156 140 161 138 167 138 172 141 166 142 160 142 197 140 202 137 208 137 213 139 208 142 202 142 168 189 174 187 180 186 184 187 188 186 194 187 201 189 195 193 189 195 185 196 180 196 174 194 171 190 180 189 184 190 189 189 198 189 189 189 184 190 180 190
