113 153 115 170 119 187 125 202 135 214 147 225 161 233 177 236 192 231 205 222 216 210 224 196 228 181 231 164 231 148 231 132 125 130 131 121 142 116 154 116 165 119 179 118 190 114 201 113 211 117 217 125 173 130 174 140 175 150 176 160 163 170 169 172 176 173 181 172 187 169 139 134 145 130 152 129 159 133 153 134 146 135 185 132 192 128 198 128 205 131 199 133 192 133 155 190 162 187 169 186 175 187 181 186 188 187 195 189 188 196 181 198 175 199 169 198 162 196 158 190 170 189 175 189 181 189 191 190 181 192 175 193 170 192
112 153 114 170 118 186 125 202 135 214 147 225 161 233 177 236 191 232 204 222 215 210 223 196 228 181 230 165 230 148 230 132 125 130 131 121 142 115 154 116 165 119 179 118 189 114 200 113 211 117 217 125 173 130 174 140 175 150 176 160 163 170 169 172 176 173 181 171 187 169 139 134 145 130 152 129 159 133 153 134 146 135 185 132 191 127 198 127 204 130 199 133 192 133 155 191 162 187 169 186 175 187 181 185 188 187 195 190 188 196 181 199 176 200 169 199 162 197 159 190 170 189 175 189 181 188 191 189 181 193 175 193 170 193
112 153 114 170 118 187 125 202 135 215 148 225 162 233 177 236 191 231 204 222 215 210 223 196 228 182 230 165 230 148 230 132 124 130 130 121 142 115 154 116 165 119 179 117 189 114 201 113 211 117 217 125 173 130 174 140 175 150 176 160 163 170 169 171 176 173 182 171 187 168 139 133 145 130 152 129 159 133 153 134 146 134 186 131 192 127 198 127 205 130 199 132 192 132 154 191 162 187 169 186 175 187 181 185 188 187 196 189 189 196 182 199 176 200 170 199 162 197 158 190 170 188 175 189 181 188 192 189 181 193 176 194 170 193
112 153 114 170 118 187 125 202 135 214 148 225 162 233 177 235 191 231 204 222 215 210 223 196 228 181 230 165 230 148 231 132 125 130 131 121 142 115 154 115 165 119 178 117 189 114 200 112 211 116 217 125 173 129 174 140 175 149 176 160 163 169 169 171 176 172 182 171 187 168 140 133 145 129 152 129 159 132 153 134 146 134 186 131 192 127 198 127 205 130 199 132 192 132 154 190 162 187 170 185 175 186 181 185 188 186 195 189 188 196 182 199 176 200 170 199 162 196 158 190 170 188 175 188 181 188 191 189 181 193 176 194 170 193
112 152 114 169 118 186 124 201 135 213 147 224 161 233 176 235 191 231 204 221 214 209 223 195 227 180 230 164 230 147 230 131 125 130 131 121 142 115 154 115 165 118 179 117 189 114 200 112 211 117 217 125 173 129 174 140 175 150 176 160 163 169 169 171 176 173 181 171 187 168 140 133 145 129 152 129 159 132 153 134 146 134 185 131 191 127 198 127 204 130 198 132 192 132 154 190 162 187 169 185 175 186 181 185 188 186 195 189 188 196 182 199 176 200 169 199 162 196 158 190 170 188 175 188 181 188 191 189 181 193 176 194 170 193
112 151 114 168 118 185 124 200 134 213 147 224 161 233 176 235 191 232 203 222 214 209 223 196 228 180 230 164 231 147 231 130 125 129 131 120 142 115 154 115 165 118 179 117 189 114 200 112 211 116 217 124 173 129 174 140 175 150 175 160 163 169 169 171 175 173 181 171 187 168 139 133 145 129 152 129 159 133 153 134 146 134 186 132 191 127 198 127 205 130 199 132 192 132 154 190 162 187 169 185 175 186 181 185 188 186 195 189 188 196 181 199 175 200 169 199 162 196 158 190 169 188 175 188 181 188 191 189 181 193 175 194 169 193
112 152 114 169 118 185 124 200 134 213 147 224 161 233 176 235 191 231 203 222 214 210 223 196 228 181 230 165 231 148 231 131 125 129 131 121 142 115 154 115 165 118 179 117 189 114 200 112 211 116 217 125 173 129 174 140 175 150 176 160 163 169 169 171 175 173 181 171 187 168 140 133 145 129 152 129 159 132 153 134 146 134 186 131 191 127 198 127 205 130 199 132 192 132 154 189 161 187 169 185 175 186 181 185 187 186 195 189 188 196 181 199 175 200 169 199 161 196 158 189 169 188 175 188 181 187 191 189 181 193 175 194 169 193
112 151 114 168 117 184 124 200 134 213 146 224 161 232 176 235 191 231 204 221 215 209 223 195 228 180 230 164 230 147 230 131 126 129 132 120 143 115 154 115 165 118 179 117 189 114 200 112 211 116 217 125 173 129 174 139 175 149 176 160 163 169 169 171 175 172 181 170 187 168 139 133 145 129 152 128 159 132 153 133 146 134 186 131 191 127 198 127 205 130 199 132 192 132 154 189 162 187 169 185 175 186 181 184 187 186 195 189 188 195 181 198 175 199 169 199 162 196 158 189 169 188 175 189 181 188 191 189 181 192 175 193 169 192
113 151 114 168 118 184 124 199 134 212 146 223 160 231 176 234 192 230 205 221 215 209 224 195 228 180 231 164 231 147 231 131 126 128 132 119 142 114 154 115 165 118 180 117 190 113 201 112 211 116 217 124 173 129 174 139 175 149 176 160 163 169 169 171 176 172 181 170 187 168 139 132 145 129 152 128 159 132 153 133 146 134 186 131 192 127 199 127 205 130 199 132 192 132 154 189 162 187 170 185 175 186 181 185 188 186 195 188 188 193 181 196 176 197 170 196 162 194 158 189 170 189 175 189 181 188 191 188 181 190 175 190 170 190
112 150 114 167 117 183 123 198 133 211 145 221 160 229 176 231 192 228 204 219 215 208 223 195 228 180 230 164 230 147 230 131 126 127 133 119 143 114 154 115 165 118 180 116 190 113 201 112 211 116 217 124 173 129 174 139 175 149 176 160 163 169 169 171 175 172 181 170 187 168 139 132 145 129 152 128 159 132 153 133 146 134 186 131 192 126 199 126 205 130 199 132 192 132 154 189 162 186 169 185 175 186 181 184 187 186 195 188 188 192 181 194 176 194 169 194 162 193 157 189 169 188 175 189 181 188 191 188 181 188 175 189 170 189
112 152 114 168 117 184 123 199 133 212 146 222 161 230 177 232 192 228 205 220 216 208 224 195 228 180 231 164 231 147 231 131 126 128 132 119 143 114 154 114 165 117 180 116 190 113 201 112 211 116 218 124 173 128 174 139 175 149 176 159 163 169 169 171 175 172 181 170 187 168 139 132 145 128 152 128 159 131 153 133 146 133 186 131 192 126 199 126 205 129 199 131 192 131 153 189 162 186 169 184 175 186 180 184 187 186 195 188 188 192 181 194 175 195 169 194 162 193 157 189 169 188 175 188 181 188 191 188 181 188 175 189 169 189
112 150 114 167 117 183 123 198 133 211 145 222 159 231 176 234 192 230 205 221 216 208 224 195 229 180 231 163 231 146 231 130 126 128 131 119 142 113 155 114 166 118 179 116 190 113 201 111 212 115 218 124 173 128 174 138 175 149 175 159 163 168 169 170 175 172 181 170 187 168 140 131 146 128 152 128 159 131 153 132 146 133 186 130 192 126 198 126 205 129 199 131 192 131 153 189 161 186 168 184 175 186 181 184 188 185 195 189 188 194 181 196 175 197 168 197 161 194 156 189 169 188 175 189 181 188 191 188 181 190 175 191 168 190
112 150 114 167 118 184 124 199 134 212 147 223 161 231 177 234 192 230 204 221 215 209 224 195 228 180 231 163 231 146 231 130 125 128 131 119 143 113 155 114 166 117 179 115 190 112 201 110 212 115 218 124 173 128 174 138 175 148 176 159 162 167 169 169 175 171 181 169 187 167 140 131 145 128 152 127 159 131 153 132 146 133 186 130 192 126 199 126 205 129 199 131 192 131 154 188 161 185 169 183 175 184 181 183 188 185 195 188 188 195 182 198 175 199 169 198 161 195 158 188 169 186 175 187 181 186 191 188 181 192 175 192 169 192
113 150 114 167 118 183 124 199 134 212 147 223 161 232 176 234 191 230 204 221 215 208 224 195 228 179 231 163 231 146 231 130 127 127 133 118 143 113 155 113 166 117 180 115 190 112 201 111 212 115 218 123 174 127 174 138 175 148 176 158 163 167 169 169 175 171 182 169 187 166 140 131 146 128 153 127 160 131 153 132 146 133 187 130 192 126 199 126 206 129 200 131 193 131 154 188 161 185 169 183 175 184 181 182 188 184 195 188 188 195 182 198 175 199 169 198 161 195 158 188 169 186 175 187 181 186 191 188 181 192 175 192 169 192
113 150 115 167 118 183 124 198 134 211 147 222 161 230 177 233 193 229 205 220 215 208 224 194 229 179 231 163 232 146 232 130 126 127 132 118 143 113 155 113 166 116 180 115 190 112 201 110 212 114 218 123 174 127 175 137 176 147 176 158 163 167 169 169 176 171 182 169 188 166 140 131 146 127 153 127 160 130 153 132 146 132 187 130 192 125 199 125 206 128 200 130 193 130 154 188 162 184 169 182 175 184 181 182 188 184 195 187 188 192 182 195 176 196 169 196 162 193 158 188 169 186 175 187 181 186 191 187 181 189 175 190 169 189
113 151 115 168 118 184 124 199 135 211 147 221 161 229 177 231 192 227 205 219 216 208 224 195 229 180 232 164 232 147 232 131 127 126 134 117 144 112 155 113 166 116 181 115 191 111 202 110 213 114 219 123 174 127 175 137 176 147 176 158 163 167 169 169 176 170 182 168 188 166 140 131 146 127 153 127 160 131 153 132 146 132 187 130 193 125 200 125 206 128 200 131 193 131 154 187 162 184 170 182 176 183 181 182 188 183 196 187 188 191 182 193 176 194 170 193 163 191 158 187 170 186 176 186 181 186 192 186 182 187 176 187 170 187
113 151 115 168 118 184 124 199 134 211 147 221 162 228 177 231 193 227 206 219 217 207 225 194 229 179 231 163 232 146 233 130 126 127 132 118 143 112 155 113 166 116 180 115 191 111 202 110 213 114 219 123 174 127 175 137 176 147 177 158 164 167 170 169 176 170 182 169 188 166 140 131 146 127 153 127 160 130 154 132 147 132 187 129 193 125 200 125 206 128 201 130 194 130 155 187 163 184 170 182 176 184 182 182 189 184 196 187 189 191 182 192 176 193 170 193 163 191 158 187 170 186 176 187 182 186 193 187 182 186 176 187 170 187
113 150 115 167 119 183 125 198 134 212 147 222 161 230 177 232 193 229 205 219 216 208 225 194 229 179 231 163 232 146 232 131 127 127 133 118 143 113 155 113 166 116 180 115 191 112 202 110 212 114 219 123 174 127 175 137 176 147 177 158 164 167 170 169 176 170 182 169 188 167 140 131 146 127 153 127 160 131 154 132 147 132 187 130 193 125 200 125 206 128 200 130 193 130 154 188 162 184 170 182 176 184 182 182 189 184 196 187 189 192 182 194 176 195 170 195 162 192 158 187 170 187 176 187 182 186 192 187 182 188 176 189 170 188
113 152 115 168 119 185 125 200 135 213 147 223 162 231 178 234 193 230 206 220 216 208 225 195 229 180 231 163 232 147 232 131 127 128 133 118 143 113 155 113 166 117 180 115 191 112 202 110 212 115 219 123 174 127 175 137 176 148 177 158 163 168 170 170 176 171 182 169 188 167 140 131 146 128 153 127 160 131 154 132 147 132 187 130 193 125 200 126 206 129 200 131 193 131 155 189 163 185 170 183 176 184 182 183 189 184 196 188 189 194 182 197 176 198 170 197 163 194 159 188 170 186 176 187 182 186 193 188 182 190 176 191 170 191
113 152 115 169 119 185 125 200 136 213 148 224 163 232 179 234 194 230 206 220 217 208 225 194 229 179 231 163 232 146 233 131 126 128 132 119 143 113 155 114 166 117 180 115 190 112 201 110 212 115 218 123 174 127 175 138 176 148 177 159 164 167 170 169 177 171 183 169 188 166 140 131 146 128 153 127 160 131 153 132 147 132 187 130 193 125 200 125 206 128 200 130 193 130 155 189 163 185 170 183 176 184 183 182 190 184 196 188 190 194 183 197 177 198 170 197 163 194 159 189 171 186 177 186 183 186 193 188 183 191 177 192 171 191
113 151 115 168 119 185 125 200 135 213 148 223 162 231 178 234 192 230 205 220 216 209 225 195 229 180 231 163 232 146 233 129 126 128 132 119 143 113 155 113 166 116 180 115 191 112 202 111 213 115 219 124 174 127 175 138 176 148 176 159 163 168 170 170 176 172 182 170 188 167 140 131 146 128 153 127 160 131 154 132 147 133 187 130 193 126 200 126 206 129 200 131 193 131 155 189 163 185 170 183 176 184 182 183 189 184 196 188 190 194 183 197 176 198 170 197 163 194 159 189 170 186 176 187 182 186 192 188 182 190 176 191 170 191
113 150 115 167 119 184 124 199 135 212 147 223 162 230 178 233 193 229 206 220 216 208 225 195 229 180 231 164 232 147 232 131 127 128 133 118 144 113 155 113 166 117 180 115 190 112 202 111 213 115 219 124 174 127 175 138 176 148 176 159 163 167 169 170 176 171 182 169 188 167 140 131 146 128 153 127 160 131 153 132 147 132 187 130 193 126 200 126 206 129 200 131 193 130 155 188 162 185 170 183 176 184 182 183 189 184 196 187 189 192 182 195 176 195 170 195 163 193 159 188 170 186 176 186 182 186 192 187 182 188 176 189 170 189
113 151 115 168 119 185 125 199 135 212 147 222 162 229 177 231 192 228 205 219 216 208 225 195 229 180 232 163 233 147 233 130 127 127 133 118 144 113 155 113 166 116 180 115 191 112 202 111 212 115 219 123 174 127 175 138 176 148 176 159 164 168 170 170 176 171 182 169 188 167 140 131 146 128 153 127 160 131 153 132 146 132 187 130 193 125 200 125 206 128 200 130 193 130 155 188 163 184 170 182 176 184 181 182 188 184 195 187 188 191 182 193 176 194 170 194 163 192 159 188 170 186 176 186 181 186 192 187 182 187 176 188 170 188
113 150 115 167 118 184 124 199 135 211 147 221 162 228 177 231 192 227 205 219 216 207 225 194 229 179 232 163 232 146 233 130 126 127 132 118 143 113 155 113 166 116 180 115 191 112 202 111 213 115 219 123 174 127 175 138 176 148 177 158 163 168 170 169 176 171 182 169 188 167 140 131 146 128 153 127 160 131 154 132 146 133 187 130 193 125 200 125 206 128 200 131 193 131 155 187 163 184 170 182 176 184 181 182 188 184 195 187 188 191 182 193 176 194 170 193 163 192 158 187 170 186 176 187 181 186 192 187 181 187 176 188 170 187
113 150 115 167 118 184 124 199 134 211 147 222 162 229 178 232 193 228 206 219 217 207 225 194 230 179 232 163 232 146 232 130 127 126 133 118 144 113 155 113 166 116 180 115 190 112 202 110 212 115 219 123 174 127 175 138 176 147 176 158 163 167 170 169 176 171 182 169 188 167 140 131 146 127 153 127 160 131 154 132 147 132 187 130 193 125 200 125 206 128 200 131 193 131 154 188 162 184 170 183 175 184 181 182 188 184 196 187 188 192 182 194 176 195 170 194 163 192 158 187 170 186 176 187 181 186 192 187 181 188 176 189 170 188
113 150 116 166 119 183 125 198 135 212 147 223 162 232 177 235 193 230 206 221 216 208 224 194 229 179 231 162 232 145 232 129 127 127 133 118 144 113 155 113 166 116 180 115 190 111 201 110 212 114 218 123 174 127 175 137 176 147 177 158 163 167 170 169 176 171 182 169 188 166 140 131 146 128 153 127 160 131 154 132 147 132 187 130 193 125 200 125 206 128 200 130 193 131 155 188 162 184 170 182 175 184 181 182 189 184 196 188 189 194 182 198 176 199 170 198 162 195 159 188 170 186 175 186 181 186 192 188 182 191 176 192 170 192
113 151 115 168 119 184 125 199 135 212 148 224 162 232 177 235 192 231 205 221 216 209 224 194 229 179 231 163 232 146 232 130 126 128 132 119 143 113 155 113 166 117 179 115 189 112 201 110 212 115 218 123 174 127 175 137 175 147 176 158 163 167 169 169 176 171 182 169 188 166 140 131 146 128 153 127 160 131 153 132 146 132 186 130 192 125 199 125 206 128 200 130 193 130 155 188 161 184 169 182 175 183 182 182 189 183 196 188 190 196 183 200 176 201 169 200 162 196 159 188 169 185 176 186 182 185 192 188 182 193 176 194 169 193
113 150 115 168 119 184 125 200 135 213 147 225 162 233 177 236 192 232 205 222 215 209 224 195 229 179 231 163 232 146 232 129 126 128 132 119 143 113 155 113 166 117 179 115 190 112 201 110 212 115 218 123 174 127 174 138 175 147 176 158 163 167 169 169 176 171 182 169 188 166 140 131 146 128 153 127 160 131 153 132 146 132 186 130 192 126 199 126 206 129 199 130 193 130 154 188 161 184 169 182 175 183 182 181 189 183 196 188 190 196 183 201 176 202 169 201 161 197 158 188 169 185 175 185 182 185 192 188 182 194 176 195 169 194
113 152 115 169 118 185 125 200 135 213 148 224 162 233 177 235 192 231 204 221 215 209 224 195 229 180 231 164 231 147 231 131 126 128 132 119 143 113 155 114 166 117 178 116 189 112 200 111 211 115 217 123 173 127 174 138 175 148 176 158 163 167 169 169 176 171 182 169 187 166 140 131 146 128 153 127 160 131 153 132 146 133 186 130 192 125 199 126 205 129 199 131 192 131 154 188 161 184 169 182 175 183 182 181 189 183 196 187 190 196 183 200 176 202 169 201 161 196 157 188 169 185 176 185 182 185 192 188 182 194 176 195 169 194
112 152 114 169 118 185 125 200 135 214 148 224 162 233 177 235 192 231 204 221 215 209 224 195 229 180 231 163 231 146 230 130 126 128 131 119 142 113 154 113 165 117 178 115 189 112 200 110 211 115 217 123 173 127 174 138 175 148 175 158 162 167 169 169 175 171 182 169 188 166 139 131 145 128 152 127 159 131 152 132 146 133 185 130 191 126 198 126 205 128 199 130 192 130 153 188 161 184 169 182 175 183 181 181 189 183 196 187 190 196 182 200 176 201 169 200 161 196 157 188 169 185 175 186 182 185 192 187 182 194 175 195 169 194
112 152 114 169 118 186 125 201 136 214 149 225 162 233 178 235 192 231 204 221 215 208 224 194 228 179 231 163 231 146 230 130 126 128 131 119 142 113 154 114 165 117 178 116 189 112 200 110 210 115 217 123 173 128 174 138 174 148 175 158 162 167 168 169 175 171 181 169 187 166 139 131 145 128 152 127 159 131 152 132 145 133 185 130 191 125 198 125 205 128 199 130 192 131 153 188 160 183 168 181 175 183 181 181 189 183 196 187 190 196 182 200 176 201 168 200 160 196 157 188 169 185 175 185 182 184 192 187 182 194 175 195 169 194
112 153 114 170 118 187 125 202 136 214 148 225 162 233 178 235 192 231 205 221 216 208 224 194 229 179 231 163 231 146 231 130 125 129 130 119 142 114 153 114 165 117 178 115 188 112 200 111 210 115 217 123 173 127 173 138 174 148 175 158 162 167 168 169 175 171 181 168 187 166 139 132 145 128 151 127 158 131 152 132 145 133 186 130 191 125 198 125 204 128 198 130 192 130 153 188 160 183 168 181 175 183 182 181 189 182 196 187 190 196 182 200 176 201 168 200 160 196 156 188 169 184 175 185 182 184 192 187 182 193 175 195 169 194
112 152 114 169 118 185 124 200 135 213 148 224 161 232 177 235 192 230 204 220 215 208 224 194 228 179 231 163 231 146 231 130 124 128 130 119 141 113 153 113 165 117 178 115 188 112 200 110 210 115 217 123 172 127 173 138 174 148 175 158 161 167 168 169 175 171 181 168 187 166 139 131 144 128 151 127 158 131 152 132 145 132 185 130 191 125 198 125 204 128 198 130 192 130 153 188 160 183 168 181 175 183 181 181 189 182 196 187 189 196 182 200 175 201 168 200 160 196 156 188 168 184 175 185 181 184 192 187 182 193 175 194 168 193
112 152 114 169 117 185 124 200 135 213 147 224 161 232 177 235 192 231 204 221 215 208 223 194 228 179 230 163 230 146 230 130 124 128 130 119 141 113 153 113 164 116 178 115 189 112 200 110 210 115 216 123 172 127 173 138 174 148 175 158 161 167 168 169 175 171 181 169 187 166 138 131 144 128 151 127 158 131 152 132 145 132 185 130 191 125 198 125 204 128 198 130 191 130 153 188 160 183 168 181 175 183 181 181 189 182 195 187 189 196 182 200 175 201 168 200 160 196 156 188 168 185 175 185 181 184 192 187 182 193 175 194 168 193
112 152 114 169 118 186 125 201 136 214 148 225 162 232 177 235 192 231 204 221 215 208 224 194 228 179 231 163 231 146 230 129 125 128 131 119 142 113 153 113 164 116 178 115 188 112 199 110 210 115 216 123 172 128 173 138 174 148 175 158 161 167 168 169 175 171 181 169 187 166 139 131 144 128 151 127 158 131 152 132 145 133 185 130 191 125 198 125 204 128 198 130 191 130 153 188 160 183 168 181 175 183 181 181 189 182 196 187 189 196 182 200 175 201 168 200 160 196 156 188 168 185 175 185 181 184 192 187 182 193 175 194 168 194
112 151 114 168 118 185 124 200 135 213 147 225 161 233 177 235 192 231 204 221 215 208 224 195 228 179 230 163 231 146 231 129 125 128 131 119 142 113 154 114 165 117 178 115 188 112 200 110 210 115 217 123 172 128 173 138 174 148 175 159 161 167 168 169 175 171 181 169 187 166 139 131 144 128 151 127 158 131 152 132 145 133 185 130 191 125 198 125 204 128 198 130 191 130 153 188 160 183 168 181 175 182 181 181 189 182 195 187 189 196 182 200 175 201 168 201 160 197 156 188 168 184 175 185 181 184 192 187 182 194 175 195 168 194
112 153 114 170 118 186 125 201 135 214 147 225 162 234 177 236 192 232 205 222 216 209 224 195 229 179 231 163 231 146 231 130 125 128 131 119 142 113 153 114 164 117 177 115 188 112 199 110 210 115 217 123 172 128 173 138 174 148 175 158 162 167 168 169 175 171 181 169 187 166 139 131 144 128 151 127 158 131 152 132 145 132 185 130 191 125 198 125 204 128 198 130 192 130 153 188 160 183 168 181 175 183 181 181 189 182 196 187 190 196 182 201 175 202 168 201 160 197 156 188 168 185 175 185 182 184 192 187 182 194 175 195 168 195
112 153 114 170 118 187 125 201 135 215 148 226 162 234 177 237 192 232 204 222 215 209 223 195 228 180 230 163 231 146 231 130 124 129 130 119 141 113 154 114 165 117 178 115 188 112 200 111 210 115 217 123 172 127 173 138 174 148 175 158 162 167 168 169 175 171 181 168 187 166 139 132 144 128 151 127 158 131 152 132 145 133 185 130 191 125 198 125 204 128 198 130 192 130 153 189 160 183 168 181 175 183 181 181 189 182 196 187 190 197 182 202 175 203 168 202 160 198 156 189 169 185 175 185 182 184 192 187 182 195 175 196 168 196
112 152 114 169 118 185 124 201 135 214 147 226 161 234 177 237 192 232 204 222 215 209 224 195 229 180 231 163 231 147 231 130 124 129 130 119 141 114 153 114 165 117 178 115 188 112 200 111 210 115 217 124 172 128 173 138 174 148 175 159 162 167 168 170 175 171 181 169 187 166 139 131 144 128 151 127 159 131 152 132 145 133 185 130 191 125 198 125 204 129 199 130 192 130 153 189 160 184 168 182 175 183 181 181 189 183 195 188 189 197 183 202 175 203 168 202 160 198 157 189 168 185 175 186 182 185 192 188 182 195 175 196 168 196
112 151 114 168 117 185 124 200 134 213 146 224 160 233 176 236 190 232 203 221 214 209 223 195 228 180 230 163 230 146 230 130 125 129 131 119 142 114 154 114 165 117 178 115 188 112 200 111 210 115 217 123 172 127 173 137 174 147 175 158 162 167 168 169 175 171 181 169 187 166 139 132 144 128 151 127 159 131 152 132 145 132 185 130 191 125 198 125 204 128 198 130 192 130 153 188 160 183 168 181 175 182 181 181 189 182 196 187 189 196 182 201 175 202 168 201 160 197 156 188 168 184 175 185 181 184 192 187 181 194 175 195 168 194
112 150 114 168 118 184 124 200 135 213 147 224 161 232 177 235 192 231 205 221 215 208 224 194 229 179 231 163 231 145 231 129 125 128 131 119 142 113 154 114 165 117 178 115 189 112 200 110 211 115 217 123 173 127 173 138 174 148 175 158 162 167 168 169 175 170 181 168 187 166 139 131 145 127 151 127 159 131 152 131 145 132 186 130 191 125 198 125 205 128 199 130 192 130 153 188 160 183 168 181 175 183 181 181 189 182 196 187 189 195 182 199 175 200 168 199 161 195 157 188 169 184 175 185 181 184 192 187 181 193 175 194 169 193
112 151 114 168 118 184 124 199 134 212 146 224 161 232 176 235 192 230 205 221 215 208 224 194 228 179 230 162 231 145 231 129 126 128 131 119 142 113 154 114 165 117 179 115 189 112 200 111 211 115 217 123 173 127 173 138 174 148 175 159 162 167 168 169 175 171 181 168 187 166 140 131 145 127 152 127 159 130 152 131 146 132 186 129 191 125 198 125 204 128 199 130 192 130 153 188 160 183 168 181 175 183 182 181 189 183 196 187 190 194 182 198 175 199 168 198 160 195 157 188 168 185 175 185 182 185 192 187 182 192 175 193 168 192
112 152 114 168 118 185 124 200 134 213 147 224 161 232 176 235 192 231 205 221 215 209 224 194 229 179 231 163 231 146 230 130 126 128 132 119 142 113 154 114 165 117 178 116 189 112 200 111 210 115 217 123 173 127 174 138 174 148 175 158 162 167 169 169 175 171 181 169 187 166 139 131 145 128 152 127 159 131 152 132 146 132 186 130 192 125 198 125 205 128 199 130 192 130 153 188 160 183 169 181 175 183 182 181 189 183 196 187 190 195 182 199 176 200 168 199 161 195 157 188 169 185 175 185 182 185 192 187 182 192 175 193 169 192
112 151 114 168 118 185 125 200 135 213 147 224 161 232 177 235 192 231 204 221 215 209 223 195 228 180 230 163 231 146 231 130 126 127 132 119 142 113 154 114 165 117 179 115 189 112 200 110 211 115 217 123 173 127 174 138 174 148 175 158 162 167 168 169 175 171 181 169 187 166 139 131 145 127 152 127 159 131 152 132 146 132 186 130 192 125 199 125 205 128 199 130 192 130 153 188 160 183 169 181 175 183 181 181 189 183 196 187 189 195 182 199 175 200 169 199 161 195 157 188 169 185 175 185 181 185 192 187 182 192 175 193 169 192
113 151 114 168 118 185 125 200 135 213 147 224 161 232 177 235 192 231 204 221 215 208 224 194 228 179 231 163 230 146 230 130 126 128 131 119 142 114 154 114 165 117 178 116 188 112 200 111 210 115 217 123 173 128 173 138 174 148 175 158 162 167 168 169 175 171 181 169 187 166 139 131 145 128 152 127 159 131 152 132 146 132 186 130 191 125 198 125 205 128 199 130 192 130 153 188 160 183 168 181 175 183 181 181 189 182 196 187 189 195 182 199 175 200 168 199 160 195 157 188 169 184 175 185 182 184 192 187 182 193 175 194 168 193
112 151 114 168 118 185 124 200 135 213 147 224 161 232 177 235 192 231 205 221 215 208 224 194 229 179 230 163 230 146 230 130 125 128 131 119 142 113 153 114 164 117 178 115 189 112 200 111 211 115 217 123 173 127 173 138 174 148 175 159 162 167 168 169 175 171 181 169 187 166 139 131 145 127 151 127 159 131 152 132 145 132 186 130 192 125 198 125 205 128 199 130 192 130 153 188 160 183 168 182 175 183 181 181 189 183 196 187 189 195 182 199 175 200 168 200 160 196 157 188 169 185 175 186 182 185 192 187 182 193 175 194 168 193
112 151 114 168 118 185 124 200 135 213 147 224 161 233 177 235 192 231 205 221 216 208 224 194 228 179 230 163 230 146 230 130 126 128 131 119 142 114 154 114 165 117 178 116 188 113 200 111 210 115 217 123 172 128 173 138 174 148 175 159 162 167 168 169 175 171 181 169 187 166 139 131 145 127 152 127 159 131 152 132 145 133 186 130 191 125 198 125 205 128 198 130 192 130 153 188 160 184 168 182 175 183 181 181 189 183 196 187 189 195 182 199 175 200 168 199 160 196 157 188 168 185 175 186 181 185 192 187 182 193 175 194 168 193
112 152 114 169 118 186 125 201 135 213 148 224 162 232 177 235 192 230 205 220 215 208 224 194 229 179 231 163 231 146 231 130 124 130 130 120 141 114 153 114 165 117 178 115 188 112 200 111 210 115 217 124 172 127 173 138 174 148 175 159 162 167 168 170 175 172 181 169 187 166 139 131 144 128 151 127 158 131 152 132 145 132 185 130 191 125 198 125 204 128 198 130 192 130 153 188 160 184 168 182 174 183 181 182 188 183 196 187 189 195 182 199 175 200 168 199 161 195 157 188 169 185 175 186 181 185 192 187 181 192 175 193 169 192
112 152 114 169 118 185 124 200 134 213 147 224 161 232 177 235 192 230 205 221 215 208 223 194 228 179 230 163 230 146 230 130 126 128 131 119 142 114 153 114 164 117 178 116 188 112 199 111 210 115 216 123 172 128 173 138 174 149 174 160 162 167 168 170 175 172 181 169 187 166 139 131 144 128 151 127 158 131 152 132 145 133 185 130 191 125 198 125 204 128 198 130 192 130 153 188 160 184 168 182 174 184 181 182 188 183 195 187 189 194 182 198 175 199 168 198 161 195 157 188 168 186 175 186 181 186 191 187 181 191 175 192 168 192
112 151 114 168 117 185 123 200 134 213 146 223 161 231 176 233 192 229 205 220 215 208 224 195 228 179 230 163 231 146 231 130 125 128 131 119 141 113 153 114 164 117 178 115 188 112 200 111 210 115 217 123 172 127 173 138 174 148 175 159 161 167 168 170 175 172 181 169 186 166 139 131 144 127 151 127 158 131 152 132 145 132 185 129 191 125 198 125 204 128 198 130 192 130 153 188 160 184 168 183 174 184 180 182 187 183 194 187 188 192 181 195 174 196 168 196 161 193 156 188 168 186 174 186 180 186 190 187 180 189 174 190 168 189
112 152 114 168 117 185 123 200 133 212 146 223 160 230 177 233 192 229 205 220 216 208 224 194 228 179 230 163 230 146 230 130 125 127 131 119 141 113 153 113 164 117 178 115 189 112 199 111 210 115 216 123 172 127 173 138 174 148 175 159 162 168 168 170 175 171 180 169 186 167 139 131 144 127 151 127 158 130 152 132 145 132 185 129 191 125 198 125 204 128 198 130 191 130 153 188 160 184 168 183 174 184 180 182 187 184 194 187 187 191 181 194 174 195 168 194 160 192 156 188 168 186 174 187 180 186 191 187 180 187 174 188 168 188
112 152 114 169 118 185 123 200 133 212 146 223 160 230 176 232 192 228 204 219 215 208 224 194 228 179 230 163 231 146 231 130 125 128 131 119 141 114 153 114 164 117 178 115 188 112 199 111 210 115 216 123 172 127 173 138 174 148 175 159 162 168 168 170 175 171 181 169 186 166 139 131 144 128 151 127 158 130 152 132 145 132 185 129 191 125 198 125 204 128 198 130 191 130 153 188 161 184 168 183 174 184 180 182 187 184 194 187 187 191 181 194 175 195 168 194 161 192 156 188 168 186 174 187 180 186 191 187 180 188 174 189 168 188
112 152 114 169 118 185 124 200 134 213 147 224 161 231 177 233 193 229 205 220 216 208 224 194 229 179 231 163 231 146 231 129 125 128 130 119 141 113 153 113 164 116 178 115 188 112 200 111 210 115 217 123 172 127 173 138 174 148 175 159 162 168 168 170 175 172 181 169 187 167 139 131 144 128 151 127 158 131 152 132 145 133 185 130 191 125 198 125 204 128 198 130 191 131 153 188 161 184 168 183 174 184 180 182 187 184 194 188 187 193 181 195 175 196 168 196 161 193 157 188 169 186 174 187 180 186 190 188 180 189 174 190 168 190
112 152 114 169 118 185 124 200 134 213 147 224 161 232 177 234 192 230 205 220 216 208 224 194 228 179 231 163 231 146 231 130 125 128 131 119 141 113 153 114 164 117 178 115 188 112 199 111 210 115 216 123 172 127 173 138 174 148 174 159 162 168 168 170 175 171 180 169 186 167 139 131 144 128 151 127 158 131 152 132 145 133 185 130 191 125 198 125 204 128 198 130 191 130 153 188 161 185 168 183 174 184 180 182 187 184 194 188 187 193 181 196 175 197 168 197 161 194 157 188 168 186 174 187 180 186 190 187 180 190 175 191 169 190
112 152 114 169 118 186 124 201 135 213 147 224 161 232 176 234 191 230 204 221 215 209 223 195 228 180 231 163 231 146 231 130 125 128 131 119 141 114 153 114 164 117 178 115 188 112 200 111 210 115 216 123 172 127 173 138 174 148 175 158 162 168 168 170 175 171 181 169 186 167 139 131 145 128 151 127 158 131 152 132 145 133 185 130 191 125 198 125 204 128 198 130 191 130 153 188 161 185 168 183 174 184 180 183 187 184 194 188 187 193 180 196 174 197 168 196 161 194 157 188 169 187 174 187 180 186 190 187 180 189 174 190 168 190
112 151 114 168 118 184 124 200 134 212 146 222 161 230 176 233 192 229 205 220 216 208 224 194 228 179 231 163 231 145 231 129 125 128 131 119 142 114 153 114 164 117 178 115 189 112 200 111 210 115 217 123 172 128 173 138 174 148 175 159 162 168 168 169 175 171 181 169 186 167 139 131 145 127 152 127 159 131 152 132 145 133 185 130 191 125 198 125 205 128 199 130 192 130 153 188 161 185 168 183 174 184 180 182 187 184 193 187 187 192 180 195 174 196 168 195 161 193 157 188 169 187 174 187 180 187 190 187 180 188 174 189 169 189
112 153 114 170 118 186 124 201 134 213 146 223 160 230 176 233 191 229 205 221 216 209 224 195 229 180 231 163 231 146 231 130 125 128 131 119 142 114 153 114 164 117 178 115 189 112 200 111 210 115 217 123 172 128 173 138 174 148 174 158 162 168 168 169 175 171 181 169 186 167 139 132 145 128 152 127 159 131 152 132 145 133 185 130 191 125 198 125 204 128 199 131 192 131 153 188 161 185 168 183 174 184 180 183 186 184 194 187 187 191 180 194 174 194 168 194 161 192 157 188 168 187 174 187 180 186 190 187 180 188 174 188 169 188
113 152 115 169 118 185 124 200 134 213 146 223 160 231 176 233 192 229 205 220 216 208 224 194 229 179 231 163 231 146 231 130 125 128 130 119 141 114 153 113 164 116 179 115 189 112 200 111 210 115 217 123 173 127 173 138 174 147 175 158 162 167 168 169 175 171 181 169 187 166 139 131 144 128 151 127 159 131 152 132 145 133 185 130 191 125 198 125 205 128 199 131 192 131 153 188 161 185 168 183 174 184 180 183 187 184 194 187 187 191 180 193 174 194 168 194 161 192 157 187 169 186 174 187 180 186 190 187 180 187 174 188 169 188
113 151 114 168 117 184 123 199 133 212 146 222 160 230 176 233 191 229 205 220 215 208 224 194 228 179 230 163 231 146 231 130 126 127 132 118 142 113 154 113 164 117 178 115 189 112 200 111 210 115 217 123 173 127 174 137 174 147 175 158 162 167 169 169 175 170 181 169 186 166 139 131 145 127 152 127 159 131 152 132 145 133 186 130 191 125 198 125 205 128 199 130 192 131 154 188 161 184 169 182 174 184 180 182 187 184 194 187 187 191 181 193 175 194 168 193 162 192 157 187 169 186 174 187 180 186 190 187 180 187 175 188 169 187
113 151 115 167 118 184 124 199 133 212 145 222 160 230 175 232 191 228 204 220 215 208 224 194 229 179 231 162 231 145 231 129 126 127 131 118 142 113 153 113 164 116 179 115 189 112 200 110 211 114 217 123 173 127 174 137 174 147 175 158 162 167 169 169 175 170 181 168 187 166 139 131 145 127 152 127 159 131 152 132 145 132 186 129 191 125 198 125 205 128 199 130 192 130 154 187 162 184 169 182 174 183 180 182 187 183 194 186 187 191 180 193 175 194 169 193 162 191 157 187 169 186 175 186 180 186 190 186 180 187 175 187 169 187
113 151 114 168 118 184 124 199 133 211 145 222 159 229 175 232 190 228 204 220 215 208 224 195 228 180 231 163 231 146 231 130 126 126 132 118 142 113 154 113 164 116 179 115 190 112 201 110 211 115 217 123 173 127 173 137 174 147 175 157 162 167 168 169 175 170 181 168 186 166 139 131 145 127 152 127 159 131 153 132 145 132 185 130 191 125 198 125 205 128 199 130 192 131 154 187 161 184 169 182 174 183 180 182 187 183 194 187 187 191 181 193 175 194 169 193 162 191 157 187 169 186 174 186 180 186 191 187 180 187 175 187 169 187
113 152 115 169 118 185 124 200 134 213 146 223 160 230 176 232 191 229 205 220 216 208 224 195 229 180 231 163 232 146 231 130 126 126 132 118 142 113 154 113 164 116 179 114 189 112 200 110 211 114 217 123 173 127 174 137 175 147 175 157 162 167 169 169 175 170 181 168 187 166 139 131 145 127 152 127 159 130 152 132 145 132 186 130 192 125 199 125 205 128 199 130 192 130 154 187 162 184 169 182 175 183 180 182 187 183 194 187 187 191 181 193 175 193 169 193 162 191 157 187 169 186 175 186 180 186 191 187 180 187 175 187 169 187
113 151 115 168 118 184 124 199 134 211 146 221 161 229 176 232 192 228 205 219 216 207 224 194 229 179 231 163 231 146 231 130 126 126 132 117 143 112 154 113 165 116 179 114 190 111 201 110 211 114 218 123 173 127 174 137 175 147 176 157 162 167 169 168 175 170 181 168 187 166 139 131 145 127 152 127 159 130 153 132 145 132 186 130 192 125 199 125 205 128 199 130 192 131 154 187 162 184 169 182 175 183 180 181 187 183 194 186 187 191 181 193 175 194 169 193 162 191 158 187 169 186 175 186 180 186 191 186 180 187 175 187 169 187
113 151 115 167 118 184 124 199 134 211 146 221 160 229 176 231 191 228 204 219 216 208 224 195 229 180 231 163 232 146 232 130 126 126 132 117 143 112 154 113 165 116 179 114 190 111 201 110 211 114 218 122 173 127 174 137 175 147 175 157 162 167 169 168 175 170 181 168 187 166 139 131 145 127 152 127 159 130 153 132 146 132 186 130 192 125 199 125 205 128 199 130 192 130 154 187 162 184 169 181 175 183 180 181 187 183 194 186 187 191 180 193 175 194 169 193 162 191 157 187 169 185 175 186 180 185 190 186 180 186 175 187 169 187
113 150 115 166 118 182 124 197 133 210 145 220 160 228 175 231 191 227 204 219 216 207 225 194 229 178 232 162 232 145 232 129 126 126 133 117 143 112 154 113 165 116 179 114 190 111 201 110 212 114 218 122 173 127 174 137 175 147 175 157 162 167 169 168 175 170 181 168 187 166 139 130 145 127 152 126 160 130 153 131 146 132 186 129 192 125 199 125 206 128 199 130 192 130 154 187 162 183 169 181 175 182 181 181 187 183 194 186 187 191 181 193 175 194 169 193 162 191 158 187 169 185 175 186 181 185 191 186 180 186 175 187 169 186
113 150 115 167 118 183 123 198 133 211 145 221 160 229 175 231 191 227 204 219 215 207 224 194 229 179 231 163 232 146 232 130 126 126 132 117 143 112 154 112 165 116 179 114 190 111 201 110 211 114 218 122 173 127 174 137 175 146 175 156 162 166 169 168 175 169 181 168 187 165 139 130 145 127 152 126 160 130 153 131 146 132 186 129 192 125 199 125 206 128 199 130 192 130 154 187 162 183 169 181 175 182 180 181 187 183 194 186 187 190 181 192 175 193 169 193 162 191 157 186 169 185 175 186 180 185 191 186 180 186 175 187 169 186
113 150 115 167 118 184 124 199 134 211 146 221 160 229 176 231 191 228 204 219 215 208 224 194 229 179 231 163 232 146 232 130 127 126 133 117 143 112 154 112 165 115 179 114 190 111 201 110 212 114 218 122 173 126 174 136 175 146 175 156 162 166 169 168 175 169 181 167 187 165 140 130 145 126 152 126 160 130 153 131 146 132 186 129 192 125 199 125 206 128 199 130 192 130 154 187 162 183 169 181 175 183 181 181 187 183 195 186 187 190 181 192 175 193 169 192 162 191 157 186 169 185 175 186 181 185 191 186 181 186 175 187 169 186
113 151 115 168 118 185 124 200 134 212 146 222 160 229 176 232 191 228 204 220 215 208 224 195 229 180 231 164 232 147 232 131 126 126 132 117 143 112 155 112 166 116 180 114 190 111 201 110 212 114 218 123 174 126 175 137 175 146 176 157 163 166 169 168 176 169 182 168 187 165 140 130 146 126 153 126 160 130 153 131 146 132 186 129 192 125 199 125 206 128 200 130 193 130 154 187 162 183 170 181 175 183 181 181 188 183 195 186 187 191 181 192 175 193 169 193 162 191 158 186 170 185 175 186 181 185 191 186 181 186 175 187 170 186
113 151 115 168 118 184 124 199 133 212 146 222 160 229 176 232 191 228 205 220 216 208 224 195 229 180 231 163 232 147 232 130 126 126 132 118 143 112 154 112 165 115 180 114 191 111 201 110 212 114 218 123 174 126 174 137 175 146 176 157 163 166 169 168 176 169 182 168 187 165 140 131 146 127 153 126 160 130 153 131 146 132 186 129 192 125 199 125 206 128 200 130 193 130 155 187 163 183 170 182 175 183 181 181 187 183 195 186 187 191 181 192 175 193 169 193 162 191 158 186 170 185 175 186 181 185 191 186 180 186 175 187 170 187
113 152 115 169 118 185 124 199 134 212 147 222 161 229 177 232 192 228 205 219 217 208 225 194 229 179 232 163 232 146 232 130 126 126 132 118 143 112 155 113 165 116 179 114 190 111 201 110 212 114 218 123 174 127 175 137 175 146 176 157 163 167 170 168 176 169 182 168 187 166 140 131 146 127 153 126 160 130 153 132 146 132 186 129 192 125 199 125 206 128 200 130 193 130 155 187 163 184 170 181 175 183 181 181 187 183 195 186 187 191 181 193 175 194 169 193 163 191 158 187 170 186 175 186 181 185 191 186 181 186 175 187 170 187
113 151 115 167 119 184 124 198 134 211 147 221 161 229 177 231 192 227 206 218 217 207 225 193 230 178 232 162 232 145 233 129 126 127 132 118 143 112 155 113 166 116 180 114 190 111 202 110 212 115 219 123 174 127 175 137 175 147 176 158 163 167 170 168 176 170 182 168 187 166 140 130 146 127 153 127 160 130 153 131 146 132 186 129 192 125 199 125 206 128 200 130 193 130 155 187 163 184 170 182 175 183 181 181 187 183 195 186 187 191 181 192 175 193 170 193 163 191 158 187 170 186 175 186 181 185 191 186 181 186 175 187 170 187
113 152 115 169 118 185 124 199 134 212 146 222 160 229 176 232 191 228 204 219 216 208 225 195 229 180 231 163 232 147 231 131 126 126 132 118 143 113 154 113 165 116 180 114 190 111 201 110 212 114 218 122 173 127 174 137 175 147 175 157 163 167 169 169 175 171 181 168 187 166 140 131 145 127 152 127 160 131 153 132 146 133 186 130 192 125 199 125 206 128 200 131 193 131 154 187 162 184 169 182 175 183 180 182 187 183 195 187 187 191 181 193 175 194 169 193 162 191 158 187 169 186 175 186 180 186 191 187 180 187 175 187 169 187
113 152 115 169 118 185 124 200 134 212 146 222 161 230 176 232 191 228 205 220 216 208 225 195 229 180 231 164 232 147 232 131 126 127 132 118 142 113 154 113 165 116 180 114 190 112 201 110 211 114 217 122 173 127 174 137 175 147 176 157 163 167 169 169 176 170 181 168 187 166 139 131 145 127 152 127 159 131 153 132 146 132 186 130 192 125 199 125 206 128 200 130 192 130 154 187 162 184 169 182 175 183 181 182 187 183 195 187 188 191 181 193 175 194 169 193 162 191 158 187 169 186 175 186 181 186 191 186 181 187 175 188 169 187
113 154 115 170 119 186 125 201 134 213 147 223 161 230 176 232 191 229 205 220 216 208 225 195 230 180 232 164 232 147 232 131 125 128 131 118 142 113 154 113 165 116 179 115 190 111 201 110 211 114 218 123 173 127 174 137 175 147 176 157 163 167 169 169 176 170 182 168 187 166 139 131 145 127 152 127 160 131 153 132 145 133 186 130 192 125 199 125 206 128 200 131 192 131 154 187 162 184 169 182 175 183 181 182 187 183 195 187 187 191 181 193 175 194 169 193 162 191 158 187 169 186 175 186 181 185 191 186 181 187 175 188 169 187
