110 159 112 175 116 190 121 205 130 217 142 227 155 234 169 236 183 232 195 224 206 212 215 199 219 184 221 169 222 153 222 137 122 135 127 127 137 122 148 123 157 126 171 125 180 122 191 120 201 123 207 130 165 137 166 145 166 154 167 163 156 173 161 175 167 175 173 174 178 173 134 140 140 137 146 136 153 140 147 141 140 142 177 139 183 134 190 134 196 137 191 139 184 139 149 195 155 190 162 188 167 189 172 188 179 189 185 194 179 200 173 203 168 203 162 203 156 200 152 194 162 192 167 192 172 191 182 194 172 196 167 197 162 197
110 159 112 174 116 190 121 204 130 216 142 226 155 234 169 236 184 232 196 223 207 212 215 199 219 185 221 169 222 154 222 138 122 135 128 127 137 122 148 123 157 126 171 125 180 122 191 120 201 123 207 130 165 137 165 145 166 154 166 163 155 174 161 175 167 176 172 175 178 173 134 141 140 137 146 136 153 140 147 141 140 142 177 139 183 134 190 134 196 137 190 139 184 139 149 195 155 190 162 188 167 189 172 187 179 189 186 194 179 200 173 203 168 204 162 204 156 201 152 195 162 192 167 192 172 191 182 194 172 197 167 198 162 197
110 158 112 174 116 189 121 204 130 216 141 226 155 234 169 236 183 232 196 223 207 212 215 199 219 184 221 169 222 153 222 138 122 135 128 127 137 122 148 123 158 126 171 125 180 122 191 120 201 123 207 130 165 136 166 145 166 154 167 164 156 174 161 175 167 176 173 175 178 173 134 140 140 137 146 136 153 140 147 141 140 141 177 139 184 134 190 134 196 137 190 139 184 139 149 195 155 190 162 188 167 189 172 188 179 190 186 194 179 200 173 203 168 204 162 204 155 201 152 194 162 192 167 192 172 192 182 194 173 197 167 198 162 198
111 158 113 174 116 189 121 204 130 216 142 227 155 234 169 236 183 232 196 224 206 212 215 199 219 184 221 169 221 153 222 138 123 134 128 127 138 122 148 123 157 126 171 125 181 122 191 120 201 123 208 131 165 137 165 145 166 154 166 163 156 174 161 175 167 176 172 175 178 173 134 140 140 137 146 136 153 140 147 141 140 142 177 139 183 134 190 134 196 137 190 139 184 139 148 195 155 190 162 188 167 189 172 187 179 189 186 194 179 200 173 204 167 205 162 204 155 201 152 194 162 192 167 192 172 191 182 194 172 198 167 198 162 198
111 159 113 174 116 190 121 204 130 216 141 227 154 234 169 237 183 233 195 224 206 213 214 200 219 185 221 170 222 154 222 138 123 134 128 127 138 122 148 123 157 126 171 124 181 122 191 120 201 123 208 131 165 136 166 145 166 154 167 163 156 173 161 175 167 176 172 175 178 173 134 140 140 137 146 136 153 140 147 141 140 141 178 139 184 134 190 134 196 137 191 139 184 139 149 194 155 190 162 188 167 189 172 187 179 189 186 194 180 201 173 204 168 205 162 204 155 201 153 194 162 191 167 192 172 191 183 194 173 198 167 198 162 198
111 158 112 173 116 189 121 203 130 216 141 226 155 234 169 236 184 232 196 223 207 212 215 199 219 184 221 169 222 153 222 138 123 134 128 126 138 122 148 123 158 126 171 125 181 121 191 120 201 123 208 130 165 136 166 145 166 154 167 163 156 173 161 175 167 176 172 174 178 172 134 140 140 137 146 136 153 140 147 141 140 141 178 138 184 134 190 134 196 137 190 139 184 139 149 195 155 190 162 187 167 188 172 187 179 189 186 193 180 200 173 204 168 205 162 204 155 201 152 194 162 191 167 192 172 191 183 193 173 198 168 198 162 198
111 158 113 173 116 189 121 203 130 216 141 226 154 234 169 236 183 232 195 224 206 213 215 199 219 185 221 169 222 154 222 138 123 134 129 126 138 122 148 123 158 126 171 125 181 122 191 120 201 123 208 130 165 136 166 145 166 154 167 163 156 173 161 175 167 175 172 174 178 172 135 140 140 136 146 136 153 140 147 141 140 141 178 138 184 134 190 134 196 137 191 139 184 139 148 194 155 190 162 188 167 189 172 187 179 189 186 193 180 200 173 204 168 205 162 204 155 201 152 194 162 192 167 192 172 191 182 193 173 197 168 198 162 198
111 159 112 175 116 190 121 204 130 217 142 227 155 234 169 236 184 233 196 224 207 212 215 199 219 185 221 170 222 154 222 139 122 135 128 127 138 122 148 123 158 126 171 124 181 122 191 120 201 123 208 131 165 136 166 145 166 154 167 163 156 173 161 175 167 176 173 174 178 172 134 140 140 136 146 136 153 140 147 141 140 141 178 139 184 134 190 134 197 137 191 139 184 139 149 194 155 190 162 188 167 189 172 187 179 189 187 193 180 200 173 204 168 205 162 204 155 201 152 194 162 191 167 192 173 191 183 193 173 198 168 198 162 198
111 158 113 174 116 189 121 204 130 216 141 227 154 234 169 236 183 232 196 224 207 213 215 200 219 185 221 170 222 154 222 139 123 134 128 127 138 122 148 123 158 126 171 125 181 122 191 120 201 123 208 130 165 136 166 146 166 154 167 164 155 174 161 175 167 176 172 175 178 173 135 140 140 136 146 136 153 140 147 141 140 141 178 139 184 134 190 134 197 137 191 139 184 139 149 194 155 190 162 188 167 189 172 187 179 189 186 193 180 200 173 203 168 204 162 204 156 201 152 194 162 192 167 192 172 191 183 193 173 197 168 198 162 197
111 158 112 173 115 188 121 203 129 215 141 225 154 232 169 235 183 231 196 223 207 212 215 199 219 184 221 169 222 153 222 138 122 134 128 127 138 122 148 123 157 126 171 124 181 122 191 120 201 123 208 130 165 136 166 145 166 154 167 163 156 173 161 175 167 176 172 174 178 173 134 140 140 136 146 136 153 140 147 141 140 141 178 139 184 134 190 134 197 137 191 139 184 139 148 194 155 190 162 188 167 189 172 187 178 189 186 193 179 198 173 200 168 201 162 200 156 198 152 194 162 192 167 193 172 192 182 193 172 194 167 194 162 194
110 158 112 173 115 188 120 203 128 215 140 224 153 230 168 233 183 230 196 222 207 212 215 199 219 184 221 169 222 153 222 138 122 135 128 127 137 122 148 123 158 126 171 125 181 122 191 120 201 123 208 131 165 137 166 146 166 154 166 163 155 174 161 175 167 176 172 175 178 173 134 140 139 136 146 136 153 140 146 141 140 141 177 139 184 134 190 134 197 137 191 139 184 139 148 193 156 190 162 187 167 188 172 186 178 189 186 192 179 197 172 198 168 199 162 199 156 197 152 193 162 191 167 191 172 191 182 192 172 192 167 193 162 193
111 159 113 174 115 189 120 203 129 215 140 225 154 232 168 235 183 231 196 223 207 213 215 200 219 185 222 169 222 153 222 138 122 135 127 127 137 122 147 123 157 125 171 124 181 121 192 119 202 123 208 131 165 136 166 145 167 154 167 163 155 173 161 175 167 176 173 175 178 173 134 140 140 136 146 136 153 139 147 140 140 141 177 138 183 134 190 134 196 137 191 139 184 139 148 193 155 190 162 188 167 189 172 188 179 190 186 193 179 197 172 199 167 199 162 199 155 197 151 193 162 192 167 192 172 192 182 193 172 193 167 193 162 193
110 159 112 175 115 190 121 204 129 216 141 227 154 234 168 236 183 233 196 224 207 213 215 200 219 185 221 169 221 154 222 138 121 135 127 127 137 122 148 123 158 126 171 124 181 121 191 119 202 123 208 131 166 136 166 145 167 153 167 163 155 173 161 175 167 176 173 175 178 173 135 139 140 136 147 135 153 139 147 140 140 141 177 138 183 134 190 134 196 137 191 139 184 139 147 194 154 190 161 188 167 189 172 188 179 189 186 193 180 198 173 200 167 201 162 200 154 198 150 193 161 192 167 192 172 192 183 193 172 194 167 195 162 195
110 159 112 174 115 190 120 204 129 216 140 226 153 234 167 237 181 233 193 225 204 213 213 200 218 186 221 170 222 154 222 138 122 135 128 127 137 122 148 123 158 126 171 124 181 121 191 120 201 124 208 131 165 136 166 145 166 154 166 163 155 173 161 175 167 176 172 175 178 172 134 140 139 136 146 136 153 139 147 140 140 141 177 138 183 134 190 134 196 137 190 139 184 139 147 194 154 190 161 188 166 189 172 187 179 189 185 193 179 199 172 202 166 203 161 202 154 200 151 193 161 191 166 191 172 191 182 193 172 196 166 197 161 196
110 159 112 174 115 190 121 204 130 216 141 226 154 234 168 236 182 232 195 224 205 212 214 200 219 185 221 169 222 154 222 138 122 135 127 127 137 122 148 123 158 126 170 124 180 121 191 119 202 123 208 131 165 136 166 145 166 154 167 163 155 173 161 175 167 176 173 175 178 172 134 140 139 136 146 136 153 139 147 140 140 141 177 138 183 134 190 134 196 137 190 139 184 139 148 193 155 189 161 187 167 188 173 187 179 189 186 192 179 198 173 201 167 202 161 202 155 199 152 193 161 191 167 191 173 190 182 192 173 195 167 196 161 196
110 159 112 175 116 190 120 204 129 215 140 225 153 233 167 235 181 232 194 224 205 213 214 201 219 186 222 170 222 154 222 139 121 135 127 127 137 122 148 123 157 126 170 124 181 121 191 119 202 123 208 131 165 136 166 145 166 154 167 163 155 173 161 175 167 176 172 175 178 172 134 140 140 136 146 136 153 139 147 140 140 141 177 138 183 134 190 134 196 137 190 139 184 139 147 193 154 189 161 187 166 188 172 187 179 188 185 192 179 196 172 199 167 200 161 199 154 197 151 192 161 191 166 191 172 190 182 192 172 193 166 194 161 193
110 160 112 175 115 190 120 203 129 215 141 224 154 231 168 233 183 230 195 222 206 213 214 200 219 186 221 170 221 155 222 139 122 134 127 126 137 122 148 123 157 126 171 124 180 121 191 119 201 123 207 130 165 136 165 145 166 154 167 163 155 173 161 174 167 175 172 174 178 172 134 140 139 136 146 136 152 139 146 140 140 141 177 138 183 134 190 134 196 137 190 139 184 139 147 192 155 189 161 187 166 188 172 187 178 188 185 192 178 196 172 197 166 198 161 198 155 196 151 192 161 191 166 191 172 191 182 191 172 191 166 192 161 192
110 158 112 174 115 189 120 203 129 215 141 224 154 231 168 234 182 230 195 223 206 212 214 200 219 185 221 170 222 154 222 138 122 134 127 127 137 122 147 123 157 126 170 124 180 121 191 119 201 123 208 130 165 135 165 145 166 154 166 163 155 173 161 174 166 176 172 174 177 172 134 140 139 136 146 136 152 139 146 140 140 141 177 138 183 134 190 134 196 137 190 139 183 139 147 192 154 189 161 187 166 188 171 187 178 188 185 192 178 196 172 198 166 199 161 198 154 196 150 192 161 191 166 191 171 190 181 191 171 192 166 193 161 192
110 158 112 174 115 189 120 203 129 215 140 225 153 232 167 235 181 231 194 223 205 213 213 201 218 186 221 170 221 154 222 139 121 135 127 127 137 122 147 123 157 126 170 124 180 121 191 119 201 123 207 131 164 136 165 145 166 154 166 163 154 173 160 175 166 176 172 174 177 172 134 140 139 136 145 136 152 139 146 140 139 141 177 138 183 134 189 134 196 137 190 139 183 139 147 193 154 190 160 188 166 189 171 187 178 189 185 192 178 197 172 199 166 200 161 200 154 198 151 193 161 191 166 191 171 191 181 192 171 193 166 194 161 194
110 158 112 173 116 188 121 203 130 215 141 225 154 233 168 235 182 231 195 223 205 212 214 199 219 185 221 169 221 153 222 137 121 135 127 127 136 122 147 123 157 126 170 124 180 121 191 119 201 124 207 131 164 135 165 145 165 153 166 163 154 173 160 175 166 176 172 174 177 172 134 140 139 137 145 136 152 139 146 140 140 141 176 138 183 134 189 134 196 137 190 139 183 139 148 194 155 189 161 187 166 188 172 187 179 189 185 192 179 198 172 201 167 203 161 202 155 199 152 193 161 190 166 191 172 190 181 192 172 195 166 196 161 196
110 158 112 174 115 189 120 203 129 215 140 226 153 234 168 236 182 232 194 224 205 213 214 200 218 185 221 169 221 153 222 138 120 135 126 127 136 123 147 123 157 126 170 124 180 121 191 120 201 124 207 131 164 136 165 145 166 154 166 163 154 173 160 175 166 176 172 175 177 172 133 140 139 137 145 136 152 139 146 140 140 141 176 138 183 134 189 134 195 137 190 139 183 139 148 194 155 189 161 187 166 189 172 187 179 189 185 193 179 199 173 203 167 204 161 203 155 200 152 194 161 191 166 191 172 190 182 193 173 196 167 197 161 197
110 159 112 175 115 190 121 204 130 216 141 226 154 233 169 235 183 231 196 223 206 211 214 198 218 184 220 168 221 153 221 137 120 135 126 127 136 123 146 123 156 126 170 125 180 122 191 120 201 123 207 131 164 136 165 145 165 154 166 163 155 173 160 175 166 175 172 174 177 172 133 140 139 137 145 136 152 139 146 140 139 141 177 138 183 134 189 134 196 137 190 139 183 139 148 194 154 189 161 187 167 188 172 187 179 188 186 193 179 199 173 203 167 204 161 203 155 200 152 194 161 191 167 191 172 190 182 193 172 197 167 198 161 197
110 159 112 174 115 190 121 204 129 216 141 226 154 234 168 236 183 232 195 224 206 212 214 199 219 184 221 169 222 153 222 137 121 135 127 127 136 123 147 123 157 126 170 125 180 122 190 120 201 124 207 131 165 136 165 145 166 154 166 164 155 173 160 174 166 175 172 174 177 172 134 140 139 137 145 136 152 139 146 140 139 141 177 138 183 134 189 134 196 137 190 139 183 139 148 194 154 189 161 187 167 188 172 186 179 188 186 193 179 200 173 203 167 204 161 203 155 200 152 194 161 190 167 191 172 190 182 193 172 197 167 198 161 197
110 159 112 175 115 190 120 204 129 216 141 226 154 234 169 236 183 232 195 224 206 213 214 199 219 185 221 169 221 153 222 138 121 135 127 127 137 122 147 123 157 126 170 124 180 121 191 120 201 123 207 131 165 136 165 145 166 153 166 163 155 173 161 175 167 176 172 174 178 172 133 140 139 137 145 136 152 139 146 140 140 141 177 138 183 134 190 134 196 137 190 139 183 139 148 194 154 189 161 187 166 188 172 187 179 188 186 193 180 200 173 203 167 204 161 203 155 200 152 194 161 190 167 191 173 190 182 193 173 196 167 197 161 197
110 159 112 174 115 189 120 204 128 216 140 226 153 233 168 235 182 232 195 224 206 213 214 200 219 185 221 170 221 154 222 138 121 136 126 127 136 122 147 123 157 126 170 125 180 121 190 120 201 123 207 131 165 135 165 145 166 154 166 163 155 173 160 174 166 175 172 174 178 172 134 140 139 136 145 136 152 139 146 140 139 141 177 138 183 134 190 134 196 137 190 138 183 138 148 193 154 189 161 187 167 188 172 186 179 188 186 192 179 199 173 202 167 203 161 202 155 199 151 193 161 190 167 191 172 190 182 192 173 196 167 197 161 196
110 159 112 175 115 190 120 204 129 216 141 225 154 233 169 235 183 231 196 223 206 211 215 199 219 184 221 169 221 153 221 138 121 135 127 127 137 122 147 123 157 126 170 124 180 121 191 119 201 123 207 131 165 135 165 145 166 153 167 163 155 173 161 174 167 176 172 174 178 172 134 140 139 136 146 136 152 139 146 140 140 141 177 137 183 134 190 134 196 137 190 138 183 138 148 194 154 189 161 186 167 188 173 186 180 188 186 192 180 198 174 201 167 202 161 201 154 199 151 193 161 190 167 190 173 190 182 192 173 195 167 196 161 195
110 158 112 174 115 189 120 204 129 216 141 226 154 233 169 235 183 231 195 223 205 212 214 200 219 185 221 170 221 153 222 138 121 135 127 127 136 122 147 123 157 125 170 124 180 121 191 119 201 123 207 131 165 136 165 145 166 153 166 163 154 173 160 174 167 176 172 174 178 172 134 140 139 136 145 136 152 139 146 140 140 141 177 138 183 134 190 134 196 137 190 138 183 139 147 193 154 188 161 186 166 188 173 186 180 188 186 192 180 198 173 202 167 203 161 202 154 199 151 193 161 190 167 190 173 189 182 192 173 195 167 196 161 196
110 159 112 174 115 189 120 204 129 216 141 226 154 233 169 235 183 232 195 223 206 212 215 199 219 184 221 169 221 153 222 138 121 135 127 127 136 122 147 123 157 126 170 124 180 121 190 120 200 123 207 131 165 136 165 145 166 154 166 163 155 173 161 175 167 176 172 174 178 172 134 140 139 136 145 136 152 139 146 140 140 141 177 138 183 134 190 134 196 137 190 138 183 138 147 193 154 188 161 186 167 188 173 186 180 188 186 192 180 199 173 202 167 203 161 202 154 199 151 193 161 190 167 190 173 189 182 192 173 196 167 197 161 196
110 158 112 174 115 189 120 203 129 215 140 225 153 233 168 235 182 232 194 223 205 212 214 200 219 185 221 169 221 153 222 138 121 136 126 127 136 122 147 123 157 126 170 124 180 121 191 120 201 124 207 131 165 135 165 145 166 154 166 163 155 173 161 175 167 176 172 174 177 172 134 140 139 136 145 136 152 139 146 140 140 141 177 138 183 134 189 134 196 137 190 138 183 139 147 193 154 189 161 187 167 188 173 186 180 188 186 192 180 199 173 202 167 203 161 202 154 199 151 193 161 190 167 191 173 190 182 192 173 196 167 197 161 196
110 158 112 174 115 189 120 203 129 215 141 225 154 233 168 235 182 232 194 223 205 212 214 200 219 185 221 169 221 153 221 137 121 136 126 127 137 122 148 123 157 126 170 125 180 121 190 119 200 123 206 131 165 136 165 145 166 154 167 163 155 173 161 174 167 176 173 174 178 172 135 141 140 138 146 137 153 139 147 141 141 142 177 138 183 135 189 136 195 137 189 139 183 139 147 194 154 189 161 187 167 188 173 186 180 188 186 192 180 199 174 202 167 203 161 202 154 199 151 193 161 190 167 190 173 190 182 192 173 196 167 197 161 196
110 157 112 173 115 188 120 202 129 215 141 225 154 233 168 235 183 231 195 223 206 211 215 198 219 183 221 167 221 151 221 136 122 135 127 127 137 122 148 123 157 126 170 124 180 121 190 119 200 123 206 131 165 137 165 146 166 154 167 163 155 173 161 174 167 176 173 174 178 172 136 142 141 141 147 140 154 141 148 142 142 143 176 140 182 138 188 139 194 139 188 141 182 141 148 194 154 189 161 186 167 188 173 186 180 188 186 192 181 199 174 202 167 203 161 202 154 200 152 193 161 190 167 190 173 190 183 193 173 196 167 197 161 196
110 157 111 173 115 188 120 202 130 215 141 225 154 233 169 235 183 231 196 223 206 211 215 198 220 183 222 167 222 151 221 136 122 134 127 126 137 122 148 123 157 126 170 124 180 121 190 119 200 123 206 130 165 137 165 146 166 154 167 163 154 173 161 175 167 176 173 174 178 172 135 142 141 141 147 140 153 141 148 142 142 143 176 140 182 138 188 138 194 139 189 141 183 141 147 193 154 188 161 186 167 187 173 186 180 188 186 192 180 199 174 202 167 203 161 203 154 200 151 193 161 190 167 190 173 189 182 192 173 196 167 197 161 196
110 157 112 173 115 188 120 202 129 214 141 224 154 233 168 235 182 231 195 222 206 211 215 198 219 183 222 167 222 151 222 136 121 134 127 126 137 122 148 123 157 126 170 125 180 121 191 119 201 123 207 130 165 136 166 145 166 154 167 163 154 173 161 175 167 176 173 174 178 172 135 141 140 139 147 138 153 140 147 141 141 142 177 139 183 137 189 137 195 138 189 140 183 140 147 193 154 188 161 186 167 188 173 186 180 188 186 192 180 198 174 202 167 203 161 202 154 199 151 193 161 190 167 191 173 190 182 192 173 195 167 196 161 196
110 158 112 173 115 188 120 202 129 214 140 224 153 232 167 234 181 231 194 223 205 212 214 199 219 184 221 169 221 153 221 138 121 135 126 127 136 122 147 123 157 126 170 124 180 121 191 120 201 123 207 130 165 136 165 145 166 154 166 163 154 173 160 174 166 176 172 174 178 172 134 141 139 138 145 137 152 139 146 140 140 141 177 138 183 135 189 136 195 137 189 139 183 139 147 193 154 188 161 186 166 188 172 186 179 187 185 192 179 197 173 199 166 201 160 200 154 198 151 192 161 189 166 190 172 189 181 191 172 194 166 195 161 194
110 160 112 175 115 190 120 203 128 215 140 225 153 232 167 234 182 230 195 222 206 211 215 199 219 184 221 169 221 153 221 138 120 136 126 127 136 122 147 123 157 126 170 124 180 121 191 119 201 123 207 131 165 135 165 144 166 153 167 163 154 173 161 174 167 175 173 174 178 172 134 140 139 137 145 137 152 139 146 140 140 141 176 137 183 135 189 135 195 137 190 138 183 138 147 193 154 188 161 186 166 187 172 186 179 187 186 191 179 195 173 198 167 199 161 198 154 196 151 192 161 189 166 190 172 189 182 191 173 192 166 193 161 193
110 160 112 176 115 191 120 205 129 216 140 226 154 232 168 234 182 231 195 223 205 213 214 200 219 186 221 170 221 154 222 139 120 135 126 127 136 122 147 123 156 126 170 124 180 121 191 120 201 123 207 130 165 135 165 144 166 153 166 163 154 173 160 175 167 176 172 174 178 172 133 140 139 137 145 136 152 139 146 140 139 141 176 138 183 134 189 134 196 137 190 138 183 138 146 193 154 188 161 186 166 187 172 186 179 187 186 191 179 195 173 198 167 199 161 198 154 197 150 192 161 189 166 190 172 189 182 191 172 192 166 193 161 192
110 161 112 176 115 191 120 205 129 216 141 225 154 232 168 234 182 230 195 222 206 212 215 199 219 185 221 169 222 154 222 138 120 137 126 128 136 122 147 123 157 126 170 124 180 121 191 120 201 124 207 132 164 135 165 144 166 153 166 163 154 173 160 174 166 175 172 174 178 172 133 140 139 137 145 136 152 139 146 140 139 141 176 138 183 134 189 134 196 137 190 138 183 138 147 192 154 188 161 186 166 187 173 186 179 187 186 191 179 195 173 197 167 198 161 198 154 196 150 192 161 189 167 190 173 189 183 191 173 191 167 192 161 192
110 160 112 175 115 190 120 204 128 216 140 225 153 232 167 234 182 231 195 223 206 213 215 200 219 186 221 170 221 154 221 139 121 136 127 128 136 123 147 123 157 126 170 124 180 121 191 119 201 123 207 131 164 135 165 144 165 153 166 163 154 173 160 174 166 176 172 174 178 171 133 140 139 137 145 136 152 139 146 140 139 141 176 138 183 134 189 134 195 137 190 138 183 138 147 192 154 188 161 186 167 188 173 186 180 187 186 191 179 195 173 197 167 198 161 198 154 196 150 192 161 189 166 190 173 189 183 191 173 191 167 192 161 192
110 160 112 175 115 190 120 204 128 215 140 225 153 231 167 234 182 230 194 223 205 213 214 200 219 186 221 170 221 154 221 139 121 135 126 127 136 122 147 123 157 126 170 124 180 121 191 119 201 123 207 131 164 135 165 144 165 153 166 163 154 173 160 174 166 176 172 174 177 172 133 140 139 137 145 136 152 139 146 140 139 141 176 138 183 134 189 134 196 137 190 138 183 138 147 192 154 188 160 186 166 187 172 186 179 187 186 191 179 195 173 197 167 198 161 198 154 196 150 192 161 189 166 190 173 189 183 191 172 191 166 192 161 191
110 160 112 176 115 191 120 204 129 216 140 225 154 232 168 234 183 231 195 223 206 212 215 199 219 185 221 169 221 153 221 138 120 136 126 127 136 122 147 123 157 126 170 124 180 121 191 120 201 123 207 131 164 135 165 144 166 154 166 163 154 173 160 175 167 176 172 174 178 172 133 140 139 136 145 136 152 139 146 140 139 141 176 138 183 134 189 134 196 137 190 138 183 138 147 193 154 188 161 186 166 188 173 186 179 187 186 191 179 195 173 197 167 198 161 198 154 196 150 192 161 189 167 190 173 189 182 191 173 191 166 193 161 192
110 159 112 175 115 190 120 204 129 215 140 225 153 232 168 234 182 231 195 223 205 212 214 199 219 185 221 169 222 153 222 138 121 135 126 127 136 122 147 123 157 126 169 124 179 121 190 120 201 123 207 131 164 135 165 145 165 153 166 163 154 173 160 175 166 176 172 174 177 172 133 140 139 136 145 136 152 139 146 140 139 141 176 138 183 134 189 134 196 137 190 138 183 138 147 193 154 188 161 186 166 188 172 186 179 188 186 191 179 196 173 199 167 200 161 199 154 197 150 192 161 190 166 190 172 189 182 191 172 193 167 194 161 193
110 159 112 174 115 189 120 203 129 215 140 225 154 232 168 234 183 231 195 222 206 212 215 199 219 184 221 169 222 153 222 138 120 136 126 128 136 122 147 123 157 126 170 124 180 121 191 119 201 123 207 131 164 135 165 145 165 153 166 163 154 173 160 174 166 175 172 174 177 171 133 140 139 136 145 136 152 139 146 140 139 141 177 138 183 134 189 134 196 136 190 138 183 138 147 194 154 188 161 186 166 187 173 186 180 187 186 192 180 197 173 200 167 201 161 201 154 198 151 193 161 189 167 190 173 189 182 191 173 194 167 195 161 195
110 159 112 174 115 189 120 203 129 215 141 225 154 232 169 235 184 231 196 222 207 211 215 198 219 183 221 168 221 152 221 137 120 136 126 127 136 122 147 123 157 126 170 124 180 121 191 119 201 123 207 130 164 135 165 145 166 153 166 163 154 173 160 174 167 176 172 174 178 171 133 140 139 136 145 136 152 139 146 140 139 141 176 138 183 134 189 134 196 136 190 138 183 138 147 193 154 189 161 186 167 188 173 186 180 188 186 192 180 198 174 201 167 202 161 201 154 198 151 193 161 189 167 190 173 189 183 192 173 195 167 196 161 195
110 159 112 174 115 189 120 203 129 216 141 226 155 233 169 235 183 231 196 222 207 211 215 198 219 184 221 168 221 152 221 137 120 136 125 127 136 122 147 123 157 126 169 124 179 121 190 119 200 123 207 131 164 135 165 144 165 153 166 163 154 173 161 174 167 176 172 174 178 172 133 140 139 136 145 136 152 139 146 140 139 141 176 138 183 134 189 134 195 137 190 139 183 139 147 194 154 188 161 186 167 188 173 186 180 188 187 192 180 198 174 202 167 202 161 202 154 199 151 193 161 189 167 190 173 189 183 192 173 195 167 196 161 196
110 158 112 174 115 189 120 203 129 215 141 225 155 232 169 235 183 231 195 222 206 211 214 199 219 184 221 169 221 153 221 138 120 136 126 127 136 122 147 123 157 126 169 124 179 121 190 119 201 124 207 131 164 136 165 145 165 153 166 163 154 173 160 174 167 176 172 174 177 172 133 140 139 136 145 136 152 139 146 140 139 141 176 138 183 134 189 134 195 137 190 139 183 139 148 193 154 188 161 186 167 187 173 186 180 188 186 192 180 199 174 202 167 203 161 202 154 199 151 193 161 190 167 190 173 189 182 192 173 196 167 197 161 196
110 158 112 174 115 189 120 203 129 215 140 225 154 232 168 235 182 231 195 223 206 212 214 199 219 184 221 169 222 153 222 137 120 135 126 127 136 122 147 123 157 126 169 124 180 121 190 119 201 123 207 130 164 135 165 145 165 153 166 163 154 173 160 174 166 175 172 174 177 171 133 140 139 136 145 135 152 138 146 140 139 141 176 137 183 133 189 134 195 136 190 138 183 138 148 193 154 188 161 186 167 187 173 186 180 187 186 192 180 199 173 203 167 204 161 203 154 200 151 193 161 190 167 190 173 189 182 192 173 196 167 197 161 196
110 159 112 175 115 190 120 204 130 216 141 226 155 234 169 236 183 232 195 223 206 212 215 199 219 184 221 168 222 152 222 137 120 135 126 127 136 122 147 123 156 126 170 124 180 121 191 119 201 123 207 131 164 135 165 145 165 153 166 163 154 173 160 174 166 175 172 174 178 171 133 140 139 136 145 136 152 139 146 140 139 141 176 138 183 134 189 134 195 136 189 138 183 138 148 193 154 188 161 186 167 187 173 185 180 187 186 192 180 200 174 203 167 204 161 204 154 200 151 193 161 190 167 190 173 189 182 192 173 197 167 198 161 197
110 159 112 174 115 189 120 204 129 216 141 226 154 234 169 236 183 232 195 223 206 212 215 199 219 184 221 168 221 153 221 138 120 135 126 127 136 122 147 122 157 126 169 124 179 121 190 119 201 123 207 131 164 136 165 145 165 153 166 163 154 173 160 174 166 176 172 174 178 172 133 140 138 136 145 136 152 139 146 140 139 141 176 138 182 134 189 134 196 136 190 138 183 139 148 194 154 188 161 186 166 187 173 186 180 187 186 192 180 200 174 204 167 205 161 204 154 201 151 193 161 190 167 190 173 189 182 192 173 197 167 199 161 198
110 159 112 174 115 189 120 204 129 216 141 226 154 234 168 236 182 232 195 223 205 212 214 199 219 184 221 169 221 153 222 137 120 136 126 127 136 122 147 123 157 126 169 124 179 121 190 120 200 123 207 131 164 136 165 145 165 154 166 163 154 173 160 175 166 176 172 174 178 172 133 140 138 136 145 135 152 139 146 140 139 141 176 138 183 133 189 134 196 137 190 139 183 139 148 194 154 188 161 186 167 187 173 186 180 187 186 192 180 201 174 205 167 206 161 205 154 201 151 193 161 190 167 190 173 189 182 193 173 198 167 199 161 198
110 158 112 174 115 189 120 203 129 216 141 226 154 234 168 236 182 233 194 224 205 212 214 200 219 185 221 170 221 154 221 138 121 135 127 127 136 122 147 123 157 126 169 124 179 121 190 119 200 123 207 131 164 136 165 145 165 153 166 163 154 173 160 174 166 176 172 174 177 172 133 140 139 136 145 136 152 139 146 140 139 141 176 138 183 134 189 134 195 137 190 138 183 138 147 194 154 188 161 186 166 187 173 186 180 188 186 192 180 200 173 204 167 205 161 204 154 201 151 193 161 190 167 190 173 190 182 192 173 198 167 199 161 198
110 159 112 175 115 190 121 204 129 216 141 227 154 234 169 236 183 232 195 223 206 212 215 198 219 184 221 168 221 152 222 137 121 135 126 127 136 122 147 123 157 126 169 124 180 121 190 119 201 123 207 131 164 136 165 145 165 154 166 163 154 173 160 175 166 176 172 174 177 172 133 140 139 136 145 136 152 139 146 140 139 141 176 138 182 134 189 134 195 137 189 139 183 139 148 194 154 189 161 186 166 188 173 186 180 188 186 193 180 200 174 203 167 205 161 204 154 200 151 193 161 190 167 191 173 190 182 193 173 197 167 198 161 197
110 159 112 174 115 189 120 203 129 215 141 226 154 234 168 236 182 232 195 224 206 212 214 199 219 184 221 168 221 152 221 137 121 135 126 127 136 122 147 123 156 126 169 124 179 121 190 119 200 123 207 131 164 136 165 145 165 154 166 163 154 173 160 175 166 176 172 174 177 172 133 140 139 136 145 135 152 139 146 140 139 141 176 138 182 133 189 134 195 136 189 138 183 138 147 194 154 189 161 187 166 188 173 186 180 188 186 192 180 199 173 203 167 204 161 203 154 200 151 193 161 190 167 191 173 190 182 192 173 196 167 197 161 197
110 158 112 174 115 189 120 203 129 215 141 225 154 233 168 236 183 232 195 223 205 212 214 199 219 184 221 169 221 153 221 137 121 135 126 127 136 122 146 123 156 126 170 124 180 121 190 119 200 123 207 130 164 135 165 144 165 153 166 163 155 173 160 174 166 176 172 174 177 172 133 140 139 136 145 136 152 139 146 140 139 141 176 138 182 134 189 134 195 137 189 138 183 138 147 194 154 189 161 187 166 188 173 186 179 188 186 192 180 198 173 201 167 203 161 202 154 199 151 193 161 190 167 191 173 190 182 192 173 195 167 196 161 196
110 160 112 175 115 190 120 203 129 215 140 225 153 232 168 235 182 231 195 223 206 212 215 199 219 184 221 168 221 152 221 137 120 135 126 127 136 122 147 123 156 126 170 124 180 121 190 119 200 123 206 131 164 136 165 145 165 153 166 162 154 173 160 174 166 175 172 174 177 171 133 140 139 136 145 136 152 139 146 140 139 141 176 137 182 134 189 134 195 136 189 138 183 138 147 194 154 189 161 187 166 188 173 186 179 188 186 192 179 197 173 200 167 201 161 200 154 198 151 193 161 190 167 190 173 189 182 191 173 194 167 195 161 195
110 159 112 175 115 190 120 204 129 216 140 225 153 232 167 235 181 231 194 223 205 213 214 200 219 186 222 170 222 154 222 138 121 135 126 127 136 122 147 122 157 125 169 124 180 121 190 119 201 123 207 130 164 135 165 144 165 153 166 162 154 173 160 174 166 175 172 174 177 171 133 140 139 136 145 136 152 139 146 140 139 141 176 137 183 134 189 134 195 136 189 138 183 138 147 193 154 189 161 187 166 188 172 186 179 188 185 191 179 196 173 199 167 200 161 199 154 198 151 193 161 190 166 190 172 190 182 191 172 193 166 194 161 193
110 157 112 173 115 188 120 203 129 215 140 225 153 232 167 234 181 231 194 223 206 212 214 199 219 184 221 168 221 152 221 137 122 134 128 126 137 122 148 123 157 126 170 124 180 121 190 119 200 123 206 130 165 136 165 145 166 153 166 162 155 173 161 174 167 175 172 174 177 172 135 141 141 139 147 138 153 139 147 141 141 142 176 138 182 136 189 136 195 137 189 139 183 139 147 193 154 189 161 187 167 188 172 186 179 188 186 191 179 196 173 198 167 199 161 199 155 197 151 192 161 190 167 191 173 190 182 191 172 192 167 193 161 193
110 158 112 173 115 188 120 203 129 215 140 224 153 232 167 234 181 230 195 222 206 212 215 199 220 184 222 168 222 152 222 137 123 134 128 126 138 122 148 122 157 125 170 124 180 121 191 119 201 123 207 130 165 136 165 145 166 153 167 162 155 173 161 174 167 175 172 174 178 172 136 142 142 140 148 139 154 140 149 142 142 143 176 139 182 138 188 138 194 138 188 140 183 140 147 193 154 189 161 187 166 188 172 186 179 188 186 191 179 196 173 198 167 199 161 199 155 197 151 192 161 191 167 191 172 190 182 191 172 192 167 193 161 192
110 158 112 173 115 188 120 203 129 215 140 225 154 232 168 234 183 230 197 222 207 211 216 198 220 183 222 167 222 151 222 136 122 135 127 127 137 122 148 122 158 126 170 125 180 121 191 119 201 123 207 130 165 136 166 145 166 153 167 162 155 173 161 174 167 175 173 174 178 172 136 142 142 140 148 139 154 141 148 142 142 143 176 140 183 137 189 137 195 138 189 140 183 140 147 192 155 189 161 187 167 188 172 186 179 188 186 191 179 195 173 197 167 198 162 198 155 196 151 192 162 190 167 191 173 190 183 191 172 191 167 192 161 192
110 158 112 173 115 188 120 202 129 214 140 224 154 232 168 234 183 230 196 222 207 211 215 198 220 183 222 167 222 152 222 136 121 135 127 127 137 122 148 122 157 126 171 124 181 121 191 119 201 123 208 130 165 136 166 145 166 153 167 162 155 173 161 174 167 175 173 173 178 172 135 141 141 139 147 138 153 140 148 141 141 142 177 138 184 136 190 136 196 137 190 139 184 139 147 192 155 189 161 187 167 188 172 186 179 188 186 191 179 195 173 196 167 197 161 197 155 196 150 191 162 190 167 190 172 190 182 191 172 190 167 191 161 191
111 159 113 174 116 189 120 203 129 215 140 225 153 231 168 233 183 230 195 222 207 212 215 199 220 185 222 170 222 154 222 139 122 135 128 127 137 122 148 123 158 126 171 124 181 121 191 119 201 123 208 130 165 136 166 145 166 153 167 162 155 173 161 174 167 175 173 174 178 172 135 140 140 138 146 137 153 139 147 141 141 141 177 138 184 135 190 135 196 137 190 139 184 139 148 192 155 189 162 186 167 187 172 186 179 188 186 191 179 195 173 196 167 197 162 197 155 196 151 192 162 190 167 190 172 190 183 191 172 190 167 191 162 191
110 159 112 175 116 190 121 204 130 216 141 225 154 231 168 234 182 230 195 222 206 212 215 199 220 185 222 169 222 153 222 138 122 135 128 127 137 122 148 123 157 126 171 124 181 121 191 119 201 123 208 130 165 135 166 144 166 153 167 162 155 173 161 174 167 175 173 173 178 172 134 140 140 137 146 136 153 139 147 140 141 141 177 138 183 134 190 135 196 137 190 139 184 139 148 192 155 189 162 186 167 187 172 186 179 188 186 191 179 195 173 197 167 197 162 197 156 196 151 192 162 190 167 191 172 190 183 191 172 191 167 191 162 191
110 159 113 174 116 189 120 203 129 215 140 225 153 231 168 233 182 230 195 222 206 212 215 199 219 185 221 169 222 153 222 137 122 135 127 127 137 122 148 123 157 126 171 124 181 121 191 119 201 123 207 130 165 135 166 144 166 153 167 162 155 173 161 174 167 175 173 174 178 172 134 140 140 137 146 136 153 139 147 140 141 141 177 138 183 134 190 134 196 137 190 139 183 139 148 192 155 189 162 187 167 188 172 186 179 188 186 191 179 195 172 196 167 197 162 197 155 196 151 191 162 190 167 190 172 190 183 191 172 191 167 191 162 191
111 159 113 174 116 189 120 203 129 215 140 224 154 231 168 233 182 229 195 222 206 212 215 199 220 185 222 169 222 153 222 138 121 135 127 127 137 122 148 123 157 126 171 124 181 121 191 119 201 123 207 131 165 135 166 144 166 153 167 162 155 173 161 174 167 175 173 173 178 172 134 140 140 137 146 136 153 139 147 140 140 141 177 138 183 134 190 134 196 137 190 138 183 139 147 192 155 188 162 186 167 187 172 186 179 188 186 190 179 195 172 196 167 197 162 197 155 195 151 191 162 190 167 190 172 190 183 190 172 190 167 191 162 191
110 159 112 175 115 190 120 203 129 215 140 224 154 230 168 233 182 229 195 222 206 211 215 199 220 185 221 169 221 153 221 138 122 134 128 127 138 122 148 123 157 126 171 124 181 121 191 119 201 123 207 130 165 135 166 144 166 153 167 162 155 173 161 174 167 175 173 173 178 172 134 140 139 137 146 136 153 139 147 140 140 141 177 138 183 134 190 134 196 137 190 138 183 138 147 192 155 188 162 186 167 187 172 186 179 188 186 191 179 195 173 196 167 197 162 197 155 195 151 191 162 190 167 190 172 190 183 191 172 190 167 191 162 191
110 159 112 175 116 190 121 204 129 215 141 224 154 231 168 233 183 230 195 222 206 212 215 199 219 185 221 169 221 153 221 138 122 134 127 126 137 122 148 123 157 126 171 124 181 121 191 119 201 123 207 130 165 135 166 144 167 153 167 162 155 173 161 174 167 175 173 174 178 172 134 140 140 136 146 136 153 139 147 140 140 141 177 138 183 134 190 134 196 137 190 139 184 139 148 191 155 189 162 186 167 187 172 186 179 188 186 190 179 195 173 196 167 197 162 196 155 195 151 191 162 190 167 190 172 190 183 190 172 190 167 191 162 191
110 159 112 174 116 189 120 203 129 215 140 224 154 231 168 233 183 230 195 223 206 212 215 199 220 185 221 169 221 153 221 138 121 136 127 127 137 122 148 123 157 126 171 124 181 121 191 119 202 123 208 131 165 135 166 144 167 153 167 162 155 173 161 174 167 175 173 174 178 172 134 140 140 136 146 136 153 139 147 140 140 141 177 138 183 134 190 134 196 137 190 138 184 138 148 192 155 189 162 186 167 187 172 186 179 188 186 191 179 195 173 196 167 197 162 197 155 195 151 191 162 190 167 190 172 190 183 190 172 190 167 191 162 191
110 159 112 174 115 189 120 203 128 215 140 224 153 231 168 233 182 230 195 222 206 212 215 200 219 185 221 170 221 153 221 138 121 136 127 128 137 122 147 123 157 126 170 124 180 121 191 119 201 123 207 131 165 135 166 144 166 153 167 162 155 173 161 174 167 175 173 173 178 172 134 140 139 136 146 136 153 139 147 140 140 141 177 138 183 134 190 134 196 137 190 138 183 138 147 192 155 189 162 186 167 187 172 186 179 188 186 191 179 195 172 196 167 197 162 197 155 195 150 191 162 190 167 190 172 190 183 190 172 190 167 191 162 191
110 159 112 175 115 190 120 203 129 215 141 225 154 231 169 233 183 229 196 222 207 211 215 199 220 185 221 169 222 153 222 138 122 135 127 127 137 122 148 123 157 126 170 124 180 121 191 119 201 123 207 131 165 135 166 144 166 153 167 162 155 173 161 174 167 175 173 173 178 172 134 140 139 136 146 136 153 139 147 140 140 141 177 138 183 133 189 134 196 137 190 138 183 138 147 192 155 188 162 186 167 187 172 186 179 188 186 190 179 194 172 196 167 197 162 196 155 195 150 191 162 190 167 190 172 190 183 190 172 190 167 191 162 191
110 160 112 175 115 190 120 203 129 215 140 224 153 230 168 232 182 229 195 222 206 212 215 200 219 185 221 170 221 154 221 139 121 136 127 128 137 123 147 123 157 126 170 124 180 121 191 119 201 123 207 131 165 135 165 144 166 153 167 162 155 173 161 174 167 174 172 173 178 172 134 140 139 136 146 135 153 139 147 140 140 141 177 138 183 133 189 134 196 137 190 138 183 138 147 192 155 189 162 186 166 187 172 186 179 188 186 191 179 194 172 196 167 197 162 197 155 195 150 191 162 190 167 190 172 190 182 190 172 190 167 191 162 191
110 160 112 176 115 190 121 204 129 216 141 225 154 231 168 232 182 229 195 222 206 212 215 199 220 185 222 170 222 154 221 139 121 135 127 127 137 122 147 123 156 126 170 124 180 121 191 119 201 123 207 130 165 135 165 144 166 153 166 162 154 173 160 174 166 174 172 173 178 172 133 140 139 136 146 135 152 139 146 140 140 141 176 138 183 133 189 134 196 136 190 138 183 138 147 192 155 189 161 186 166 187 172 186 178 188 186 190 178 194 172 196 167 196 162 196 155 195 150 191 161 190 166 190 172 189 182 190 172 190 166 191 162 191
110 160 112 175 115 190 120 204 129 216 140 225 154 231 168 233 182 229 195 222 207 212 215 200 219 185 221 170 221 154 221 139 120 136 126 127 136 122 147 123 157 126 170 124 180 121 191 119 201 123 208 131 165 135 165 144 166 152 166 161 154 173 161 174 167 174 172 173 178 171 134 140 139 136 146 135 153 139 147 140 140 141 177 138 183 133 190 134 196 136 190 138 183 138 147 192 155 189 161 186 166 187 172 186 178 188 186 190 179 194 172 195 167 196 162 196 155 195 150 191 162 190 166 190 172 190 183 190 172 190 166 191 162 190
110 160 112 176 115 191 121 204 129 216 141 225 155 231 169 233 184 229 196 222 207 211 215 199 219 185 221 169 222 154 222 139 121 135 127 127 136 122 147 123 156 126 170 124 180 121 191 119 201 123 207 131 164 135 165 144 166 152 166 161 154 173 161 174 167 174 172 173 177 172 133 140 139 136 145 135 152 139 146 140 139 141 176 138 183 133 190 133 196 136 190 138 183 138 147 192 155 188 161 186 166 187 172 186 178 187 186 190 178 194 172 195 167 196 161 196 155 195 150 191 161 190 166 190 172 189 182 190 172 190 166 191 161 190
110 160 112 176 116 191 120 204 129 216 141 225 154 231 169 233 183 229 196 222 207 212 215 199 220 185 222 170 222 154 221 139 120 135 126 127 136 122 147 123 156 126 170 124 180 121 191 119 201 123 207 130 165 135 165 144 166 152 166 162 155 173 161 174 167 174 172 173 178 172 133 140 139 136 146 135 152 139 146 140 140 141 177 138 183 133 189 133 196 136 190 138 183 138 147 191 155 188 161 186 166 187 172 186 178 187 186 190 178 194 172 195 167 196 162 196 155 195 150 191 161 190 166 190 172 189 182 190 172 190 166 190 162 190
110 160 112 175 115 190 120 204 129 216 141 225 155 231 169 232 183 229 196 221 207 211 215 199 219 185 221 169 221 154 221 139 121 134 127 127 137 122 147 123 156 126 170 124 180 121 191 119 201 123 207 130 165 136 165 144 166 153 167 162 155 173 161 174 167 174 172 173 178 172 133 140 139 136 146 135 152 139 146 140 139 141 176 138 183 133 189 134 196 136 190 139 183 139 147 192 155 188 162 186 166 187 172 186 178 187 186 190 178 194 172 196 167 197 162 196 155 195 151 191 162 190 166 190 172 190 182 190 172 190 167 190 162 190
