138 145 139 161 143 175 148 189 157 200 168 210 181 217 194 219 207 216 219 208 230 197 238 185 242 171 244 156 245 140 245 126 148 122 154 114 164 110 174 111 184 114 196 113 206 110 216 109 225 112 232 119 191 124 192 133 192 141 193 150 181 160 187 162 193 163 198 161 203 159 161 127 166 124 173 123 179 127 173 128 166 128 202 126 208 122 214 122 220 125 215 127 208 127 174 180 181 176 187 175 192 176 197 175 204 176 211 180 204 185 198 187 193 188 187 187 181 185 177 180 187 178 192 178 198 178 207 180 198 181 193 182 187 181
138 144 139 159 143 174 148 188 157 199 168 209 180 217 193 219 207 216 219 208 229 197 237 185 242 171 244 156 245 140 245 125 148 122 154 114 164 110 174 111 184 114 196 113 205 110 216 109 226 112 232 119 191 124 191 133 192 141 192 150 181 159 187 161 192 163 198 161 203 159 161 127 166 123 173 123 179 127 173 128 167 128 202 126 208 122 215 122 220 125 215 127 208 127 174 180 181 176 187 174 192 175 197 174 203 176 210 180 204 185 198 188 192 189 187 188 181 185 177 180 187 177 192 177 197 177 207 180 197 182 192 183 187 182
138 144 140 160 143 175 149 189 157 200 168 210 180 217 193 219 207 216 219 208 229 198 237 185 242 171 244 156 245 140 245 125 149 121 155 114 165 110 175 111 184 114 196 113 206 110 216 108 225 112 232 119 191 124 191 133 192 141 192 151 181 159 187 161 192 163 198 161 203 159 161 127 166 124 173 123 179 127 173 128 167 128 202 126 208 122 215 122 220 125 215 127 209 127 174 180 180 176 187 174 192 175 197 174 204 176 210 180 204 186 198 188 192 189 187 188 180 185 177 180 187 177 192 177 197 177 207 180 197 182 192 183 187 182
138 143 139 159 142 174 148 188 157 200 167 210 180 217 193 219 207 216 219 208 229 198 237 185 242 171 244 156 245 140 245 125 149 122 154 114 164 110 174 111 184 114 196 113 206 110 216 108 226 112 232 119 191 124 191 133 192 141 192 151 181 159 186 161 192 163 198 161 203 159 161 127 166 124 173 123 179 126 173 128 167 128 202 126 208 122 215 122 220 125 215 126 208 126 174 180 181 176 187 174 192 175 197 174 204 176 211 180 204 186 198 188 192 189 187 188 181 186 177 180 187 177 192 177 197 177 207 180 198 183 192 183 187 183
138 144 140 160 143 175 149 189 157 200 168 210 180 218 194 220 207 217 219 208 229 198 237 185 241 171 244 156 245 141 245 126 149 122 155 114 164 110 175 111 184 114 196 113 206 110 216 109 225 112 232 119 191 124 192 133 192 142 192 151 181 159 187 161 192 163 198 161 203 159 161 127 166 124 173 123 179 127 173 128 167 128 203 126 208 122 215 122 220 125 215 127 209 127 174 181 181 176 187 174 192 176 197 174 204 176 210 180 204 186 198 189 192 190 187 189 181 186 178 180 187 177 192 178 197 177 207 180 197 183 192 184 187 183
138 144 140 160 143 175 149 189 157 201 168 211 181 218 194 220 208 217 220 208 230 197 238 185 242 171 244 156 245 140 245 125 149 122 154 114 164 110 174 111 184 114 196 113 206 110 216 108 226 112 232 119 191 124 192 133 192 142 193 151 182 160 187 162 193 163 198 162 203 159 161 127 166 124 173 123 179 127 173 128 167 128 203 126 208 122 215 122 221 125 215 127 209 127 174 180 181 176 187 174 192 175 197 174 204 176 210 180 204 186 198 189 192 190 187 189 181 186 178 180 187 177 192 177 197 177 207 180 197 183 192 184 187 183
138 144 140 159 143 174 149 189 158 200 168 210 180 218 194 220 207 217 219 209 229 198 237 186 242 172 244 157 245 141 245 126 149 122 155 114 164 110 175 111 184 114 196 113 206 110 216 108 226 112 232 119 191 124 192 133 192 142 192 151 181 160 187 161 192 163 198 161 203 159 161 127 166 124 173 123 179 127 173 128 167 128 203 126 208 122 215 122 221 125 215 127 209 127 175 180 181 176 187 174 192 175 197 174 204 176 210 180 204 187 198 189 192 190 187 189 181 186 178 180 187 177 192 177 197 177 207 180 197 183 192 184 187 183
138 143 140 159 143 174 148 188 157 200 168 210 180 218 194 220 207 217 219 208 229 198 237 185 242 171 244 156 245 140 245 125 149 121 154 114 164 110 175 111 184 114 196 113 206 110 216 108 226 111 232 118 191 124 192 133 192 141 192 151 181 159 187 161 193 163 198 161 203 159 161 127 167 124 173 123 179 126 173 128 167 128 203 126 209 122 215 122 221 125 215 127 209 127 175 180 181 176 187 174 192 175 198 174 204 176 210 180 204 186 198 189 192 190 187 189 181 186 178 180 187 177 192 177 198 177 207 180 198 183 192 184 187 184
138 143 140 159 143 174 148 188 157 200 168 210 180 218 193 220 207 217 219 209 229 198 237 185 242 171 244 156 245 140 245 125 149 121 155 114 164 110 174 111 184 114 196 113 206 110 216 108 226 112 232 119 191 125 192 133 192 142 192 151 181 160 187 161 192 163 198 161 203 159 161 127 166 124 173 123 179 127 173 128 167 128 203 126 208 122 215 122 221 125 215 127 209 127 174 180 181 176 187 174 192 175 197 174 204 176 210 180 204 187 198 190 192 191 187 190 181 187 178 180 187 177 192 177 197 177 207 180 197 184 192 184 187 184
138 143 140 159 143 174 148 188 157 200 167 210 179 218 193 220 206 217 218 208 229 198 237 185 242 171 244 156 245 140 245 125 149 121 155 114 164 110 175 111 184 114 196 113 205 110 216 108 225 112 231 119 191 124 191 133 192 142 192 151 181 160 186 161 192 163 198 161 203 159 161 127 166 124 172 123 179 127 173 128 167 128 202 126 208 122 214 122 220 125 215 127 208 127 174 180 180 176 186 174 192 175 197 174 203 176 210 180 204 187 197 190 192 191 186 190 180 187 178 180 187 177 192 177 197 177 206 180 197 184 192 185 187 184
138 143 139 158 142 173 148 188 156 200 167 210 179 218 193 220 207 217 219 208 229 197 237 185 242 170 244 155 245 139 246 124 149 121 155 114 164 110 175 111 184 114 196 113 205 110 215 109 225 112 232 118 191 124 191 133 192 142 192 151 181 160 187 162 192 163 198 162 203 159 161 127 166 124 172 123 179 127 173 128 167 128 202 126 208 122 215 122 220 125 215 127 208 127 174 180 180 176 187 174 192 175 197 174 204 176 210 180 204 187 198 190 192 191 187 190 180 187 178 180 187 177 192 177 197 177 206 180 197 184 192 185 187 184
138 143 140 159 143 175 148 189 156 202 167 211 180 219 193 221 206 217 218 209 228 198 237 186 242 172 244 156 245 140 245 125 149 122 154 114 164 110 174 111 184 115 196 113 205 110 216 109 226 112 232 119 191 124 191 133 192 142 192 151 181 160 186 162 192 163 197 162 203 160 161 127 166 124 172 123 179 127 173 128 166 128 202 126 208 122 215 122 220 125 215 127 208 127 174 181 180 176 186 174 192 175 198 174 204 176 210 181 204 187 198 190 191 190 185 189 179 187 177 180 186 177 192 177 197 177 206 180 197 184 192 184 186 184
138 144 140 160 143 176 148 190 157 202 168 211 180 218 193 220 206 217 218 209 228 198 237 186 242 172 244 156 245 140 245 125 148 122 154 114 164 110 174 111 183 114 196 113 205 110 216 109 225 112 231 119 191 124 191 133 192 142 192 151 181 160 186 162 192 163 197 162 203 160 160 127 165 124 172 123 179 127 173 128 166 129 202 126 208 122 214 122 220 125 215 127 208 127 173 181 180 176 186 174 192 175 197 174 204 176 210 181 204 187 198 189 192 190 186 189 179 187 177 181 186 177 192 177 197 177 206 180 197 183 192 184 186 184
138 144 140 161 142 176 148 190 156 202 167 212 179 219 192 221 205 218 217 210 228 199 236 186 241 172 244 156 245 140 245 125 149 122 154 114 164 110 174 112 183 115 196 113 205 110 215 109 225 112 231 119 191 124 191 133 192 142 192 152 180 160 186 162 192 164 197 162 202 160 160 127 165 124 172 123 178 127 172 128 166 129 202 126 208 122 214 122 220 125 215 127 208 127 173 181 179 176 185 174 191 175 197 174 203 176 209 181 203 187 197 190 191 191 185 190 179 187 177 181 186 177 191 178 197 177 206 181 197 184 191 185 185 184
138 144 139 160 142 175 148 189 156 201 167 211 179 219 193 221 207 218 219 209 229 198 237 185 241 171 244 156 245 141 245 126 148 122 153 115 163 111 173 111 183 115 195 113 205 111 215 109 225 112 231 119 190 125 190 134 191 142 191 152 180 160 186 162 192 164 197 162 202 159 160 127 165 124 172 124 178 127 172 128 166 129 202 126 208 122 214 122 220 125 214 127 208 127 174 181 180 176 186 174 192 176 197 174 204 176 210 180 204 187 198 190 192 191 186 190 180 187 177 180 186 177 192 178 197 177 206 180 197 184 192 185 186 184
138 144 139 160 142 175 148 189 157 202 167 211 179 219 193 221 206 217 218 209 228 198 237 185 242 171 244 156 245 140 245 124 148 122 154 115 163 110 174 112 183 115 195 113 205 110 215 109 225 112 231 119 190 124 191 133 191 142 192 151 180 160 186 162 192 163 197 162 202 160 160 127 165 124 172 124 178 126 172 128 166 128 201 126 208 122 214 122 220 125 214 127 208 127 173 181 179 176 185 174 191 175 197 174 204 175 210 180 204 186 198 189 191 190 185 189 179 186 176 180 186 177 191 177 197 177 206 180 197 183 191 184 185 184
138 145 139 161 142 176 147 190 156 202 167 211 179 218 192 221 206 217 218 209 228 199 237 186 242 172 244 157 245 141 245 125 148 122 153 115 163 111 173 112 183 115 195 114 205 110 215 108 225 112 231 119 190 124 190 133 191 142 191 151 180 160 185 162 191 163 197 162 202 159 160 127 165 124 172 124 178 127 172 128 166 128 201 126 207 122 214 122 220 125 214 127 208 127 173 181 179 176 185 174 191 175 197 174 204 175 210 180 204 186 197 189 191 189 185 189 179 186 176 180 186 177 191 177 197 177 207 180 197 183 191 184 186 183
138 145 139 161 142 176 148 190 157 202 167 211 179 217 192 220 206 216 218 208 228 198 237 186 241 172 244 156 244 140 245 124 147 122 153 115 162 111 173 112 183 115 195 113 205 110 215 109 225 112 231 119 190 124 191 133 191 142 192 152 180 160 186 162 192 163 197 162 202 159 160 127 165 124 171 124 178 127 172 128 166 129 201 126 207 122 214 122 220 125 214 127 208 127 172 180 179 175 186 173 191 175 197 173 204 175 210 179 204 184 197 187 191 187 185 186 179 184 176 179 186 176 191 177 197 176 206 179 197 181 191 182 185 181
138 144 139 160 142 175 147 189 156 201 167 210 179 216 192 219 205 215 217 208 228 198 236 186 241 172 244 157 244 140 245 124 148 122 153 114 163 110 173 111 183 115 195 113 205 110 215 108 225 111 231 119 190 123 190 133 191 141 191 151 179 160 185 162 191 163 197 161 202 159 160 127 165 124 171 123 178 126 172 128 165 128 201 125 207 122 214 122 220 125 214 126 208 126 172 179 179 175 185 173 191 175 197 173 203 175 210 179 203 183 197 185 191 186 185 185 179 183 175 179 185 176 191 177 197 176 206 178 196 179 191 180 185 180
137 145 139 161 142 176 147 189 156 200 167 209 179 216 192 218 206 215 218 208 229 198 237 186 242 172 244 157 245 141 246 126 148 122 153 114 163 110 173 111 182 114 195 113 205 110 215 108 225 112 231 119 190 124 190 133 190 142 190 151 179 160 185 162 191 163 196 162 201 160 160 127 165 124 172 123 178 126 172 128 166 128 201 126 207 122 214 122 220 125 214 127 208 127 172 179 179 175 185 173 190 175 196 173 203 175 210 178 203 183 197 185 191 186 185 185 179 183 175 178 185 177 191 177 196 177 206 178 196 179 191 179 185 179
137 144 139 160 142 175 147 189 155 201 166 210 179 217 193 219 207 215 219 208 229 198 237 186 242 172 244 157 244 141 245 125 148 121 153 114 163 110 173 111 182 115 195 113 204 110 214 108 224 111 231 118 190 123 190 133 191 142 191 151 179 160 185 162 191 163 197 162 202 159 160 127 165 124 171 124 178 127 172 128 166 129 201 126 207 122 214 122 219 125 214 127 207 127 172 180 179 175 185 174 191 175 196 174 203 175 209 179 203 183 197 184 191 185 185 184 179 183 175 179 185 177 191 177 196 177 206 179 196 179 191 180 185 179
138 145 139 161 142 176 148 190 156 202 167 211 179 217 192 219 206 216 218 208 228 198 237 186 242 172 244 156 245 140 245 124 147 121 153 113 163 110 173 111 182 114 195 113 204 110 215 108 225 111 231 118 190 124 190 133 191 141 191 151 179 160 185 162 191 163 197 161 202 159 160 127 165 124 171 123 177 127 171 128 165 129 201 126 207 122 214 122 219 125 214 127 208 127 172 180 179 175 185 174 191 175 197 174 203 175 209 179 203 184 197 186 191 186 185 186 178 184 176 179 185 176 191 177 197 177 206 179 196 180 191 181 185 180
137 145 139 161 142 176 148 190 156 202 167 211 179 218 192 220 205 217 217 209 228 198 236 186 241 172 243 157 244 140 245 125 148 122 153 114 163 110 173 112 182 115 194 113 204 110 214 108 224 111 230 118 189 123 190 133 190 141 190 151 179 160 185 162 191 163 196 162 201 159 159 127 165 124 171 123 177 126 171 128 165 128 201 126 207 122 213 122 219 125 214 127 207 126 173 180 179 176 185 174 191 175 197 174 203 175 210 180 203 185 197 188 191 188 185 187 179 185 176 180 185 177 191 177 197 176 206 179 197 182 191 183 185 182
138 144 139 161 142 176 148 190 156 202 167 211 179 218 192 220 205 217 217 209 228 198 236 186 241 172 244 156 244 140 245 124 147 123 153 115 163 110 173 112 183 115 194 113 203 110 214 109 224 112 230 119 190 124 190 133 190 141 190 151 179 160 185 162 190 163 196 161 202 159 159 127 165 124 171 123 178 127 172 128 165 128 201 126 207 122 213 122 219 125 214 126 207 127 173 181 178 175 185 173 191 174 197 173 204 175 210 180 204 186 197 189 191 189 185 189 178 186 176 180 185 176 191 176 197 176 206 179 197 183 191 184 185 183
138 144 139 160 142 175 147 189 155 201 166 211 178 218 191 220 205 217 217 209 228 198 236 185 241 171 244 156 244 139 245 124 147 123 153 115 162 111 173 112 182 115 194 113 204 110 214 109 224 112 230 120 189 124 190 133 190 142 190 151 179 160 185 162 191 163 196 162 202 159 159 127 165 124 171 124 178 127 172 128 165 128 201 126 207 122 213 122 219 125 214 126 207 126 173 180 179 175 185 173 191 174 197 173 204 175 210 180 204 186 197 189 191 189 185 188 178 186 176 180 185 176 191 177 197 176 206 180 197 183 191 184 185 183
137 144 139 160 142 175 147 189 155 201 166 211 179 218 192 220 206 217 218 209 229 198 237 185 241 171 244 156 245 140 245 125 147 123 153 115 162 111 173 111 182 114 194 113 204 110 214 109 224 112 230 120 189 124 189 133 190 141 190 151 179 160 185 162 191 163 196 162 202 159 159 127 165 124 171 123 178 126 172 128 165 128 201 126 207 122 213 122 219 125 214 127 207 127 173 180 179 175 185 173 191 174 197 173 204 175 210 180 204 186 197 189 191 189 185 188 178 186 176 180 185 176 191 177 197 176 206 180 197 183 191 183 185 183
137 143 139 159 142 174 147 189 156 201 166 210 179 218 192 220 205 217 218 208 228 197 237 184 241 170 244 155 244 139 245 123 147 123 152 115 162 111 173 111 182 114 194 113 204 110 214 109 224 112 230 120 190 124 190 133 190 141 191 150 179 159 185 161 191 163 197 161 202 159 159 127 165 124 171 123 178 126 172 127 165 128 201 125 207 122 213 122 219 124 214 126 207 126 173 180 179 175 185 173 191 174 197 172 204 175 210 180 204 186 198 188 191 189 185 188 178 185 176 179 185 176 191 176 197 176 207 179 197 182 191 183 185 182
137 144 139 159 141 174 147 188 155 200 166 210 178 217 192 220 206 217 218 208 229 198 237 185 241 171 243 156 244 141 244 126 148 122 153 115 163 110 173 111 182 114 194 113 204 110 214 109 224 112 230 119 189 124 190 133 190 142 190 151 179 160 185 161 190 163 196 161 202 159 160 127 165 124 171 123 178 127 171 128 165 128 201 126 207 122 213 122 219 125 214 127 207 127 173 180 179 175 185 173 191 175 196 173 203 175 209 179 203 185 197 188 191 189 185 188 179 185 176 179 185 177 191 177 196 177 205 179 196 182 191 183 185 182
137 145 138 161 142 175 147 189 156 200 167 209 179 217 192 219 206 216 218 207 228 197 237 185 241 171 244 156 244 140 245 125 147 122 152 115 162 110 173 111 182 114 195 113 204 110 215 108 224 112 230 119 189 124 190 133 190 142 191 151 179 159 185 161 191 163 196 161 202 159 160 127 165 124 171 123 178 126 172 127 165 128 201 125 207 122 213 122 219 124 214 126 207 126 173 179 179 174 185 173 191 174 196 173 203 175 209 179 203 183 197 186 191 186 185 186 179 183 176 178 185 176 191 177 197 176 206 178 196 180 191 180 185 180
137 147 139 162 142 176 147 190 156 200 167 209 179 216 192 218 206 215 218 207 229 197 237 186 242 172 244 157 244 142 244 127 147 122 153 114 162 110 173 111 182 114 195 113 204 110 214 108 224 111 230 118 189 124 190 133 190 141 190 150 179 159 185 161 191 163 196 161 201 159 160 127 165 124 171 123 178 126 172 127 165 128 201 125 207 122 213 122 219 124 214 126 207 126 172 178 179 174 185 173 190 174 196 173 203 175 209 179 202 182 196 184 190 185 185 184 179 182 175 178 185 176 190 177 196 176 205 178 196 178 190 179 185 178
137 147 139 162 142 177 147 190 156 200 166 209 178 216 192 218 206 215 218 208 229 198 237 186 242 173 244 158 244 142 244 126 147 123 152 115 162 110 173 111 182 114 194 112 204 109 214 108 224 111 230 118 189 123 190 132 190 141 190 150 179 159 185 161 191 162 196 161 201 159 159 127 165 123 171 123 178 126 172 127 165 128 201 125 207 121 213 121 219 124 213 126 207 126 173 178 179 174 185 173 190 174 196 173 202 175 209 179 202 182 196 184 191 184 185 184 179 182 176 178 185 176 190 176 196 176 206 178 196 178 190 179 185 178
137 144 138 159 141 174 147 187 155 199 165 209 177 216 191 219 205 216 217 208 228 198 236 185 241 171 244 156 244 141 245 126 147 122 152 114 162 110 172 111 182 114 194 113 204 109 214 108 224 111 231 119 189 123 189 132 190 141 190 151 179 159 184 161 190 163 196 161 201 159 159 127 164 123 171 123 177 126 171 127 165 128 201 125 206 121 213 121 219 124 213 126 207 126 173 179 178 174 185 173 190 174 195 173 202 175 208 179 202 183 196 185 190 186 184 185 178 183 176 178 185 176 190 176 195 176 205 179 195 179 190 180 185 179
137 144 139 159 142 174 146 188 155 200 165 210 177 217 191 219 204 217 217 209 227 199 236 186 241 172 243 156 244 140 244 125 148 121 153 114 163 110 172 111 182 114 195 112 204 110 214 108 224 111 230 118 189 123 190 132 190 141 190 150 179 159 185 161 190 163 196 161 201 159 160 127 165 123 171 123 177 126 171 127 165 128 201 125 207 122 213 122 219 124 213 126 207 126 173 180 178 174 184 172 190 174 196 173 203 175 209 180 203 185 196 187 190 187 184 186 178 184 176 179 184 176 190 176 196 176 206 180 196 181 190 181 184 181
137 144 139 160 142 175 147 188 156 200 166 210 178 217 192 220 205 216 217 209 227 198 236 186 241 171 243 156 244 140 244 124 148 122 153 114 162 110 173 111 182 114 195 112 204 109 214 108 224 111 230 118 189 123 190 132 190 141 190 150 179 159 185 161 191 162 196 161 201 159 159 126 165 123 171 123 177 126 171 127 165 128 201 125 207 122 213 122 219 124 214 126 207 126 173 180 178 174 185 172 191 173 197 172 203 174 209 180 203 186 197 188 190 189 184 188 178 185 176 179 185 175 191 176 197 175 206 179 196 182 190 182 184 182
137 143 139 158 142 173 147 187 155 199 166 209 178 217 192 220 206 217 218 208 228 197 237 185 241 171 243 156 244 140 245 125 147 122 153 114 162 110 172 111 182 114 195 113 204 110 214 108 224 112 230 119 189 124 189 133 190 141 190 151 179 159 184 161 190 162 196 161 201 158 159 127 164 123 171 123 177 126 171 127 165 128 201 126 207 122 213 122 219 124 213 126 207 126 173 179 178 174 185 172 190 174 196 172 203 174 209 179 203 185 197 188 191 189 185 188 178 185 176 179 185 176 191 176 196 176 206 179 196 182 191 183 185 182
136 145 138 160 142 175 147 188 155 200 166 209 178 217 192 219 206 216 218 208 229 197 237 185 242 171 244 156 244 140 245 125 147 123 152 115 162 110 172 111 182 114 194 112 204 110 214 108 224 112 230 119 189 124 190 133 190 141 190 151 179 159 185 161 191 163 196 161 202 159 160 127 165 124 171 123 178 126 172 127 165 128 201 125 207 121 213 122 219 124 213 126 207 126 173 179 179 174 185 172 191 173 196 172 203 174 210 179 203 184 197 186 191 187 185 186 179 184 176 178 185 175 191 176 197 175 206 178 197 180 191 181 185 180
137 145 138 161 142 175 147 189 155 200 166 209 178 216 192 218 206 215 219 207 229 197 238 185 242 172 245 157 245 141 245 126 147 123 152 115 162 110 173 111 182 115 194 113 204 110 214 108 224 111 231 118 189 124 190 133 190 142 190 151 179 159 185 161 191 163 196 161 202 159 160 127 165 124 171 123 178 126 172 127 165 128 201 125 207 121 213 122 219 124 214 126 207 126 172 178 179 174 185 172 191 174 196 172 203 174 210 178 203 182 197 184 191 185 185 184 179 182 176 178 185 175 191 176 197 175 206 178 196 178 191 178 185 178
137 144 138 159 142 174 147 188 155 199 167 209 179 216 193 218 206 215 219 207 230 197 238 185 243 171 245 156 245 140 246 125 147 123 153 114 162 110 173 111 183 114 194 112 204 109 215 108 225 111 231 119 190 123 190 132 190 141 190 150 179 159 185 161 191 162 197 160 202 158 161 127 166 126 172 125 179 126 173 127 167 128 200 125 207 123 212 124 218 125 213 126 207 126 173 178 179 173 185 172 191 173 196 172 203 173 210 177 203 181 197 183 191 183 185 183 179 181 176 177 185 175 191 175 197 175 206 177 197 177 191 177 185 177
138 143 139 158 142 173 147 187 156 198 166 208 178 216 192 218 206 215 219 207 229 197 238 184 243 170 245 154 245 139 245 123 150 120 155 113 164 110 173 111 183 114 195 112 205 109 215 108 224 111 230 117 190 124 190 133 190 141 190 150 179 159 185 161 191 162 197 160 202 158 163 128 168 127 174 126 180 127 174 129 169 129 201 126 207 125 212 125 218 126 212 127 207 127 174 178 180 173 185 172 191 173 197 172 204 173 210 177 204 182 197 184 191 185 185 184 180 182 177 177 186 175 191 175 197 175 207 177 197 178 191 179 185 178
137 144 139 159 142 174 147 187 156 199 167 209 179 217 192 219 206 216 218 207 229 197 238 184 242 170 245 154 245 139 245 124 148 122 153 114 163 110 173 111 183 114 195 113 205 109 215 108 225 111 230 119 190 124 190 133 190 141 191 150 179 159 185 161 191 162 197 160 202 158 161 128 167 127 173 126 179 127 173 128 168 129 201 126 207 125 213 125 219 126 213 127 207 127 174 178 180 173 186 172 191 173 197 172 204 173 210 178 204 183 198 186 191 187 185 186 180 183 178 177 186 175 191 175 197 175 207 177 197 180 191 181 186 180
137 143 138 158 141 173 147 187 155 199 166 209 178 218 192 220 206 217 218 208 229 197 237 184 242 170 244 155 245 139 245 124 148 121 153 114 163 110 173 111 183 114 195 113 204 110 214 108 224 111 230 118 190 124 190 133 190 142 190 151 179 159 184 161 191 163 197 161 202 158 160 128 166 126 172 125 178 126 172 128 166 128 201 126 207 123 213 124 219 125 213 126 207 126 174 179 179 174 185 172 191 173 197 172 204 174 210 178 204 184 197 188 191 188 185 188 179 184 177 178 185 176 191 176 197 175 206 178 197 181 191 182 185 181
137 143 139 159 142 174 147 188 155 200 166 210 178 218 191 221 205 217 218 209 228 199 237 186 242 171 244 156 244 140 245 124 148 121 154 114 163 110 173 111 183 114 195 112 205 109 215 108 225 111 231 119 190 123 190 132 190 141 190 150 179 159 185 161 191 163 196 161 202 158 160 127 165 125 171 124 178 126 172 127 166 128 201 125 207 123 213 123 219 125 213 126 207 126 173 179 179 174 185 172 191 174 197 172 204 174 211 179 204 184 197 187 191 187 185 186 179 184 177 179 185 175 191 176 197 175 207 179 197 181 191 181 185 181
137 144 139 159 142 174 147 188 156 199 167 209 178 217 192 220 206 216 218 208 229 197 237 184 242 170 244 155 245 139 245 124 148 122 153 114 163 110 173 111 183 114 195 113 204 110 215 108 224 112 231 119 189 124 190 133 190 142 190 151 179 159 185 161 191 163 197 161 202 158 160 127 165 124 171 124 178 126 172 127 166 128 201 125 207 122 213 122 219 124 214 126 207 126 174 179 179 174 186 172 192 173 197 172 204 174 210 178 204 184 198 187 192 188 185 187 179 184 177 178 186 175 192 176 197 175 206 178 197 181 192 182 186 181
137 144 139 159 142 174 147 188 156 199 166 209 178 216 192 219 206 216 218 208 229 197 237 184 242 170 244 155 245 140 245 125 148 121 153 114 163 110 173 111 183 114 195 113 204 110 214 108 224 111 231 118 189 124 190 133 190 142 190 151 179 159 185 161 191 163 196 161 202 159 160 127 165 124 171 123 178 126 172 127 166 128 201 125 207 122 213 122 219 124 214 126 207 126 173 178 179 174 185 172 191 174 196 172 203 174 210 178 203 183 197 185 191 186 185 185 179 183 176 178 185 176 191 176 196 176 206 178 196 179 191 180 185 179
137 144 139 159 142 174 147 187 155 198 166 207 178 214 192 217 206 214 219 207 229 197 237 184 242 171 244 156 245 140 245 125 148 120 154 113 163 110 173 111 182 114 195 112 205 110 215 108 224 111 231 118 189 123 190 133 190 141 190 151 179 159 185 161 191 162 197 161 202 158 160 127 165 124 171 123 178 126 172 127 166 128 201 125 207 122 214 122 219 124 214 126 207 126 173 178 179 173 186 172 191 173 196 172 203 173 210 178 203 181 197 183 191 184 186 183 180 181 177 177 186 175 191 176 196 175 206 177 197 177 191 178 186 177
137 144 139 159 142 173 148 186 156 197 167 207 178 214 192 217 206 214 218 207 229 197 237 185 242 171 244 156 245 140 245 125 148 121 154 114 163 110 173 111 182 114 195 113 205 110 215 108 225 111 231 118 190 123 190 133 190 141 190 151 179 159 185 161 191 162 196 161 202 158 160 127 165 124 171 123 178 126 172 127 165 128 201 125 207 122 213 122 219 124 214 126 207 126 173 177 179 173 185 172 191 173 196 172 203 173 210 177 203 181 197 183 191 184 185 183 180 181 176 177 185 175 191 176 196 175 206 177 196 177 191 178 186 177
137 145 139 161 142 176 147 189 157 200 168 209 180 216 193 218 207 215 219 207 229 197 238 185 242 171 244 156 245 140 245 125 147 123 153 115 163 110 173 111 183 114 195 113 205 110 215 108 225 111 231 119 190 124 190 133 191 142 191 151 180 159 185 161 191 163 197 161 202 159 160 127 166 124 172 123 179 126 172 127 166 128 201 125 207 121 214 122 220 124 214 126 208 126 173 178 179 173 186 172 191 173 197 172 204 174 210 177 204 182 197 184 191 185 185 184 179 182 176 177 186 175 191 176 197 175 206 177 197 178 191 179 186 178
137 144 139 159 142 174 147 187 156 199 167 208 179 216 193 219 207 216 219 207 229 197 237 184 242 171 244 156 245 140 245 125 148 122 153 114 163 110 173 111 183 114 195 113 204 110 215 108 225 111 231 118 190 124 190 133 190 142 191 151 179 159 185 161 191 163 197 161 202 158 160 127 165 124 172 123 178 126 172 127 166 128 201 125 207 122 213 122 219 124 214 126 207 126 173 178 179 173 185 172 191 173 197 172 203 173 210 177 204 182 197 185 191 186 185 185 179 182 176 177 185 175 191 176 197 175 207 177 197 179 191 179 185 179
137 144 139 159 142 174 147 188 156 199 167 209 179 216 193 219 207 216 219 208 230 197 238 184 242 170 244 155 245 140 245 125 147 123 153 115 163 111 173 111 183 114 195 113 205 110 215 109 225 112 231 119 190 124 190 133 191 142 191 151 179 159 185 161 191 162 197 161 203 158 160 127 165 124 172 123 178 126 172 127 166 128 202 125 208 122 214 122 220 124 214 126 208 126 174 178 179 174 185 172 191 174 197 172 203 174 210 178 203 183 197 185 191 186 186 185 180 183 177 178 186 175 191 176 197 175 206 178 197 180 191 180 186 180
137 144 139 160 142 175 147 188 156 200 166 210 179 217 192 220 206 217 219 209 229 198 237 185 242 171 244 156 245 140 245 125 147 123 153 115 162 111 173 111 183 114 195 113 205 110 215 109 225 112 231 119 190 124 190 133 190 142 191 152 179 160 185 162 191 163 197 161 203 159 160 127 165 124 172 123 178 127 172 128 166 128 202 126 207 122 214 122 220 125 214 126 207 126 173 179 179 175 186 173 191 175 197 173 203 175 210 178 203 184 197 186 191 187 185 186 179 183 176 178 186 176 191 177 197 176 207 178 197 180 191 181 186 180
137 144 139 160 142 175 147 188 156 200 167 210 179 217 193 220 207 216 219 208 230 197 238 184 242 170 244 155 245 140 245 125 148 123 153 115 163 111 173 112 183 114 195 113 205 111 215 109 225 112 231 119 190 124 190 133 191 142 191 152 180 160 185 161 191 163 197 161 203 159 160 127 165 124 172 123 178 127 172 128 166 128 202 126 207 122 214 122 219 125 214 126 208 126 174 179 180 175 186 173 191 174 197 173 203 175 210 179 204 184 197 186 192 187 186 186 180 184 177 179 186 176 191 177 197 176 207 178 197 181 192 181 186 180
137 145 139 161 142 176 147 189 156 201 167 210 179 217 193 219 207 216 219 208 230 198 238 185 242 171 244 156 245 140 245 125 148 123 153 115 163 111 173 112 183 115 195 114 205 111 215 109 225 112 232 120 190 124 190 133 191 142 191 152 180 160 186 162 191 163 197 161 202 159 160 127 166 124 172 123 178 127 172 128 166 128 202 126 208 122 214 122 220 125 214 127 208 127 173 179 179 175 186 174 191 175 197 173 203 175 210 179 203 183 197 186 192 186 186 186 180 183 176 179 186 177 191 177 197 177 207 179 197 180 191 181 186 180
137 144 139 160 142 175 147 189 156 200 167 210 179 217 193 219 207 215 220 208 230 197 238 185 242 170 244 155 245 140 245 125 148 122 154 115 163 111 174 112 183 115 196 114 205 111 215 109 225 112 231 119 190 124 191 134 191 143 191 152 180 160 186 162 192 163 197 162 203 160 160 127 166 124 172 123 178 127 172 128 166 128 202 126 208 122 214 122 220 125 214 127 208 127 173 179 180 175 186 174 192 175 197 173 203 175 210 179 204 183 198 185 192 186 186 185 180 183 176 179 186 177 192 178 197 177 207 178 197 179 192 180 186 179
137 146 139 162 142 176 148 190 157 201 167 210 180 217 193 219 207 216 219 208 229 198 238 186 242 172 245 157 245 141 245 127 148 123 154 115 164 111 174 112 183 115 196 114 205 111 215 109 225 112 231 118 190 125 191 134 191 142 191 152 180 160 186 162 192 163 197 162 203 159 160 127 166 124 172 123 178 127 172 128 166 128 202 126 208 122 214 122 220 125 215 127 208 127 173 179 180 175 186 173 192 175 197 173 203 175 210 179 203 183 197 185 192 186 186 185 180 183 177 179 187 177 192 178 197 177 207 178 197 179 192 179 187 179
138 144 140 160 143 175 148 189 156 200 167 210 179 217 193 219 207 216 219 208 229 198 237 185 242 171 244 156 245 141 245 126 149 122 154 115 164 111 174 112 183 115 196 114 206 111 216 109 225 112 232 119 190 124 191 134 191 143 191 152 180 160 186 162 192 163 197 162 203 160 161 127 166 124 172 123 179 127 173 128 166 128 202 126 208 122 214 122 220 125 215 127 208 127 173 179 180 176 186 174 192 175 197 174 203 175 210 179 204 183 197 185 192 186 186 186 180 183 177 179 186 177 192 178 197 177 207 179 197 180 192 180 187 180
138 145 140 161 142 176 148 189 156 201 167 210 179 217 193 220 206 216 219 208 229 198 237 186 242 172 244 157 245 141 245 126 148 123 154 115 163 111 174 112 183 115 196 114 205 111 215 109 225 112 232 119 190 125 191 134 191 143 191 152 180 161 186 162 192 163 197 162 203 160 160 128 166 124 172 124 179 127 172 128 166 129 202 126 208 122 214 122 220 125 215 127 208 127 173 179 180 176 187 174 192 175 197 174 203 176 210 179 204 184 197 186 192 187 187 186 180 184 177 179 187 178 192 178 197 178 207 179 197 180 192 181 187 180
137 146 139 161 143 176 148 190 157 202 167 211 179 218 193 220 207 217 219 209 230 198 238 186 242 172 244 157 245 141 245 126 148 123 154 115 164 111 174 112 183 115 196 114 206 111 216 109 225 112 232 119 191 125 191 134 192 143 192 152 180 161 186 162 192 164 198 162 203 160 160 128 166 124 172 124 179 128 172 128 166 129 202 127 208 122 215 122 221 125 215 127 208 127 173 179 180 176 187 175 192 176 197 174 203 176 211 179 204 184 197 186 192 187 187 186 180 184 176 179 187 178 192 179 197 178 207 179 197 180 192 181 187 180
137 145 139 160 142 175 147 189 156 201 167 210 179 217 193 219 207 216 220 208 230 198 238 185 242 171 244 156 245 141 245 126 148 123 154 115 163 111 174 112 183 116 196 115 205 111 215 109 225 112 232 119 190 125 191 134 191 143 191 152 180 161 186 163 192 164 197 162 203 160 160 128 166 125 172 124 179 128 172 129 166 129 202 127 208 123 214 122 221 125 215 127 208 127 173 180 181 176 187 174 192 175 197 173 203 175 211 179 204 184 198 186 192 186 187 186 181 184 177 180 187 178 192 178 197 178 207 179 197 179 192 180 187 180
137 145 139 161 142 176 147 190 156 201 167 210 179 217 193 219 207 216 220 208 230 198 238 185 242 171 244 157 245 141 245 126 148 123 153 115 163 111 173 112 183 116 196 114 206 111 216 109 226 112 232 119 191 125 191 134 191 143 192 153 180 161 186 162 192 164 198 162 203 160 160 128 166 125 172 124 179 128 172 129 166 129 202 127 208 123 214 123 220 125 215 127 208 127 173 179 180 176 187 175 192 176 197 174 203 176 211 178 204 183 197 185 192 186 187 185 180 183 177 179 187 178 192 179 197 178 207 179 197 179 192 180 187 179
137 145 139 161 142 175 147 189 156 200 167 209 179 217 193 219 207 216 219 208 230 197 238 185 242 171 245 156 245 141 245 126 148 123 154 115 164 111 174 112 184 116 196 114 206 111 216 110 225 113 232 120 191 125 191 135 191 143 192 153 180 161 186 163 192 164 198 162 203 160 160 128 166 124 172 124 179 128 173 129 166 129 202 127 208 123 214 123 220 126 215 128 208 128 173 179 180 176 187 175 192 176 197 174 204 176 211 179 204 183 198 185 192 186 187 186 181 183 177 179 187 178 192 179 197 178 208 179 197 179 192 180 187 179
137 145 139 160 142 175 147 189 156 200 167 210 179 217 193 219 207 216 219 208 230 197 237 185 242 171 244 156 244 140 244 126 148 123 154 116 163 112 174 113 183 115 196 114 205 112 215 110 225 113 232 119 191 125 191 134 191 143 192 153 180 161 186 163 192 164 198 162 203 160 160 128 166 125 172 124 179 128 172 129 166 129 202 127 208 123 214 123 220 125 215 127 208 127 173 179 180 176 187 174 192 175 197 174 203 176 211 179 204 183 197 185 192 186 187 185 180 183 176 179 187 178 192 179 197 178 208 179 197 179 192 180 187 179
137 145 139 161 142 175 147 189 156 201 166 210 179 216 192 219 206 216 219 208 229 198 237 186 242 172 244 157 245 141 245 126 148 123 154 116 164 112 174 112 183 115 196 114 206 111 216 110 226 113 232 120 191 125 191 134 191 143 192 152 180 161 186 162 192 164 198 162 203 160 161 128 166 125 172 124 179 128 173 129 166 129 202 127 208 123 214 123 220 125 215 127 208 127 173 179 180 176 187 174 192 175 197 174 203 176 211 178 204 183 197 185 192 185 187 185 180 183 176 178 187 178 192 178 197 178 207 178 197 179 192 179 187 179
137 145 139 160 142 175 147 188 156 200 167 209 179 216 193 218 207 215 219 207 230 197 238 184 242 171 244 156 245 141 245 126 148 123 154 116 163 111 174 112 184 115 196 114 206 111 216 109 226 112 232 119 191 126 191 134 191 143 191 152 180 161 186 162 192 163 197 162 203 160 160 128 166 124 172 124 179 128 173 129 166 129 202 127 208 122 215 122 221 125 215 127 209 127 173 179 181 176 187 174 192 175 197 174 203 175 211 178 204 183 197 184 192 185 187 184 181 183 176 179 187 178 192 178 197 177 207 178 197 179 192 179 187 179
137 145 139 161 142 175 147 189 156 200 167 209 180 215 193 217 207 214 219 207 230 197 238 185 242 172 244 157 245 142 245 127 147 123 153 116 163 111 174 112 183 115 196 114 205 111 215 109 225 112 231 120 191 125 191 134 192 143 192 152 180 161 186 162 192 163 198 162 203 160 160 128 166 124 172 124 179 127 172 128 166 129 202 127 208 122 214 122 221 125 215 127 208 127 173 179 181 176 187 174 192 175 197 174 203 175 211 178 203 182 197 184 192 185 187 184 181 182 176 178 187 178 192 178 197 177 207 178 197 178 192 179 187 178
137 145 139 160 142 175 147 188 156 199 167 208 179 215 193 218 207 214 219 207 230 197 238 184 242 170 245 155 245 140 245 126 148 123 154 115 164 111 174 112 184 115 196 114 205 111 215 109 225 112 232 119 190 125 191 134 191 143 191 152 180 161 186 162 192 163 197 162 203 160 160 128 166 124 172 123 179 127 173 128 166 129 202 127 208 122 214 122 220 125 215 127 208 127 173 178 180 176 187 174 192 175 197 174 203 175 211 178 204 182 197 184 192 185 187 184 180 182 177 178 187 177 192 178 197 177 207 178 197 178 192 178 187 178
138 145 139 160 142 175 147 189 156 200 167 209 179 215 193 217 207 214 219 207 229 197 237 185 242 171 244 157 244 141 245 126 148 123 154 115 164 111 174 112 183 115 197 114 206 111 216 109 226 112 232 119 191 125 191 134 191 143 192 152 180 161 186 162 192 163 198 162 203 160 160 128 166 124 172 124 179 127 173 128 166 129 202 126 208 122 214 122 221 125 215 127 208 127 173 178 180 176 187 174 192 175 197 174 203 175 211 178 203 182 197 184 192 184 187 184 180 182 176 178 187 177 192 178 197 177 207 178 197 178 192 179 187 178
137 145 139 160 142 175 147 188 156 200 167 209 179 215 193 217 207 214 219 207 230 197 238 185 242 172 244 157 245 142 245 127 148 122 154 115 164 111 174 112 183 115 197 114 206 111 216 109 225 112 232 119 191 125 191 134 191 143 192 152 180 161 186 162 192 163 198 162 203 160 161 127 166 124 172 124 179 127 173 128 166 129 202 127 208 122 215 122 221 125 215 127 208 127 173 178 180 176 187 174 192 175 197 174 203 175 211 178 204 182 197 184 192 184 187 184 180 182 176 178 187 178 192 178 197 177 208 178 197 178 192 178 187 178
137 146 139 161 142 175 147 189 156 200 167 209 180 215 193 217 207 214 219 207 230 197 238 185 242 171 244 157 245 141 245 127 148 123 154 116 163 111 174 112 183 115 197 114 206 111 216 109 226 112 232 120 191 125 191 134 192 143 192 152 181 161 187 162 192 163 198 162 203 160 160 128 166 124 172 124 179 127 173 128 166 129 202 127 208 122 215 122 221 125 215 127 209 127 173 178 181 176 187 174 192 175 197 173 203 175 211 178 204 182 198 184 193 184 187 184 181 182 177 178 187 177 193 178 197 177 208 178 197 178 193 178 188 178
138 145 139 161 142 176 147 189 156 199 167 208 180 215 193 216 207 214 220 206 230 197 238 185 242 171 244 156 245 141 245 126 149 122 155 115 164 111 174 112 184 116 197 114 206 111 216 109 226 112 232 119 191 125 191 134 191 143 191 152 180 161 186 162 192 163 198 162 203 160 161 127 166 124 173 124 179 127 173 128 166 129 202 127 208 122 215 122 220 125 215 127 208 127 173 178 180 175 187 174 192 175 197 174 204 175 211 178 204 182 198 183 192 184 187 184 180 182 176 178 187 177 192 177 197 177 208 178 197 178 192 178 187 178
137 145 139 161 142 176 147 189 156 200 167 208 180 214 193 216 207 214 219 206 230 197 238 185 242 171 244 156 245 141 245 126 148 123 154 115 164 111 174 112 184 115 197 114 206 111 216 110 226 112 232 119 191 125 191 134 192 143 192 152 180 160 186 162 192 163 198 162 203 160 160 128 166 124 172 124 179 127 173 128 166 129 202 127 208 122 215 122 221 125 215 127 209 127 173 178 180 175 187 173 192 174 197 173 203 175 211 178 204 182 197 183 192 184 187 183 180 182 176 178 187 177 192 178 197 177 208 178 197 177 192 178 187 178
138 145 139 160 142 175 147 188 156 199 166 208 179 215 193 217 207 214 219 207 230 197 238 185 242 172 244 157 245 141 245 127 148 122 154 115 164 111 174 112 183 115 197 114 206 111 215 109 225 112 231 118 191 125 191 134 191 143 192 152 181 161 186 162 192 163 198 162 203 160 160 128 166 124 172 124 179 127 173 128 166 129 202 127 208 122 215 122 221 125 215 127 208 127 173 178 180 175 187 173 192 175 197 173 204 175 211 178 204 182 197 183 192 184 187 183 180 182 176 178 187 177 192 177 197 177 208 178 197 177 192 178 187 178
137 147 139 162 142 177 148 190 156 200 167 208 180 215 193 216 207 214 219 206 230 197 238 185 242 172 244 157 245 142 245 128 148 122 154 115 164 111 174 112 183 115 196 114 205 111 215 109 225 112 231 119 191 125 191 134 191 143 191 152 181 161 186 162 192 163 197 162 203 160 160 128 166 124 172 124 179 128 173 128 166 129 202 127 208 122 214 122 220 125 215 127 208 127 173 178 180 175 187 174 192 175 197 174 204 175 211 178 204 182 198 183 192 184 187 183 180 181 176 178 187 177 192 177 197 177 208 178 197 177 192 178 187 177
137 146 139 161 142 175 147 189 156 199 166 208 179 214 193 216 207 214 219 206 230 197 238 185 242 171 244 157 245 141 245 127 148 123 153 115 163 111 174 112 183 115 196 114 205 111 215 109 225 112 232 119 190 125 191 134 191 143 192 152 180 161 186 162 192 164 197 162 203 160 160 128 166 124 172 123 179 127 173 128 166 129 202 127 208 122 214 122 220 125 215 127 208 127 173 178 180 175 187 174 192 175 197 174 204 175 211 178 204 182 197 183 192 184 187 183 180 181 176 178 187 177 192 177 197 177 208 178 197 177 192 178 187 177
138 145 139 160 142 175 147 188 156 198 167 207 179 213 193 216 207 213 219 205 230 196 238 184 242 171 244 156 245 141 245 126 148 122 154 115 164 111 174 112 183 115 196 114 206 111 215 109 225 112 231 119 190 125 191 134 191 143 191 152 180 160 186 162 192 163 197 162 203 160 160 127 166 124 172 123 179 127 173 128 166 129 202 126 208 122 214 122 220 125 215 127 208 127 173 178 180 175 187 173 192 174 197 173 204 175 211 177 204 181 198 183 192 183 187 183 180 181 176 177 187 177 192 177 197 176 208 177 197 177 192 177 187 177
