122 156 124 172 127 188 133 202 142 214 153 225 166 233 181 236 196 232 209 222 220 211 229 197 233 182 235 166 236 149 236 134 132 135 137 126 147 120 159 120 169 123 182 122 193 118 204 116 215 121 221 129 177 134 178 143 178 152 179 162 167 172 173 173 179 175 185 173 190 171 146 138 151 134 158 134 164 137 159 139 152 139 190 136 196 131 202 131 209 134 203 137 196 137 160 193 167 189 173 187 179 188 185 187 192 188 198 192 192 198 185 202 179 202 173 201 167 198 164 193 173 190 179 190 185 190 195 192 185 195 179 196 173 196
121 156 124 172 127 188 132 202 142 214 153 225 167 233 181 235 196 231 209 222 220 210 229 197 233 182 235 166 235 149 236 134 132 133 138 125 148 120 158 120 169 123 183 121 193 118 204 116 214 120 220 128 177 133 178 142 178 152 179 161 168 172 173 173 179 175 185 173 190 171 146 138 151 134 158 134 165 137 158 139 152 139 190 136 196 131 203 131 209 134 203 137 196 137 160 193 167 188 174 187 179 188 185 186 192 188 199 192 192 199 185 202 179 203 173 202 167 199 164 193 174 190 179 190 185 190 195 192 185 195 179 196 174 196
121 157 123 173 127 189 132 203 142 215 153 225 167 233 181 235 196 232 208 222 220 211 228 198 233 183 235 167 236 150 236 135 131 134 137 125 147 120 159 120 169 123 182 121 193 118 204 116 215 120 221 129 177 133 177 142 178 151 179 161 167 171 173 173 179 174 184 173 190 170 145 138 151 134 158 133 165 137 158 138 152 139 189 135 195 131 202 131 208 134 203 136 196 136 160 193 167 188 174 186 179 187 185 186 192 188 199 191 192 198 186 202 180 202 174 202 167 199 164 192 174 189 179 190 185 189 195 192 185 195 179 196 174 196
121 156 124 172 127 187 132 201 141 214 153 224 166 232 181 235 196 232 209 222 220 211 229 197 233 182 235 166 236 150 236 134 132 134 137 125 147 119 159 120 169 123 182 121 193 117 204 116 214 121 221 129 177 132 178 142 178 151 179 161 167 171 173 173 179 174 184 173 190 170 145 138 151 134 157 133 164 137 158 138 152 139 190 135 196 131 202 131 208 134 203 136 196 136 160 193 166 188 173 186 179 187 185 186 192 188 199 192 192 199 185 202 179 203 173 202 166 199 163 192 173 189 179 190 185 189 195 192 185 196 179 196 173 196
121 155 123 171 126 186 131 201 140 213 152 224 165 233 180 235 195 232 208 222 219 211 228 197 233 182 235 166 235 150 235 134 131 134 137 125 147 119 158 120 169 123 182 120 192 117 204 116 214 120 220 129 177 133 177 142 178 151 178 161 167 171 173 173 179 174 184 172 190 170 145 137 151 134 157 133 164 136 158 138 151 139 189 135 195 131 202 131 208 134 202 136 196 136 160 192 166 188 173 186 179 187 185 186 192 188 198 192 192 198 185 202 179 203 173 202 166 199 163 192 173 189 179 190 185 189 195 192 185 196 179 196 173 196
121 155 123 171 127 187 132 201 141 214 153 225 166 233 181 235 196 231 209 222 220 211 228 197 233 182 235 166 236 149 236 134 132 133 137 125 147 119 159 119 169 123 182 120 192 117 204 115 214 120 220 128 177 133 177 142 178 151 178 161 167 171 173 173 179 174 184 172 190 170 145 137 150 134 157 133 164 137 158 138 151 139 189 135 195 131 202 131 208 134 203 136 196 136 160 192 166 188 173 186 179 187 184 186 192 188 199 192 192 199 185 202 179 203 173 202 166 199 164 192 173 189 179 189 185 189 195 192 185 196 179 196 173 196
121 156 123 171 127 186 132 201 141 213 152 224 165 232 180 235 195 231 208 222 220 210 228 197 233 182 235 166 236 150 236 134 132 134 137 125 147 119 158 119 169 122 182 120 192 117 204 115 214 120 220 129 177 132 177 142 178 151 178 161 167 171 173 172 179 174 184 172 190 170 145 137 150 134 157 133 164 136 158 138 151 138 189 135 195 131 202 131 208 134 203 136 196 136 160 192 166 188 173 186 178 187 184 186 192 187 198 191 192 198 185 202 179 203 173 202 166 198 163 192 173 189 178 189 184 189 195 191 185 195 179 196 173 195
122 155 123 170 126 186 132 200 140 213 152 224 165 232 180 235 196 231 209 222 220 210 228 196 233 181 235 165 235 149 236 133 132 133 137 124 147 119 158 119 169 122 182 120 192 117 204 115 214 120 220 128 177 132 177 142 178 151 178 161 167 171 172 173 178 174 184 172 190 170 145 137 150 133 157 133 164 136 158 138 151 138 189 135 195 131 202 131 208 134 202 136 195 136 160 192 166 188 173 186 178 187 184 186 191 187 198 192 192 199 185 202 179 203 173 202 166 198 163 192 173 189 179 189 184 189 194 191 185 196 179 196 173 196
121 154 123 170 126 185 131 200 140 212 151 223 165 232 180 235 195 231 208 222 219 210 228 197 233 182 235 166 235 149 235 134 131 133 137 124 147 119 159 119 169 122 181 120 192 117 203 115 214 120 220 128 176 132 177 142 178 151 178 160 167 171 172 172 178 173 184 172 189 170 145 137 150 133 157 133 164 136 158 137 151 138 189 135 195 131 202 131 208 134 202 136 196 136 160 192 166 188 173 185 178 187 184 185 191 187 198 191 191 198 184 201 179 202 173 201 166 198 163 191 173 189 178 189 184 189 194 191 184 195 179 195 173 195
121 154 123 170 126 185 131 200 139 213 151 224 164 232 179 235 195 231 208 221 219 209 228 196 233 181 235 165 235 149 235 134 132 132 138 124 147 119 158 119 168 122 182 120 192 117 203 115 214 120 220 128 176 132 177 142 177 151 178 161 166 171 172 172 178 174 183 172 189 170 145 137 150 134 157 133 164 136 158 138 151 138 189 135 195 131 202 131 208 134 202 136 195 136 159 191 165 188 172 186 177 187 183 186 190 188 197 191 190 196 183 199 178 200 172 199 165 196 162 191 172 190 178 190 183 190 193 191 183 192 177 193 172 193
121 155 123 170 125 185 130 199 139 212 150 222 164 230 179 232 195 229 208 221 220 210 228 196 233 181 235 165 235 149 235 134 131 132 137 124 147 119 158 119 168 122 182 120 192 117 203 115 213 120 220 128 176 132 177 142 177 151 178 161 166 171 172 172 178 173 183 172 189 170 144 137 150 133 157 133 164 136 157 137 150 138 188 135 194 131 201 130 208 134 202 136 195 136 158 191 166 187 172 185 178 187 183 185 190 187 197 190 190 194 184 196 178 197 172 196 166 195 162 190 172 189 178 190 183 189 194 190 183 190 178 191 172 190
121 156 123 171 126 187 131 201 139 213 151 222 164 230 179 232 194 229 208 221 219 210 228 197 232 182 234 166 235 150 235 134 131 132 136 124 146 119 157 119 168 122 181 120 192 117 203 115 214 120 220 128 176 132 176 142 177 151 177 161 166 171 171 172 177 173 183 172 188 170 144 137 150 133 156 132 163 136 157 138 150 138 188 135 194 130 201 130 207 133 202 136 195 136 158 190 165 187 172 185 177 186 183 185 190 187 197 190 190 194 183 196 177 197 172 197 165 195 161 190 172 189 177 189 183 189 194 190 183 190 177 191 172 190
120 155 122 170 125 185 130 199 138 211 149 222 162 230 177 234 193 230 207 222 218 210 227 197 232 181 234 165 235 149 235 133 131 132 136 124 146 118 157 119 167 122 181 120 192 117 203 115 213 119 220 128 175 132 176 141 176 151 177 160 165 170 171 172 177 173 183 172 188 170 144 136 149 133 156 132 163 136 157 137 150 138 188 135 194 130 201 130 207 133 201 135 194 135 158 191 164 187 171 185 177 186 183 185 190 187 197 190 190 196 183 198 177 199 171 198 164 196 161 191 171 189 177 189 183 189 193 190 183 192 177 193 171 192
121 154 123 170 126 185 130 200 139 212 151 223 164 231 178 234 193 230 207 222 218 211 227 197 232 182 234 165 235 149 235 133 130 133 136 124 146 118 157 119 167 122 181 120 192 116 203 115 213 120 220 128 175 132 176 141 177 151 177 160 165 170 171 172 177 173 183 171 188 170 144 137 149 133 156 133 163 136 157 137 150 138 188 135 194 131 201 130 207 133 201 135 194 136 158 191 164 186 171 184 177 186 183 184 190 187 197 191 190 197 183 200 177 200 171 199 164 196 161 191 171 188 177 188 183 188 193 191 183 193 177 194 171 193
121 156 123 171 126 186 131 200 140 212 151 223 164 231 179 234 194 231 207 222 219 211 227 197 232 182 235 166 235 149 235 134 130 133 136 124 146 118 157 119 167 122 181 120 192 116 203 115 213 120 220 128 175 131 176 141 176 150 177 160 165 170 171 172 177 173 183 171 188 169 144 136 149 133 156 132 163 136 157 137 150 138 188 134 194 130 201 130 207 133 202 135 195 136 158 191 165 186 171 184 177 186 183 184 191 186 197 191 191 197 184 200 177 200 171 199 165 196 162 190 171 187 177 188 183 188 194 191 183 194 177 194 171 193
121 155 122 170 125 186 130 200 139 212 150 223 164 231 178 234 194 230 207 222 219 211 227 197 232 182 234 166 235 149 235 134 131 133 136 124 146 119 157 119 168 122 181 120 191 117 203 115 214 120 220 129 175 132 176 141 176 150 177 160 165 170 171 172 177 173 183 171 189 169 144 136 149 133 156 132 163 135 157 137 150 138 188 134 194 131 201 131 207 133 201 135 195 135 158 191 165 186 171 184 177 186 183 184 191 186 198 191 191 196 184 199 177 200 171 199 165 196 162 190 171 187 177 188 183 188 194 190 183 193 177 194 171 193
120 155 122 171 126 186 131 200 139 212 151 222 164 230 178 233 194 230 208 222 219 210 228 197 233 181 235 165 235 149 235 133 131 133 136 124 146 119 157 119 168 122 181 120 191 117 203 115 214 120 220 128 175 131 176 141 176 150 176 160 165 169 171 172 177 173 183 171 188 169 144 136 149 133 156 132 163 135 157 137 150 138 188 134 194 130 201 130 207 133 201 135 195 135 158 190 164 185 171 184 177 185 183 184 190 186 197 190 190 195 183 197 177 198 171 197 164 194 161 189 171 187 177 188 183 187 194 190 183 191 177 192 171 191
121 155 122 170 125 186 130 200 139 211 150 222 163 230 178 233 193 230 207 222 219 210 228 197 233 182 235 166 235 149 235 134 131 133 136 124 146 118 157 119 168 121 180 120 191 116 202 115 213 119 220 128 175 131 176 141 176 150 176 160 165 169 171 171 177 173 183 171 188 169 144 136 149 133 156 132 163 135 157 137 150 137 188 134 194 130 201 130 207 133 201 135 194 135 157 189 164 185 171 183 177 185 182 183 189 186 197 189 189 193 183 196 177 196 171 195 164 193 161 189 171 186 177 187 182 187 194 189 182 189 177 190 171 189
121 155 122 170 125 186 130 200 139 212 150 222 164 229 179 232 194 229 207 220 219 209 228 196 232 182 235 166 235 149 235 134 131 131 136 123 146 118 157 118 167 121 181 119 191 116 203 114 213 119 220 127 175 131 175 141 176 150 176 159 165 169 171 171 177 172 182 171 188 169 144 136 149 133 156 132 163 136 157 137 150 138 188 134 194 130 200 130 207 133 201 135 194 135 158 189 165 185 171 183 176 185 182 183 189 185 196 189 189 193 182 195 177 196 171 195 165 193 161 189 171 187 176 188 182 187 192 189 182 189 176 189 171 189
120 155 122 170 125 185 130 199 139 211 150 221 163 229 178 231 193 228 207 220 218 209 227 196 232 182 234 165 234 149 234 133 130 132 135 124 145 118 156 119 167 121 180 119 191 116 202 115 213 119 219 128 174 131 175 141 176 150 176 160 165 170 171 171 177 172 182 171 188 169 144 136 149 133 156 132 163 135 156 137 150 137 187 134 193 130 200 130 207 133 201 135 194 135 157 189 164 186 171 184 176 185 182 184 188 186 196 189 189 193 182 195 176 196 171 195 164 193 161 189 171 188 176 189 182 188 193 189 182 189 176 189 171 189
120 156 122 171 125 186 130 200 139 212 150 222 163 230 178 233 193 229 207 221 218 210 227 197 232 182 234 166 235 150 235 134 130 132 135 124 145 118 156 119 167 121 180 119 191 116 202 115 213 119 219 127 175 132 175 141 176 150 176 160 165 170 171 172 177 173 182 171 187 169 144 136 149 133 156 132 163 136 156 137 150 138 187 134 193 130 200 130 206 133 201 135 194 135 157 190 164 186 171 184 176 186 182 184 189 186 196 190 189 194 182 197 176 197 171 197 164 194 161 189 171 189 176 189 182 189 192 190 182 190 176 191 171 190
120 155 122 170 125 185 130 199 139 211 150 221 163 230 178 233 193 229 206 221 218 210 227 196 232 181 234 165 234 149 234 133 130 133 135 124 145 119 156 118 167 121 180 119 191 116 202 115 212 119 219 128 175 131 175 141 176 150 176 160 165 170 171 172 177 173 182 171 188 169 144 136 149 133 156 132 162 135 156 137 150 137 187 134 193 130 200 130 206 133 200 135 194 135 158 190 164 187 171 185 176 186 182 185 189 187 196 190 189 195 182 198 176 199 170 198 164 195 161 190 171 188 176 189 182 188 192 190 182 192 176 193 171 192
120 156 122 171 126 186 131 200 139 212 151 222 163 231 178 234 193 230 207 221 218 210 227 196 232 181 234 165 234 148 235 133 130 133 135 124 145 118 156 119 167 122 180 119 190 116 202 115 213 119 219 128 175 131 175 141 176 150 176 160 165 170 171 172 176 173 182 172 188 169 144 136 149 133 155 132 162 135 156 137 150 138 187 134 193 130 200 130 206 133 201 135 194 135 158 190 164 187 171 185 176 186 183 185 190 187 197 190 190 196 183 199 176 200 171 199 164 196 161 190 171 188 176 189 183 188 193 190 182 192 176 193 171 192
120 156 122 171 125 186 130 200 139 212 150 222 163 230 178 233 193 230 206 221 218 210 227 197 232 182 234 166 234 149 234 133 130 132 135 124 145 118 155 119 166 121 180 119 191 116 202 114 212 119 219 127 174 132 175 141 175 151 175 161 164 170 170 172 176 173 182 172 187 170 143 136 148 133 155 132 162 135 156 137 149 137 187 134 193 130 200 130 206 133 200 135 194 135 157 190 164 186 170 185 176 186 182 185 189 186 196 190 189 195 182 198 176 198 170 198 164 195 161 190 170 188 176 189 182 188 192 190 182 192 176 192 170 192
120 156 122 171 125 186 130 199 138 211 149 221 163 229 177 232 193 229 207 221 218 210 227 196 232 181 234 165 234 149 234 133 130 132 135 123 145 118 156 118 166 121 180 119 191 116 202 114 212 119 219 127 174 131 175 141 175 150 176 160 165 170 170 171 176 173 182 171 187 169 143 136 149 133 155 132 162 135 156 137 149 138 187 134 193 130 200 130 206 133 200 135 194 135 157 190 164 186 170 184 176 186 182 184 189 186 196 190 189 194 182 196 176 197 170 196 164 194 160 190 170 188 176 189 182 188 192 190 181 190 176 190 170 190
120 155 122 170 125 185 130 199 138 211 150 222 163 230 178 233 194 229 207 221 219 210 227 196 232 181 234 165 235 149 235 133 130 132 135 123 145 118 156 118 166 121 179 119 190 116 201 114 212 119 219 127 174 131 175 141 175 150 176 160 164 170 170 172 176 173 182 171 187 169 143 136 148 133 155 132 162 135 156 137 149 137 187 134 193 130 200 130 206 133 200 135 194 135 157 190 163 187 170 185 176 186 182 184 189 186 196 190 189 195 182 198 176 199 170 198 163 195 160 190 170 188 176 189 182 188 192 190 182 191 176 192 170 191
120 155 122 170 125 185 130 199 139 211 150 222 163 230 178 233 194 230 207 221 219 210 227 196 232 181 234 164 234 148 234 132 130 132 135 123 145 118 156 118 166 121 180 119 190 116 202 114 212 119 219 128 174 131 175 141 175 150 176 160 164 170 170 171 176 173 182 171 188 169 143 136 148 133 155 132 162 135 156 137 149 137 187 134 193 130 200 130 206 133 200 135 193 135 158 190 164 186 171 184 176 186 182 184 190 186 196 190 190 196 183 199 177 200 171 199 164 196 161 190 171 188 176 188 182 188 193 190 182 193 177 194 171 193
120 155 122 170 125 185 130 200 139 212 150 223 163 231 178 233 194 230 207 221 218 210 227 196 232 181 234 165 234 148 235 133 130 132 135 124 145 118 156 119 167 121 180 119 191 116 202 114 212 119 219 127 174 131 175 141 175 150 176 160 164 169 170 171 176 172 182 171 188 169 143 136 148 133 155 132 162 135 156 137 149 137 187 134 193 130 200 130 206 133 200 135 194 135 158 190 164 185 170 183 176 185 182 183 190 185 197 190 190 196 183 200 177 201 171 200 164 196 162 190 171 187 176 187 182 187 193 190 183 194 177 195 171 194
120 155 122 170 125 185 130 200 139 212 151 223 164 232 179 235 194 231 207 221 219 209 227 195 232 180 234 164 234 148 234 132 129 133 134 124 145 118 156 118 167 121 179 119 190 116 202 114 212 119 219 128 174 131 175 141 175 150 176 160 164 169 170 171 176 172 182 171 188 169 143 136 148 133 155 132 162 135 156 137 149 137 187 134 193 130 200 130 206 133 200 135 194 135 157 190 163 185 171 183 177 185 183 183 190 185 197 190 191 197 184 201 177 202 171 201 164 197 161 190 171 187 177 187 183 187 193 190 183 195 177 196 171 195
120 154 122 170 125 185 130 200 139 212 150 223 163 232 178 235 193 231 207 222 218 210 227 196 232 180 234 164 234 148 234 132 129 133 134 124 145 118 156 119 166 121 180 119 190 116 201 114 212 119 218 128 174 132 175 141 175 150 176 160 164 169 170 171 176 172 182 171 188 169 143 136 148 133 155 132 162 135 156 137 149 137 187 134 193 130 200 130 206 133 200 135 193 135 157 190 163 186 170 183 176 185 183 183 190 185 197 190 190 198 183 202 177 203 170 202 164 198 161 190 171 187 177 187 183 187 193 190 183 196 177 196 170 195
120 155 122 170 124 185 129 199 138 212 149 223 162 232 177 236 192 232 206 222 217 210 226 196 231 181 233 165 234 149 234 133 129 133 134 124 145 118 156 119 166 121 179 119 190 116 201 114 212 119 218 127 174 131 174 141 175 151 175 160 164 170 170 171 176 173 182 171 187 169 143 136 148 133 155 132 162 135 156 137 149 137 187 134 193 130 200 130 206 132 200 135 193 135 157 191 163 186 170 184 176 185 182 184 190 185 197 190 190 198 183 202 176 203 170 202 164 198 161 190 170 187 176 188 182 187 193 190 183 195 176 196 170 195
120 155 122 170 125 185 130 200 138 212 150 223 163 232 178 235 193 232 206 222 218 210 226 196 231 181 234 165 234 148 234 132 129 132 135 124 145 118 156 119 166 121 180 119 190 116 201 115 212 119 218 128 174 132 174 141 175 150 175 160 164 170 170 171 176 173 182 171 188 169 143 136 148 133 155 132 162 135 155 137 149 137 187 134 193 130 200 130 206 133 200 135 193 135 157 191 163 186 170 184 176 185 183 183 190 185 197 190 190 198 183 202 177 203 170 202 164 198 161 190 171 187 177 188 183 187 193 190 183 196 177 196 170 196
120 155 122 171 125 186 130 200 139 212 150 223 163 232 178 235 193 231 206 222 218 210 227 197 232 181 234 165 234 148 235 132 130 132 135 124 145 119 156 119 166 122 180 119 190 116 201 115 212 119 218 127 174 132 175 141 175 150 176 160 164 169 170 171 176 172 182 171 188 169 143 136 148 133 155 132 162 135 156 137 149 137 187 134 193 130 199 130 206 133 200 135 193 135 157 190 163 185 170 183 176 184 183 183 190 185 197 190 190 198 183 202 177 203 170 202 163 198 161 190 171 187 176 187 183 187 193 190 183 195 177 196 170 195
120 156 122 171 125 186 130 200 139 212 150 223 163 232 178 235 193 231 206 222 218 211 227 197 232 182 234 166 234 149 234 133 129 132 134 124 144 118 156 118 166 121 180 119 190 116 201 114 212 119 219 127 174 132 175 141 175 150 176 160 164 169 170 171 176 172 182 171 188 169 143 136 148 133 155 132 162 135 156 137 149 137 187 134 193 130 200 130 206 133 200 135 193 135 157 190 163 185 170 183 176 184 183 183 191 185 197 190 191 197 184 201 177 202 170 201 163 198 161 190 171 187 177 187 183 187 193 190 183 195 177 196 171 195
120 155 122 170 125 186 130 200 139 213 150 223 163 232 178 235 193 231 206 222 218 210 227 196 232 181 234 165 234 148 234 132 129 132 134 124 145 118 156 119 166 121 180 119 190 116 202 115 212 119 219 128 174 132 175 141 175 150 175 160 164 169 170 171 176 173 182 171 188 169 143 136 148 133 155 132 162 135 155 137 149 137 187 134 193 130 200 130 206 133 200 135 194 135 157 191 163 185 170 183 176 185 183 183 190 185 197 190 191 198 184 201 177 202 170 202 163 198 161 190 170 187 177 187 183 187 193 190 183 195 177 196 170 195
120 155 122 171 125 186 130 200 139 212 150 223 163 232 178 235 194 231 207 222 218 210 227 196 232 181 234 165 234 149 235 133 129 132 135 124 145 118 156 119 167 122 180 120 191 116 202 115 213 119 219 127 175 132 175 141 176 150 176 160 164 170 170 172 177 173 183 171 188 169 143 136 149 133 155 132 162 136 156 137 149 137 187 134 193 130 200 130 206 133 200 135 194 135 157 191 163 186 170 184 177 185 183 183 191 185 197 190 191 198 184 201 177 202 170 201 164 198 161 190 171 187 177 188 183 187 193 190 183 195 177 196 171 195
120 155 122 170 125 186 130 200 138 212 150 223 163 232 178 235 194 231 207 222 219 210 227 196 232 181 234 164 234 148 234 132 129 133 135 124 145 118 156 119 167 122 180 119 190 116 202 114 212 119 219 128 174 131 175 141 175 150 176 160 164 170 170 172 176 173 182 171 188 169 143 136 148 133 155 132 162 135 156 137 149 138 187 134 193 130 200 130 206 133 200 135 194 135 157 190 164 186 171 184 177 185 183 183 190 185 197 190 191 197 184 201 177 201 171 200 164 197 161 190 171 187 177 188 183 187 194 190 183 194 177 195 171 194
120 155 122 170 125 186 130 200 139 212 151 223 164 231 179 234 194 230 207 221 218 210 227 196 232 181 234 165 234 149 234 133 130 132 135 124 145 118 156 119 167 121 179 120 190 116 201 115 212 119 218 127 174 132 175 141 175 150 176 160 164 170 170 172 177 173 182 171 188 169 143 137 149 133 155 132 162 136 156 137 149 138 187 134 193 130 200 130 206 133 200 135 193 135 157 190 164 186 171 184 177 185 183 184 190 185 197 190 191 196 184 199 177 200 171 199 164 196 161 190 171 187 177 188 183 187 194 190 183 193 177 194 171 193
120 155 122 171 125 186 130 201 139 213 150 223 163 231 178 234 193 230 207 222 218 210 227 196 232 181 234 165 234 148 234 133 130 132 135 124 145 119 156 119 167 121 180 119 191 116 202 115 212 119 219 128 175 131 175 141 176 150 176 160 164 170 170 171 177 173 182 171 188 169 143 136 149 133 155 132 162 135 156 137 150 137 187 134 193 130 200 130 206 133 200 135 194 135 158 190 164 186 171 184 177 186 183 184 190 186 197 190 190 195 184 198 177 199 171 198 164 195 161 190 171 187 177 188 183 187 193 189 183 192 177 193 171 192
120 156 122 171 125 186 130 200 139 211 150 221 163 229 178 232 193 229 206 221 218 209 227 196 232 181 234 164 235 148 235 132 130 132 135 124 145 118 156 119 166 122 180 119 191 116 202 115 212 119 219 128 174 131 175 141 176 150 176 160 165 170 171 171 177 173 182 171 188 169 143 137 148 133 155 132 162 136 156 137 149 138 187 134 193 130 200 130 206 133 200 135 194 135 157 190 165 186 171 184 177 186 183 184 190 186 197 189 190 194 183 196 177 197 171 197 165 194 161 190 171 188 177 189 183 188 193 189 183 190 177 191 171 191
120 156 122 171 125 186 130 200 139 211 150 221 164 228 179 231 194 228 208 220 219 209 228 196 232 181 234 165 234 149 234 134 130 132 135 124 145 118 156 119 166 121 180 119 191 116 202 115 212 119 219 127 174 132 175 141 175 150 176 160 165 170 171 171 177 172 182 171 188 169 143 137 148 133 155 132 162 136 156 137 149 138 187 135 193 130 200 130 207 133 201 135 194 135 157 189 164 186 171 184 176 185 182 184 189 186 197 189 190 193 183 196 177 197 171 196 165 194 160 189 171 188 177 189 182 188 193 189 182 189 177 190 171 190
120 156 122 171 125 186 130 200 139 212 150 221 163 229 178 232 194 229 207 221 219 210 228 197 232 182 235 166 235 149 235 133 130 132 135 124 145 118 156 119 167 122 180 119 191 117 202 115 212 119 219 127 174 132 175 141 175 150 176 160 165 170 171 171 176 172 182 171 187 169 143 137 148 133 155 132 162 136 156 137 149 138 187 135 193 130 200 130 206 133 201 135 194 136 157 190 164 186 171 184 176 185 182 184 189 186 197 189 189 193 183 195 177 196 171 195 165 193 160 189 171 188 176 189 182 188 193 189 182 189 177 190 171 189
120 156 122 171 125 185 130 199 139 212 151 221 164 229 179 231 195 228 208 220 219 208 228 195 232 181 234 165 234 149 234 134 130 132 136 124 146 118 157 119 167 122 180 119 191 117 202 115 212 119 219 128 175 131 175 141 176 150 176 160 165 170 171 171 177 172 182 171 188 169 143 137 149 133 155 132 162 136 156 137 149 138 187 135 193 130 200 130 206 133 201 135 194 136 157 190 164 186 171 184 177 186 182 184 189 186 197 189 190 194 183 196 177 197 171 196 164 194 160 190 171 188 177 189 182 188 193 189 183 190 177 191 171 190
120 155 122 170 125 185 130 200 139 212 151 222 164 231 179 233 194 230 207 221 219 210 227 196 232 181 234 165 235 148 235 132 130 132 135 124 145 118 157 119 167 122 180 120 191 116 202 115 212 119 219 127 175 132 175 141 176 151 176 161 165 170 171 172 177 173 182 171 188 169 143 137 149 133 155 133 162 136 156 137 149 138 187 135 193 131 200 131 206 133 201 136 194 136 157 191 164 187 171 185 176 186 182 185 190 187 197 190 190 195 183 198 177 199 171 198 164 196 161 190 171 188 177 189 183 188 193 190 183 192 177 193 171 192
120 155 122 170 125 185 130 200 139 212 151 223 164 231 179 234 194 230 207 221 219 209 227 196 232 181 234 165 234 148 235 133 130 132 135 124 145 119 157 119 167 122 180 120 191 117 202 115 213 120 219 128 175 132 175 141 176 151 176 161 165 170 171 172 177 173 183 172 188 169 143 137 148 134 155 134 162 136 156 137 149 138 188 135 193 131 200 132 206 134 201 136 194 136 158 191 164 187 171 184 177 186 183 184 190 186 197 190 190 196 184 199 177 200 171 199 164 196 161 191 171 188 177 188 183 188 193 190 183 193 177 193 171 193
121 154 122 169 125 184 130 199 139 211 151 222 164 231 179 234 194 230 207 221 219 210 228 196 232 181 234 165 234 149 234 133 130 132 136 124 146 118 157 119 167 122 181 120 191 116 202 115 212 119 219 127 175 132 176 141 176 151 177 160 165 170 171 172 177 173 183 171 188 169 143 137 149 134 155 134 163 136 156 138 149 138 187 135 193 132 200 132 206 134 201 136 194 136 158 191 164 186 171 184 177 186 183 184 191 186 197 190 191 197 184 200 177 201 171 200 165 197 162 190 171 188 177 188 183 188 194 190 184 194 177 194 171 194
120 155 122 170 125 184 130 199 139 211 150 222 163 231 178 234 194 230 207 221 219 209 228 196 232 181 234 164 235 148 235 133 130 133 136 124 146 119 157 119 167 122 180 120 191 117 202 115 213 120 219 128 175 132 175 141 176 151 176 160 165 170 171 172 177 173 182 171 188 169 144 137 149 134 155 134 163 136 156 138 150 138 187 135 193 131 200 131 207 134 201 136 194 136 158 190 164 186 171 184 177 185 183 184 190 186 197 190 191 197 184 200 177 201 171 200 164 197 161 190 171 188 177 188 183 187 193 190 183 193 177 194 171 193
120 155 122 171 125 186 130 200 139 213 151 223 164 232 179 234 194 231 207 222 219 210 228 197 232 181 234 165 235 149 235 133 130 132 136 124 146 119 157 119 167 122 181 120 191 117 202 115 213 119 219 127 175 132 176 142 176 151 176 161 165 170 171 172 177 174 183 172 188 170 144 137 149 135 155 134 162 136 156 138 150 139 188 135 193 132 200 132 207 134 201 136 194 136 158 191 164 186 171 185 177 186 183 184 191 186 197 191 191 196 184 199 177 200 171 199 165 196 161 191 171 188 177 189 183 188 194 191 184 193 177 194 171 193
121 155 122 170 125 185 130 200 139 212 151 223 165 231 180 234 195 230 208 222 219 210 228 196 232 181 234 165 234 149 234 133 130 132 136 124 146 119 157 119 167 122 181 120 191 117 203 115 213 120 219 128 175 132 176 142 176 151 177 161 165 170 171 172 177 174 183 172 188 170 144 137 149 134 155 134 162 136 156 138 150 138 188 135 194 132 201 132 207 134 201 136 194 136 158 191 164 187 171 185 177 186 183 185 190 187 197 191 191 196 184 198 177 199 171 198 164 195 161 191 171 188 177 189 183 188 194 191 183 192 177 193 171 192
120 155 122 171 125 186 130 200 138 212 150 222 163 230 178 233 193 230 207 221 219 210 227 196 232 182 234 166 234 149 235 134 130 132 136 124 146 119 157 119 168 122 181 120 191 117 202 115 213 120 220 128 175 132 176 142 176 151 176 161 165 170 171 172 177 173 183 172 188 170 143 137 149 134 155 134 163 136 156 138 150 139 188 135 194 131 200 132 207 134 201 136 194 136 157 191 164 186 171 185 177 186 183 184 190 186 197 191 190 195 183 197 177 197 171 197 164 194 160 190 171 188 177 189 183 188 194 190 183 191 177 191 171 191
121 155 122 170 125 185 130 199 139 212 150 222 164 230 179 233 194 230 208 221 219 210 227 197 232 182 234 166 235 149 235 134 130 132 136 124 146 119 158 119 168 122 181 120 191 117 202 115 213 119 220 128 175 132 176 142 176 151 177 161 165 170 171 172 177 173 183 172 188 170 144 137 149 134 156 134 163 136 156 138 150 138 187 135 194 132 200 132 207 134 201 136 194 136 158 190 165 186 171 184 177 186 183 184 190 186 197 191 190 194 183 196 177 197 171 196 165 194 161 190 171 188 177 189 183 188 193 190 183 190 177 191 171 190
121 155 123 170 125 185 130 199 138 211 150 222 163 230 178 233 193 230 206 222 218 211 227 198 232 183 234 167 235 150 235 135 130 133 136 124 146 119 157 119 168 122 181 120 192 117 203 115 213 120 220 128 176 132 176 142 177 151 177 161 165 170 171 172 177 173 183 172 188 170 144 137 149 134 156 134 163 136 156 138 150 138 188 135 194 132 201 132 207 134 201 136 194 136 157 191 164 186 171 184 177 186 183 185 190 186 197 191 190 194 183 197 177 197 171 196 164 194 161 190 171 188 177 188 183 188 194 190 183 190 177 191 171 190
121 154 123 169 126 185 130 199 138 211 150 222 163 230 178 233 193 230 207 222 218 211 228 197 233 183 235 167 235 150 235 135 130 133 136 124 146 119 158 119 168 122 181 120 192 117 203 115 214 120 220 129 176 132 176 142 177 151 177 161 165 170 171 172 177 173 183 172 189 170 144 137 150 134 156 134 163 136 157 138 150 138 188 135 195 132 201 132 208 134 202 136 195 136 158 190 165 186 171 184 177 186 183 184 190 186 198 191 190 194 183 196 177 197 171 196 165 194 161 190 171 187 177 188 183 188 194 190 183 190 177 191 171 190
121 155 123 170 126 186 131 200 139 212 151 223 164 230 179 233 194 230 207 222 219 211 228 197 233 182 235 166 235 150 236 134 131 133 137 124 147 119 158 119 169 122 182 120 192 117 203 115 214 120 220 128 176 132 177 142 177 151 177 161 166 170 172 172 178 174 183 172 189 170 145 137 150 134 157 133 163 136 157 137 151 138 189 135 195 132 201 132 207 134 202 136 195 136 158 191 165 186 172 184 178 186 184 184 191 186 198 190 191 195 184 197 178 198 171 197 165 195 162 190 172 188 178 189 184 188 194 190 184 191 178 191 171 191
121 156 123 171 126 186 131 200 139 212 151 223 164 231 179 234 194 230 208 222 219 211 228 198 232 183 234 167 234 150 234 135 131 132 137 124 147 119 158 119 169 122 182 120 193 117 204 115 214 120 220 129 176 132 177 142 177 151 178 161 166 170 172 172 178 173 184 172 189 170 145 137 150 134 157 133 164 136 157 137 151 138 189 135 195 131 201 131 208 134 202 136 195 136 159 190 166 186 172 184 178 186 184 184 191 186 198 190 190 195 184 197 178 198 172 197 165 194 162 190 172 188 178 189 184 188 194 190 184 191 178 191 172 191
121 155 123 170 126 186 130 200 139 212 150 223 164 230 179 233 194 230 208 221 219 210 228 197 232 182 235 166 235 150 235 134 131 133 136 124 147 119 158 119 169 122 182 120 192 117 204 115 214 120 220 129 177 132 177 142 177 151 178 161 166 170 172 172 178 173 184 172 189 170 145 137 150 133 157 133 164 136 158 137 151 138 189 135 195 131 201 131 208 134 202 136 195 136 158 190 166 186 172 184 178 186 184 184 191 186 198 190 191 194 184 196 178 197 172 196 165 194 162 190 172 188 178 189 184 188 194 190 184 190 178 191 172 190
121 155 123 170 126 185 131 200 139 212 150 222 163 230 178 233 193 230 207 221 219 211 228 197 232 183 234 167 235 150 235 135 131 133 136 124 147 119 158 119 169 122 182 120 193 117 204 115 214 120 220 129 176 132 177 142 177 151 178 160 166 170 172 172 178 173 184 171 189 170 145 137 150 133 157 133 164 136 158 137 151 138 189 135 195 131 202 131 208 134 202 136 195 136 159 190 166 187 172 184 178 186 183 184 190 186 197 190 190 194 184 196 178 196 172 196 166 194 162 190 172 188 178 189 183 188 194 190 183 190 178 190 172 190
121 155 123 171 126 186 131 200 139 212 150 222 163 230 178 233 193 230 207 222 219 211 228 198 233 183 235 167 235 151 235 135 131 134 136 125 147 119 158 119 169 122 182 120 193 117 204 116 215 120 221 129 176 132 177 142 177 151 178 160 166 170 172 172 178 173 184 171 189 170 145 137 150 133 157 133 164 136 158 137 151 138 189 135 195 131 202 131 208 134 202 135 196 136 159 190 166 187 173 185 178 186 184 185 190 187 198 190 190 193 184 195 178 196 173 195 166 194 162 190 173 188 178 189 184 188 194 190 183 189 178 190 173 190
121 155 123 170 126 185 130 200 138 212 149 222 163 230 177 233 193 230 207 222 218 211 228 198 233 184 235 167 236 151 236 135 131 133 137 124 147 119 158 119 169 122 182 120 193 117 204 116 214 120 220 129 176 132 177 142 177 151 178 161 166 170 172 172 178 173 184 172 189 170 145 137 151 133 157 133 164 136 158 137 151 138 189 135 195 131 202 131 208 134 202 136 195 136 159 190 166 187 173 185 178 186 183 184 190 186 197 190 190 193 183 196 178 196 172 196 166 194 162 190 173 188 178 189 183 188 194 190 183 189 178 190 172 189
121 155 123 170 126 185 131 199 139 211 150 222 163 229 178 232 194 229 208 221 219 210 228 197 233 182 235 166 235 149 235 134 131 132 137 124 147 119 158 119 168 122 182 120 193 117 204 115 214 120 220 128 176 132 177 142 177 151 178 160 166 171 172 172 178 173 184 172 189 170 145 137 150 133 157 133 164 136 158 137 151 138 189 135 195 131 202 131 208 134 202 136 195 136 158 190 166 187 173 185 178 186 184 185 190 186 198 190 190 194 184 195 178 196 172 196 166 194 162 190 173 189 178 189 184 189 194 190 183 189 178 190 173 189
121 156 123 171 126 186 131 200 139 212 151 222 164 230 179 233 194 229 208 221 219 211 228 197 233 183 235 166 235 150 235 134 131 132 137 124 147 119 158 119 169 122 181 120 192 117 204 115 214 120 220 129 176 132 177 142 178 151 178 161 166 171 173 172 179 173 184 172 189 170 145 137 150 133 157 133 164 136 158 138 151 138 189 135 195 131 202 131 208 134 202 136 195 136 159 190 166 187 173 185 178 186 184 184 191 187 198 190 191 194 184 195 178 196 173 195 166 194 162 190 173 189 178 189 184 189 194 190 184 189 178 190 173 189
121 154 123 170 126 186 131 200 140 212 151 222 165 230 179 233 194 229 208 221 219 209 228 196 233 181 235 165 235 148 235 133 131 131 138 124 148 119 159 119 169 122 181 120 192 117 203 115 213 120 220 128 176 133 177 142 177 151 177 160 166 171 172 172 178 173 184 172 189 170 146 138 151 136 158 135 165 137 158 138 152 139 188 136 195 133 201 133 207 135 201 136 195 137 158 190 166 187 172 184 178 186 183 184 190 186 198 190 190 194 184 196 178 196 172 196 166 194 162 190 172 188 178 189 184 188 194 190 183 189 178 190 172 189
121 155 123 170 126 186 131 200 140 213 151 223 164 230 179 233 194 229 208 221 219 210 228 197 233 182 235 166 235 149 235 134 132 132 138 124 148 119 159 119 169 122 181 120 192 117 203 115 213 120 220 128 177 133 177 142 177 151 178 160 166 171 172 172 178 173 184 172 189 170 147 139 153 138 159 137 166 138 160 139 154 140 188 137 194 135 201 135 207 136 201 138 194 138 158 190 166 187 172 184 178 185 183 184 190 186 198 190 190 193 184 195 178 196 172 195 166 194 162 190 172 188 178 189 184 188 194 190 183 189 178 190 172 189
121 155 123 170 126 186 131 200 139 213 151 223 164 231 179 233 194 230 208 222 219 211 228 197 233 182 235 166 235 149 235 133 132 132 138 123 148 119 159 119 169 122 181 120 192 117 203 115 213 120 220 128 176 133 177 142 177 151 178 161 166 170 172 172 178 173 184 172 189 170 147 139 153 137 159 137 165 138 159 139 153 140 188 136 194 135 200 135 206 136 200 138 194 138 158 190 166 187 172 185 177 186 183 185 190 186 198 190 190 194 184 195 178 196 172 196 166 194 162 190 172 188 178 189 183 188 194 190 183 189 177 190 172 190
121 156 122 171 125 187 130 201 139 213 150 223 164 231 179 233 195 229 209 221 220 210 228 197 233 181 234 165 234 149 234 134 131 132 137 124 147 119 158 119 168 123 182 121 192 117 203 115 213 120 219 128 176 133 177 142 177 151 178 161 166 171 172 172 178 173 184 172 189 170 145 139 151 137 157 136 164 137 158 139 152 139 188 136 195 133 201 133 207 135 201 137 195 137 158 190 166 187 172 185 178 186 183 185 190 187 198 190 190 194 183 196 178 197 172 196 166 194 162 190 172 189 178 189 183 189 194 190 183 190 178 190 172 190
121 156 123 171 125 186 130 201 139 213 150 223 163 230 179 233 194 229 208 221 220 210 228 197 233 181 235 165 235 149 235 133 130 134 136 125 146 119 157 119 168 123 181 120 192 117 203 115 214 120 220 129 176 132 176 142 177 151 178 161 166 171 172 172 178 173 184 172 189 170 144 138 150 135 156 134 163 136 157 138 151 138 188 135 195 132 201 132 208 134 202 136 195 136 158 190 165 187 172 185 178 186 183 185 190 187 198 190 190 194 184 196 178 196 172 196 165 194 161 190 172 188 178 189 184 189 194 190 183 189 178 190 172 189
121 157 123 173 126 188 130 201 139 213 150 223 164 230 178 233 194 230 208 221 219 210 228 197 233 183 234 167 235 150 235 135 130 134 135 125 146 119 157 119 168 122 181 120 192 117 203 116 214 120 220 129 176 132 176 142 177 151 177 161 166 171 172 172 178 173 183 172 189 170 144 138 150 134 156 133 163 136 157 138 151 138 188 135 194 131 201 131 208 134 202 136 195 136 158 190 165 187 172 185 177 186 183 185 190 187 197 190 190 194 183 196 177 197 172 196 165 194 161 190 172 188 177 189 183 188 194 190 183 189 177 190 172 190
121 157 123 173 126 188 130 201 139 213 150 223 164 230 178 233 194 230 208 222 219 211 228 197 232 183 234 167 235 150 235 135 129 133 135 125 146 119 157 119 168 122 181 120 191 117 203 116 213 120 220 129 176 132 176 142 177 151 177 161 165 171 172 172 178 173 183 172 189 170 144 137 149 134 156 133 163 136 157 138 150 139 188 135 194 131 201 131 208 134 202 136 195 136 158 191 165 187 172 185 177 186 183 185 190 187 197 190 190 194 183 196 177 196 172 196 165 194 161 190 172 189 177 189 183 189 194 190 183 189 177 190 172 190
121 157 123 172 126 187 130 201 139 213 151 223 164 230 179 233 194 229 208 222 219 211 228 198 232 183 234 167 235 150 234 135 130 133 136 125 146 119 157 119 168 122 181 120 192 117 203 116 213 120 220 129 175 132 176 142 177 151 177 161 166 171 172 172 178 173 183 172 189 170 144 137 150 133 156 133 163 136 157 138 150 138 188 135 194 131 201 131 207 134 202 136 195 136 158 190 165 187 172 185 177 186 183 185 190 187 197 190 190 194 183 196 177 197 172 196 165 194 161 190 172 188 178 189 183 189 194 190 183 190 177 190 172 190
120 157 122 172 125 187 130 201 139 213 150 223 164 230 179 233 194 230 207 222 219 211 228 198 232 183 234 167 234 150 235 135 130 133 136 125 146 119 157 119 168 122 181 120 192 117 203 116 213 120 220 129 175 132 176 142 177 151 177 161 166 171 172 172 178 173 183 172 189 170 144 137 150 133 156 133 163 136 157 137 150 138 188 135 194 131 201 131 207 134 202 136 195 136 158 191 165 187 172 185 177 186 183 185 190 187 197 190 189 194 183 196 177 196 172 196 165 194 161 190 172 189 177 189 183 189 193 190 183 190 177 190 172 190
121 156 123 172 125 187 130 201 139 213 150 223 164 231 179 233 194 230 208 222 219 211 228 198 232 183 234 167 235 150 235 135 130 133 136 125 146 119 157 119 168 122 182 120 192 117 203 116 214 121 220 129 176 132 176 142 177 151 177 161 165 171 172 172 178 173 183 172 188 170 144 137 149 134 156 133 163 136 157 138 150 138 188 135 194 131 201 131 207 134 202 136 195 136 158 191 165 187 172 185 177 186 183 185 190 187 197 191 190 194 183 196 177 196 172 196 165 194 161 190 172 189 177 189 183 189 193 190 183 190 177 190 172 190
120 157 123 172 125 187 130 201 139 213 150 223 164 230 179 233 194 230 208 221 219 210 228 197 233 182 234 167 235 150 235 135 130 134 136 125 146 120 157 119 168 122 181 120 192 117 203 116 214 120 220 129 175 132 176 142 177 151 177 161 166 171 172 172 178 173 183 172 188 170 144 137 150 134 156 133 163 137 157 138 150 139 188 135 194 130 201 130 208 134 202 136 195 136 158 191 165 187 172 185 177 186 183 185 190 187 197 191 190 194 184 196 178 196 172 196 165 194 161 190 172 188 178 189 183 189 194 190 183 190 178 190 172 190
121 157 123 172 126 186 130 200 138 213 150 223 163 230 179 233 194 230 208 222 220 211 228 197 232 182 234 166 234 150 235 135 130 133 135 125 146 119 157 119 168 122 181 120 192 117 203 116 214 120 220 129 175 132 176 142 177 151 177 161 166 171 172 172 178 173 183 172 189 170 144 137 149 134 156 133 163 136 157 138 150 139 188 135 194 131 201 131 207 134 201 136 195 136 158 191 165 187 172 185 177 186 183 185 190 187 197 191 190 194 183 195 178 196 172 195 165 194 161 190 172 189 177 189 183 189 194 190 183 190 177 190 172 190
120 157 123 173 126 187 131 201 139 213 150 223 164 230 178 233 194 230 207 222 219 211 228 198 232 183 235 167 235 150 235 135 130 133 136 125 146 119 157 119 167 122 182 120 192 117 203 116 214 120 220 129 175 132 176 142 177 151 177 161 166 171 172 172 178 173 183 172 188 170 144 137 150 134 156 133 163 137 157 138 150 139 188 135 194 130 201 130 208 134 202 136 195 136 158 191 165 187 172 185 178 186 183 185 190 187 197 191 190 194 183 196 178 196 172 196 165 194 161 190 172 189 178 189 183 189 194 190 183 190 178 190 172 190
