115 151 117 168 120 184 127 199 137 212 150 223 165 230 180 233 195 229 207 219 218 207 226 194 231 179 233 162 233 146 234 130 128 127 135 118 146 112 158 112 169 116 182 114 193 111 204 110 215 115 221 123 177 127 178 137 179 147 180 157 166 167 173 168 179 170 185 168 191 166 143 131 149 127 156 127 163 131 156 131 149 132 189 130 195 125 202 126 209 129 203 131 196 131 157 188 165 184 173 182 179 183 185 181 192 183 198 187 192 195 186 198 179 199 173 198 165 195 161 188 173 185 179 185 185 185 195 188 185 192 179 193 173 192
115 150 117 167 121 184 127 199 138 212 151 223 165 230 180 233 195 229 207 219 217 207 226 194 231 179 233 163 234 146 234 130 128 127 135 118 146 112 158 112 169 116 182 114 193 111 205 110 215 114 221 123 177 127 178 137 179 147 180 157 166 166 172 168 179 170 185 168 191 166 142 130 148 127 156 127 163 130 156 131 149 132 189 130 195 125 202 125 209 128 203 130 196 130 158 188 165 184 173 182 179 183 185 181 192 183 198 187 192 195 185 198 179 199 172 199 165 195 161 188 173 185 179 185 185 185 195 187 185 192 179 193 173 192
115 150 117 167 120 183 127 199 137 212 150 223 164 230 180 233 194 229 207 219 217 207 226 194 230 179 233 163 233 146 234 130 128 127 135 118 146 112 158 112 169 116 182 114 193 111 204 110 215 115 221 123 177 127 178 137 178 147 179 157 166 166 172 168 179 170 185 168 190 165 142 130 148 127 155 127 163 130 156 131 149 132 189 129 195 125 202 125 209 128 203 130 196 130 157 188 165 183 172 182 179 183 185 181 192 183 198 187 192 195 185 198 179 199 172 198 165 195 161 187 173 185 179 185 185 185 194 187 185 192 179 193 172 192
115 151 117 168 121 184 127 199 137 212 150 223 165 231 180 233 194 229 206 220 217 208 225 195 230 180 232 163 233 147 233 130 128 127 134 118 145 112 158 113 169 116 182 115 192 111 204 110 215 114 221 123 177 126 178 136 178 146 179 157 166 166 172 168 179 170 185 168 191 165 142 130 148 127 155 127 162 130 156 131 149 132 189 129 195 125 202 125 208 128 202 130 195 130 157 188 165 184 172 182 178 183 184 181 191 183 198 188 192 195 185 198 179 199 172 199 165 195 161 188 173 185 178 185 184 185 194 188 185 192 179 193 172 192
114 150 117 168 120 184 127 200 138 213 150 223 165 230 180 233 195 229 207 219 217 207 225 194 230 179 232 163 233 146 233 130 128 127 134 118 145 112 158 112 169 116 182 114 193 111 204 110 215 114 221 123 177 126 177 136 178 146 179 157 166 166 172 168 178 169 184 168 190 165 142 130 148 127 155 126 162 130 156 131 149 132 189 129 195 125 202 125 208 128 202 130 195 130 157 188 164 184 172 182 178 183 184 181 192 183 198 187 192 195 185 198 179 199 172 199 165 195 161 188 172 185 178 186 184 185 194 187 185 192 179 193 172 192
115 151 117 167 120 184 127 200 138 213 150 223 165 231 180 233 195 228 207 219 217 207 226 193 230 178 232 163 233 146 233 130 128 127 134 118 145 112 158 113 169 116 182 114 192 111 204 110 215 115 221 123 177 127 178 137 179 146 179 157 165 166 172 168 179 169 185 168 191 165 142 130 148 127 155 126 162 130 156 131 149 132 189 129 195 125 202 125 208 128 202 130 195 130 157 188 164 184 172 182 178 183 184 181 192 183 198 187 192 195 185 198 179 199 172 199 164 195 161 188 172 185 178 185 184 184 194 187 185 192 179 193 172 193
115 150 117 167 121 184 127 199 137 212 150 223 164 230 179 233 194 229 207 219 217 207 226 194 230 179 233 163 233 146 234 130 129 125 135 117 146 112 158 112 169 116 182 114 193 111 204 110 215 114 221 123 177 126 177 137 178 146 179 157 166 166 172 168 178 169 184 168 190 165 142 130 148 127 155 126 162 130 156 131 149 132 189 129 195 125 202 125 208 128 202 130 195 130 157 188 164 183 172 181 178 183 184 181 191 183 198 187 192 195 185 198 178 199 172 198 164 195 161 188 172 185 178 185 184 185 194 187 185 192 178 193 172 192
115 150 117 167 120 184 127 199 137 212 150 223 164 230 180 233 194 229 207 219 217 208 226 194 230 179 232 163 233 146 233 130 129 125 135 117 146 112 157 112 168 115 182 114 193 111 204 110 214 114 220 122 177 127 177 137 178 146 179 157 166 166 172 168 179 169 184 168 190 165 142 130 148 127 155 126 162 130 156 131 149 131 189 129 195 125 202 125 208 128 202 130 195 130 157 187 165 183 172 181 178 183 184 181 191 183 198 187 192 195 185 198 179 199 172 198 165 195 161 187 172 185 178 185 184 185 194 187 185 192 179 193 172 192
115 149 117 166 120 183 127 198 137 211 149 222 164 230 179 232 194 228 206 219 217 207 225 194 230 179 232 163 233 146 234 130 129 126 135 117 146 112 158 112 169 115 182 114 193 111 204 110 215 114 221 123 176 126 177 137 178 146 179 157 166 166 172 168 178 169 184 167 190 165 142 130 148 126 155 126 162 130 156 131 148 131 189 129 195 125 202 125 208 128 202 130 195 130 157 187 164 183 172 181 178 183 184 181 191 183 198 187 191 193 185 196 178 197 172 197 165 194 160 187 172 185 178 186 184 185 194 187 184 190 178 191 172 191
115 150 117 167 120 183 125 198 136 211 148 221 163 228 178 231 193 227 206 219 217 207 226 194 230 179 232 163 233 146 233 130 129 125 135 117 146 112 158 112 169 115 183 114 193 111 204 110 215 114 221 122 177 126 177 136 178 146 179 156 166 166 172 168 179 169 184 168 190 166 142 130 148 127 155 126 163 130 156 131 149 131 189 129 195 125 202 125 208 128 202 130 195 130 156 186 165 184 172 182 178 183 184 181 190 183 197 186 190 191 184 193 178 194 172 193 165 191 160 186 172 186 178 186 184 185 194 186 184 187 178 188 172 187
115 151 116 167 120 184 126 198 136 211 149 221 164 227 179 229 194 226 207 218 218 207 227 194 231 179 234 163 234 146 234 131 129 125 135 117 146 111 158 112 169 115 182 114 193 111 204 109 215 114 221 122 176 126 177 136 178 146 179 156 166 166 172 167 178 169 184 167 190 165 142 130 148 126 155 126 162 130 156 131 149 131 189 129 195 125 202 125 209 128 202 130 195 130 156 186 165 183 172 181 178 182 183 181 190 182 198 185 191 190 184 192 178 192 172 192 165 190 160 186 172 185 178 185 184 185 195 185 184 186 178 186 172 186
115 149 117 166 120 182 126 197 136 210 149 221 163 228 179 230 194 227 207 218 218 206 226 193 231 178 233 162 234 146 234 130 128 125 135 116 146 111 158 111 169 115 183 113 193 110 204 109 215 114 221 122 177 126 177 136 178 146 179 156 165 166 172 167 178 169 184 167 190 165 142 130 148 126 155 126 163 130 156 130 148 131 189 129 195 124 202 125 209 128 202 130 195 130 156 186 164 183 172 181 178 182 183 181 191 182 198 186 191 191 184 193 178 194 172 193 164 191 159 186 172 185 178 185 184 185 194 186 184 187 178 187 172 187
115 149 117 166 120 182 126 198 137 210 150 221 164 228 180 231 194 227 207 217 218 206 226 193 231 178 233 161 233 145 234 128 128 126 134 117 145 111 158 111 169 115 182 113 193 110 204 109 215 114 221 123 176 125 177 136 178 145 179 156 165 165 172 167 178 169 184 167 190 165 142 129 148 126 155 126 162 129 156 130 149 131 189 129 195 124 202 124 208 127 202 129 195 129 157 186 165 183 172 181 178 182 184 180 191 182 198 186 191 192 185 195 178 196 172 195 165 192 161 186 172 184 178 185 184 184 194 186 184 189 178 189 172 189
115 149 117 167 121 183 127 198 137 211 150 221 164 229 179 231 194 227 206 218 217 207 226 193 230 178 233 162 234 145 234 129 127 127 134 117 145 111 158 111 169 115 182 113 193 110 204 109 215 114 221 123 176 125 177 135 178 145 179 155 165 165 172 167 178 168 184 166 190 164 142 129 148 126 155 125 162 129 156 130 149 130 189 128 195 124 202 124 208 127 202 129 195 129 157 186 164 182 172 180 178 181 184 180 191 182 198 186 191 192 185 196 178 196 171 196 164 192 161 186 172 183 178 183 184 183 194 186 184 190 178 190 172 189
115 149 117 167 120 183 127 198 137 211 150 221 163 228 178 231 193 227 206 218 216 207 225 193 230 178 233 162 233 145 234 128 128 126 134 116 146 111 158 111 169 115 182 113 193 110 204 109 215 114 221 122 176 125 177 135 178 145 179 155 165 165 172 167 178 168 184 166 190 164 142 129 148 126 155 125 162 129 156 130 149 130 189 128 195 124 202 124 209 127 203 129 196 129 157 186 164 181 172 179 178 181 185 179 192 181 198 186 192 193 185 196 178 197 172 196 164 193 161 186 172 183 178 183 184 183 194 186 185 190 178 191 172 190
115 149 117 166 121 182 127 197 137 210 149 220 163 228 179 231 194 227 207 218 217 206 226 193 231 178 233 161 234 144 234 128 128 126 134 117 145 111 157 111 169 114 182 113 193 110 204 109 215 114 221 123 176 125 177 135 178 145 179 155 165 165 172 167 178 168 184 166 190 164 142 129 148 126 155 125 162 129 156 130 149 130 189 128 195 124 202 124 209 127 202 129 195 129 157 186 164 181 171 179 178 181 184 179 192 181 198 186 192 192 185 195 178 196 171 195 164 192 160 185 172 182 178 183 184 182 194 185 184 189 178 190 172 189
115 147 117 164 120 180 126 196 136 209 149 219 163 227 178 230 193 226 206 217 218 206 227 192 231 177 233 161 234 144 235 128 128 126 134 117 145 111 158 111 169 115 182 113 193 110 205 109 215 114 221 123 177 125 177 135 178 145 178 155 165 164 172 166 178 168 184 166 190 164 143 129 148 125 155 125 163 129 156 129 149 130 189 128 195 124 202 124 209 127 202 129 196 129 157 185 164 181 171 179 178 180 184 179 191 181 198 185 191 190 184 193 178 194 171 193 164 190 160 185 171 182 177 183 184 182 194 185 184 187 178 187 171 187
115 148 117 165 121 181 127 196 137 209 149 219 164 227 179 230 195 226 208 217 219 206 227 192 232 177 234 161 234 145 235 128 128 126 134 116 146 111 158 111 169 114 182 113 193 110 205 109 216 114 222 123 177 124 178 135 178 145 179 155 165 164 172 166 178 168 185 166 190 163 143 129 149 126 155 125 163 128 156 129 149 130 189 128 196 124 202 124 209 127 203 129 196 129 156 185 164 180 171 178 177 180 184 178 190 180 197 184 190 189 184 191 177 192 171 191 164 189 160 184 171 182 177 182 184 182 194 184 184 185 177 186 171 185
116 148 117 165 121 181 126 196 136 209 149 219 163 227 179 229 194 225 207 217 218 205 227 192 232 177 234 161 234 144 235 128 128 126 134 116 146 110 158 111 169 114 182 113 194 110 205 108 216 113 222 122 177 125 178 135 178 145 179 155 165 164 172 166 178 167 185 166 190 163 143 129 149 126 156 125 163 128 156 129 149 130 189 128 196 124 202 124 209 127 203 129 196 129 156 184 164 179 171 178 178 180 184 178 191 180 198 184 191 188 184 190 177 191 171 190 164 188 160 183 171 181 178 182 184 181 194 184 184 184 177 185 171 184
115 148 118 165 121 181 127 196 137 209 149 219 164 226 179 229 194 225 208 216 219 205 227 192 232 177 234 161 235 145 235 128 128 126 134 117 146 111 158 111 169 114 182 113 193 110 205 108 216 114 222 123 177 124 178 134 178 144 179 155 165 164 172 165 179 167 185 165 191 163 143 128 149 125 155 125 163 128 156 129 149 130 189 128 196 123 203 124 209 126 203 128 196 128 157 184 165 179 172 178 178 180 184 178 191 180 198 184 191 188 184 190 178 191 171 190 165 188 160 183 172 181 178 182 184 181 194 183 184 184 178 185 171 184
116 148 118 165 121 181 127 196 137 208 149 218 164 225 179 228 195 224 208 216 218 205 227 192 231 177 234 161 234 144 235 128 128 126 134 116 146 110 158 111 169 114 182 113 193 109 205 108 216 113 222 122 177 124 178 135 178 144 179 155 165 164 172 166 179 167 185 166 191 163 142 128 148 125 155 125 163 128 156 129 149 130 189 128 196 123 202 124 209 126 203 128 196 128 157 183 165 180 172 178 178 180 184 178 191 180 198 184 190 188 184 190 178 191 171 190 165 187 160 183 172 181 178 182 184 182 194 183 184 184 178 185 172 184
115 149 117 166 120 182 126 196 136 209 149 218 163 226 179 228 194 225 208 216 219 205 227 192 231 178 234 162 234 145 235 129 128 125 134 116 145 110 158 111 169 114 182 112 193 109 205 108 216 113 222 123 177 124 177 134 178 144 179 155 165 164 172 166 178 167 184 166 190 163 142 128 148 125 155 125 162 128 156 129 149 130 189 128 196 123 202 124 209 127 203 129 196 129 156 184 164 180 172 179 178 180 184 178 190 180 198 184 190 188 184 190 178 191 171 190 164 188 160 184 172 182 178 183 184 182 194 183 184 184 178 185 172 184
115 149 117 166 121 182 126 197 137 209 149 219 164 226 179 228 195 225 207 216 218 205 227 192 231 177 234 161 234 144 235 128 127 125 134 116 145 110 157 110 168 114 182 112 193 109 205 108 216 113 222 122 176 124 177 134 178 144 179 154 165 164 172 165 178 167 184 165 190 163 142 128 148 125 155 125 162 128 156 129 149 130 189 127 195 123 202 123 209 126 202 128 196 128 157 184 165 180 172 178 178 180 184 178 190 180 198 184 190 188 184 190 178 191 171 190 165 188 160 184 172 182 178 182 184 182 194 183 183 184 178 185 172 184
115 147 117 164 121 180 126 195 137 208 149 219 163 227 179 230 194 226 207 217 218 205 226 192 231 177 233 160 234 143 235 127 128 125 134 116 145 110 157 110 169 114 182 112 193 109 205 108 216 113 222 122 176 124 177 134 178 144 178 155 165 164 171 166 178 168 184 166 190 163 142 128 148 125 155 125 162 128 155 129 148 130 189 127 195 123 202 124 209 126 202 128 195 128 157 185 164 180 171 178 177 180 184 178 191 180 198 184 191 190 184 193 178 194 171 193 164 190 161 184 171 182 177 182 184 182 194 184 184 187 177 188 171 187
115 149 117 166 121 182 127 197 137 210 150 221 164 229 179 231 194 227 207 218 218 206 226 192 231 177 233 161 234 144 234 128 128 126 134 116 145 110 157 110 169 114 181 112 192 109 204 108 215 113 221 123 176 124 177 134 177 144 178 155 165 164 171 166 178 167 184 165 190 163 142 128 148 125 155 125 162 128 155 129 148 130 189 127 195 123 202 123 208 126 202 128 195 128 157 185 164 180 171 178 177 180 184 178 191 180 198 184 192 192 185 196 178 197 171 195 164 192 161 185 171 181 178 182 184 181 194 184 184 189 178 190 171 189
115 149 117 166 121 182 127 197 137 210 149 221 164 229 179 232 194 228 207 218 217 206 226 193 231 178 233 161 233 144 234 128 127 126 133 116 144 110 157 110 168 114 181 112 192 109 204 108 215 113 220 123 176 124 176 135 177 144 178 155 164 164 171 166 178 167 184 165 190 163 142 128 148 125 154 125 162 128 155 129 148 130 188 127 194 123 201 123 208 126 202 128 195 128 157 185 164 180 171 178 177 180 184 178 191 180 198 185 191 193 185 196 178 197 171 196 164 192 161 185 171 182 177 182 184 181 194 185 184 190 178 191 171 190
115 149 117 166 120 182 127 197 137 211 149 221 163 229 178 232 193 228 206 218 217 206 226 193 230 177 233 161 233 144 234 127 127 126 133 117 144 110 157 111 168 114 181 113 192 109 203 108 214 113 220 122 175 125 176 135 177 145 178 155 164 164 171 166 177 168 184 166 190 163 142 129 147 126 154 125 161 128 155 129 148 130 188 127 194 123 201 123 208 126 202 128 195 128 157 186 164 180 171 178 177 180 184 178 191 180 198 185 192 193 185 197 178 198 171 197 164 193 161 185 171 182 177 182 184 181 194 185 184 191 178 192 171 191
115 148 116 165 120 182 126 197 137 210 149 221 163 229 179 232 194 228 206 218 217 206 226 192 231 177 233 160 234 143 234 127 127 126 133 117 144 111 156 111 168 114 181 113 192 110 203 108 214 113 220 122 175 125 176 135 177 145 178 155 164 164 171 166 177 168 183 166 189 163 141 129 147 125 154 125 161 128 155 129 148 130 188 128 194 124 201 124 208 127 201 128 195 128 157 185 164 180 171 178 177 180 184 178 191 180 198 185 191 193 185 197 178 198 171 197 164 193 161 185 171 182 177 182 184 182 194 185 184 190 177 191 171 190
115 150 117 166 120 182 126 197 136 210 148 221 163 229 178 232 193 228 206 218 217 206 226 192 231 177 233 161 233 144 234 128 126 127 132 117 144 111 157 111 168 115 180 113 191 110 203 108 214 113 220 122 175 125 176 135 177 145 178 155 164 164 171 166 177 168 184 166 190 163 141 129 147 126 154 125 161 129 155 130 148 130 188 128 194 124 201 124 207 127 201 129 194 129 156 186 163 181 171 178 177 180 184 178 191 180 198 185 191 193 184 197 177 198 171 197 163 193 160 186 171 182 177 183 184 182 194 185 184 190 177 191 171 190
114 150 116 167 119 184 126 198 136 211 149 222 163 230 178 232 193 228 206 219 217 207 226 193 230 178 233 162 233 145 233 128 127 126 133 117 144 111 156 111 167 114 180 113 191 110 203 109 214 113 220 122 175 125 176 135 177 145 177 155 164 165 171 167 177 168 183 166 189 164 141 129 147 126 154 125 161 129 155 130 148 130 188 128 194 124 201 124 208 127 201 129 194 129 156 186 163 181 171 179 177 181 184 179 191 181 198 186 191 194 185 197 178 198 171 197 163 193 160 186 171 182 177 183 184 182 194 186 184 191 177 192 171 191
114 151 116 168 120 184 126 199 137 212 149 223 164 230 179 232 194 228 206 219 217 207 226 193 230 178 232 162 233 145 233 129 126 126 132 117 144 111 156 111 167 115 180 113 191 110 202 109 213 114 220 122 175 125 176 136 177 145 177 156 164 165 171 167 177 169 183 167 189 164 141 129 147 126 154 125 161 129 154 130 147 131 187 128 194 124 201 124 207 127 201 129 194 129 156 186 163 181 171 179 177 181 184 179 191 181 198 186 191 194 184 198 178 199 171 198 163 194 160 186 171 183 177 183 184 183 193 186 184 191 177 192 171 191
114 150 116 167 119 183 125 198 136 211 149 222 163 230 178 233 193 229 206 219 216 207 225 193 230 178 232 162 232 145 233 129 127 126 133 117 144 111 156 111 167 115 180 114 191 110 202 109 213 113 219 122 175 126 176 136 177 146 177 156 164 165 170 167 177 168 183 166 189 164 141 129 147 126 154 126 161 129 154 130 147 131 187 128 193 124 200 124 207 127 201 129 194 129 156 186 163 181 171 179 177 181 184 179 191 181 197 186 191 194 184 198 177 199 171 198 163 194 160 186 171 183 177 183 184 183 194 186 184 191 177 192 171 191
114 149 116 166 120 183 126 198 136 211 149 222 163 230 178 232 193 228 206 218 216 206 225 193 229 178 232 162 232 145 233 129 127 127 133 117 144 111 156 112 167 115 180 114 191 110 202 109 213 114 219 122 175 126 176 136 177 145 177 156 164 165 170 167 177 168 183 166 189 164 141 130 147 126 154 126 161 129 154 130 147 131 187 128 194 124 200 124 207 127 201 129 194 129 156 186 163 181 171 179 177 181 183 179 191 181 197 186 191 194 184 198 178 199 171 198 163 194 160 186 171 183 177 183 184 183 194 186 184 192 177 193 171 192
114 149 116 166 119 183 126 198 136 211 149 222 163 230 178 232 193 229 206 219 217 207 225 193 230 178 232 162 232 145 233 129 126 126 133 117 144 111 156 112 167 115 180 114 191 110 202 109 213 114 219 122 175 126 176 136 176 146 177 156 164 165 170 167 177 169 183 167 189 164 141 130 147 126 154 126 161 129 154 130 147 131 187 128 193 124 200 124 207 127 201 129 194 129 156 186 163 182 170 180 177 181 183 179 191 181 197 186 191 193 184 197 177 198 170 197 163 194 159 186 171 183 177 183 184 183 194 186 184 191 177 192 171 191
114 149 116 166 119 182 126 197 136 210 149 221 163 229 179 231 193 227 206 218 216 206 225 193 230 178 232 162 232 145 233 129 127 126 133 117 144 111 156 112 167 115 181 114 191 110 203 109 213 114 220 122 175 126 176 136 177 146 178 156 164 165 171 167 177 169 183 167 189 164 141 130 147 126 154 126 161 129 154 130 147 131 188 128 194 124 200 124 207 127 201 129 194 129 156 185 163 181 171 179 177 181 184 179 191 181 198 185 191 192 184 196 178 197 171 196 163 192 160 185 171 182 177 183 184 182 194 185 184 190 177 190 171 190
114 149 116 166 119 182 125 197 136 210 149 220 163 227 179 230 194 226 207 217 218 206 226 192 231 177 232 161 233 145 233 129 126 127 132 117 144 111 156 112 167 115 180 114 192 111 203 109 214 114 220 123 175 126 176 136 177 146 177 157 164 165 170 167 177 168 183 167 189 164 141 129 147 126 154 126 161 129 154 130 148 131 188 129 194 125 200 125 207 127 201 129 194 129 155 185 163 181 170 179 177 181 183 179 190 180 198 184 191 190 184 193 177 194 170 193 163 190 159 184 170 182 177 183 183 182 194 184 183 187 177 188 170 187
114 149 116 166 119 182 125 197 136 209 149 219 163 226 179 228 194 225 207 216 218 205 226 192 231 177 233 161 233 145 234 129 127 127 133 117 144 111 156 112 168 115 181 114 192 110 204 109 214 114 220 123 176 125 176 136 177 146 178 156 164 164 170 166 177 168 184 166 190 164 141 129 147 126 154 126 161 129 155 130 148 130 188 128 194 124 201 125 207 127 201 129 195 129 155 184 163 180 171 178 177 180 184 178 191 180 198 183 191 188 184 192 177 193 171 191 163 188 159 184 171 181 177 182 184 181 194 183 184 186 177 186 171 185
114 148 116 165 119 181 125 196 136 208 148 219 163 226 179 228 195 224 208 215 219 204 227 191 231 176 233 160 234 144 234 128 127 127 133 117 144 111 157 112 168 115 181 113 192 110 204 109 215 114 221 123 175 125 176 135 177 145 178 156 164 164 171 166 177 168 184 166 190 163 141 129 147 126 154 126 161 129 155 129 148 130 188 128 194 124 201 124 207 127 201 128 195 128 156 183 163 180 171 178 177 180 184 178 191 179 198 183 191 188 184 191 178 192 171 191 164 188 159 183 171 181 177 182 184 181 194 182 184 185 177 186 171 185
114 148 116 165 119 181 125 196 136 208 149 218 163 225 179 228 194 224 207 215 218 204 227 191 231 177 233 161 234 144 234 128 127 127 133 117 144 111 157 111 168 115 181 114 192 110 204 109 215 114 221 123 176 125 176 136 177 145 178 156 164 164 171 166 178 168 184 166 190 164 142 129 148 126 154 125 162 129 155 129 148 130 188 128 194 124 201 124 208 127 202 129 195 129 156 184 163 180 171 178 177 180 184 178 191 179 198 183 192 189 185 192 178 193 171 192 164 189 160 183 171 181 178 182 184 181 195 183 184 186 178 187 171 186
115 148 117 165 120 181 126 196 136 209 149 219 163 227 179 230 194 226 207 217 218 205 227 192 231 177 233 161 234 144 235 128 127 126 133 117 145 111 157 111 169 115 181 113 192 110 204 109 215 114 221 123 176 125 177 135 177 145 178 156 164 164 171 166 178 168 184 166 190 163 142 129 148 126 155 125 162 129 155 129 148 130 188 128 195 124 201 124 208 127 202 129 195 129 157 184 164 180 171 178 178 180 184 178 191 179 198 184 192 190 185 193 178 194 171 193 164 190 161 184 171 181 178 182 184 181 194 183 184 187 178 188 171 187
115 148 117 165 120 181 127 196 137 209 150 219 164 227 179 230 195 226 207 216 218 205 227 192 232 177 234 161 234 144 235 128 127 127 134 117 145 111 157 111 169 115 182 113 192 110 204 109 215 114 221 123 176 125 177 135 178 145 178 156 165 164 171 166 178 168 184 166 190 163 142 129 148 126 155 125 162 129 156 130 148 130 189 128 195 124 202 124 208 127 202 129 195 129 157 185 164 180 172 178 178 180 184 178 192 180 199 184 192 190 185 194 179 195 172 194 165 190 161 184 172 181 178 182 185 181 195 184 185 188 178 189 172 188
115 149 117 166 121 182 127 197 137 210 150 220 165 227 180 229 195 225 208 216 219 205 227 192 231 177 233 161 234 144 234 128 127 127 134 117 145 111 157 111 169 115 181 114 192 110 204 109 215 114 221 123 176 125 177 135 178 145 178 156 165 164 171 166 178 168 184 166 190 163 142 129 148 126 155 125 163 129 156 129 149 130 189 128 195 124 202 124 209 127 202 129 195 129 157 185 164 180 172 178 178 180 184 178 192 179 199 184 192 190 185 193 179 194 172 193 165 190 161 184 172 181 178 182 185 181 195 184 185 187 178 188 172 187
115 149 117 166 120 182 126 197 135 210 148 220 162 227 179 229 194 226 208 217 219 206 227 192 231 178 233 162 234 145 234 129 127 127 133 117 145 111 157 111 169 115 182 113 193 110 205 109 216 114 222 124 176 125 177 135 178 145 178 156 164 164 171 166 178 168 184 166 190 164 142 129 148 126 155 125 162 129 155 129 148 130 189 128 195 124 202 124 208 127 202 129 195 129 156 185 164 180 171 178 178 180 184 178 191 180 198 184 191 188 184 190 178 191 171 190 164 188 160 184 171 182 178 182 184 182 194 183 184 184 178 185 171 184
115 149 117 166 120 183 126 197 136 210 149 220 163 227 179 229 195 225 208 217 219 205 227 192 232 178 234 162 234 145 235 129 128 126 134 116 146 111 158 111 169 115 182 113 193 110 205 109 216 114 221 123 176 125 177 135 178 145 178 156 165 164 171 166 178 168 184 166 190 164 142 129 148 126 155 125 162 129 156 130 148 130 189 128 195 124 202 124 208 127 202 129 195 129 156 184 164 180 171 178 178 180 184 178 191 180 199 183 191 188 185 190 178 191 171 190 165 188 160 184 171 182 178 182 184 182 195 183 184 184 178 184 172 184
115 149 117 166 120 182 126 197 136 210 148 220 163 227 179 229 194 225 208 217 219 206 227 192 232 178 234 162 234 145 234 129 127 126 134 117 145 111 158 111 169 115 182 113 193 110 205 109 216 114 222 123 176 125 177 135 178 145 179 156 165 164 171 166 178 168 184 166 190 164 142 129 148 126 155 125 162 129 156 129 148 130 189 128 195 124 202 124 208 127 202 129 195 129 156 184 164 180 171 179 178 180 184 178 191 180 198 183 191 188 185 189 178 190 172 190 164 188 159 184 172 182 178 182 184 181 195 183 184 184 178 185 172 184
116 150 117 167 121 183 126 197 136 210 149 220 163 227 179 229 194 226 207 217 218 206 227 193 232 178 234 162 234 146 234 130 128 126 134 116 145 111 157 111 168 114 182 113 193 110 204 109 215 113 221 122 176 125 177 135 178 145 179 156 165 164 171 167 178 168 184 166 190 164 142 129 148 126 155 125 162 129 156 130 149 130 189 128 195 124 202 124 208 127 202 129 195 129 156 185 164 180 171 178 177 180 184 178 191 180 198 184 191 189 185 191 178 192 171 191 164 189 160 184 171 182 178 183 184 182 194 184 184 185 178 185 171 185
115 149 117 165 121 182 127 197 137 210 150 220 164 227 180 230 195 226 208 217 219 205 227 192 231 177 233 161 234 145 234 129 127 126 133 116 145 111 157 111 169 115 181 113 192 110 204 109 215 113 222 123 176 125 177 135 177 145 178 156 165 164 171 166 178 168 184 166 190 163 142 129 148 126 155 125 162 128 156 129 149 130 189 128 195 124 202 124 208 127 202 128 195 128 156 185 164 180 171 178 177 180 184 178 191 180 198 184 191 189 184 191 178 192 171 191 164 189 160 184 171 182 177 182 184 181 194 184 184 186 177 186 171 186
115 148 117 165 120 182 126 197 136 210 149 220 163 228 179 230 194 226 207 217 218 205 227 192 231 177 233 161 234 144 234 128 127 126 134 117 145 111 157 111 169 115 181 113 192 110 204 109 215 114 221 123 176 125 177 135 178 145 178 156 164 164 171 166 178 168 184 166 190 164 142 129 148 125 155 125 162 129 156 129 148 130 188 128 195 124 202 124 208 127 202 129 195 129 156 185 164 180 171 178 177 180 184 178 191 180 198 184 191 189 184 192 178 193 171 192 164 189 160 184 171 182 177 182 184 182 194 184 184 186 177 187 171 186
115 149 116 166 120 182 126 197 136 209 149 220 163 228 178 230 193 226 206 217 218 205 226 192 231 177 233 161 234 145 234 128 127 126 133 117 145 111 157 111 169 114 182 113 193 110 204 109 215 114 221 123 176 125 177 135 178 145 179 155 165 164 171 166 178 168 184 166 190 164 142 129 148 125 155 125 162 129 155 129 148 130 188 128 195 124 202 124 208 127 202 129 195 129 156 185 164 181 171 179 177 180 184 179 190 180 198 184 191 190 184 193 177 194 171 193 164 190 160 185 171 182 177 183 184 182 194 184 184 186 177 187 171 187
115 149 117 165 120 182 126 197 136 209 148 220 162 228 178 230 193 227 206 217 217 206 226 193 231 178 233 161 234 145 234 128 127 127 133 117 144 111 157 111 168 114 181 113 192 110 204 109 215 114 221 123 176 125 177 135 177 145 178 155 164 164 171 167 177 168 184 166 190 164 142 129 148 126 155 125 162 129 155 130 148 130 188 128 195 124 202 124 208 127 202 129 195 129 156 185 164 180 171 179 177 180 184 179 191 180 198 185 190 190 184 193 177 194 170 193 163 190 159 185 171 182 177 183 184 182 194 184 183 186 177 187 171 187
114 148 116 166 120 182 126 197 136 209 148 220 163 227 178 230 193 226 207 217 218 206 226 192 231 177 233 161 234 144 234 128 127 127 133 117 145 111 157 111 168 115 181 113 192 110 204 109 214 114 220 123 176 125 177 135 177 145 178 156 164 165 171 167 177 168 184 166 190 164 142 129 148 125 154 125 162 129 155 130 148 130 188 128 194 124 201 124 208 127 202 129 195 129 156 185 164 180 171 179 177 180 184 179 190 181 197 185 190 190 184 193 177 194 171 193 164 190 160 185 171 182 177 183 183 182 194 184 183 187 177 187 171 187
115 149 117 165 120 182 126 197 136 210 148 220 162 228 178 230 193 226 206 217 217 206 226 193 230 178 233 161 233 144 234 128 127 127 133 117 145 111 157 111 169 115 181 113 192 110 204 109 214 114 220 123 176 125 177 135 177 145 178 156 164 164 171 166 177 168 184 166 190 164 142 129 148 126 154 125 162 129 155 130 148 130 188 128 195 124 201 124 208 127 202 129 195 129 156 186 163 181 170 179 177 180 184 179 191 181 198 185 191 191 184 194 177 195 170 194 163 191 159 185 171 182 177 183 184 182 194 185 184 187 177 188 170 188
115 149 117 166 120 182 126 197 136 210 149 221 163 229 179 231 194 227 206 218 218 206 226 192 231 177 233 161 233 145 234 129 127 127 133 117 144 111 157 112 168 115 181 113 192 111 204 109 215 114 221 123 176 125 177 136 177 146 178 156 165 165 171 167 178 168 184 166 190 164 142 130 148 126 155 126 162 129 155 130 148 130 188 128 195 124 201 124 208 127 202 129 195 129 156 186 164 181 171 179 177 181 184 179 191 181 198 185 191 192 184 195 178 196 171 195 164 192 160 186 171 182 177 183 184 182 194 185 184 189 178 190 171 189
115 150 117 167 120 184 127 198 137 211 149 222 164 230 179 232 194 228 207 218 217 206 226 193 230 178 233 162 233 145 234 129 127 126 134 117 145 111 157 111 168 115 182 113 192 111 204 109 214 114 220 123 176 125 177 136 178 146 178 156 165 165 171 167 178 168 184 167 190 164 142 129 148 126 155 126 162 129 155 130 148 130 188 128 195 124 201 124 208 127 202 129 195 129 156 186 164 181 171 179 178 181 184 179 192 181 198 186 192 193 185 197 178 197 171 196 164 193 160 186 171 183 178 183 184 183 194 186 184 190 178 191 171 190
115 149 117 167 120 183 127 198 137 212 149 222 163 230 179 233 194 229 206 219 217 207 226 194 230 178 233 162 233 145 234 129 128 126 134 116 145 111 157 111 168 115 182 113 192 110 204 109 215 114 221 122 176 125 177 136 178 145 178 156 165 165 171 167 178 168 184 166 190 164 142 129 148 126 155 126 162 129 155 130 148 131 188 128 195 124 202 124 208 127 202 129 195 129 156 187 163 181 171 179 177 181 184 179 192 181 198 186 192 193 185 197 178 198 171 197 163 193 160 186 171 183 178 184 184 183 194 186 184 190 178 191 171 190
115 150 117 167 120 183 127 198 137 211 150 222 164 230 179 232 194 228 207 219 217 207 226 193 230 178 233 162 233 145 234 129 127 126 134 117 145 111 157 111 168 115 181 113 192 110 204 109 214 113 220 122 176 125 177 136 178 145 178 156 165 165 172 167 178 169 184 167 190 164 142 129 148 126 155 125 162 129 155 130 148 131 188 128 194 124 201 124 208 127 202 129 195 129 156 186 164 182 171 180 177 181 184 180 191 182 198 187 191 193 185 196 178 197 171 196 164 193 160 186 171 183 178 184 184 183 194 186 184 190 177 191 171 190
115 149 117 166 120 183 126 198 137 211 149 221 163 230 178 232 193 228 206 219 217 207 226 193 230 178 233 162 234 145 234 129 129 125 135 116 146 111 158 111 168 115 182 113 193 110 204 109 215 113 221 122 176 126 177 136 178 146 178 156 165 165 172 168 178 169 184 167 190 165 142 129 148 126 155 126 162 129 156 130 149 130 189 128 195 124 202 124 208 127 202 129 195 129 156 186 164 182 171 180 177 182 184 181 191 183 198 187 191 193 184 196 177 197 171 196 164 193 160 186 171 184 177 185 184 184 194 187 184 190 177 190 171 190
115 151 117 167 120 183 126 198 136 210 148 221 163 228 178 231 193 227 206 218 217 207 226 194 231 179 233 163 234 146 234 131 128 126 134 117 145 111 157 111 168 115 182 113 193 110 204 109 215 114 221 123 176 125 177 136 178 146 179 156 165 166 172 168 178 169 184 167 190 165 142 129 148 126 155 126 162 129 156 130 149 131 189 129 195 124 202 124 208 128 202 129 195 129 155 186 164 183 171 181 177 183 183 181 190 183 197 186 190 191 183 193 177 193 171 193 164 190 159 186 171 184 177 185 183 184 194 186 183 187 177 187 171 187
115 151 117 168 121 184 126 199 136 211 149 221 164 228 179 231 194 227 207 218 217 207 226 193 231 179 233 163 234 146 234 129 128 125 135 116 146 111 157 112 168 115 183 113 193 110 204 109 214 114 221 122 176 126 177 136 178 146 179 157 166 166 172 168 178 169 184 168 190 165 142 130 148 126 155 126 163 130 156 130 149 131 189 129 195 124 202 124 208 128 202 130 195 130 156 186 164 182 172 181 178 182 184 181 190 183 198 186 190 190 184 192 177 193 171 192 164 190 159 186 172 185 178 185 183 185 194 186 183 186 177 187 171 186
115 151 117 168 121 184 127 199 137 212 150 222 165 229 180 231 194 227 207 218 218 207 226 193 231 179 233 163 234 146 234 130 129 126 135 117 146 111 157 112 168 115 182 114 193 111 204 109 215 114 221 123 176 126 177 136 178 146 179 157 166 166 172 168 178 169 184 168 190 165 142 130 148 126 155 126 162 129 155 130 148 131 189 129 195 124 202 124 208 127 202 129 195 129 156 186 164 183 172 181 178 183 184 181 191 183 198 187 191 191 184 193 178 194 172 193 164 191 160 186 172 185 178 185 184 185 194 186 184 187 178 188 172 187
114 150 117 167 120 184 126 199 136 211 149 221 163 229 178 232 193 228 206 219 217 207 225 194 230 179 233 163 233 146 234 129 128 126 134 117 145 111 157 112 168 115 182 113 193 110 204 109 214 114 220 122 176 126 177 136 178 146 179 156 165 166 172 168 178 169 184 168 189 166 142 130 148 126 155 126 162 129 155 130 148 131 189 129 195 124 202 125 208 128 202 130 195 130 156 187 164 183 171 181 177 183 183 181 190 183 197 187 190 192 184 194 177 195 171 194 164 192 159 187 172 185 177 185 183 185 194 187 183 188 177 189 171 188
115 150 117 167 120 183 126 198 136 211 148 221 162 229 177 231 192 228 205 219 217 208 225 194 230 180 233 163 233 146 234 130 129 125 135 116 146 111 157 112 167 115 182 113 193 110 204 109 214 114 220 122 176 126 177 136 178 146 178 156 165 166 171 168 178 169 184 168 189 165 142 130 148 126 155 126 162 130 156 131 148 131 189 129 195 124 202 124 208 128 202 130 195 130 156 187 164 183 171 181 177 182 183 181 190 183 197 187 190 192 183 194 177 195 171 194 164 192 159 186 171 185 177 185 183 185 194 187 183 188 177 189 171 188
115 150 117 167 120 183 126 198 136 211 148 221 162 229 177 232 192 228 206 219 217 208 226 195 230 180 233 163 234 146 234 130 128 126 134 117 145 111 157 112 167 115 182 114 193 110 204 109 215 114 221 122 176 126 177 136 178 146 178 156 165 166 171 168 178 169 184 168 189 165 142 130 148 126 155 126 162 130 155 131 148 131 188 129 195 124 201 124 208 128 202 130 195 130 156 186 164 183 171 181 177 182 182 181 189 183 197 186 189 191 183 193 177 194 171 193 164 191 159 186 171 185 177 185 182 185 193 186 182 187 177 187 171 187
115 151 117 167 120 184 126 198 135 211 148 221 162 228 177 231 192 227 205 218 216 207 225 194 230 180 233 163 233 147 234 131 128 126 134 117 145 111 157 112 168 115 182 114 193 111 204 109 215 114 221 122 176 126 177 136 177 146 178 156 165 166 171 167 178 169 183 167 189 165 142 130 148 126 155 126 162 130 155 131 148 131 188 129 194 124 201 124 208 128 202 130 195 130 156 186 164 183 171 181 177 182 182 181 189 183 197 186 189 190 182 192 177 193 171 192 164 190 159 186 171 185 177 185 182 185 193 186 182 186 177 186 171 186
114 151 116 168 120 185 126 199 136 212 148 222 162 229 178 231 193 228 206 219 217 207 226 194 231 179 233 163 233 146 234 130 127 126 133 117 144 111 157 112 168 115 182 114 193 111 204 109 215 114 220 123 176 126 177 136 178 146 178 156 165 166 171 168 178 169 184 167 189 165 141 130 148 126 155 126 162 130 155 131 148 131 188 129 194 124 201 124 208 128 202 130 195 130 156 186 164 183 171 181 177 183 183 181 189 183 197 186 189 190 183 192 177 192 171 192 164 190 159 186 171 185 177 185 183 185 193 186 183 186 177 186 171 186
114 151 116 168 120 185 126 199 136 212 149 222 163 229 178 231 193 228 206 219 217 207 226 194 230 179 233 163 233 146 233 130 128 126 134 117 145 112 157 112 168 115 182 114 193 111 204 109 215 114 221 122 176 126 177 136 178 146 179 156 165 166 171 168 178 169 184 168 190 166 142 130 148 126 155 126 162 130 155 131 148 131 188 129 194 124 202 124 208 128 202 130 195 130 156 186 164 183 172 181 177 183 183 181 190 183 197 186 190 191 183 192 177 193 171 192 164 190 159 186 172 185 177 185 183 185 193 186 183 186 177 187 172 186
115 151 117 168 120 185 126 200 136 212 149 222 163 229 179 231 194 227 207 219 218 207 226 194 230 179 233 163 233 146 234 130 127 126 134 117 144 112 157 112 168 116 182 114 192 111 204 110 214 114 221 123 176 126 177 137 178 146 178 156 165 166 171 168 178 169 184 168 189 166 142 130 148 126 155 126 162 130 155 131 148 132 188 129 194 124 201 124 208 128 202 130 195 130 156 186 164 183 172 182 177 183 183 181 189 183 197 187 189 191 183 192 177 193 171 192 164 190 159 186 172 185 177 186 183 185 193 186 183 186 177 187 172 186
114 151 116 168 120 184 126 199 136 212 148 222 163 229 178 231 193 228 206 219 217 208 226 194 230 179 233 163 233 146 233 130 128 125 134 116 145 111 157 112 168 115 182 114 192 111 204 110 214 114 220 122 176 126 177 136 178 146 178 156 165 166 171 168 178 169 184 168 189 166 142 130 147 126 154 126 162 130 155 131 148 131 188 129 194 125 201 125 208 128 202 130 195 130 156 186 164 183 172 181 177 183 183 181 189 183 197 186 189 191 183 192 177 193 172 192 164 190 160 186 172 185 177 185 183 185 193 186 183 186 177 187 172 186
115 151 117 169 120 185 126 200 136 212 149 222 163 229 178 231 193 228 206 219 217 208 226 194 230 180 233 163 234 146 234 130 127 126 133 117 145 112 157 112 168 116 181 114 192 111 204 110 215 114 221 123 176 126 177 136 178 146 179 156 165 166 172 168 178 169 184 167 190 165 142 130 148 126 155 126 162 130 155 131 148 131 188 129 194 124 201 125 208 128 202 130 195 130 156 186 164 183 171 181 177 183 183 181 189 183 197 186 190 190 183 192 177 193 172 192 164 190 160 186 172 185 177 185 183 185 193 186 183 186 177 187 172 186
115 150 116 167 120 183 125 198 135 211 147 221 162 228 177 231 192 227 206 218 217 207 225 194 230 179 232 163 233 146 233 130 127 126 133 117 144 112 156 112 167 115 182 114 193 111 204 110 214 114 220 122 176 127 176 137 177 146 178 157 165 166 171 168 178 169 183 168 189 166 142 130 147 126 154 126 162 130 155 131 148 131 188 129 194 125 201 125 208 128 202 130 195 130 156 186 164 183 171 181 177 182 183 181 189 183 196 187 189 190 183 192 177 192 171 192 164 190 159 186 171 185 177 185 183 185 193 186 182 186 177 186 171 186
114 150 116 167 119 184 125 198 136 211 148 221 162 228 177 231 192 227 206 219 217 207 226 194 230 179 232 163 233 146 233 130 127 126 133 117 144 112 156 112 167 115 181 114 192 111 204 110 214 114 220 123 176 126 177 136 177 146 178 157 165 166 171 168 178 169 183 167 189 165 141 130 147 126 154 126 162 130 155 131 148 131 188 129 194 125 201 125 208 128 201 130 195 130 156 186 164 183 171 181 177 183 182 181 189 183 196 186 189 190 183 192 177 192 171 192 164 190 159 186 171 185 177 185 182 185 193 186 182 186 177 187 171 186
114 151 116 168 120 185 126 200 136 212 149 222 163 229 178 231 193 227 206 219 217 208 226 194 230 179 233 163 233 146 233 130 126 127 133 117 144 112 156 112 167 115 182 114 192 111 204 110 214 114 220 122 175 126 176 136 177 146 178 156 165 166 171 168 177 169 183 167 189 165 141 130 147 127 154 126 161 130 155 131 148 131 188 129 194 125 201 125 208 128 201 130 194 130 156 186 164 183 171 181 177 182 182 181 189 183 197 186 189 190 183 192 177 193 171 192 164 190 159 186 171 185 177 185 182 185 193 186 182 186 177 187 171 186
114 151 116 168 119 184 125 199 135 212 148 222 163 229 178 231 193 228 206 219 217 208 226 194 230 179 232 163 233 146 233 130 127 127 133 118 144 112 156 112 168 116 181 114 192 111 203 109 214 114 220 123 176 126 176 136 177 146 178 156 165 166 171 168 178 169 183 167 189 165 141 130 147 127 154 126 161 130 155 131 148 131 188 129 194 125 201 125 207 128 201 130 194 130 156 186 164 183 171 181 177 183 183 181 189 183 197 186 189 191 183 192 177 193 171 192 164 191 159 186 171 185 177 185 182 185 193 186 182 186 177 187 172 186
114 151 116 168 120 185 126 200 136 212 148 222 163 229 178 231 193 228 206 219 217 207 226 194 230 179 233 163 233 146 233 130 127 127 133 117 144 112 156 112 168 116 181 114 192 111 204 110 214 114 220 123 176 126 177 137 177 146 178 157 165 166 171 168 178 169 184 168 189 165 141 130 147 126 154 126 162 130 155 131 148 131 188 129 194 124 201 125 208 128 201 130 194 130 156 187 164 183 171 181 177 183 182 181 189 183 196 186 189 190 183 192 177 193 171 192 164 191 159 186 171 185 177 185 182 185 192 186 182 186 177 187 171 186
