129 162 132 179 136 196 142 212 150 228 161 241 176 252 193 255 211 252 227 241 240 227 249 210 255 193 258 175 260 158 260 141 141 132 149 127 158 126 168 128 177 132 202 132 211 126 221 124 231 125 241 129 189 145 189 157 189 168 189 179 179 190 184 192 190 193 196 191 202 188 153 148 160 144 168 144 176 150 168 152 159 152 206 149 213 143 222 142 229 145 223 150 214 150 169 213 177 208 185 204 191 205 197 203 205 206 215 211 206 219 198 224 192 225 185 224 177 221 174 213 185 211 191 211 197 210 210 211 197 215 191 216 185 216
129 161 132 178 136 195 142 212 150 228 161 242 175 252 192 255 210 252 226 241 239 226 249 210 255 192 258 174 259 157 260 140 141 131 149 127 159 126 168 128 178 132 201 132 210 127 221 124 231 125 240 129 189 146 189 157 189 168 189 179 179 189 184 192 190 193 196 191 202 188 153 148 160 144 168 144 175 150 168 152 159 152 206 149 213 143 221 142 229 145 222 150 214 150 169 212 177 208 185 204 191 205 197 203 205 206 215 210 206 219 198 223 192 225 185 224 178 221 174 213 186 211 191 211 197 210 210 211 198 215 192 216 186 215
129 162 132 179 136 196 142 212 150 228 161 242 175 252 192 256 210 252 226 241 239 227 249 210 255 193 258 175 259 158 260 140 142 131 150 127 159 126 169 128 178 132 201 131 210 126 220 124 231 124 240 128 189 146 189 157 189 168 189 179 179 189 184 192 190 193 196 191 202 188 152 148 160 144 168 144 176 150 168 152 159 152 206 149 213 143 222 142 229 145 223 150 214 150 170 213 178 208 186 204 192 205 198 203 206 206 215 210 206 219 198 223 192 225 186 224 178 221 174 213 186 211 192 211 198 210 211 211 198 215 192 216 186 215
129 162 132 179 136 196 142 213 150 228 162 242 176 252 193 256 210 252 226 241 239 226 249 210 255 192 258 174 260 157 260 140 141 131 149 127 159 126 168 128 177 132 202 131 210 127 221 124 231 124 241 128 189 145 189 157 189 168 189 179 179 189 184 192 190 193 196 191 202 188 153 148 160 144 168 144 176 150 168 152 159 152 206 149 213 143 222 142 229 145 223 150 214 150 170 213 178 208 186 204 192 205 197 203 206 206 215 210 206 219 198 224 192 225 186 224 178 221 174 213 186 211 192 211 198 210 210 211 198 215 192 216 186 216
129 161 132 178 136 196 142 212 150 228 162 242 176 252 193 256 211 252 226 241 239 227 248 210 255 193 258 175 259 158 260 140 142 131 149 127 159 126 168 128 177 132 201 132 210 127 221 124 231 124 240 129 189 145 189 157 189 168 189 179 179 189 184 192 190 193 196 191 202 188 153 148 160 144 168 144 176 150 168 152 159 152 206 149 213 143 222 142 229 145 223 150 214 150 170 213 178 208 186 204 192 205 197 203 206 206 215 210 206 219 199 223 192 225 186 224 178 221 175 213 186 211 192 211 198 210 210 211 198 215 192 216 186 215
129 162 132 179 136 196 142 213 150 229 162 243 176 253 194 256 211 252 227 241 240 226 249 209 255 192 258 174 259 157 260 140 141 132 149 127 159 126 169 128 178 132 201 132 210 127 221 124 231 125 241 129 189 145 189 157 189 168 189 179 179 189 184 192 190 193 196 191 202 188 153 148 160 144 168 144 175 150 168 152 159 152 206 148 213 143 222 142 229 145 223 150 214 150 170 213 178 208 186 204 192 205 198 203 206 206 215 210 206 219 199 224 192 225 186 224 178 221 174 213 186 211 192 211 198 210 210 211 198 215 192 216 186 215
129 162 131 179 136 196 142 213 150 229 162 242 176 252 194 256 211 252 227 240 240 226 249 210 255 192 258 175 259 157 259 140 142 131 150 127 159 126 168 128 177 132 202 132 211 127 221 125 231 125 240 129 189 145 189 157 189 168 189 179 180 190 185 192 190 193 196 191 202 188 153 148 160 144 168 144 175 150 168 152 159 152 206 149 213 143 222 142 229 145 223 150 214 150 170 213 178 208 186 205 192 206 197 204 205 207 214 210 206 218 198 222 192 224 186 223 178 220 174 213 186 212 192 212 197 211 210 211 197 214 192 215 186 215
129 160 131 177 135 195 141 211 149 228 160 242 175 252 193 255 211 252 227 241 240 226 249 210 255 193 258 175 259 157 260 140 142 132 149 127 159 126 168 128 177 132 202 132 211 127 221 124 232 125 241 129 190 145 190 157 189 168 190 180 179 190 185 192 190 193 196 192 202 189 153 148 160 144 168 144 176 150 168 152 159 152 206 149 213 143 222 142 229 145 223 150 214 150 169 211 177 208 185 206 191 207 197 205 205 207 215 209 206 217 198 220 192 221 186 221 178 218 172 212 186 213 191 213 197 212 211 210 197 213 192 214 186 213
129 160 131 177 135 195 141 211 149 227 160 242 176 252 194 255 212 251 229 240 241 225 250 208 256 191 258 173 259 156 259 139 142 132 149 127 159 126 168 128 177 132 202 132 211 126 221 124 232 125 240 130 189 145 189 157 189 168 189 180 179 190 185 192 190 193 197 192 202 189 153 148 160 145 168 145 176 150 168 152 160 152 206 149 213 144 221 143 229 145 222 150 214 150 168 210 177 208 186 206 191 207 197 205 206 206 215 208 206 216 198 219 192 221 186 220 177 217 172 211 186 212 191 213 197 212 212 209 197 213 192 214 186 213
129 159 131 177 135 195 141 212 150 228 161 242 175 252 193 255 212 252 228 241 241 226 250 209 256 192 258 174 259 157 259 139 142 132 149 127 158 126 168 128 177 132 202 132 211 126 221 124 231 125 240 129 189 145 190 157 189 168 190 180 179 190 185 192 190 194 197 192 202 189 154 149 161 148 168 148 175 150 168 152 161 152 207 149 214 146 221 146 228 146 222 150 214 150 168 209 176 207 185 206 191 207 197 205 206 206 216 207 207 216 198 219 192 221 185 220 177 217 171 210 185 212 191 213 197 212 212 208 197 212 191 213 185 213
129 160 131 178 135 196 141 213 150 229 161 243 175 253 193 256 211 252 228 241 241 226 250 209 256 192 259 174 259 156 259 139 142 131 149 126 158 126 168 127 176 132 202 131 211 126 221 124 231 124 240 128 189 145 189 156 189 168 189 180 179 189 184 191 190 193 196 191 202 188 154 149 161 148 168 148 176 150 168 152 161 152 206 149 213 147 221 146 228 147 221 150 214 150 168 210 176 207 185 205 191 206 197 204 206 206 216 207 206 216 198 220 191 221 185 221 177 217 172 210 185 211 191 212 197 211 212 209 197 212 191 213 185 213
129 161 132 179 136 197 142 214 151 230 162 245 176 255 193 258 211 254 227 243 240 228 250 211 256 194 259 176 260 158 260 140 142 131 150 126 159 125 168 127 176 132 202 131 211 126 221 124 231 124 240 128 189 145 189 156 189 167 189 179 178 188 183 191 189 192 196 190 202 187 153 149 160 147 167 147 175 150 168 151 160 152 206 148 213 146 221 145 228 146 221 150 213 150 168 210 176 205 184 202 190 204 197 202 206 204 215 208 207 219 198 224 191 225 184 225 176 221 172 211 184 209 191 209 197 208 210 209 197 215 191 216 184 216
129 161 131 179 136 197 142 214 151 230 161 245 175 255 192 258 210 254 226 244 238 229 248 212 255 195 259 177 260 159 260 141 142 131 149 126 159 125 168 127 177 131 201 131 210 126 221 123 231 124 240 128 188 144 188 156 188 167 188 179 178 188 183 190 189 192 196 190 202 187 153 148 160 146 168 145 175 149 168 151 160 151 206 148 213 144 221 144 228 146 221 149 213 149 168 210 175 205 184 202 191 203 197 201 206 204 215 208 207 220 198 225 191 226 184 226 176 222 172 211 184 207 191 207 197 207 211 209 197 217 191 218 184 217
129 161 132 179 136 197 141 214 149 230 160 244 175 255 192 258 210 254 226 243 239 228 248 211 254 194 257 176 258 158 259 141 141 131 149 126 158 125 168 126 177 131 201 130 211 125 221 123 231 124 240 129 189 144 188 156 188 167 188 179 178 188 183 190 189 192 196 190 201 187 153 148 160 145 167 145 175 149 167 151 159 151 206 148 213 144 221 143 227 145 221 149 213 149 168 211 176 206 184 202 190 203 197 202 206 204 215 208 206 219 198 224 191 225 184 225 176 221 172 211 184 209 191 209 197 208 210 209 197 214 191 215 184 215
129 160 131 177 135 195 141 212 149 228 159 243 174 254 191 257 209 253 225 242 238 227 248 210 254 193 258 175 259 158 259 140 142 131 149 125 158 125 168 126 177 131 202 130 210 125 221 123 231 123 239 128 189 144 189 156 188 167 188 178 179 188 184 190 189 192 196 190 201 187 153 147 160 145 168 145 175 149 167 151 159 151 206 148 213 143 221 143 227 145 221 149 213 149 169 210 177 207 185 204 191 205 196 203 205 205 214 208 205 216 197 220 191 222 184 221 177 218 173 211 185 211 191 211 196 210 210 208 197 213 191 214 185 213
129 160 131 177 135 195 140 212 149 228 159 243 174 253 192 257 210 253 227 242 240 227 249 210 255 192 258 174 259 157 259 139 142 131 149 126 158 125 167 127 176 131 202 130 211 125 221 123 231 124 240 128 189 144 189 156 189 167 189 179 179 189 184 191 190 192 196 191 202 188 153 147 160 145 168 145 175 149 167 151 159 151 206 148 213 143 221 143 228 145 222 149 213 149 168 209 177 207 185 204 191 206 197 204 205 205 215 207 205 215 197 218 191 219 185 219 177 216 171 210 185 211 191 211 197 210 211 208 197 211 191 212 185 212
129 160 132 177 135 195 140 212 148 228 159 242 174 252 192 255 211 252 227 241 240 227 249 210 255 192 257 174 259 157 259 139 141 132 148 126 157 125 167 127 176 131 201 131 210 126 221 123 231 124 240 129 189 144 189 156 189 167 189 179 179 189 184 191 190 192 196 191 202 188 153 148 160 147 167 147 175 150 167 151 159 152 205 148 213 145 221 144 228 145 222 149 214 149 167 209 177 207 185 204 191 206 197 204 205 205 215 207 206 215 197 218 191 219 185 219 177 216 171 210 185 211 191 211 197 210 211 208 197 211 191 212 185 211
129 159 131 177 135 195 140 212 149 228 160 243 175 253 192 257 211 253 228 241 241 226 250 209 256 192 259 174 259 157 259 139 142 131 149 126 158 125 167 127 176 131 201 131 211 126 221 123 232 124 241 129 189 144 189 156 189 167 189 179 179 189 184 191 190 193 196 191 202 188 154 149 161 149 168 148 176 149 168 152 161 152 205 148 213 147 220 147 228 147 221 150 213 150 167 209 176 207 185 204 191 206 197 204 206 205 215 207 206 215 198 219 191 220 184 220 176 217 171 210 185 211 191 211 197 210 211 208 197 211 191 212 185 212
129 159 131 177 135 195 140 212 149 229 160 243 175 254 193 257 211 253 227 241 240 226 249 209 255 192 258 174 259 157 259 139 142 131 149 126 158 125 168 127 177 131 201 131 210 126 221 123 231 124 240 129 188 144 188 156 188 167 188 179 178 188 183 191 189 192 196 190 202 187 153 149 160 148 168 147 175 149 168 151 160 152 205 148 213 146 220 146 228 146 221 150 213 150 168 210 176 206 185 203 191 205 197 203 206 205 215 207 206 218 197 222 191 223 184 223 176 219 172 211 185 210 191 210 197 209 211 209 197 213 191 215 185 214
129 160 132 178 136 196 142 213 151 229 162 243 176 254 193 257 211 253 226 242 239 227 249 210 255 193 258 175 259 157 259 139 142 131 149 126 158 125 168 127 177 131 201 131 210 126 221 123 231 124 240 128 189 145 189 156 189 167 189 179 179 188 184 191 189 192 196 190 202 187 153 148 160 146 168 146 175 149 168 151 160 151 206 148 213 145 221 144 228 146 221 149 213 150 168 211 176 205 184 202 190 203 197 201 206 204 215 208 206 219 198 225 191 226 184 225 176 220 173 211 185 208 191 208 197 207 210 209 197 216 191 217 184 216
129 160 132 178 136 196 141 213 150 229 162 244 176 254 194 257 211 253 227 242 240 227 249 210 254 193 257 175 259 157 260 139 141 131 149 126 158 125 168 127 177 132 201 131 211 126 221 123 232 124 241 129 189 145 189 157 189 168 189 180 178 188 183 190 189 192 196 190 202 187 153 148 160 145 168 145 175 149 167 151 160 151 206 148 213 144 221 143 228 145 221 149 213 149 169 211 177 205 185 201 191 203 197 201 206 204 215 208 207 220 198 225 191 227 185 226 177 221 173 211 185 207 191 207 197 207 210 209 198 216 191 217 185 217
129 161 131 178 136 195 142 211 150 228 161 242 176 254 193 257 210 253 226 242 239 227 249 210 255 193 258 175 259 157 260 139 141 131 149 126 158 126 168 128 177 132 201 131 210 126 220 124 231 124 240 128 189 145 189 156 189 168 189 180 179 188 184 191 189 192 196 190 202 187 153 148 160 145 168 145 175 149 167 151 159 151 206 148 213 144 221 143 228 145 222 149 213 150 170 212 177 205 184 202 191 203 197 201 206 204 214 209 206 221 198 226 191 227 184 226 177 222 174 212 185 208 191 208 197 208 209 210 197 217 191 218 185 217
129 161 132 178 136 196 142 212 151 228 162 243 176 254 193 257 211 253 227 241 240 226 249 210 255 192 258 174 259 157 260 140 142 131 149 126 159 125 168 128 177 132 201 131 210 126 220 124 231 124 240 128 189 145 189 156 189 168 189 179 179 188 184 191 189 193 196 191 202 188 153 148 160 144 168 145 175 149 168 151 159 151 206 148 213 144 221 143 228 146 222 150 213 150 170 212 177 206 185 203 190 204 196 202 205 205 213 210 205 220 197 225 191 226 185 225 177 221 174 212 185 209 191 209 197 209 208 211 197 216 191 217 185 216
129 161 132 178 136 194 141 211 149 227 160 242 175 252 193 255 210 251 226 241 239 226 248 209 254 192 257 175 259 158 260 140 141 131 149 126 158 125 168 127 177 132 201 131 210 126 221 124 231 125 240 129 189 145 189 156 189 167 189 179 179 189 184 191 190 193 196 191 201 188 153 147 160 144 168 144 175 149 168 151 159 151 206 148 212 143 221 142 228 145 222 150 213 150 170 212 178 208 185 204 191 205 196 203 204 206 213 210 204 218 197 222 191 223 185 223 178 220 174 213 186 211 191 211 196 210 208 210 196 213 191 214 186 214
129 161 131 178 136 195 141 212 149 228 160 242 175 252 192 255 210 252 226 241 239 226 249 210 255 193 258 175 259 158 260 140 141 131 149 126 158 125 168 127 177 132 201 131 211 126 221 124 231 125 240 129 189 145 189 156 189 167 189 179 179 189 184 191 190 193 196 191 201 188 153 147 159 144 168 144 175 149 167 151 159 152 206 148 213 143 221 142 228 145 222 150 213 150 170 212 178 208 185 204 191 206 196 204 204 206 214 209 205 217 197 221 191 222 185 221 178 219 174 212 185 211 191 212 196 211 209 210 197 212 191 213 185 213
129 161 131 178 135 195 141 212 149 228 160 242 175 252 193 255 210 251 227 241 239 226 249 209 255 193 258 175 259 158 260 140 142 131 149 126 158 125 168 127 177 132 201 131 210 126 221 124 231 124 240 129 189 145 189 156 189 167 189 179 179 188 184 191 190 192 196 190 201 188 153 147 160 144 168 144 175 149 168 151 159 151 206 148 213 143 221 142 228 145 222 149 213 150 169 211 177 207 185 203 191 205 197 203 205 206 214 208 205 217 197 221 191 222 185 221 177 218 173 211 185 211 191 211 197 210 210 209 197 212 191 213 185 213
129 161 132 178 136 196 141 213 150 229 161 243 175 253 193 255 210 252 227 241 240 227 249 210 255 193 258 175 259 157 260 139 142 131 149 126 159 126 168 128 177 132 201 131 211 126 221 124 232 125 241 129 189 145 189 156 189 168 189 179 178 188 184 191 189 192 196 190 202 187 153 147 160 144 168 144 175 149 167 151 159 151 206 148 213 143 221 142 228 145 222 149 214 149 169 210 177 205 185 202 191 203 197 201 206 204 215 208 207 217 198 222 191 223 185 222 177 219 173 210 185 208 191 209 197 208 211 208 197 214 191 215 185 214
129 161 132 179 136 197 141 213 150 229 161 242 176 252 193 255 211 251 227 241 240 227 249 210 254 193 257 175 259 158 260 140 141 132 149 127 158 126 168 128 177 132 201 131 211 126 222 124 232 125 241 129 189 145 189 156 189 168 189 179 178 188 184 190 190 191 196 190 202 187 152 147 159 144 168 144 175 149 167 151 159 151 206 148 213 143 221 142 228 145 222 149 214 150 168 209 176 204 185 201 191 202 197 200 206 203 216 207 207 217 198 221 191 223 185 222 176 218 172 209 185 207 191 207 197 206 212 208 198 213 191 214 185 214
130 162 132 180 136 197 142 214 150 229 161 243 175 253 193 255 210 252 225 241 238 228 248 212 255 195 258 177 259 159 260 141 142 131 149 126 159 125 168 127 177 132 201 131 211 126 221 124 232 124 241 129 189 145 189 156 189 168 189 179 178 188 184 190 190 191 196 190 202 187 153 147 160 144 168 144 175 149 168 151 159 151 206 148 213 143 222 142 229 145 222 149 214 150 167 208 176 204 184 201 191 202 197 200 206 202 216 206 207 217 198 221 191 222 184 222 176 218 171 208 185 206 191 206 197 205 212 207 197 213 191 214 185 214
129 162 132 179 136 197 141 213 150 228 160 242 175 252 192 255 210 251 226 241 238 227 248 211 254 194 258 177 259 159 260 141 142 131 149 126 159 125 168 128 177 132 201 132 211 126 221 124 232 125 241 129 189 145 189 156 189 168 189 179 178 187 184 190 190 192 196 190 203 187 153 147 160 144 168 144 176 149 168 151 159 151 206 148 213 143 222 142 229 145 222 149 214 150 166 207 175 203 184 200 191 201 198 200 207 202 217 205 208 217 199 221 191 222 184 222 175 217 170 207 184 205 191 205 198 205 213 206 198 213 191 214 184 214
130 161 132 179 136 196 141 213 149 228 160 242 175 252 192 255 210 251 226 241 239 227 248 211 254 194 258 176 259 159 260 141 142 132 149 126 159 125 169 127 178 132 201 132 211 126 221 124 232 125 241 129 189 145 189 156 189 168 189 180 178 187 184 190 190 191 197 190 203 187 153 147 160 143 168 144 176 149 168 151 159 151 206 148 213 143 221 142 228 145 222 149 214 150 166 206 175 203 184 200 191 201 198 200 207 201 218 204 208 216 198 221 191 222 184 221 175 217 170 207 184 205 191 205 198 204 214 205 198 213 191 214 184 213
129 161 132 179 135 196 140 213 149 228 160 242 174 252 191 256 209 252 225 241 238 228 248 212 254 195 258 176 259 159 260 140 142 131 150 126 159 125 169 127 177 132 202 131 211 126 221 124 232 125 241 129 189 145 189 156 189 168 189 180 179 187 184 190 190 192 196 190 202 187 153 147 160 144 168 144 175 149 168 151 159 151 206 148 213 143 222 142 228 145 222 149 214 150 166 206 175 202 184 200 191 201 198 200 207 201 218 204 208 216 198 221 191 222 184 221 175 217 170 206 184 205 191 205 198 204 214 205 198 213 191 214 184 213
129 162 132 180 135 197 141 213 150 228 160 242 175 253 192 256 209 252 225 242 238 228 248 212 255 195 258 177 259 159 260 141 142 132 149 126 159 125 168 127 177 132 201 132 211 126 221 124 232 125 242 129 189 145 189 156 189 168 189 179 178 187 184 190 190 191 196 189 203 187 153 147 160 144 168 144 176 149 168 151 159 151 206 148 213 143 222 142 229 145 222 149 214 150 165 206 175 202 184 200 191 201 198 199 208 201 218 204 208 217 198 222 191 223 183 222 174 218 169 206 184 204 191 205 198 204 214 205 198 214 191 215 184 215
129 162 131 179 136 197 141 213 150 229 161 243 175 253 192 257 210 252 225 242 238 228 248 212 255 195 258 176 259 159 260 140 142 132 150 126 159 125 169 128 178 132 201 132 211 126 221 124 232 125 241 129 189 144 189 156 189 168 189 179 178 187 184 190 190 192 196 189 203 187 153 147 160 144 168 144 175 149 168 151 159 151 206 148 213 143 222 142 228 145 222 149 214 149 166 206 175 202 184 200 191 201 198 199 208 201 218 205 208 218 199 224 191 225 184 224 174 219 170 207 184 204 191 205 198 204 214 206 198 216 191 217 184 216
129 162 132 180 136 198 142 215 151 230 162 245 176 255 193 259 210 254 226 243 239 229 249 212 256 195 259 177 259 159 260 141 142 131 150 126 159 125 169 127 177 132 201 132 211 126 221 124 232 124 241 129 189 145 189 156 188 168 188 179 178 187 183 190 189 192 196 190 202 187 153 147 160 143 168 144 176 149 168 151 159 151 206 148 213 143 222 142 228 145 222 149 214 150 166 207 174 202 184 200 190 201 197 199 207 201 218 205 208 219 198 224 191 226 183 225 174 220 169 207 184 205 190 205 197 204 214 206 197 217 190 218 184 218
130 163 132 181 137 199 143 216 151 232 162 246 176 257 193 260 210 256 225 245 238 230 248 214 255 197 258 178 259 160 260 141 142 131 149 126 159 125 168 127 177 131 202 131 211 126 221 124 232 124 241 129 189 144 189 156 188 167 188 179 178 187 183 190 189 191 196 190 202 187 153 147 160 143 168 144 175 149 168 151 159 151 206 148 213 143 221 142 229 145 222 149 214 149 166 208 175 203 184 200 190 201 197 200 208 202 218 206 208 221 198 227 191 228 183 227 174 221 170 208 184 205 190 205 197 204 214 207 198 219 191 220 184 220
129 162 132 180 136 198 143 216 152 232 163 247 176 258 193 261 210 257 226 245 239 230 248 214 255 196 258 177 260 159 261 140 142 131 149 126 159 125 168 127 177 131 202 131 211 126 221 124 232 124 241 129 189 145 189 156 188 168 188 180 178 188 183 190 189 192 196 190 202 187 153 147 160 143 168 144 175 149 168 151 159 151 206 148 213 143 222 142 229 145 222 149 214 149 166 208 175 203 184 200 190 201 198 200 208 202 218 206 208 221 199 228 191 229 184 228 174 222 170 209 184 205 190 205 198 204 214 207 198 220 191 221 184 221
129 163 132 182 137 200 143 217 151 234 161 249 174 260 191 263 208 259 224 248 237 233 247 216 254 199 258 180 259 161 260 141 142 131 149 126 158 125 168 127 177 131 202 131 211 126 221 124 232 125 241 129 189 145 189 156 188 168 188 180 178 188 183 190 189 192 196 190 202 187 153 147 159 143 168 143 175 149 167 151 159 151 206 148 213 143 221 142 228 145 222 149 213 150 167 209 174 203 184 200 190 201 197 200 208 202 217 207 208 222 198 229 191 230 183 229 174 224 170 210 184 205 190 205 197 204 213 208 198 222 190 223 184 222
129 163 132 181 137 199 143 216 152 233 162 248 176 259 192 263 209 258 225 247 238 233 247 216 254 198 258 179 259 160 260 141 142 132 149 127 158 125 168 127 177 132 202 132 211 126 221 124 232 125 241 130 189 145 189 157 188 168 188 180 178 188 183 191 189 192 196 190 202 187 152 147 159 144 168 144 175 150 167 151 159 151 206 149 213 143 221 142 228 145 222 150 213 150 167 209 174 204 183 201 190 202 197 200 208 202 217 207 208 222 198 229 190 230 183 229 174 223 170 209 184 205 190 205 197 205 214 208 198 222 190 223 183 222
129 163 132 181 136 199 142 216 151 232 162 247 175 258 192 262 209 257 225 246 238 232 248 215 255 198 259 180 259 161 260 143 142 131 149 126 159 126 168 128 177 132 201 132 210 127 221 124 231 125 241 129 189 145 188 157 188 168 188 180 178 188 183 191 189 192 196 190 202 187 152 148 159 144 168 144 175 150 167 151 159 151 206 149 213 143 221 142 228 145 222 150 213 150 166 209 174 204 183 201 190 202 197 200 207 203 217 207 208 222 198 228 190 229 183 229 174 223 170 209 183 205 190 205 197 205 213 208 197 220 190 222 183 221
129 163 132 181 136 198 142 215 151 231 162 245 175 256 192 259 209 255 225 245 238 231 247 215 254 198 258 179 259 161 260 142 142 132 149 127 159 126 169 128 177 132 201 132 210 127 221 124 232 125 241 130 189 145 189 157 189 169 189 181 178 188 183 191 189 193 196 190 202 187 153 147 160 144 168 144 175 150 168 151 159 151 206 149 213 143 222 142 229 145 222 149 214 150 166 208 174 204 184 201 190 202 197 201 207 203 217 207 208 221 198 226 190 228 183 227 174 222 170 209 184 205 190 206 197 205 213 207 197 219 190 220 183 219
129 163 132 180 136 198 142 214 151 230 162 244 175 255 193 258 210 254 225 243 238 229 248 213 255 196 258 178 259 160 260 141 142 132 149 127 159 126 168 128 177 132 202 132 211 127 221 124 231 125 241 129 189 145 189 157 189 168 189 180 179 188 184 191 189 192 196 191 202 188 153 147 160 144 168 144 175 150 167 151 159 151 206 149 213 143 221 142 228 145 222 150 213 150 166 208 175 204 184 201 190 202 197 201 207 203 217 206 207 220 198 225 191 226 184 225 175 221 170 209 184 206 190 206 197 205 213 207 197 218 191 219 184 218
129 163 132 180 136 197 141 214 150 229 161 243 175 254 192 257 209 253 225 242 238 228 248 212 254 195 257 177 259 160 260 142 142 132 149 127 158 126 168 128 177 132 201 132 211 127 221 124 232 125 241 130 189 145 189 157 189 169 189 181 178 188 183 191 189 193 196 191 202 188 153 148 160 144 168 144 175 150 167 152 159 151 206 149 213 143 221 143 228 146 222 150 213 150 166 208 175 204 184 202 190 203 197 201 206 204 216 206 206 218 197 223 190 223 183 223 175 218 170 208 184 206 190 206 197 206 212 207 197 215 190 216 184 216
129 162 131 179 136 197 141 213 150 228 161 242 175 253 192 256 210 252 225 241 238 227 248 211 255 194 258 177 259 159 261 141 142 131 150 127 159 126 169 128 177 133 201 132 210 127 221 124 232 125 241 130 189 145 189 157 189 168 189 180 179 188 184 191 189 193 196 191 202 188 153 148 160 144 168 144 175 150 168 152 159 151 206 149 213 143 221 142 229 146 222 150 213 150 167 208 176 205 184 202 190 203 196 202 205 204 215 207 205 218 197 221 190 222 184 221 176 218 171 209 184 206 190 207 196 206 211 208 196 214 190 215 184 214
129 161 132 178 136 196 141 212 149 228 160 242 175 252 192 255 210 252 226 241 239 227 248 210 254 193 258 175 259 158 260 140 142 132 149 127 159 126 168 128 177 132 202 132 211 127 221 124 232 125 241 130 189 145 189 157 189 168 189 180 179 188 184 191 190 192 196 191 202 188 153 147 160 144 168 144 175 150 168 151 159 151 206 149 213 143 222 142 229 146 222 150 214 150 167 208 177 205 185 202 191 203 197 202 206 204 216 207 206 217 197 221 191 221 185 221 176 217 171 209 185 207 191 207 197 206 212 208 197 213 191 214 185 213
129 161 132 178 136 196 141 212 150 228 161 242 175 252 192 256 210 252 226 241 239 227 248 210 255 193 258 175 260 158 261 140 142 131 150 127 159 126 169 128 177 132 202 132 211 127 221 124 232 125 241 129 189 145 189 157 189 168 189 180 179 188 184 191 190 192 196 191 202 188 153 147 160 144 168 144 176 150 168 151 159 151 206 149 213 143 222 142 229 145 223 150 214 150 167 208 177 205 185 202 191 203 197 202 206 204 216 207 206 216 197 220 191 221 185 220 177 217 172 208 185 207 191 207 197 207 212 208 197 213 191 213 185 213
129 161 132 178 136 196 141 212 150 228 160 242 175 252 192 255 210 251 226 241 239 227 249 210 254 193 258 175 259 157 261 140 142 131 150 126 159 126 169 128 178 132 202 132 211 127 222 124 232 125 241 130 190 145 190 156 190 168 190 179 179 188 184 191 190 192 196 191 202 188 153 147 160 144 168 144 175 150 168 151 159 151 206 149 213 143 222 142 229 145 222 150 214 150 168 208 177 205 185 202 191 203 197 202 205 204 216 207 206 217 197 220 191 221 184 220 176 217 172 208 185 207 191 207 197 206 212 208 197 213 191 213 185 213
129 159 132 177 135 194 140 211 148 227 159 241 174 252 191 255 209 251 226 241 239 227 249 211 254 194 257 175 259 157 260 139 142 132 149 127 159 126 169 128 178 132 201 132 211 127 222 124 232 125 241 130 189 145 189 157 189 168 189 180 179 188 184 190 190 192 196 190 202 188 154 148 161 146 168 146 175 150 168 151 160 151 206 149 213 145 221 145 228 147 221 150 213 150 167 208 176 205 185 202 191 203 197 202 205 204 215 207 206 216 197 220 191 221 184 220 176 217 171 209 185 207 191 207 197 207 211 208 197 212 190 213 184 213
129 160 132 177 135 195 140 212 149 227 160 241 174 252 192 255 210 251 226 241 239 227 249 211 254 194 257 176 259 158 261 140 142 132 149 127 159 126 169 128 178 132 202 131 211 127 222 124 233 125 242 130 190 146 190 157 189 168 189 180 178 188 184 191 190 192 196 190 202 188 154 149 161 148 168 148 176 150 168 152 161 152 206 149 214 147 221 146 228 147 222 150 214 151 167 208 177 205 185 202 190 203 197 202 205 204 215 208 206 217 197 221 190 222 184 221 176 217 172 209 185 207 190 208 197 207 211 208 197 213 190 214 184 213
129 161 132 178 135 196 141 213 149 228 160 242 174 252 191 256 209 252 225 242 238 228 248 212 254 195 257 176 259 158 261 140 142 132 149 127 158 126 168 128 177 132 202 132 212 127 222 125 232 126 241 130 190 146 189 157 189 168 189 180 179 188 184 191 190 192 196 191 202 188 154 150 161 148 168 148 176 150 168 152 161 152 206 150 213 147 221 147 228 148 221 151 213 151 168 209 177 205 185 203 190 204 196 202 205 205 214 209 205 218 197 222 190 223 184 222 176 218 172 210 185 208 190 208 196 208 210 209 196 214 190 215 185 214
129 160 131 177 135 195 141 212 149 227 160 242 175 252 192 256 210 252 226 241 239 226 249 210 255 192 258 174 260 157 261 138 142 131 150 127 159 127 168 129 177 133 202 132 211 127 222 125 231 126 240 129 189 146 189 157 189 169 189 180 179 189 184 192 190 193 196 191 202 189 154 150 161 149 168 148 176 150 168 152 161 152 206 149 214 147 221 147 228 148 221 151 214 151 169 210 177 206 185 203 191 204 197 203 205 206 214 210 205 219 197 223 190 224 184 223 177 219 173 211 185 209 191 209 196 209 209 210 196 215 190 215 185 215
129 161 132 178 136 195 141 212 150 228 161 242 175 253 192 256 210 252 226 241 239 227 249 210 255 193 258 175 260 157 260 139 142 131 149 127 158 127 168 128 177 133 202 132 211 128 221 125 231 125 240 129 190 146 189 157 189 169 189 180 179 189 184 192 190 193 196 191 202 189 154 149 161 148 168 148 175 151 168 152 160 152 206 150 213 146 221 146 228 148 221 151 214 151 169 211 177 206 185 203 191 204 197 203 205 206 214 210 206 220 198 224 191 225 185 224 177 220 173 211 185 209 191 209 197 209 210 211 197 215 191 216 185 215
129 160 132 177 136 194 141 211 149 227 161 242 176 252 193 255 211 251 227 241 240 227 249 210 255 192 258 175 260 157 260 139 142 132 149 127 159 127 168 129 177 133 202 132 211 127 221 125 231 125 241 129 189 146 189 157 189 169 189 180 179 189 184 192 190 193 196 191 202 189 154 149 160 147 168 147 175 150 168 152 160 152 206 149 213 146 221 145 228 147 222 150 214 151 170 212 178 207 185 203 191 205 197 203 205 206 214 210 206 219 198 223 192 224 186 224 178 220 174 212 186 210 191 210 197 209 210 211 197 215 191 215 186 215
129 161 132 178 136 195 141 212 150 228 161 242 176 252 194 255 212 251 227 240 240 226 249 209 255 192 258 175 260 157 260 140 142 132 149 127 159 126 168 128 178 133 202 132 211 127 221 125 231 125 241 129 189 146 189 157 189 169 189 180 179 189 184 192 190 193 196 191 202 189 154 149 160 146 168 146 175 150 168 152 160 152 206 149 213 145 221 145 228 147 222 150 214 151 170 211 178 207 186 204 191 205 197 203 205 206 214 210 206 219 198 223 192 224 186 223 178 220 174 212 186 210 191 211 197 210 209 211 197 214 191 215 186 214
129 162 132 179 136 196 142 213 150 228 162 242 176 252 193 255 211 251 227 240 239 226 249 210 255 193 258 175 260 158 261 140 141 131 150 127 159 126 169 128 178 133 202 132 211 127 221 125 232 125 241 130 189 146 189 157 189 169 189 180 179 189 184 192 190 193 196 191 201 189 153 149 160 146 168 146 175 150 168 152 160 152 206 149 213 145 221 144 228 147 222 150 214 151 170 212 178 207 185 204 191 205 197 203 205 206 214 210 205 218 198 222 191 223 185 222 178 219 174 212 185 210 191 211 197 210 209 211 197 213 191 214 185 214
129 161 132 178 136 195 141 212 150 228 161 241 176 252 193 255 211 251 227 240 240 226 249 210 255 193 258 175 260 158 260 140 141 131 150 127 159 126 168 129 177 133 202 132 211 127 221 125 232 125 241 129 189 146 189 157 189 168 189 180 180 189 185 192 190 193 196 191 202 189 153 148 160 146 168 146 175 150 168 152 160 152 206 149 213 145 221 144 228 146 222 151 214 151 170 212 178 207 185 204 191 205 197 203 205 206 214 210 206 218 198 222 191 223 185 222 178 219 174 212 186 211 191 211 197 210 210 210 197 213 191 214 186 213
129 162 132 179 136 196 142 213 150 228 162 242 176 252 194 255 211 251 227 240 240 226 249 210 255 193 258 175 260 158 260 140 141 132 149 127 159 127 168 129 177 133 202 132 211 128 221 125 232 126 242 130 189 146 189 158 189 169 189 180 179 190 184 192 190 193 196 191 202 189 153 149 160 145 168 146 175 151 168 152 159 152 206 149 213 144 221 144 229 147 222 151 214 151 170 212 178 207 186 204 191 205 197 203 205 206 214 210 206 218 198 222 192 223 186 222 178 219 174 212 186 211 191 211 197 210 210 210 197 213 192 214 186 213
129 161 132 178 136 195 141 212 149 227 161 241 176 251 193 255 211 251 227 240 240 226 249 210 255 193 258 175 260 158 260 140 141 132 149 127 159 127 168 129 178 133 202 132 211 128 221 125 232 126 241 130 189 146 189 158 189 169 189 180 179 190 184 192 190 194 196 192 201 189 153 148 160 145 168 145 175 151 168 152 159 152 206 149 213 144 222 144 228 147 222 151 214 151 170 211 178 207 186 204 191 205 197 203 205 206 214 210 206 218 198 221 192 222 186 222 178 219 174 212 186 211 191 211 197 210 210 210 198 212 192 213 186 213
129 161 132 178 136 195 141 212 150 228 161 241 176 251 193 254 211 251 227 240 240 226 249 210 255 193 258 175 260 158 261 141 142 132 149 127 159 127 169 129 178 133 202 132 211 128 222 125 232 126 241 130 189 147 189 158 189 169 189 180 179 190 184 192 190 194 196 192 202 189 153 149 160 145 168 146 175 151 168 153 159 153 206 150 213 144 222 144 229 147 222 151 214 151 169 212 178 207 185 204 191 205 197 204 205 206 215 210 206 217 198 221 192 222 186 221 178 219 173 212 185 211 191 211 197 210 210 210 198 212 191 213 186 213
129 161 132 178 136 195 141 211 150 227 161 240 176 251 193 254 211 250 227 240 240 226 249 209 255 192 258 175 260 157 260 140 142 132 150 127 159 127 169 129 178 133 201 133 210 128 221 125 231 126 240 129 190 146 190 158 190 169 190 180 180 190 185 192 190 194 196 192 202 189 153 149 160 146 168 146 175 151 168 153 160 153 206 150 213 145 222 144 229 147 222 151 214 151 169 211 178 207 186 204 191 205 197 203 205 206 215 209 206 217 198 220 192 221 186 221 178 218 173 212 186 211 191 211 197 210 210 210 197 212 192 213 186 212
129 161 132 178 136 195 141 211 149 227 161 240 175 251 193 254 210 250 227 239 239 225 249 209 255 193 258 175 260 158 261 141 142 131 150 127 159 127 169 129 178 133 201 133 210 128 221 125 231 126 241 130 190 146 190 158 190 169 190 180 180 190 185 192 190 194 196 192 202 189 153 149 160 145 168 146 176 151 168 153 159 153 206 150 213 145 222 144 229 147 222 151 214 151 169 212 178 208 186 204 192 205 197 203 205 206 215 209 205 216 198 220 192 221 186 220 178 218 173 212 186 211 192 211 197 210 210 210 197 212 192 213 186 212
129 161 132 178 135 195 141 211 149 227 161 240 176 251 193 254 211 250 227 239 240 225 249 209 255 193 259 175 260 158 261 141 142 132 150 127 159 127 169 129 178 133 202 132 211 127 221 125 231 125 241 129 190 146 190 157 190 168 190 180 180 190 185 192 191 194 197 192 202 189 153 149 160 145 169 146 176 151 168 153 160 153 207 149 214 144 222 144 229 146 223 151 214 151 169 211 178 207 186 204 192 205 197 203 205 206 215 209 206 216 198 219 192 221 186 220 178 218 173 212 186 210 192 211 197 210 211 210 197 211 192 213 186 212
129 162 132 179 136 196 141 212 150 227 161 241 176 250 194 254 212 250 228 239 241 225 250 209 256 192 259 175 260 158 261 141 142 132 150 127 159 127 169 128 178 133 202 132 211 127 221 125 232 125 241 129 190 146 189 157 189 168 189 180 180 190 185 192 190 194 196 192 202 189 153 148 160 145 168 145 176 150 168 152 160 152 206 149 213 144 222 144 229 146 223 151 214 151 169 211 178 207 186 204 192 205 197 203 206 206 215 209 206 216 198 219 192 220 186 220 178 217 173 212 186 210 192 211 198 210 211 210 197 211 192 212 186 211
129 162 132 178 136 195 141 211 150 226 161 240 176 250 193 253 211 249 227 239 240 225 249 209 255 192 258 175 260 158 260 141 143 131 150 127 160 126 169 128 178 133 202 132 211 127 221 125 231 125 241 129 190 146 190 157 190 168 190 179 180 189 185 192 190 193 197 192 202 189 153 148 160 145 169 145 176 150 168 152 160 152 207 149 214 144 222 144 229 146 223 151 215 151 169 211 178 207 186 204 192 205 198 203 206 206 215 208 206 215 198 219 192 220 186 219 178 217 173 211 186 210 192 210 198 209 211 209 198 210 192 212 186 211
129 162 132 178 136 195 141 212 150 227 161 240 176 250 194 253 212 249 228 238 240 224 250 208 255 192 259 174 260 157 260 140 143 131 150 127 159 126 169 128 178 133 202 132 211 127 221 125 231 125 241 129 190 146 190 157 190 168 190 180 180 189 185 192 190 193 197 191 202 188 153 148 160 145 168 145 176 150 168 152 160 152 207 149 214 144 222 144 229 146 223 151 214 151 169 211 178 207 186 204 192 205 198 203 205 206 215 208 206 215 198 219 192 220 186 219 178 217 173 211 186 210 192 210 198 209 211 209 198 210 192 211 186 211
130 162 132 179 136 195 142 212 150 227 162 240 176 250 194 253 212 249 228 238 240 224 250 208 255 191 258 174 260 157 260 140 143 131 151 127 160 126 169 128 178 133 202 132 211 127 221 125 232 125 241 129 190 146 190 157 190 168 190 179 180 189 185 192 191 193 197 191 202 189 153 149 160 146 168 146 176 151 168 153 159 153 206 149 214 145 222 144 229 146 223 151 214 151 169 211 178 207 186 204 192 205 198 203 205 206 215 208 206 215 199 218 192 220 186 219 178 217 173 211 186 210 192 210 198 209 211 209 198 211 192 212 186 211
130 161 132 179 136 196 141 212 150 227 161 240 176 250 193 253 211 249 227 239 240 225 250 209 255 192 258 175 260 157 260 140 142 132 150 127 159 126 169 128 178 133 202 132 211 127 222 125 232 125 242 130 190 146 190 157 190 168 190 180 180 189 185 192 190 193 197 191 202 189 153 149 160 146 168 146 176 150 168 152 159 153 206 149 214 144 222 144 229 146 223 150 214 151 170 211 178 207 186 204 192 205 198 203 206 206 215 209 206 216 198 219 192 220 186 220 178 217 174 211 186 210 192 210 198 209 211 209 198 211 192 212 186 211
129 161 132 178 136 195 141 211 150 227 161 240 176 250 193 253 211 249 228 239 240 225 249 208 255 191 258 174 260 157 260 140 142 132 149 127 159 126 169 128 178 133 202 133 211 127 221 125 232 125 241 129 190 146 190 157 190 168 190 179 180 189 185 192 191 193 197 191 202 189 153 149 160 146 168 146 176 151 168 153 159 153 206 149 214 145 222 144 229 146 223 151 214 151 170 211 178 207 186 204 192 205 198 203 205 206 215 208 206 215 198 219 192 220 186 219 178 217 174 211 186 210 192 210 198 209 210 209 198 210 192 212 186 211
130 161 132 179 136 196 141 212 150 227 161 240 176 250 193 253 211 249 227 238 240 225 249 209 255 192 258 175 259 158 260 141 142 131 150 127 159 126 169 128 178 133 202 132 211 127 221 125 232 125 241 129 190 146 190 157 190 168 190 180 179 189 185 192 190 193 197 191 202 189 153 149 160 146 168 146 176 151 168 153 159 153 207 150 214 145 222 144 229 146 223 151 214 151 170 211 178 207 186 204 192 205 197 203 205 206 215 209 206 216 198 219 192 220 186 220 178 217 173 212 186 210 192 210 198 209 211 209 198 211 192 212 186 211
129 162 132 178 136 195 141 211 150 226 161 240 176 250 193 253 211 249 228 239 241 225 250 209 255 192 258 174 260 157 260 140 142 131 150 127 159 126 169 128 178 133 202 132 211 127 221 125 231 125 241 129 190 146 190 157 190 168 190 179 180 189 185 192 191 193 197 191 202 189 153 148 160 145 169 146 176 151 168 152 160 153 206 149 214 144 222 144 229 146 223 151 214 151 170 211 178 207 186 204 192 205 198 203 205 206 215 209 206 216 198 219 192 220 186 220 179 217 174 212 186 210 192 210 198 209 211 209 198 211 192 212 186 211
129 161 132 178 136 195 141 211 150 226 161 240 176 250 193 253 211 249 227 238 240 224 249 208 255 191 258 174 260 156 260 139 142 131 150 127 159 126 169 128 178 132 202 132 211 127 221 124 232 125 241 129 190 146 190 157 190 168 190 179 180 189 185 192 191 193 197 191 202 188 153 149 160 146 168 146 176 151 168 153 159 153 206 149 213 144 222 144 229 146 223 151 214 151 169 211 178 207 186 203 192 205 198 203 205 205 215 208 206 215 198 219 192 220 186 219 178 217 173 212 186 210 192 210 198 209 211 209 198 211 192 212 186 211
129 162 132 179 136 196 141 212 150 227 161 240 176 250 193 253 211 249 227 239 240 225 249 209 255 193 258 175 260 158 261 141 142 131 150 127 159 126 169 128 177 132 202 132 211 127 221 124 232 125 241 129 190 145 190 157 190 168 190 179 179 189 185 192 190 193 196 191 202 189 153 148 160 145 168 146 176 150 168 152 159 152 206 149 213 144 222 144 229 146 223 150 214 151 169 211 178 207 186 203 191 204 197 202 205 205 215 208 206 216 199 219 192 220 186 220 178 217 173 212 186 210 192 210 198 209 211 209 198 211 192 212 186 211
129 161 131 178 136 195 141 211 150 226 161 240 176 250 193 253 211 249 227 239 240 225 249 209 255 192 258 175 260 157 260 141 142 131 150 127 159 126 168 128 177 132 202 132 211 127 221 124 232 125 241 129 190 145 190 157 190 168 190 179 179 189 185 192 190 193 196 191 202 189 153 148 160 145 168 146 176 150 168 152 159 152 206 149 213 144 222 144 229 146 222 150 214 151 169 211 178 207 185 203 191 205 197 203 205 205 215 209 206 216 198 219 192 220 186 220 178 217 173 212 186 210 191 210 198 209 211 209 198 211 192 212 186 211
129 161 131 177 135 194 141 211 149 226 161 240 176 250 194 253 212 249 228 238 241 224 250 208 255 191 258 173 259 156 260 140 141 131 149 127 159 126 169 128 178 132 202 132 211 127 221 125 232 125 241 129 189 146 189 157 189 168 189 179 179 189 184 192 190 193 196 191 202 188 153 148 160 146 168 146 176 150 168 152 159 153 206 149 213 144 221 144 229 146 222 150 214 151 169 211 178 207 185 203 191 205 197 202 205 205 215 209 206 215 198 219 192 220 186 220 178 217 173 211 185 210 191 210 198 209 211 209 198 211 192 212 186 211
