131 167 134 184 138 201 144 218 152 234 163 247 177 258 194 261 212 257 228 247 241 233 251 216 257 198 260 180 262 161 262 143 142 137 150 132 159 131 169 133 178 136 203 136 212 131 222 128 233 129 242 133 190 150 190 162 190 173 190 185 181 194 186 197 191 198 197 196 203 193 154 153 161 149 169 149 176 155 169 157 160 157 207 153 215 147 223 146 230 149 224 154 215 155 172 218 180 212 187 208 193 210 199 208 207 211 216 216 208 225 200 230 193 231 187 230 180 227 177 218 187 215 193 215 199 214 211 217 199 221 193 222 187 221
131 167 134 184 138 201 144 217 152 233 163 247 177 258 194 262 211 258 227 247 240 233 250 216 257 198 260 180 262 162 262 143 142 137 149 132 159 131 169 133 178 137 203 136 212 131 223 128 233 129 243 133 190 150 190 162 190 173 190 185 180 194 186 197 191 198 198 196 203 193 154 153 161 149 169 149 177 154 169 157 160 157 207 153 215 147 224 146 231 149 224 154 215 155 172 218 180 212 187 208 193 209 199 208 207 211 216 216 208 226 200 230 193 231 187 231 180 227 177 218 187 215 193 215 199 215 211 217 199 221 193 222 187 221
131 167 134 184 138 200 144 217 152 233 163 247 177 258 194 262 211 258 228 248 241 233 250 217 257 199 260 180 262 162 262 144 142 137 150 132 159 131 169 133 178 136 202 136 212 131 222 128 233 129 243 133 190 150 190 162 190 173 190 185 180 194 185 197 191 198 198 196 203 193 154 153 161 149 169 149 177 154 169 157 160 157 207 153 215 147 224 146 231 149 224 154 215 154 172 218 179 213 187 208 193 210 199 207 207 211 216 216 208 226 200 230 193 231 187 231 179 227 177 218 187 215 193 216 199 215 211 217 199 221 193 222 187 221
131 167 134 184 138 200 144 217 152 233 163 247 177 259 194 262 212 258 228 247 241 233 250 216 257 198 260 179 262 161 262 143 143 137 150 131 159 131 169 133 178 136 203 136 212 131 223 128 233 129 243 133 190 150 190 162 190 173 190 185 181 194 186 197 191 198 198 196 203 193 154 153 161 149 169 149 176 155 169 157 160 157 207 153 215 147 223 146 230 149 224 154 215 154 172 218 179 212 187 208 193 210 199 208 207 211 215 216 207 226 200 230 193 232 187 231 179 228 177 218 187 215 193 216 199 215 210 217 199 221 193 222 187 222
131 167 134 184 138 200 144 217 152 233 163 248 177 259 194 262 211 259 227 248 240 234 250 217 257 199 260 181 262 162 263 144 143 137 150 132 159 131 169 133 178 137 203 136 212 131 223 128 233 129 243 133 190 150 190 162 190 173 190 185 181 194 186 197 191 198 197 196 203 193 154 153 161 149 169 149 176 155 169 157 160 157 207 153 215 147 223 146 230 150 224 154 215 155 172 218 180 213 187 209 193 210 199 208 207 211 216 216 208 226 200 231 193 232 187 231 180 228 177 218 187 215 193 215 199 214 211 217 199 221 193 223 187 222
131 166 134 183 138 200 144 218 152 234 163 248 178 259 195 262 212 258 229 247 242 233 251 216 257 198 260 179 261 161 262 142 142 137 150 132 159 131 169 133 178 137 203 136 212 131 222 128 233 129 242 133 190 150 190 162 190 173 190 185 181 194 186 196 191 198 198 196 203 193 154 153 161 149 170 149 177 154 169 156 161 156 207 153 215 147 223 146 230 149 224 154 215 154 172 218 180 212 187 209 193 210 199 208 207 211 215 216 207 226 200 230 193 232 187 231 179 227 177 218 187 215 193 215 199 215 211 217 199 221 193 222 187 222
131 167 134 184 138 201 144 218 152 234 163 248 177 259 194 262 211 258 227 248 240 233 250 216 257 199 260 180 262 161 262 143 143 137 150 131 160 131 169 133 178 137 203 136 212 131 222 128 233 129 243 133 190 150 190 162 190 173 190 185 181 194 186 196 191 198 197 196 203 193 154 153 161 149 170 149 177 155 169 157 160 157 207 153 215 147 223 146 230 149 224 154 215 155 171 216 179 212 187 209 192 210 198 208 207 211 216 215 207 225 199 229 192 230 186 230 179 226 175 217 187 215 192 215 199 214 212 215 198 220 192 221 186 221
131 166 134 184 138 201 143 218 152 234 163 248 177 259 193 262 210 258 227 247 240 233 250 217 257 199 260 180 262 162 263 143 143 136 151 132 160 131 169 133 178 137 203 137 212 131 223 129 233 129 243 134 190 150 190 162 190 174 190 186 181 194 186 197 191 198 197 196 203 193 154 153 161 149 170 149 177 155 169 157 160 157 207 153 215 148 223 147 230 150 224 154 215 155 170 215 179 212 186 209 192 210 199 208 207 210 217 213 207 224 199 228 192 229 186 229 178 225 174 216 186 214 193 214 199 213 213 214 198 220 192 221 186 220
132 166 134 183 138 201 143 218 152 233 162 248 177 258 194 262 211 258 227 247 241 233 251 216 257 199 261 180 262 162 263 143 143 137 151 132 160 131 170 133 178 138 203 137 212 131 223 129 233 129 243 134 190 150 190 162 190 174 190 185 180 194 185 196 191 198 198 196 204 193 155 153 162 151 170 151 177 155 169 157 161 157 207 154 215 149 223 149 230 150 223 155 215 155 169 214 179 211 186 208 192 209 199 207 207 210 218 212 208 222 199 226 192 227 186 227 178 223 174 214 186 214 192 214 199 213 213 213 199 218 192 219 186 219
131 164 134 183 137 201 142 218 152 234 163 247 176 258 194 261 211 257 228 247 241 233 251 216 258 199 261 180 263 162 263 143 144 137 151 132 160 131 169 133 178 138 203 137 212 131 223 129 234 129 243 134 190 150 190 162 190 174 190 186 180 194 185 196 191 198 198 196 204 193 156 154 163 153 170 153 177 155 170 157 162 157 207 154 215 151 222 151 229 152 223 155 215 155 169 212 178 210 186 208 192 209 199 207 208 209 219 210 209 222 199 226 192 228 186 227 178 223 173 213 186 212 192 213 199 212 214 212 199 219 192 220 186 220
132 166 134 184 137 202 143 219 152 234 163 248 177 258 194 261 211 258 227 247 240 233 250 217 257 200 260 181 262 163 263 143 143 137 150 132 159 131 169 133 178 138 203 137 212 131 223 129 233 129 243 134 190 150 190 162 190 174 190 186 180 194 185 196 191 197 198 196 204 193 155 155 162 153 170 153 177 155 170 157 162 157 207 154 215 151 222 151 229 152 223 155 215 155 168 211 177 209 186 207 192 208 199 206 209 208 219 210 209 221 200 226 192 227 185 227 177 223 172 212 186 211 192 212 199 211 215 211 199 218 192 220 186 219
132 166 134 184 137 201 142 218 151 234 162 248 176 258 194 261 211 257 228 247 241 232 251 216 257 199 260 180 262 162 263 143 143 137 150 132 160 131 170 133 178 138 203 137 213 131 223 129 234 129 243 135 191 150 191 162 190 174 190 186 180 193 185 196 191 197 198 195 204 192 155 154 162 152 170 152 177 155 170 157 162 157 208 154 215 150 223 150 230 151 223 154 215 155 168 211 177 209 186 207 192 208 200 206 209 207 220 209 210 222 200 226 193 228 186 227 177 223 172 212 186 211 192 211 200 210 216 210 200 219 193 220 186 219
131 167 134 185 137 203 143 220 153 235 163 250 177 261 194 264 211 260 227 249 240 234 250 217 257 200 260 181 262 162 262 143 143 137 150 132 159 131 169 133 178 137 202 136 212 131 223 128 234 129 243 134 190 150 190 162 190 174 190 186 180 193 185 196 191 197 197 195 204 192 154 154 161 151 169 151 177 155 169 157 161 157 207 153 215 150 223 149 230 150 223 154 215 154 167 212 176 208 185 206 192 207 199 206 209 207 220 209 210 223 200 229 192 230 185 229 176 225 171 212 185 210 192 211 199 210 216 211 200 221 192 222 185 222
131 167 135 186 139 204 145 221 153 237 164 252 177 263 194 266 211 262 227 251 240 236 250 218 257 201 260 182 262 162 263 143 142 136 150 132 159 130 168 132 177 137 203 136 212 131 223 128 233 129 242 134 190 150 190 162 190 173 190 185 180 193 185 195 191 197 197 195 204 192 154 153 161 151 169 151 176 154 169 156 161 156 207 153 215 149 222 148 229 150 223 154 215 154 168 213 176 209 185 206 192 207 199 205 209 208 219 211 210 226 200 232 192 234 185 233 176 227 172 214 186 211 192 211 199 210 215 212 199 224 192 225 185 225
131 167 134 185 138 203 144 220 153 236 163 251 176 263 193 266 210 262 226 251 239 236 249 219 256 201 260 182 262 162 263 143 142 136 150 131 159 130 168 132 177 137 202 136 212 130 223 128 233 129 243 133 190 150 189 161 189 173 189 185 179 193 184 195 190 197 197 195 203 192 154 153 161 150 169 150 176 154 169 156 160 156 207 153 214 149 222 148 229 150 223 154 215 154 168 214 176 209 185 206 191 207 198 206 208 208 218 212 209 226 199 232 191 233 184 232 176 227 172 214 185 211 191 211 198 210 214 213 198 224 191 225 185 224
131 166 133 183 137 201 143 218 151 234 162 249 175 260 193 263 210 259 227 248 240 233 250 216 257 199 261 180 262 161 263 143 142 137 150 131 159 130 169 133 177 137 202 136 212 131 222 128 233 129 242 133 189 150 189 162 189 173 189 185 179 193 184 196 190 197 197 195 203 192 154 153 161 151 169 151 176 154 169 156 161 156 207 153 214 149 222 148 229 150 223 154 214 154 168 214 177 210 185 207 191 208 197 206 206 209 216 213 207 225 197 230 191 231 184 230 176 225 173 215 185 211 191 211 197 211 212 214 197 221 191 222 185 222
131 165 133 182 136 200 142 217 150 233 160 247 174 258 191 262 210 258 227 248 240 233 250 216 257 198 261 179 262 160 263 141 143 137 150 132 159 131 168 133 177 137 202 136 211 131 222 128 232 129 241 133 189 150 189 162 189 174 189 186 179 194 184 196 190 198 196 196 202 193 155 155 162 153 169 153 176 155 169 157 162 157 207 153 214 151 222 150 229 151 222 154 214 155 169 215 177 211 185 207 191 209 197 207 206 210 215 214 206 223 197 227 190 228 184 228 177 224 174 215 185 213 191 213 197 212 210 215 197 219 190 219 184 219
130 165 133 182 136 198 141 215 149 231 160 246 174 257 191 261 209 258 226 247 240 232 250 215 257 198 260 179 262 160 262 142 142 137 149 132 158 132 168 133 177 137 202 136 211 131 222 129 232 129 242 133 189 151 189 162 189 174 189 186 180 194 185 197 190 198 196 196 202 193 155 155 161 154 169 154 176 155 169 157 161 158 207 154 214 152 222 151 229 151 222 155 214 155 171 216 178 211 185 208 191 210 197 208 205 211 214 215 205 224 197 227 191 228 184 228 178 224 175 216 185 214 191 214 197 214 209 215 197 218 191 219 185 218
131 165 133 182 137 198 142 215 150 231 160 245 174 256 192 260 210 256 227 246 240 232 250 215 257 197 260 178 262 160 262 141 142 137 149 132 158 132 168 134 177 138 202 137 211 131 222 129 232 129 242 134 189 150 189 162 189 174 189 186 179 194 184 197 190 198 196 196 202 193 154 154 161 153 168 152 176 155 168 157 161 157 207 153 214 151 222 150 229 151 222 155 214 155 170 215 178 211 185 208 191 210 197 208 205 211 214 214 206 223 198 226 191 227 185 226 178 223 175 216 186 214 191 215 197 214 209 215 197 217 191 218 185 217
130 165 133 182 137 199 142 216 150 231 161 246 175 256 193 260 211 256 228 245 241 231 251 214 257 196 260 178 262 160 262 141 141 137 149 132 158 132 168 133 177 137 202 136 211 131 222 129 232 130 241 134 189 150 189 162 189 174 189 186 179 194 184 197 190 198 196 196 202 193 154 153 161 151 168 151 176 155 168 156 160 157 206 153 214 150 222 149 229 151 222 154 214 155 171 215 179 211 185 208 191 209 197 207 206 210 214 214 206 222 198 226 191 227 185 226 178 223 175 215 186 214 191 214 197 214 210 215 197 217 191 218 186 217
130 165 133 183 137 200 142 216 151 232 162 247 176 257 194 261 212 257 229 245 242 231 251 214 257 197 260 179 262 160 262 142 142 136 149 132 158 131 168 133 176 137 202 136 211 131 222 128 232 129 241 134 189 150 189 162 189 174 189 186 179 194 184 196 190 198 196 196 202 193 154 153 161 150 168 150 176 155 168 156 160 156 206 153 214 149 222 148 229 150 222 154 214 154 170 216 178 210 185 207 191 208 197 207 206 210 216 214 207 223 198 228 192 229 185 228 178 224 175 216 185 212 191 212 197 212 211 214 198 219 191 220 185 219
130 166 133 184 137 201 143 218 152 234 163 248 177 259 194 262 212 257 228 246 241 231 250 214 257 197 260 179 261 160 262 141 141 137 149 132 158 131 168 133 177 137 201 136 211 131 221 128 232 129 242 133 189 150 189 162 189 173 189 185 179 193 184 196 190 197 196 195 203 192 153 153 160 150 168 150 176 155 168 157 160 157 206 153 213 148 221 148 229 150 222 154 214 154 170 215 178 210 185 206 191 208 198 206 207 209 216 213 207 225 199 230 192 231 185 230 178 226 174 216 185 211 191 211 198 211 212 214 198 221 192 222 185 222
130 167 133 184 138 201 144 218 153 234 164 248 177 259 194 262 211 258 226 247 239 232 249 216 256 199 260 180 261 161 262 142 141 137 148 132 157 131 167 133 176 137 201 136 211 131 221 128 232 129 241 134 189 150 189 162 189 173 189 185 179 193 184 196 190 197 196 195 202 192 153 153 160 150 168 150 175 155 168 157 159 157 206 153 213 148 221 147 228 150 222 154 214 154 169 215 177 210 185 206 191 207 198 206 207 209 216 213 208 226 199 231 192 232 185 231 177 227 174 215 185 211 191 211 198 210 212 214 198 222 191 223 185 223
130 167 133 184 137 201 143 218 152 234 163 248 177 259 194 262 211 258 227 246 240 232 250 215 257 198 260 180 261 161 262 142 140 137 148 132 157 131 167 133 176 137 201 136 210 131 221 128 232 129 241 134 188 150 189 162 189 173 189 185 179 194 184 196 190 197 196 196 202 193 153 153 160 150 168 150 175 155 168 157 159 157 205 153 213 148 221 147 228 150 222 154 213 154 169 216 177 211 185 207 191 208 197 207 206 210 216 213 207 225 198 230 191 231 185 230 177 226 174 216 185 212 191 212 197 212 212 214 197 221 191 222 185 222
130 166 133 183 136 200 141 217 150 233 162 247 176 258 194 261 212 257 229 245 241 231 251 214 257 196 259 178 261 159 261 141 141 137 148 132 157 132 167 133 176 137 201 136 210 131 221 128 232 129 241 134 188 150 188 162 188 174 189 186 179 195 184 197 190 198 196 196 202 193 153 153 159 150 168 150 175 155 167 157 159 157 205 153 213 148 221 147 228 150 222 154 213 155 170 216 178 213 185 210 191 211 197 209 206 211 215 213 206 222 198 226 192 227 185 227 178 224 174 217 185 216 191 216 197 215 211 214 197 218 191 219 185 218
130 165 132 183 136 200 141 217 150 233 161 248 176 258 194 261 212 257 229 246 242 231 251 214 257 196 260 178 261 159 260 141 141 138 148 132 157 132 167 133 175 137 201 136 210 131 221 128 232 129 241 134 188 150 188 162 189 174 189 185 179 195 184 197 190 198 196 197 202 194 153 153 159 150 167 150 175 155 167 157 159 157 205 153 213 148 221 147 228 150 222 154 213 155 169 215 177 213 185 211 191 212 198 210 206 211 216 212 207 220 199 224 192 225 185 224 177 222 172 216 185 217 191 217 198 216 212 213 198 217 192 218 185 217
130 166 132 183 136 201 142 218 151 234 161 248 176 259 194 261 212 257 229 246 242 232 251 215 257 197 260 179 260 160 260 142 141 138 148 132 157 131 167 133 176 138 201 137 210 131 220 128 231 129 241 134 188 151 188 162 188 174 189 186 179 195 184 197 190 199 196 197 202 194 152 153 159 150 167 150 174 155 167 157 158 157 205 154 212 148 221 147 228 149 222 154 213 155 168 215 177 213 185 211 191 212 198 210 206 211 216 212 207 221 199 225 192 226 185 225 177 223 172 216 185 217 191 217 198 216 212 213 198 217 192 218 185 218
130 166 133 184 136 201 142 218 151 235 161 250 176 261 194 264 212 259 228 248 241 232 250 215 256 197 259 179 260 160 260 142 140 137 148 132 157 131 167 133 175 138 201 137 210 131 221 128 231 129 240 134 188 150 188 162 188 174 188 186 179 195 184 197 190 199 196 196 202 193 152 153 159 150 167 150 174 155 167 157 158 157 205 153 212 148 221 147 228 149 221 154 213 155 169 216 177 213 185 210 191 211 197 209 206 211 216 212 207 223 199 228 192 229 185 229 177 225 173 217 185 217 191 217 198 216 212 214 198 219 192 221 186 220
130 167 133 185 137 203 143 220 152 236 163 251 177 263 194 265 211 261 227 249 240 234 249 217 256 199 259 180 260 162 261 143 140 137 148 132 157 131 167 133 176 137 200 137 210 131 221 128 231 129 241 134 188 151 188 163 188 174 188 186 179 195 184 197 189 198 195 196 201 193 152 153 159 150 167 150 174 155 167 157 158 157 205 153 212 148 220 147 228 150 221 154 213 155 168 216 176 212 185 208 191 209 197 208 207 210 217 213 208 226 199 232 191 234 185 233 176 228 173 217 185 214 191 214 197 213 212 214 198 223 191 225 185 224
130 168 133 186 137 204 143 221 152 236 163 251 176 262 193 264 210 260 226 249 238 234 248 218 255 200 259 181 260 162 261 143 140 138 147 133 157 132 167 134 176 138 200 137 210 132 221 129 231 130 241 135 188 151 188 163 188 175 189 187 178 195 184 197 189 198 196 196 202 193 152 154 159 150 167 150 174 155 167 157 158 157 205 154 213 148 221 147 228 150 222 154 213 155 167 215 176 211 185 208 191 209 198 207 207 209 217 212 208 225 199 231 191 232 185 231 176 227 172 216 185 213 191 213 198 212 213 213 198 223 191 224 185 223
130 168 133 186 136 204 142 220 152 236 162 249 176 260 193 263 210 259 226 248 239 234 249 218 255 201 259 182 260 163 261 144 141 138 148 132 158 132 167 134 176 139 200 137 210 132 221 129 231 130 241 135 188 151 188 163 188 174 188 187 178 194 183 197 189 198 196 196 202 193 152 153 159 150 167 150 175 155 167 157 158 157 205 154 212 148 221 147 228 150 222 154 213 155 167 214 176 210 184 207 191 208 197 207 207 208 218 210 208 223 198 228 191 229 184 229 176 225 171 214 184 212 191 212 197 211 214 211 197 220 191 222 184 221
130 167 133 185 136 202 142 219 151 235 161 248 175 259 192 261 209 257 225 247 238 233 249 217 255 200 258 181 260 162 261 143 141 138 148 133 158 132 168 134 177 139 201 138 210 132 221 129 232 130 241 135 188 151 189 163 189 175 189 187 179 194 184 197 190 198 196 196 203 193 152 153 159 149 168 150 175 155 167 157 159 157 205 154 213 148 221 147 228 150 222 154 213 155 167 213 176 210 185 207 191 208 198 206 207 208 218 209 208 221 199 227 191 228 184 228 176 224 171 213 185 211 191 212 198 211 214 210 198 219 191 221 185 220
130 167 132 185 136 202 141 219 151 235 161 248 175 259 193 262 210 257 226 246 239 232 249 216 256 199 260 181 261 162 262 143 141 138 149 133 158 132 168 134 177 139 201 138 210 132 221 129 232 130 241 135 189 151 189 163 189 175 189 187 179 194 184 197 190 198 196 196 203 193 153 153 160 150 168 150 175 155 168 157 159 157 206 154 213 148 221 147 228 150 222 154 214 155 167 212 176 209 185 207 191 208 199 206 208 208 219 209 209 222 199 227 192 229 185 228 176 224 171 213 185 211 191 211 198 210 216 210 199 220 192 221 185 221
130 167 133 185 136 202 142 219 151 234 161 248 175 259 193 262 210 258 226 247 239 233 250 217 256 199 259 181 261 162 262 143 141 138 149 133 158 132 168 134 176 138 201 137 211 132 221 129 232 130 242 135 189 150 189 163 189 174 189 187 179 194 184 196 190 198 196 196 203 193 153 153 160 149 168 150 175 155 168 157 159 157 206 154 213 148 222 147 229 150 222 154 214 155 167 212 176 209 185 207 191 208 198 206 208 208 219 209 209 223 199 228 191 229 184 229 176 225 171 213 185 211 191 211 198 210 215 211 198 221 191 222 185 221
131 167 133 185 137 203 143 221 152 237 163 251 177 262 194 265 211 261 227 249 239 235 249 218 256 201 259 182 261 163 262 143 141 137 148 132 158 131 168 133 177 137 201 137 211 131 222 129 233 130 242 134 189 150 189 162 189 174 189 186 179 194 184 196 190 198 196 196 203 193 153 153 160 149 168 149 175 155 168 157 159 157 206 153 213 148 222 147 229 150 223 154 214 155 167 214 176 210 185 207 191 208 198 206 208 208 219 211 209 225 199 231 192 233 185 232 176 227 171 215 185 211 191 211 198 210 215 212 199 224 192 225 185 225
131 167 133 185 137 203 143 220 152 236 162 251 176 262 193 265 210 260 226 249 239 234 249 218 256 201 259 182 261 163 262 144 142 138 149 132 158 131 168 133 177 138 202 136 211 131 222 129 232 130 242 134 189 150 189 162 189 174 189 186 179 194 184 196 190 198 196 196 203 193 153 153 160 149 168 149 176 155 168 157 159 157 206 153 213 148 222 147 229 149 222 154 214 154 168 214 176 210 185 207 191 208 198 206 208 208 218 211 209 225 199 231 192 232 185 232 176 227 171 215 185 211 191 211 198 210 214 212 199 223 192 225 185 224
131 168 134 185 137 203 143 220 152 236 162 250 176 261 193 264 210 260 226 249 239 234 250 218 256 200 259 182 261 163 262 144 141 138 149 132 158 131 168 133 177 137 202 137 211 131 222 129 232 129 242 134 189 151 189 163 189 174 189 186 179 194 184 196 190 198 197 196 203 193 153 153 160 149 168 149 175 155 168 157 159 157 206 154 213 148 222 147 229 150 223 154 214 155 167 214 176 210 185 207 191 208 198 206 208 208 218 211 209 225 199 231 191 232 184 231 176 227 171 215 185 212 191 212 198 211 214 212 198 223 191 224 185 224
130 166 133 184 137 201 142 218 150 234 161 248 175 260 192 263 210 259 226 248 239 234 249 218 256 201 260 182 262 163 263 144 142 137 149 132 158 131 168 133 177 138 202 137 211 131 222 129 232 129 242 134 189 151 189 163 189 174 189 187 179 194 184 197 190 198 196 196 203 193 153 154 160 150 168 150 175 155 168 158 159 157 206 154 213 148 222 148 229 150 223 155 214 155 168 214 176 210 185 207 191 208 198 207 207 209 217 212 207 224 198 229 191 231 184 230 176 226 172 215 185 212 191 212 198 211 213 213 198 222 191 223 185 222
130 166 133 183 137 201 142 218 150 234 161 248 175 259 192 263 210 259 226 248 239 234 250 217 257 200 260 181 262 162 262 143 142 137 150 132 159 131 169 133 177 138 202 137 211 131 222 129 232 130 242 134 189 151 189 162 189 174 189 186 180 194 185 197 190 198 197 196 203 193 153 154 160 151 168 151 176 155 168 157 160 157 206 154 214 149 222 148 229 150 223 155 214 155 168 214 177 210 185 207 191 208 198 207 207 209 217 212 207 224 198 229 191 231 184 230 176 226 172 215 185 212 191 212 198 211 213 213 197 222 191 223 185 222
131 166 133 184 137 201 143 218 151 234 161 249 175 260 193 264 210 260 227 249 240 234 250 218 257 200 261 181 262 162 263 143 142 137 149 132 159 131 168 133 177 137 202 137 212 131 222 129 233 129 242 134 189 150 189 162 189 174 189 186 180 194 185 197 190 198 197 196 203 193 154 153 160 151 168 151 176 155 168 157 160 157 206 154 213 149 222 148 229 150 223 155 214 155 169 215 177 211 185 208 191 209 198 207 207 210 217 213 207 225 198 230 191 231 185 230 177 226 173 216 185 212 191 212 198 212 213 214 198 222 191 223 185 223
131 167 134 185 138 202 144 220 152 236 163 252 176 263 194 267 211 262 227 251 240 236 250 219 257 201 261 182 262 163 263 144 142 137 150 132 159 131 168 133 177 137 202 136 211 131 222 129 232 129 242 134 189 150 190 162 190 174 190 186 180 194 185 197 191 198 197 196 203 193 154 153 160 150 168 150 176 155 168 157 160 157 207 154 214 149 222 148 229 150 223 155 215 155 169 217 178 211 186 208 192 209 198 207 207 210 217 215 208 227 199 233 192 234 185 233 177 229 173 217 186 213 192 213 198 212 212 215 198 224 192 225 186 225
131 169 135 187 139 205 145 222 154 238 164 253 177 265 194 268 211 264 227 253 239 238 249 220 256 202 260 183 262 163 262 144 142 137 150 132 159 131 168 133 177 137 202 137 212 132 222 129 232 130 242 134 189 151 189 162 190 173 190 185 180 194 185 197 191 198 197 196 203 193 154 153 160 150 168 150 176 155 168 157 160 157 207 154 214 149 222 148 229 151 223 155 214 156 170 218 178 212 186 208 192 209 199 207 207 210 216 215 208 229 199 235 192 236 186 235 178 231 174 218 186 213 192 213 198 212 212 216 199 226 192 227 186 226
131 168 134 186 138 204 144 221 153 238 164 253 177 265 194 268 211 264 227 253 239 237 249 220 257 202 260 183 262 164 263 144 143 137 150 132 159 131 168 133 177 137 203 136 212 131 223 129 233 130 242 134 190 150 190 162 190 174 190 185 180 194 185 197 191 198 197 196 203 193 154 153 161 150 169 150 176 155 168 157 160 157 207 154 214 149 222 148 229 151 223 155 215 156 170 218 178 212 186 208 192 209 199 207 208 210 217 215 208 229 200 235 193 236 186 236 178 231 174 218 186 213 192 213 199 212 213 216 199 226 192 227 186 227
131 167 134 185 138 203 144 221 153 238 164 253 177 264 194 267 212 263 228 252 240 236 250 219 258 201 262 182 263 163 264 144 143 137 150 132 159 131 169 133 177 137 203 137 212 131 223 129 233 129 243 134 190 151 190 162 190 174 190 185 180 194 185 197 191 198 197 196 203 193 154 153 161 150 169 150 176 155 168 157 160 157 207 154 214 149 222 148 230 151 223 155 215 156 169 217 178 212 186 208 192 209 198 207 208 210 217 215 208 228 199 234 192 235 186 234 178 230 174 218 186 213 192 213 198 212 213 215 198 225 192 226 186 226
131 167 134 185 138 203 144 220 153 237 163 252 177 263 194 266 211 262 227 250 239 236 249 219 256 201 260 182 262 163 262 144 142 137 149 132 159 131 168 133 177 137 202 137 212 131 222 129 233 130 242 134 190 151 190 162 190 174 190 186 180 194 185 197 191 198 197 196 203 193 154 153 160 150 169 150 176 155 168 157 160 157 207 154 214 149 222 148 229 151 223 155 214 156 169 217 178 212 186 208 192 209 198 208 207 210 217 214 208 227 199 233 192 234 185 234 177 229 173 217 186 213 192 213 198 212 212 215 198 225 192 226 186 226
131 167 134 184 138 202 143 219 152 235 163 250 177 262 194 265 211 260 227 249 240 234 250 218 257 200 261 181 262 162 263 144 142 137 150 132 159 131 169 134 178 138 202 137 212 132 222 129 233 130 242 134 190 151 190 162 190 174 190 186 180 195 185 197 191 198 197 197 203 194 154 153 160 150 169 151 176 155 168 157 160 157 207 154 214 149 222 148 230 151 223 155 215 156 168 216 177 212 186 208 192 209 198 208 208 210 218 213 208 226 199 232 192 233 185 232 177 228 173 217 186 213 192 214 198 213 213 215 198 223 192 224 186 224
131 166 133 184 137 201 143 218 151 235 162 249 176 260 194 264 211 259 227 249 240 234 250 218 257 200 261 182 262 163 263 144 142 138 150 133 159 132 169 134 178 138 202 137 212 132 222 129 233 130 243 134 190 151 190 163 190 174 190 186 180 194 185 197 191 198 197 196 203 193 154 154 161 151 169 151 176 155 168 157 160 158 207 154 214 149 222 148 229 150 223 155 215 155 169 215 178 212 186 208 192 209 198 208 208 210 218 212 208 225 199 230 192 231 186 231 178 227 173 216 186 213 192 213 198 212 214 213 198 222 192 224 186 223
131 166 134 184 137 202 143 219 152 234 163 248 177 259 194 262 211 258 227 247 240 233 251 217 257 200 261 181 262 163 263 144 142 137 150 132 159 132 169 134 178 138 202 137 212 132 222 129 232 130 242 134 190 151 190 163 190 175 190 187 180 195 185 197 191 198 197 197 203 194 153 154 160 151 169 151 176 156 168 158 160 158 207 154 214 149 223 148 230 151 223 155 215 156 168 215 177 212 186 209 192 209 198 208 207 210 218 212 208 224 199 229 192 230 186 230 177 226 173 216 186 213 192 213 198 212 214 213 198 222 192 223 186 223
131 166 133 184 137 201 143 218 152 234 163 248 177 259 194 262 211 258 227 247 240 233 250 217 257 200 260 181 262 162 263 143 143 137 150 132 159 132 169 134 178 139 202 137 212 132 222 129 233 130 242 134 190 151 190 163 190 175 190 187 180 194 185 197 191 198 197 196 203 194 154 154 161 151 169 151 176 155 168 158 160 157 207 154 214 149 222 148 229 151 223 155 214 156 168 214 178 212 186 209 192 210 198 208 207 210 218 212 208 224 199 229 192 230 186 230 177 226 172 215 186 213 192 213 198 212 214 213 198 221 192 223 186 222
131 166 133 184 137 201 142 218 151 234 162 249 176 260 194 263 211 259 227 248 240 234 250 217 257 200 261 181 262 162 263 143 143 137 150 132 160 132 169 134 178 138 202 137 212 132 222 129 233 130 242 134 190 151 190 163 190 175 190 186 180 195 185 197 191 199 197 197 203 194 154 154 161 150 169 151 176 156 168 158 160 158 207 154 214 149 223 148 230 151 223 155 215 156 168 215 177 211 186 208 192 210 198 208 208 210 219 212 209 224 199 230 192 231 185 230 177 226 172 215 186 213 192 213 198 212 215 213 198 222 192 223 186 223
131 166 134 184 138 202 143 220 152 236 163 252 177 263 194 267 211 262 227 250 240 236 250 218 257 200 261 181 262 162 263 143 143 137 150 133 159 132 169 133 178 138 203 137 212 132 223 129 233 130 242 134 190 151 190 162 189 174 189 186 180 194 185 197 190 199 197 197 203 194 154 154 161 151 169 151 176 156 168 158 160 158 207 154 214 149 222 148 229 151 223 155 215 156 168 215 177 212 185 208 192 209 198 208 208 210 218 213 208 227 199 232 192 234 185 233 177 228 172 216 186 213 192 213 198 212 214 214 198 224 192 226 185 225
131 168 134 186 138 204 145 221 154 238 165 253 178 265 195 268 212 264 227 252 240 237 250 219 257 201 261 182 262 163 263 143 142 137 150 132 159 132 169 134 178 138 202 138 211 132 222 129 233 130 242 135 190 151 190 163 190 174 190 186 180 195 185 197 191 199 197 197 203 194 154 154 160 151 168 151 176 156 168 157 160 157 207 154 214 149 222 148 230 151 223 155 215 156 169 216 177 212 186 208 192 209 198 208 208 210 219 213 209 229 199 235 192 236 186 235 177 230 173 217 186 213 192 213 198 212 214 214 199 226 192 228 186 227
131 167 134 185 138 203 144 221 153 237 164 253 177 265 194 268 211 264 227 253 240 237 250 220 257 202 261 183 262 163 263 143 142 137 150 133 159 132 169 134 178 138 202 137 212 132 223 129 233 130 242 135 190 151 190 163 190 175 190 186 180 195 185 197 191 199 197 197 203 194 154 153 161 150 169 151 176 155 168 157 160 157 207 154 214 149 222 149 229 151 223 155 215 156 168 216 177 212 186 209 192 210 198 208 208 210 218 214 209 228 199 234 192 235 185 235 177 230 173 217 186 213 192 213 198 213 214 215 198 226 192 227 185 227
131 168 134 186 138 204 145 221 154 238 164 253 178 265 194 268 211 264 227 253 240 238 250 221 257 202 261 183 262 163 263 144 143 138 150 133 159 132 169 134 178 138 202 137 212 132 222 129 233 130 242 135 190 151 190 163 190 174 190 186 180 195 185 197 191 199 197 197 203 194 154 154 161 151 169 151 176 156 169 157 160 157 207 154 214 149 222 149 230 151 223 155 215 156 169 216 177 212 186 209 192 210 198 208 208 211 219 214 209 228 199 234 192 235 186 234 177 229 173 217 186 214 192 214 198 213 215 215 199 225 192 226 186 226
131 166 134 184 138 202 144 220 153 236 163 252 177 264 194 268 211 263 227 252 240 236 250 219 257 201 260 181 262 162 262 143 143 138 150 133 159 132 169 134 178 138 203 137 212 132 223 129 233 130 242 134 189 152 189 163 189 175 189 186 180 195 185 197 190 199 197 197 203 194 154 154 161 151 169 151 176 156 168 158 160 158 207 155 214 150 222 149 229 151 223 155 215 156 169 216 177 212 186 209 192 210 198 208 208 211 219 214 209 228 199 234 192 235 186 234 177 229 173 217 186 214 192 214 198 213 214 215 199 225 192 227 186 226
131 166 133 184 138 201 144 219 153 236 164 251 177 263 194 266 211 263 227 251 240 236 250 219 257 201 260 182 262 163 263 144 143 137 150 132 160 132 170 134 179 138 203 137 212 132 223 129 234 130 243 135 190 151 190 163 190 174 190 186 180 195 185 198 191 199 197 197 203 194 154 154 161 151 169 151 176 156 169 158 160 158 207 154 214 149 223 149 230 151 223 155 215 156 169 216 178 213 186 209 192 210 198 208 208 211 218 214 208 227 199 232 193 234 186 233 178 228 174 217 186 214 192 214 198 214 214 216 199 225 192 226 186 225
131 165 134 183 138 200 143 218 152 235 163 250 178 262 195 265 212 261 228 249 241 234 251 217 257 199 261 180 262 161 263 143 143 137 151 132 160 131 169 134 178 137 203 137 212 132 223 129 233 130 242 134 190 151 190 163 190 174 190 186 181 195 185 198 191 199 197 197 203 194 155 154 161 151 169 151 176 156 169 158 160 158 207 154 214 149 222 149 230 151 223 156 215 156 170 217 179 214 187 210 192 211 199 209 208 212 217 215 208 226 200 231 193 232 187 232 179 227 175 218 187 216 193 217 199 216 213 216 199 222 193 224 187 223
131 165 133 182 137 199 143 217 152 233 163 249 178 261 195 264 212 260 229 248 241 233 251 216 258 198 261 179 262 161 262 142 144 136 151 132 160 132 170 134 178 138 203 137 212 132 222 129 233 130 242 134 190 151 191 163 191 174 191 186 181 195 186 198 192 199 198 197 203 194 155 154 161 152 169 153 176 156 169 158 161 158 207 155 214 151 222 150 229 152 223 156 215 156 171 217 179 214 187 210 193 212 199 209 207 212 217 215 208 225 200 229 194 231 187 230 179 226 175 218 187 217 193 218 199 216 212 216 199 221 193 222 187 221
131 164 133 181 137 199 142 216 151 233 162 248 177 259 195 263 213 260 229 248 242 233 252 215 258 197 261 179 262 160 262 142 144 137 151 132 159 132 169 134 177 138 203 137 212 132 223 129 233 130 242 134 190 151 190 163 190 174 191 186 181 196 186 198 192 199 198 197 204 194 156 155 163 154 170 154 177 156 170 158 162 158 207 155 215 153 222 152 229 153 222 156 215 156 171 217 179 214 187 211 193 212 199 210 207 212 217 214 208 224 200 228 194 230 187 229 180 226 175 218 187 218 193 218 199 217 213 215 199 219 193 221 188 220
131 164 133 182 137 199 142 216 151 232 162 247 177 258 195 262 214 258 230 247 243 232 253 214 258 196 261 178 262 159 262 141 144 138 151 133 160 132 169 134 178 138 204 137 213 132 223 129 233 130 242 134 191 151 191 162 191 174 191 186 181 196 186 198 192 199 198 197 204 194 156 156 163 155 170 154 177 156 170 158 162 158 208 155 215 153 222 152 230 152 223 156 215 156 170 217 179 214 187 212 193 213 199 211 208 212 218 213 209 223 200 227 194 229 188 228 180 225 174 218 188 218 193 218 199 217 214 215 200 219 194 220 188 220
131 166 134 183 138 200 143 217 152 233 163 247 178 258 196 261 214 257 230 245 243 231 253 214 259 196 261 178 263 160 263 142 144 137 151 132 160 132 170 133 178 138 204 137 213 132 223 129 234 130 243 134 191 151 191 162 191 174 191 186 182 196 187 198 192 199 198 197 204 194 155 155 162 153 170 153 177 156 170 157 162 158 208 154 216 152 223 151 231 152 224 155 216 156 171 216 180 214 188 211 193 213 200 210 208 212 218 213 209 222 201 226 194 228 188 227 180 225 175 217 188 218 194 218 200 217 214 214 200 218 194 220 188 219
131 163 134 181 137 198 142 215 151 232 162 246 178 257 196 261 214 257 230 245 243 230 253 213 259 196 261 177 262 159 262 141 144 136 151 132 160 131 170 133 178 138 204 137 213 131 223 129 234 129 243 134 191 151 191 162 191 174 192 185 181 195 187 198 193 199 199 197 204 194 155 154 162 152 170 153 177 156 170 158 162 158 208 154 215 151 223 150 231 151 224 155 216 156 171 216 180 213 188 211 194 212 200 209 208 211 218 213 209 222 201 226 195 227 189 227 180 224 175 217 188 217 194 218 200 216 214 214 200 218 194 219 189 218
131 164 134 182 138 199 143 216 151 232 163 246 178 257 196 260 214 256 231 245 244 230 254 213 259 195 262 177 263 159 263 141 144 136 151 132 160 131 170 133 178 137 204 136 213 131 223 129 234 129 243 133 191 150 191 162 191 173 192 185 182 195 187 197 193 198 199 196 204 194 155 154 162 152 170 152 177 155 170 157 162 157 208 154 216 150 224 149 231 151 224 155 216 155 171 216 180 213 188 210 194 212 200 209 208 211 218 213 209 221 201 226 195 227 188 226 180 223 175 217 188 217 194 217 200 216 214 214 200 217 194 219 188 218
131 165 134 182 137 200 142 216 151 232 163 246 178 256 195 260 213 256 230 245 243 231 253 214 259 196 262 178 263 160 263 142 143 137 151 132 160 131 170 133 179 137 204 136 213 131 224 128 234 129 243 133 191 150 191 162 191 173 191 185 182 195 187 197 192 198 198 196 204 193 155 153 162 151 170 151 177 155 170 157 161 157 208 153 216 149 224 149 231 150 225 154 216 155 171 216 180 213 188 210 194 211 200 209 208 211 218 213 209 221 201 225 194 227 188 226 180 223 175 216 188 217 194 217 200 216 214 214 200 217 194 218 188 218
131 164 134 181 138 198 143 215 151 231 163 245 178 256 196 260 214 256 231 244 244 230 253 213 259 195 261 177 263 158 262 141 144 136 151 131 160 131 170 133 179 137 204 136 213 131 223 128 234 129 243 133 191 150 191 162 192 173 192 185 182 195 187 197 193 198 199 196 205 193 155 153 162 151 170 151 177 155 170 157 162 157 208 153 216 149 224 148 231 150 224 154 216 155 171 215 180 213 188 210 194 211 200 209 208 211 218 212 209 221 201 225 195 226 188 226 180 223 175 216 188 216 194 217 200 215 214 213 200 217 194 218 189 218
131 164 134 181 137 199 143 216 151 231 163 245 178 256 196 259 214 255 231 244 244 230 253 213 259 195 262 177 263 159 263 141 144 136 151 131 160 130 170 132 179 136 204 136 214 131 224 128 235 129 244 134 191 150 191 162 191 173 192 185 182 195 187 197 193 198 199 196 205 193 156 153 162 151 171 151 178 155 170 157 162 157 208 153 216 149 224 148 231 150 225 154 216 155 171 215 180 213 188 210 194 211 200 209 209 211 218 212 209 221 201 225 195 226 188 225 180 223 175 216 188 216 194 217 200 215 215 213 200 216 194 218 189 217
131 164 133 181 137 198 142 215 151 231 162 245 177 255 195 259 213 255 230 244 243 230 253 214 259 196 262 178 263 160 263 142 144 136 151 131 161 130 170 132 179 137 204 136 213 131 224 128 234 129 243 134 192 150 192 162 192 173 192 185 182 195 187 197 193 198 199 196 204 193 155 153 162 150 171 150 178 155 170 157 162 157 209 153 216 149 224 148 231 150 225 154 216 155 171 215 180 212 188 210 194 211 200 209 208 211 218 212 209 220 201 224 195 225 188 225 180 222 175 216 188 216 194 217 200 215 214 213 200 216 194 218 188 217
131 164 134 182 137 199 143 215 151 231 163 245 178 255 196 259 214 255 231 244 244 229 253 212 259 195 262 177 263 159 262 141 144 136 152 131 161 130 170 132 179 137 204 136 214 131 224 128 234 129 244 133 192 150 191 161 191 173 191 185 182 194 187 197 193 198 199 196 205 193 155 153 162 150 170 150 178 155 170 157 162 157 209 153 216 149 224 148 231 150 225 154 217 155 171 215 180 212 188 209 194 211 200 209 209 210 219 211 210 220 201 224 195 225 189 225 181 222 175 215 189 216 194 216 200 215 215 213 201 216 195 217 189 217
131 163 134 181 137 198 142 215 151 231 163 245 178 255 196 259 214 255 231 244 244 230 253 213 259 195 262 177 263 159 263 141 144 135 152 131 161 130 170 132 179 136 204 135 214 130 224 127 234 128 243 132 192 149 192 161 192 172 192 184 182 194 187 196 193 197 199 195 205 193 156 153 163 150 171 150 178 154 170 156 162 156 209 153 216 149 224 148 231 150 225 154 217 154 171 214 180 212 188 209 194 210 201 208 209 210 219 211 210 220 201 224 195 225 189 224 181 222 175 215 189 216 194 216 201 215 215 212 201 216 195 217 189 217
132 165 134 182 138 199 143 215 152 231 163 244 178 255 196 258 215 254 231 243 244 229 254 213 260 196 262 178 263 160 264 143 144 135 152 131 161 130 171 132 180 136 204 135 214 130 224 128 235 128 244 132 192 149 192 161 192 172 192 183 182 194 187 196 193 197 199 195 205 193 155 152 162 150 171 150 178 154 171 157 162 157 209 153 216 148 225 147 232 149 226 154 217 155 171 214 180 211 189 209 195 210 201 208 209 210 219 211 210 219 202 223 195 224 189 224 181 221 174 214 189 215 195 216 201 215 215 212 201 216 195 217 189 216
131 164 134 182 138 199 143 216 152 231 164 245 179 255 196 258 214 254 230 244 243 230 253 214 259 196 262 178 263 160 263 142 144 135 152 131 161 130 171 131 180 136 205 135 214 130 224 127 235 128 244 132 192 149 192 160 192 172 193 184 183 194 188 196 194 197 200 195 206 192 156 152 163 150 171 150 178 154 171 156 162 156 209 152 217 148 225 147 232 149 226 153 217 154 171 214 181 212 189 209 195 210 201 208 210 210 220 210 210 219 202 223 196 224 189 224 181 221 175 214 189 215 195 216 201 214 216 212 202 215 195 216 189 216
132 164 134 181 138 198 143 215 152 230 164 244 179 254 197 258 215 254 232 243 245 229 255 212 260 195 263 177 263 160 264 143 145 135 152 130 161 130 171 131 180 135 205 134 214 130 225 127 235 128 244 132 192 149 192 160 192 172 193 183 183 194 188 196 194 197 200 195 205 192 156 152 163 149 171 149 178 154 171 156 162 156 209 152 216 148 224 147 231 149 225 154 217 154 172 214 181 212 189 209 195 210 201 208 209 210 219 210 210 219 202 222 196 224 190 223 181 221 175 215 189 215 195 215 201 214 216 212 201 215 195 216 190 216
132 164 134 181 138 198 143 215 152 231 164 244 179 254 197 258 215 254 232 243 245 228 254 212 260 195 263 177 264 160 264 143 144 135 152 131 161 130 171 132 179 136 205 135 215 130 225 127 235 128 244 132 192 149 193 160 193 172 193 183 183 194 188 196 194 197 200 195 206 192 156 152 163 149 171 150 178 154 171 156 162 156 209 152 217 148 225 147 232 149 226 154 217 154 171 214 181 211 189 209 195 210 201 208 210 210 220 210 210 219 202 222 196 224 190 223 181 221 175 214 190 215 195 216 201 214 215 212 201 215 195 216 190 216
132 165 134 182 138 199 144 215 153 231 164 244 179 255 197 258 215 254 231 243 244 229 254 213 260 196 262 178 263 160 264 144 144 135 152 130 161 130 171 131 180 136 205 135 214 130 224 127 235 128 244 132 192 149 192 161 193 172 193 183 183 194 188 196 194 197 200 195 206 192 156 152 163 149 171 149 178 154 171 156 162 156 209 153 217 148 225 147 232 149 226 154 217 154 171 214 181 211 190 208 195 210 201 208 210 210 219 210 210 219 202 222 196 224 190 223 181 221 175 214 190 215 195 215 201 214 215 212 201 215 195 216 190 216
