129 168 132 181 135 194 138 207 145 217 155 226 166 233 179 234 192 231 204 224 214 214 221 202 225 188 226 174 226 159 226 145 135 140 141 135 148 135 156 137 163 141 183 138 190 133 197 130 206 128 213 131 173 150 173 159 173 167 174 176 166 184 170 186 175 186 180 185 185 183 144 154 150 150 157 150 163 154 157 157 150 157 186 152 192 147 199 146 205 149 200 153 193 154 160 204 166 200 172 197 176 198 180 197 187 199 195 202 188 207 182 210 177 210 173 210 167 209 163 204 172 202 176 202 181 202 192 202 181 202 177 203 173 203
130 168 132 181 135 193 139 206 145 217 155 226 166 233 179 235 192 232 204 224 214 214 221 201 224 188 226 173 227 158 226 144 135 140 140 135 148 134 155 137 163 141 183 139 189 134 197 130 206 128 214 131 173 150 173 159 173 168 173 176 166 184 170 186 175 187 180 185 184 183 145 154 150 150 157 150 163 154 157 157 150 157 186 152 192 147 199 146 204 148 200 153 193 154 160 205 166 201 172 197 176 198 180 197 187 199 195 202 187 208 181 210 176 211 172 211 166 209 163 204 172 203 176 203 180 202 191 202 180 203 176 203 172 203
130 169 132 182 135 195 139 207 145 218 155 226 167 233 179 235 192 232 203 224 214 214 221 202 224 188 226 174 226 159 226 145 134 140 140 135 148 135 155 137 163 141 183 139 189 134 197 130 205 128 213 130 173 150 173 159 173 167 174 176 166 184 170 186 175 187 180 185 184 183 144 154 150 150 157 150 163 154 157 157 150 157 186 152 192 147 199 146 204 148 200 153 193 154 160 205 166 200 172 197 176 198 180 197 187 199 195 202 188 208 181 211 176 212 172 212 166 210 163 205 172 203 176 203 180 202 191 202 180 203 176 204 172 204
130 170 133 183 136 196 140 208 146 218 156 227 167 234 179 236 191 233 203 225 213 215 221 202 224 189 226 174 226 160 226 145 134 140 140 135 148 135 155 137 163 141 182 139 189 133 197 129 205 128 213 131 173 150 173 159 173 167 174 175 166 184 170 186 175 186 180 185 184 183 144 154 150 150 156 150 163 154 156 157 149 157 186 152 192 147 199 146 204 148 200 153 193 154 160 205 166 200 172 196 175 197 180 196 187 199 194 203 188 210 181 212 176 213 172 213 166 211 164 205 172 201 176 201 180 201 191 203 180 205 176 206 172 206
129 170 132 183 135 196 139 208 146 219 156 228 166 235 178 237 190 234 202 226 213 216 220 203 224 189 226 174 227 160 226 145 134 140 139 135 147 134 155 137 163 140 182 139 189 133 197 129 205 128 214 130 173 150 173 159 173 167 174 175 166 184 170 185 175 186 179 185 184 183 144 154 149 150 156 150 162 154 156 157 149 157 186 152 192 147 199 146 205 148 200 153 193 154 160 206 165 200 171 196 175 197 180 196 187 198 195 203 188 211 181 214 176 214 172 214 165 212 164 205 172 201 175 201 180 200 191 203 180 207 176 207 172 207
129 170 132 183 135 196 139 208 146 219 156 228 167 236 179 238 191 234 203 226 213 216 220 203 224 189 225 174 226 159 226 144 134 140 139 135 147 134 155 136 162 140 182 138 189 133 196 129 205 127 213 130 173 149 173 158 173 166 173 174 166 183 170 185 174 185 179 184 184 182 144 153 149 150 156 149 162 154 156 156 149 157 186 152 191 146 198 145 204 148 200 152 192 153 160 206 165 200 171 196 175 197 180 195 187 198 194 203 188 211 181 214 176 215 171 215 165 212 164 205 172 200 176 200 180 200 191 203 180 207 176 207 172 207
129 169 132 182 135 196 140 208 146 219 156 228 166 235 179 237 191 234 203 225 213 215 220 202 224 188 225 173 226 159 226 144 133 139 139 134 147 133 155 136 162 139 181 137 188 132 196 128 204 127 212 130 172 149 172 157 172 165 173 174 165 183 169 184 174 185 179 184 183 182 144 153 149 149 156 149 162 153 156 155 149 156 185 151 191 146 198 145 204 147 199 152 192 152 160 205 165 199 171 195 175 196 180 195 187 198 195 202 188 211 181 213 176 214 172 214 166 212 163 205 172 200 176 200 180 200 191 202 180 206 176 207 172 207
129 168 132 182 135 195 139 207 146 218 155 227 166 235 178 237 191 233 203 225 214 215 220 202 224 187 225 172 226 158 225 143 133 139 139 133 147 133 155 135 162 139 182 137 188 131 196 127 205 126 213 129 172 148 172 157 172 165 173 173 165 182 169 184 174 184 179 183 183 181 144 152 149 149 156 148 162 153 156 155 149 156 185 150 191 145 198 144 204 147 199 151 192 152 160 204 165 199 171 195 175 196 180 195 187 197 194 201 188 209 181 212 176 213 172 213 165 211 163 204 172 200 176 200 180 199 191 202 180 205 175 206 172 206
129 167 132 181 135 194 139 206 145 217 155 227 166 234 179 236 191 232 203 224 213 214 220 201 224 186 225 172 226 157 225 143 134 138 139 133 147 132 154 135 162 138 181 136 188 131 196 127 205 126 212 130 172 148 172 156 172 164 172 172 165 182 169 183 174 184 179 182 183 180 144 151 149 148 156 148 162 152 156 154 149 155 185 150 191 144 198 144 203 146 199 151 192 151 160 204 165 198 171 195 175 196 179 194 187 197 194 201 188 208 181 212 176 212 171 212 165 210 163 203 171 200 175 200 180 199 191 201 180 204 175 205 171 205
128 166 131 179 134 192 138 205 145 216 154 226 165 233 178 235 191 232 203 223 213 213 220 199 223 185 225 171 225 156 225 142 133 138 138 132 146 131 154 134 161 137 180 135 188 130 196 126 205 125 212 129 171 147 171 155 171 163 172 172 164 181 168 183 173 183 178 182 183 180 143 151 148 147 155 147 161 151 155 154 148 154 185 149 191 144 197 143 203 146 199 150 192 150 159 203 165 198 171 195 174 196 178 194 186 196 193 200 187 207 180 210 175 211 171 211 165 209 163 203 171 200 175 200 179 200 190 200 179 203 175 204 171 204
128 165 131 179 134 192 137 204 144 216 153 225 164 232 177 234 191 231 202 223 213 213 220 200 223 186 224 171 225 156 225 142 133 137 138 132 146 131 154 133 161 136 180 135 187 129 195 126 204 125 212 128 171 146 171 155 171 163 171 172 164 181 168 182 173 183 178 181 182 179 143 151 148 147 155 146 161 151 155 153 148 154 185 148 190 143 197 143 203 145 198 150 191 150 159 202 165 199 171 196 175 197 179 195 186 197 194 199 187 205 180 208 176 209 172 209 165 208 162 202 171 201 175 201 179 200 191 199 179 201 175 202 171 202
128 166 131 179 134 192 138 204 144 216 153 225 165 232 177 234 190 231 202 223 212 212 219 199 223 185 224 170 225 156 224 142 133 138 138 132 145 131 153 133 161 136 180 134 187 129 196 125 204 125 212 128 171 146 171 154 171 163 172 171 164 181 168 182 173 183 178 181 182 180 143 150 148 147 155 146 161 151 155 153 148 153 184 148 190 143 197 142 203 145 198 149 191 150 159 202 165 199 171 196 174 197 178 195 185 197 193 199 186 204 179 207 175 208 171 208 165 207 162 202 171 201 174 201 179 200 190 199 179 200 175 201 171 201
128 165 130 178 133 191 137 204 143 215 152 224 164 232 177 234 190 230 202 222 213 212 219 199 223 185 224 170 224 156 224 142 133 137 138 131 146 130 154 132 161 136 180 134 187 129 195 125 204 124 212 128 171 146 171 154 171 162 171 171 164 180 168 182 173 182 178 181 182 179 142 150 148 146 155 146 161 150 155 153 148 153 184 148 190 143 197 142 202 144 198 149 191 149 158 201 164 198 170 195 174 196 178 195 185 196 193 198 186 204 179 206 175 207 171 207 165 206 161 201 170 200 174 200 178 199 190 199 179 199 174 200 171 200
128 165 130 178 133 191 137 204 144 215 153 225 164 232 177 234 191 230 203 222 213 212 219 199 223 185 224 170 224 156 224 141 133 136 138 130 146 129 154 131 161 135 180 133 187 128 195 124 204 123 211 127 171 145 171 153 171 161 171 170 164 179 168 181 173 181 178 180 182 178 142 149 148 146 155 145 161 150 155 152 148 152 184 147 190 142 197 141 202 144 198 148 191 149 158 201 164 197 170 194 174 195 178 193 185 195 193 198 186 204 179 207 175 208 171 208 164 206 161 201 170 199 174 200 178 199 190 198 179 200 174 201 170 201
128 165 130 178 133 191 137 204 143 215 153 225 164 232 178 234 191 231 203 223 213 212 220 199 223 184 224 170 225 155 224 141 133 135 138 129 146 128 154 131 161 134 180 132 187 127 195 123 204 122 211 126 171 144 171 152 171 160 171 168 164 178 168 179 173 180 178 179 183 177 142 149 148 145 154 145 161 149 155 151 148 152 184 147 190 141 197 140 203 143 198 148 191 148 158 200 164 194 170 191 174 192 179 190 186 193 194 197 187 205 180 209 175 210 170 210 164 207 162 200 170 197 174 197 179 196 191 198 179 201 175 202 170 202
127 164 130 178 133 191 137 204 143 215 153 224 165 231 178 233 191 230 203 222 213 211 220 198 223 184 224 170 225 155 225 141 133 135 138 129 146 128 153 130 161 133 180 131 187 126 196 122 204 122 212 126 171 143 171 151 171 159 172 168 164 177 168 178 173 179 178 178 183 176 142 148 148 144 154 144 161 148 155 151 148 151 184 146 190 141 197 140 203 143 198 147 191 147 158 200 163 193 170 190 174 190 178 189 186 192 194 197 187 205 180 208 175 209 170 209 164 206 162 199 170 194 174 194 179 194 191 197 179 201 174 201 170 201
127 164 130 177 133 190 137 203 144 214 154 223 165 229 178 231 191 228 203 220 213 210 220 197 223 183 224 168 225 154 224 140 133 134 138 128 146 127 154 129 161 133 180 131 187 126 195 122 204 121 212 125 171 143 171 151 171 159 172 167 164 177 168 178 173 179 178 178 183 176 142 148 148 144 154 144 161 148 155 150 148 151 184 145 190 140 197 139 203 142 198 146 191 147 159 199 164 194 170 190 174 191 179 189 186 192 194 196 187 202 180 205 175 206 171 206 165 204 162 199 171 195 175 195 179 195 190 196 179 198 175 198 171 198
127 164 129 177 132 190 137 202 143 213 153 222 164 229 178 230 191 227 203 219 213 209 219 196 223 182 224 168 225 154 224 140 133 134 138 128 146 127 153 129 161 132 180 131 187 126 195 122 204 121 211 125 171 143 171 151 172 159 172 167 164 177 169 179 173 179 178 178 183 176 142 148 147 144 154 144 161 148 154 150 147 151 184 145 190 140 197 139 203 142 198 146 191 147 158 199 164 194 171 190 175 191 179 189 186 192 194 195 187 201 180 203 176 204 171 204 165 203 162 198 171 195 175 195 179 195 190 195 179 196 175 196 171 197
127 165 130 178 133 191 137 203 144 214 154 223 165 229 178 230 191 227 203 220 213 210 220 198 223 184 224 169 225 155 224 141 132 134 138 129 145 127 153 129 161 133 180 131 187 126 195 122 204 122 212 126 171 143 171 151 172 159 172 167 164 177 169 179 173 179 178 178 183 176 142 148 147 144 154 144 161 148 155 150 147 151 184 145 190 140 197 139 203 142 198 146 191 147 159 199 164 194 170 190 174 191 178 189 186 192 194 195 187 201 180 203 176 204 171 204 165 203 162 198 171 195 175 195 179 194 190 195 179 195 175 196 171 196
127 165 130 178 133 191 138 203 144 215 153 224 165 231 179 233 192 229 204 221 214 211 220 198 223 184 224 169 225 155 224 141 132 134 138 129 145 128 153 130 161 133 180 131 187 126 195 122 204 122 211 126 171 143 171 151 171 159 172 167 164 177 168 179 173 179 178 178 183 176 142 148 147 145 154 144 161 148 154 150 148 151 184 145 190 140 197 140 202 142 198 146 191 147 159 200 165 194 171 190 174 191 178 189 186 192 194 196 187 203 180 206 176 207 171 207 165 205 163 199 171 196 175 196 179 195 190 196 179 198 175 199 171 199
127 166 130 180 134 193 139 206 145 217 155 227 166 235 179 237 192 233 204 225 213 213 220 199 223 185 224 170 225 155 224 140 132 135 138 129 145 128 154 130 161 133 180 132 187 126 195 122 204 122 211 126 171 144 171 152 171 159 171 168 164 177 168 179 173 179 178 178 183 176 142 148 147 144 154 144 161 148 155 151 148 151 184 146 190 141 197 140 203 142 198 147 191 147 160 201 164 193 170 189 174 190 179 188 187 191 194 197 188 208 181 212 176 213 171 213 165 210 163 200 171 194 175 194 179 193 191 198 180 204 175 205 171 205
128 166 130 180 134 193 138 206 145 218 155 228 166 235 179 237 192 233 203 224 213 213 220 200 223 185 224 170 225 155 224 140 133 135 138 129 146 128 154 130 161 134 181 132 188 126 196 123 204 122 212 126 172 144 172 152 172 160 172 168 164 177 169 179 174 179 179 178 183 176 143 149 148 145 155 144 161 149 155 151 148 151 185 146 190 141 197 140 203 143 198 147 191 147 159 201 164 193 171 189 175 189 180 188 188 191 195 197 189 208 182 213 176 214 171 214 164 211 162 200 171 194 175 193 180 193 192 197 181 205 176 206 171 206
128 166 130 180 133 193 137 205 144 216 154 225 165 232 178 234 191 231 203 222 213 212 220 199 223 185 224 170 225 155 225 141 133 135 138 130 146 128 154 131 162 134 181 132 188 127 196 123 205 123 212 126 172 144 172 152 172 160 173 168 164 177 169 179 174 179 179 178 184 176 143 149 148 145 155 145 161 149 155 151 148 152 185 146 191 141 197 140 203 143 199 147 192 148 158 200 163 193 170 189 175 189 180 188 188 190 195 196 189 205 182 209 176 210 171 210 164 208 161 199 171 193 175 193 180 192 192 196 181 202 175 203 171 203
128 166 130 180 133 193 137 205 144 216 154 224 166 230 178 232 191 228 203 220 213 210 220 198 223 185 225 170 225 156 225 142 134 135 139 130 147 129 155 131 162 134 181 133 188 127 196 124 205 123 212 126 172 144 173 152 173 160 173 169 165 177 169 178 174 179 179 177 184 176 143 149 149 145 155 145 162 149 155 151 149 152 185 146 191 142 197 141 203 143 199 147 192 148 159 199 164 192 171 188 175 189 180 188 188 190 195 195 189 203 182 206 176 207 171 208 164 205 161 199 171 193 175 193 180 192 192 195 181 199 176 200 171 200
128 165 130 179 133 192 137 204 143 214 154 223 166 229 179 231 192 227 204 218 214 209 220 196 223 183 225 169 225 155 225 141 133 135 139 130 147 128 155 131 162 134 181 133 188 127 197 123 205 123 213 127 172 144 172 152 173 160 173 169 165 178 169 179 174 180 179 178 184 176 143 149 149 145 155 145 162 149 156 151 149 152 185 147 191 141 198 141 204 143 199 147 192 148 159 199 165 194 172 190 176 191 180 189 188 191 195 195 188 201 181 205 177 206 172 206 166 204 162 199 172 195 176 195 180 194 192 195 181 198 176 199 172 199
128 165 130 178 133 191 137 203 143 213 153 222 165 229 179 230 192 227 203 219 214 209 221 197 223 183 225 169 225 155 225 141 134 135 140 129 148 128 155 131 163 134 182 132 189 128 197 124 205 123 212 127 173 144 173 153 173 161 174 169 166 179 170 180 175 180 180 179 184 177 144 149 149 145 156 145 162 149 156 152 149 152 186 147 191 142 198 141 204 143 199 148 192 148 159 199 166 196 172 192 176 193 180 192 187 193 195 195 188 201 181 203 177 204 173 205 166 203 162 199 172 198 176 198 180 197 192 196 181 197 176 198 173 198
128 165 131 179 133 192 138 204 144 215 154 224 166 231 179 233 192 229 204 221 214 210 221 197 224 183 225 169 225 155 225 141 134 135 139 130 147 129 155 131 163 134 182 133 189 128 197 124 206 123 213 127 173 144 173 152 174 160 174 169 166 179 170 180 175 181 180 179 184 177 144 149 149 145 156 145 162 149 156 151 149 152 186 147 192 142 198 141 204 143 199 147 193 148 160 201 166 197 173 193 176 194 181 193 187 195 195 197 188 203 182 206 177 207 173 207 167 205 163 201 173 199 177 199 181 198 192 198 181 199 177 200 173 200
129 166 131 179 134 192 139 205 145 216 155 226 166 233 180 235 193 231 204 223 214 212 221 199 224 185 225 170 225 155 225 141 134 135 140 130 148 129 156 131 163 134 182 133 189 128 197 124 206 123 213 127 173 144 174 153 174 161 174 169 166 179 171 180 175 181 180 179 185 177 144 149 149 145 156 145 163 149 157 152 149 152 186 147 192 142 199 141 204 144 200 148 193 149 161 202 166 196 173 192 177 193 181 192 188 194 195 199 189 207 182 211 178 212 173 212 167 209 164 202 173 198 177 198 181 198 191 199 182 203 177 204 173 203
129 167 132 180 135 194 139 206 146 217 156 227 167 234 180 236 193 232 205 224 215 213 221 199 224 185 225 171 226 156 226 142 134 136 140 130 148 129 156 132 164 135 182 133 189 128 197 124 205 123 213 126 173 145 174 153 174 161 174 169 167 179 171 181 176 181 181 180 185 177 144 150 149 146 156 145 163 150 156 152 149 153 186 148 192 142 199 141 205 144 200 149 193 149 160 202 166 195 173 191 177 192 181 190 189 193 196 198 190 208 183 212 178 213 173 213 166 210 164 202 173 197 177 196 182 196 193 199 182 204 177 205 173 205
129 168 132 181 135 194 140 207 146 217 156 227 168 234 180 235 193 232 205 223 215 213 222 199 225 185 226 171 226 156 226 142 135 136 140 131 148 130 156 132 164 135 183 134 190 129 198 125 206 124 214 128 174 145 174 154 174 162 175 170 167 179 171 181 176 181 181 180 186 178 145 150 150 146 157 146 163 150 157 153 150 153 187 148 192 143 199 142 205 144 200 149 193 149 160 202 166 195 173 191 177 192 182 191 190 193 197 198 191 207 183 211 178 212 173 212 166 209 163 201 173 196 178 196 182 195 194 198 182 203 178 204 173 204
129 168 132 182 136 195 140 207 147 218 157 227 168 234 181 235 194 231 205 223 215 213 222 200 225 186 226 171 227 157 226 143 135 137 141 131 148 130 156 133 164 136 183 135 190 129 198 126 206 124 214 127 174 146 174 154 175 163 175 171 167 179 171 181 176 182 181 180 186 178 145 151 150 147 157 147 164 151 157 153 150 154 187 149 192 143 199 142 205 145 201 149 193 150 160 202 166 195 173 191 177 192 182 191 190 193 197 198 191 207 183 210 178 211 173 211 167 209 163 202 173 196 178 196 182 195 194 198 183 203 178 204 173 204
130 168 132 182 135 195 140 207 147 218 156 227 168 234 180 235 193 232 205 223 215 213 222 200 225 186 226 172 227 157 227 143 135 137 141 132 149 131 156 133 164 137 183 135 190 130 198 126 206 125 214 128 174 146 175 155 175 163 175 172 167 180 171 181 176 182 182 181 186 179 145 151 150 147 157 147 164 151 157 154 150 154 187 149 193 144 200 143 205 145 201 150 194 150 160 202 166 195 173 192 178 192 182 191 190 193 198 198 191 207 184 210 178 211 173 211 167 209 163 202 173 196 178 196 183 195 195 198 183 203 178 204 173 204
130 168 132 182 136 195 140 208 147 218 157 227 168 234 181 236 194 231 206 223 216 213 222 200 225 186 226 171 227 157 226 143 135 137 141 132 149 131 157 134 164 137 183 135 190 130 198 126 206 125 214 128 175 147 175 155 175 163 176 172 167 180 172 181 177 182 182 181 187 179 145 151 151 147 157 147 164 151 158 154 151 154 187 149 193 144 200 143 206 145 201 150 194 150 160 202 166 195 173 192 178 192 183 191 191 193 198 198 191 207 184 210 179 211 174 211 167 209 163 202 174 196 178 196 183 196 195 198 183 203 178 204 173 204
130 168 132 182 135 195 140 207 147 218 157 227 168 234 181 235 194 232 205 223 215 213 222 200 225 186 226 172 227 157 227 143 135 137 141 132 149 131 157 133 165 137 183 135 190 130 198 126 207 125 215 129 174 147 175 155 175 163 175 172 167 180 172 181 177 182 182 181 187 179 145 151 150 147 157 147 163 151 157 153 150 154 188 149 193 144 199 143 205 145 201 149 194 150 161 202 166 195 173 191 178 192 182 191 190 193 198 198 192 207 184 210 179 211 174 211 167 209 164 201 173 196 178 196 183 196 195 198 183 202 178 203 173 203
130 168 132 182 136 195 140 207 147 218 157 226 168 233 181 235 194 231 205 223 215 213 222 200 225 186 226 171 227 156 226 142 135 138 141 132 148 131 156 133 164 137 183 136 190 130 198 126 207 125 214 129 174 147 174 155 175 163 175 172 167 180 171 181 177 182 182 180 187 178 145 151 150 147 157 147 164 151 157 153 150 154 187 149 193 143 200 142 206 145 201 149 194 150 161 201 166 195 173 191 178 192 182 190 190 193 198 198 191 206 184 210 179 211 173 211 167 208 164 201 173 196 178 196 183 195 195 198 183 202 178 203 173 203
130 168 132 181 135 195 140 207 147 218 157 226 169 234 182 235 195 231 206 222 215 212 221 199 224 186 226 171 227 157 226 143 135 137 141 132 148 131 156 133 164 136 183 135 190 129 198 125 206 124 214 127 174 146 175 155 175 163 175 171 167 179 171 181 177 182 182 180 187 178 145 151 150 147 157 147 164 151 157 153 150 154 187 149 192 143 199 142 205 145 201 149 194 150 161 201 166 194 173 191 178 191 183 190 190 192 198 197 191 206 184 209 179 210 174 210 167 209 163 201 173 196 178 195 183 195 195 198 183 202 178 203 173 203
130 168 132 181 135 195 140 207 147 218 157 226 168 233 181 234 194 230 206 221 215 211 222 199 225 185 226 171 227 157 226 143 135 137 141 132 148 131 156 133 164 136 184 134 191 129 198 125 207 124 214 127 175 146 175 154 176 163 176 171 167 179 172 181 177 182 182 180 187 178 145 151 150 147 157 147 164 151 157 153 150 154 187 148 193 143 199 142 205 145 201 149 194 150 160 201 166 194 173 191 178 191 183 190 190 192 198 197 191 205 184 208 178 209 173 209 166 207 163 201 173 195 178 195 183 194 195 197 183 201 178 202 173 202
129 168 132 181 135 195 140 206 146 217 156 225 168 231 181 233 194 229 206 220 215 211 222 198 225 185 226 171 227 157 226 143 135 137 141 132 149 131 157 133 164 137 183 135 190 129 198 125 206 124 214 127 175 146 175 155 176 163 176 172 167 179 171 181 177 182 182 180 187 178 145 151 150 147 157 147 163 151 157 153 150 154 187 148 192 143 199 142 205 145 201 149 193 150 160 200 166 194 173 191 178 191 182 190 190 192 198 196 191 204 184 207 179 208 174 208 167 206 164 200 173 195 178 195 183 194 195 197 183 200 178 201 173 201
129 168 131 181 134 194 139 205 146 216 156 224 168 231 181 232 194 228 205 220 215 210 222 198 225 184 226 170 226 155 226 142 135 138 140 132 148 131 156 133 164 137 183 135 190 130 198 126 207 125 214 128 174 146 175 155 175 164 176 172 167 180 171 181 177 182 182 180 187 178 145 151 150 147 157 147 163 151 157 153 150 154 187 148 192 143 199 142 205 145 200 149 194 149 161 200 167 194 173 191 178 192 183 190 191 193 198 197 191 204 184 207 179 208 174 208 167 206 164 200 173 195 178 195 183 195 195 197 183 200 178 201 173 201
129 168 132 181 135 194 139 206 147 217 157 225 168 231 181 232 194 229 205 220 215 210 221 198 224 184 226 170 226 157 226 143 134 138 140 133 148 131 156 134 164 137 183 135 190 130 198 126 207 125 214 129 174 147 175 156 175 164 175 173 166 181 171 182 177 183 182 181 187 179 144 151 150 148 156 147 163 151 157 154 150 154 187 149 193 144 199 143 205 145 201 149 194 150 161 201 166 195 173 191 178 192 183 191 190 193 198 198 191 205 184 209 179 210 174 210 167 207 164 201 173 196 178 196 183 196 194 198 183 201 178 202 173 202
129 168 132 181 135 194 139 206 146 217 156 226 168 232 181 234 194 230 205 221 215 211 221 198 224 184 225 170 226 156 225 142 135 138 140 133 148 132 156 135 164 138 183 136 190 131 198 127 206 126 214 129 175 148 175 156 175 165 176 174 167 182 172 183 177 184 182 182 187 180 145 152 150 148 157 148 163 152 157 154 150 155 187 149 192 144 199 143 205 146 201 150 194 151 161 203 167 197 173 193 178 194 182 193 190 195 197 199 191 207 184 210 179 211 174 211 167 209 165 202 174 199 178 199 183 198 193 200 183 202 178 203 174 203
129 168 132 181 135 194 139 207 146 217 157 226 169 233 181 235 194 231 205 222 215 212 221 199 224 185 225 170 226 156 225 142 134 139 140 134 148 133 156 135 163 138 183 136 190 131 197 127 205 126 213 128 174 148 174 157 175 166 175 175 167 183 171 185 176 186 182 184 186 181 145 152 150 149 157 148 163 152 157 155 150 155 187 150 192 145 199 144 205 146 200 150 193 151 162 204 167 199 174 195 178 196 182 195 189 197 196 201 190 209 183 212 178 213 174 213 168 211 166 204 174 201 178 201 182 201 192 202 182 203 178 204 174 204
129 168 132 182 135 195 140 207 147 218 157 227 168 234 180 235 193 232 204 223 214 213 221 200 223 186 225 171 225 157 225 143 134 139 140 134 148 133 156 135 163 138 183 137 190 132 197 128 205 126 213 129 174 149 174 158 174 166 175 175 167 184 171 186 176 186 182 184 186 182 144 153 150 149 156 149 163 153 157 155 150 156 187 150 192 145 199 144 205 146 200 151 193 152 162 205 167 200 173 197 178 197 182 196 189 198 196 202 190 209 183 213 178 214 174 214 168 212 166 205 174 202 178 202 182 202 192 202 182 204 178 205 174 205
129 168 132 181 135 194 140 207 147 218 157 227 168 234 180 236 193 232 204 223 214 212 221 199 224 185 225 171 226 157 225 143 133 139 139 134 147 133 155 136 163 139 183 137 190 132 197 128 205 126 213 129 174 148 174 158 175 166 175 175 167 184 171 186 176 186 181 184 186 182 144 153 149 149 156 149 163 153 157 155 149 156 186 150 192 145 199 144 204 146 200 151 193 151 162 206 167 201 174 197 178 198 181 196 188 198 195 202 189 209 183 213 179 214 174 214 168 212 166 206 174 202 178 202 182 201 191 202 182 204 178 205 174 205
129 168 132 181 135 195 140 207 147 218 157 227 168 234 181 236 194 232 205 224 215 213 221 199 224 186 226 171 226 157 225 143 133 139 139 134 147 133 155 135 163 138 183 136 190 132 197 128 205 126 213 128 174 148 175 157 175 166 176 175 167 184 171 186 176 186 181 184 186 182 144 153 149 149 156 148 163 153 156 155 149 156 186 150 192 145 199 144 204 146 200 151 193 152 162 206 168 201 174 197 178 198 181 196 188 198 195 202 189 209 183 213 179 214 175 214 168 212 166 206 174 203 178 202 182 202 191 202 182 204 178 205 175 205
129 168 132 181 135 195 140 207 147 218 157 227 169 234 182 236 194 232 206 223 216 213 222 199 224 185 225 170 226 156 225 142 134 139 139 134 147 133 155 135 163 138 182 136 189 131 197 127 205 126 213 129 174 148 174 157 175 166 175 175 167 184 171 185 176 186 181 184 186 182 144 152 149 149 156 148 163 152 156 155 149 155 186 150 191 144 198 144 204 146 200 150 193 151 162 205 168 202 174 198 178 199 182 197 189 199 196 202 190 208 183 211 179 212 175 212 169 211 165 206 175 203 178 203 182 202 192 202 182 203 178 204 175 204
129 168 132 182 136 194 140 207 147 218 157 228 169 234 182 236 194 231 206 223 216 212 222 199 225 185 226 171 226 157 225 142 134 139 139 133 147 132 155 135 163 138 182 136 189 131 197 127 206 126 213 129 174 147 174 156 175 165 175 175 167 183 171 185 176 185 181 184 186 181 144 152 149 148 156 148 163 152 157 155 149 155 186 149 191 144 198 143 204 145 200 150 193 151 162 205 168 201 174 198 178 199 182 197 189 199 197 201 190 207 183 211 179 212 174 212 168 210 165 205 174 203 178 203 182 202 193 201 182 203 178 204 174 204
129 168 132 181 136 195 141 207 148 218 157 228 168 235 182 236 195 232 206 224 216 213 222 200 225 185 226 171 226 156 225 142 134 139 139 133 147 132 155 135 163 138 181 136 189 131 197 127 205 125 213 129 173 147 173 156 173 165 174 174 166 182 171 184 176 185 181 183 185 181 144 152 149 148 156 148 162 152 156 155 149 155 186 149 191 144 198 143 204 145 200 150 193 151 162 204 167 200 173 197 177 198 182 196 189 198 197 200 190 208 184 211 179 213 175 213 168 211 165 204 174 203 178 203 182 202 194 201 182 203 178 205 174 205
129 168 132 182 136 195 141 208 148 219 158 228 169 235 182 237 196 233 207 224 216 213 222 199 225 185 226 171 226 156 225 142 134 139 139 133 147 132 155 135 163 138 181 136 188 131 197 127 205 126 213 129 173 148 173 156 173 164 173 173 166 182 170 183 175 184 181 182 185 180 144 152 149 148 156 148 162 152 156 154 149 155 186 149 191 144 198 143 204 145 200 150 193 151 161 204 166 199 173 195 177 196 182 194 190 196 197 199 191 209 184 213 179 214 174 214 167 211 165 204 173 201 177 201 182 200 194 200 183 205 178 206 174 206
129 169 132 183 136 196 141 209 148 220 158 229 169 236 182 238 195 234 207 225 217 213 223 199 225 185 226 170 226 156 225 141 134 138 139 133 147 132 155 135 163 138 182 136 188 131 196 127 205 125 213 128 173 148 173 156 174 164 174 173 166 182 171 183 176 184 181 182 186 180 144 152 149 148 156 148 163 152 156 155 149 155 186 149 191 144 198 143 204 145 200 150 192 151 161 204 166 198 173 194 177 195 182 193 190 195 198 199 192 209 184 213 179 214 174 214 167 212 164 204 173 200 178 199 182 199 195 200 183 206 178 207 174 207
129 169 132 182 136 196 141 208 148 219 158 229 169 236 182 238 196 233 207 224 217 213 223 199 225 185 226 170 226 155 225 141 134 139 139 133 147 132 155 135 162 138 182 136 189 131 196 127 205 125 213 128 173 148 173 156 173 165 174 173 166 181 170 183 176 184 181 182 186 180 144 152 149 148 156 148 163 152 156 155 149 155 186 150 191 144 198 143 204 146 200 150 192 151 161 203 166 198 173 194 178 195 182 193 190 195 198 199 191 209 184 213 179 214 174 214 167 212 164 203 173 199 178 199 182 198 195 200 183 206 178 207 174 207
129 169 132 183 136 196 140 208 147 220 157 229 169 236 182 237 195 233 207 224 216 213 222 200 225 185 226 170 226 156 225 141 134 138 140 133 147 133 155 135 163 138 182 136 189 131 196 127 204 125 213 127 173 148 173 156 174 164 174 173 166 182 171 183 176 184 181 182 186 180 144 152 149 148 156 148 162 153 156 155 149 156 186 150 191 144 198 143 204 146 200 150 193 151 160 203 166 198 173 194 177 195 182 193 190 195 198 199 191 209 184 212 178 213 174 213 167 211 163 203 173 199 177 198 182 198 195 200 182 205 178 206 173 207
129 169 132 183 136 196 140 208 147 219 157 228 168 235 181 237 194 233 206 224 216 213 222 200 225 186 226 171 226 157 225 142 134 139 139 134 147 133 155 135 163 138 182 137 189 131 196 127 205 126 213 129 173 148 173 157 173 165 174 173 166 182 170 183 175 184 181 182 186 180 144 152 149 148 156 148 163 153 156 155 149 156 186 150 191 145 198 143 204 146 200 151 192 151 160 203 166 197 173 194 177 195 182 193 190 195 198 199 191 209 183 212 178 213 173 213 166 211 163 203 173 199 177 198 182 198 195 200 182 205 178 206 173 206
129 169 132 183 135 196 140 208 147 219 157 228 168 235 181 236 194 232 205 224 215 213 222 200 225 186 226 172 226 157 226 143 134 140 139 134 147 133 156 135 163 139 182 137 189 131 197 127 206 126 214 129 173 148 174 157 174 165 174 173 166 182 170 183 176 184 181 182 186 180 144 152 149 148 156 148 163 153 157 155 149 156 186 150 192 144 199 143 205 146 200 151 193 151 160 203 166 197 173 194 177 195 182 193 189 195 197 199 190 208 183 211 178 212 173 212 166 210 163 203 173 198 177 198 182 198 194 200 182 204 178 205 173 205
129 169 132 182 135 195 139 207 146 218 156 227 167 234 181 235 193 231 205 223 215 213 222 200 225 186 226 172 226 157 226 143 134 140 139 134 147 133 155 135 163 139 182 137 189 131 197 127 205 126 213 129 173 148 174 156 174 165 174 173 166 182 171 183 176 184 181 182 186 180 144 152 149 149 156 148 163 153 156 155 149 156 186 150 192 144 199 143 205 146 200 150 193 151 159 203 166 197 172 194 177 195 181 193 189 195 197 199 190 207 183 210 178 211 173 211 166 209 162 203 173 198 177 198 181 198 194 199 182 203 177 204 173 205
129 169 132 183 135 195 138 207 145 218 156 226 167 233 180 234 193 230 205 222 215 212 222 199 225 186 226 171 226 157 226 143 134 140 140 134 148 133 156 135 163 139 182 137 189 131 197 127 206 126 213 129 174 148 174 157 174 165 175 173 166 182 171 183 176 184 181 182 186 180 144 152 150 149 156 148 163 153 156 155 149 156 186 150 192 145 199 144 205 146 200 151 193 151 159 202 166 197 173 194 177 195 181 193 189 195 197 198 190 206 183 209 178 210 173 210 166 208 162 202 173 198 177 198 182 198 194 199 182 203 177 203 173 203
129 169 132 182 135 195 139 207 146 218 156 226 167 232 180 233 193 230 205 221 215 212 222 199 224 185 226 171 226 157 226 143 134 139 140 134 147 133 155 135 163 139 182 137 189 131 197 127 205 126 213 129 173 148 174 157 174 165 174 173 166 182 171 183 176 184 181 182 186 180 144 153 149 149 156 149 163 153 156 155 149 156 186 150 192 145 198 144 204 146 200 151 193 151 160 202 166 197 173 194 177 195 182 193 189 195 197 198 190 205 183 208 178 209 173 209 167 208 163 202 173 198 177 198 182 198 194 199 182 202 177 203 173 203
129 169 132 182 134 195 138 207 145 217 155 225 167 231 180 233 193 229 204 222 215 212 222 199 225 186 226 171 226 157 226 143 134 139 140 134 147 133 155 135 163 139 182 137 189 131 197 127 205 126 213 129 174 148 174 157 174 165 174 174 166 182 171 183 176 184 181 182 186 180 145 153 150 150 156 149 163 153 157 155 150 156 186 150 192 145 198 145 204 146 199 151 193 151 160 202 166 197 173 194 177 195 182 193 189 195 197 198 190 205 183 208 178 209 174 209 167 208 163 202 173 198 177 198 182 198 194 199 182 202 178 203 173 203
129 168 132 181 134 194 138 206 145 216 155 224 166 231 179 233 192 229 204 222 214 213 221 200 224 186 226 172 227 157 226 143 135 139 140 134 148 133 155 135 163 139 183 137 189 131 197 127 205 126 213 129 173 148 174 156 174 165 174 174 166 182 170 183 176 184 181 182 186 180 146 154 151 152 157 151 163 153 157 155 151 156 186 150 192 147 198 147 203 147 199 151 192 151 160 202 166 197 173 194 177 195 181 193 188 195 196 198 189 205 182 208 178 209 173 209 167 208 163 202 173 198 177 198 182 198 193 199 182 201 177 203 173 203
129 168 131 181 134 194 138 206 145 216 155 225 166 231 179 233 192 229 204 222 214 213 221 200 224 186 226 172 226 157 226 143 136 140 141 135 148 134 156 136 163 139 183 137 190 132 197 128 206 127 213 130 174 149 174 157 174 165 175 174 166 182 171 184 176 184 181 183 186 180 147 155 152 154 157 153 163 154 158 156 152 157 186 151 192 149 197 148 203 148 198 151 193 152 160 202 166 197 172 195 177 196 181 194 188 196 196 198 189 204 183 207 178 208 173 208 167 207 163 202 173 199 177 199 182 198 193 199 182 201 177 202 173 202
129 169 132 182 135 195 138 207 145 217 155 225 167 231 180 233 193 229 204 222 214 213 221 201 224 187 226 173 226 158 226 144 136 140 141 135 148 134 156 136 163 139 182 137 189 132 197 128 206 127 213 130 173 149 174 157 174 165 174 174 166 182 170 184 175 184 181 183 186 181 146 155 151 154 157 153 163 154 158 156 152 157 186 151 192 149 197 149 203 149 198 152 192 152 160 202 166 198 172 195 177 196 181 194 188 196 196 199 189 205 182 208 177 209 173 209 167 208 164 202 173 200 177 200 181 199 192 199 182 201 177 202 173 202
129 168 131 181 134 194 138 206 145 216 155 225 167 232 180 233 192 230 204 222 214 212 221 200 225 186 226 172 226 158 226 143 135 140 140 135 147 134 155 136 163 139 182 137 189 132 197 128 205 127 213 130 173 149 173 157 174 166 174 174 166 182 170 184 175 185 180 183 185 181 145 155 151 154 156 153 162 154 157 156 151 157 186 151 192 149 197 149 203 149 198 152 192 152 160 202 166 198 172 195 176 196 181 195 188 196 195 199 189 205 182 208 177 209 173 209 167 207 164 202 173 200 177 200 181 200 192 199 181 201 177 201 173 201
129 168 132 182 134 194 139 206 145 216 155 225 166 231 179 233 192 230 204 222 214 213 221 200 225 186 226 172 226 158 226 144 134 140 139 135 147 134 155 136 163 139 182 137 189 132 197 128 205 127 213 130 173 149 173 157 174 166 174 174 166 183 170 184 175 185 180 183 185 181 145 155 150 153 156 152 162 154 157 156 151 157 186 151 192 148 198 148 203 148 198 152 193 152 160 203 166 199 172 196 176 197 181 195 188 197 195 199 188 205 182 208 177 209 173 209 167 207 163 203 173 201 176 201 181 200 192 199 181 201 177 202 173 202
129 168 132 181 134 194 138 206 145 217 155 225 166 232 179 233 192 230 204 222 214 212 221 200 224 186 226 172 226 157 226 143 134 140 139 135 146 134 154 136 162 140 181 138 189 133 197 128 205 127 213 131 173 149 173 158 173 166 174 174 165 183 170 184 175 185 180 183 185 181 145 154 150 152 156 152 162 154 156 156 150 157 186 151 191 148 197 147 203 148 198 151 192 152 160 202 166 199 172 196 176 197 181 196 187 197 195 199 188 205 182 208 177 209 173 209 166 207 163 202 172 201 176 201 181 200 192 199 181 201 176 202 173 202
129 168 131 181 134 194 138 206 145 216 154 225 166 232 179 233 192 230 204 222 214 213 221 200 224 187 226 172 226 158 226 144 134 140 139 135 147 134 154 136 162 139 182 138 189 133 196 129 205 127 212 130 172 149 172 158 173 166 173 175 165 183 170 185 174 185 180 184 184 181 145 154 150 152 156 151 162 154 156 156 150 157 186 151 191 147 197 147 203 148 198 152 192 152 160 203 166 199 172 196 176 197 180 196 187 197 195 199 188 205 182 208 177 209 173 209 166 208 163 203 172 202 176 202 181 201 192 200 181 201 176 202 172 202
129 168 131 181 134 194 138 206 145 217 155 225 166 232 179 234 192 230 204 222 214 212 221 200 224 186 225 172 226 157 225 143 134 140 139 135 147 134 154 136 162 140 182 138 189 133 196 129 205 127 212 130 173 149 173 158 173 166 174 175 165 183 170 185 175 185 180 184 185 181 145 154 150 151 156 151 162 153 156 156 150 156 186 151 191 147 197 147 203 148 198 151 192 152 160 203 166 199 172 197 176 198 181 196 188 197 196 199 188 205 182 207 177 208 173 209 167 207 163 203 173 202 177 202 181 201 192 199 181 201 177 202 173 202
129 168 131 182 134 194 139 206 145 217 155 225 166 232 179 234 192 230 204 222 214 212 221 200 224 186 226 172 226 158 225 144 134 141 139 135 146 134 154 136 162 139 182 138 189 132 197 128 205 127 213 131 173 149 173 157 173 166 173 175 165 183 170 185 175 185 180 184 185 181 144 154 149 151 156 150 162 153 156 156 150 156 186 151 191 147 197 146 203 147 198 151 192 152 160 203 166 199 172 197 176 198 180 196 187 197 195 199 188 205 182 208 177 209 173 209 167 208 163 203 173 202 176 202 181 201 192 200 181 201 177 202 173 202
129 168 132 182 134 194 138 206 145 217 155 225 166 232 179 233 192 230 204 222 214 212 221 200 224 186 225 172 226 158 225 144 134 140 139 135 147 134 154 136 162 139 182 138 189 133 196 129 205 127 212 130 172 149 173 158 173 166 173 175 165 183 170 184 175 185 180 183 184 181 144 153 149 150 156 150 162 153 156 156 149 156 186 151 191 146 197 146 203 148 199 152 192 152 160 203 166 199 172 196 176 197 180 196 187 197 195 199 188 205 182 208 177 209 172 209 166 207 163 203 172 201 176 201 181 201 192 200 181 201 176 202 172 202
129 169 132 182 134 194 139 206 145 217 155 226 167 232 180 233 193 229 204 222 214 212 221 199 224 186 226 171 226 157 225 143 133 140 139 135 146 134 154 136 162 140 181 138 189 133 196 129 205 127 212 131 172 149 173 157 173 166 174 174 165 183 170 184 175 185 180 183 185 181 144 153 149 150 156 150 162 153 156 156 149 156 185 151 191 146 197 146 203 147 199 151 192 152 160 203 166 199 172 196 176 197 181 195 188 197 195 199 188 205 182 208 177 209 173 209 166 207 163 203 172 201 176 201 181 200 192 200 181 200 176 202 173 202
129 169 132 182 135 195 139 207 146 217 156 226 167 232 180 233 193 230 204 222 214 212 221 200 224 186 226 172 226 158 225 144 134 140 139 135 147 134 154 136 162 140 181 138 188 133 196 129 205 127 213 131 172 149 173 158 173 166 173 175 165 183 170 184 175 185 180 183 185 181 144 153 149 150 156 150 162 153 156 156 149 156 186 151 191 146 198 145 203 147 199 152 192 152 160 203 166 199 172 196 176 197 180 196 188 197 195 199 188 205 182 208 177 209 173 209 166 207 162 203 172 201 176 201 181 201 192 200 181 201 176 202 172 202
129 169 132 182 135 195 139 207 146 217 156 226 167 232 180 233 193 230 205 222 215 212 222 199 225 186 226 171 226 157 226 143 134 140 139 135 147 134 154 136 162 140 182 138 189 133 197 128 205 127 213 130 173 149 173 158 173 166 174 175 165 183 170 185 175 185 180 184 185 181 144 153 149 150 156 150 162 154 156 156 149 156 186 151 192 146 198 145 204 147 199 152 193 152 160 203 166 199 172 196 176 197 181 196 188 197 196 199 188 205 182 208 177 209 173 209 167 208 163 203 173 201 177 202 181 201 192 200 181 201 177 202 173 202
129 168 132 182 135 194 139 207 146 217 156 225 168 232 180 233 193 230 204 222 214 212 221 200 225 186 226 172 226 158 226 144 134 140 139 135 147 134 155 137 163 140 182 138 189 133 197 129 205 127 213 131 173 150 173 158 173 166 174 175 166 183 170 185 175 185 180 184 185 182 144 154 149 150 156 150 162 154 156 156 149 157 186 151 191 146 198 145 204 148 199 152 193 152 160 203 166 199 172 196 176 197 181 196 188 197 196 199 189 205 182 208 177 209 173 209 167 208 163 203 173 202 177 202 181 201 192 200 181 201 177 202 173 202
129 169 132 182 135 195 139 207 146 217 156 225 167 232 180 233 193 230 204 223 214 213 221 201 224 187 226 173 226 158 226 144 134 140 140 135 147 134 155 137 163 140 182 138 189 133 197 129 205 128 213 130 173 150 173 158 174 166 174 175 166 183 170 185 175 185 180 184 185 182 144 153 150 150 156 150 162 154 156 156 150 157 186 151 192 146 198 145 204 148 199 152 193 152 160 203 167 199 173 196 177 197 181 196 188 197 196 200 189 205 182 208 177 209 173 209 167 208 163 203 173 201 177 201 181 201 193 200 181 201 177 202 173 202
129 169 132 182 135 195 139 207 146 217 156 225 168 232 180 233 193 230 205 222 215 213 222 200 225 187 226 173 226 159 226 145 134 140 140 135 147 134 155 137 163 140 182 138 189 133 197 129 206 128 213 131 173 149 173 158 174 166 174 175 166 183 170 185 175 186 181 184 185 182 145 153 150 150 157 150 163 154 157 156 150 157 186 151 192 146 199 145 204 148 200 152 193 153 161 203 167 200 173 197 177 198 181 196 188 198 196 200 189 206 182 208 178 209 174 209 168 208 164 203 173 202 177 202 181 201 193 200 182 201 177 202 174 202
