126 170 129 187 133 205 139 221 148 235 161 247 175 255 191 258 207 254 222 244 234 232 242 216 247 199 249 181 251 163 252 145 138 132 145 126 156 126 166 129 176 134 199 134 209 128 219 123 230 123 239 129 188 148 188 158 188 167 188 178 177 189 183 192 189 193 195 191 200 189 150 151 157 148 166 147 173 152 165 155 157 155 203 151 211 146 219 145 226 149 220 153 212 153 169 218 176 210 184 206 189 207 195 205 203 210 212 216 204 226 196 229 190 230 184 230 176 227 173 218 184 212 189 212 195 212 207 216 195 219 190 220 184 220
125 168 128 186 132 203 138 219 147 234 159 246 174 254 190 257 207 253 222 244 234 231 242 215 247 198 249 180 251 162 252 144 138 130 146 124 156 123 166 127 176 131 199 131 208 125 219 121 230 120 239 126 187 146 187 155 187 164 187 174 177 187 182 189 188 190 194 188 200 186 150 150 157 146 165 145 173 150 165 153 156 153 203 149 211 144 219 143 226 147 220 151 211 152 168 216 175 208 184 203 189 205 194 203 203 207 211 214 204 223 195 227 189 228 184 228 175 225 173 216 184 210 189 210 194 210 207 214 195 218 189 219 184 218
125 169 128 187 133 204 139 220 148 234 160 246 174 254 190 257 207 253 222 243 234 231 242 215 247 198 249 180 251 163 252 145 137 129 145 122 156 122 166 125 176 130 199 129 208 123 219 119 230 119 238 125 187 144 187 153 187 162 188 172 177 185 182 187 188 188 194 187 200 185 149 148 156 144 165 144 173 149 165 152 156 152 203 148 211 142 219 142 226 145 220 150 211 150 168 216 176 207 184 202 189 203 194 202 203 206 212 213 204 223 196 226 190 227 184 227 175 224 172 215 184 209 189 209 195 208 207 213 195 217 189 218 184 218
126 168 129 185 132 203 138 219 146 234 159 245 173 254 190 257 208 252 223 242 235 229 242 214 247 197 249 179 251 161 252 143 137 128 145 121 155 121 166 124 176 128 199 128 208 122 219 118 230 118 238 123 187 143 187 152 187 161 187 171 177 184 182 186 188 187 194 185 200 183 149 147 156 143 165 143 172 148 165 150 156 151 203 146 211 141 219 141 226 144 220 149 211 149 168 215 176 206 184 201 189 202 194 200 203 205 212 212 204 222 196 225 190 226 184 226 175 224 172 214 184 208 189 208 195 208 207 212 195 216 189 217 184 217
126 168 129 185 132 202 138 218 146 233 158 245 173 253 190 256 207 252 222 242 234 229 242 214 247 197 249 179 251 162 251 144 137 127 145 121 155 120 166 123 176 127 199 127 208 121 219 117 229 117 238 123 188 142 188 151 188 160 188 170 177 183 182 185 188 186 194 185 200 183 149 147 156 142 165 142 173 147 165 150 156 150 203 146 211 140 219 140 226 143 220 148 211 148 168 215 175 206 184 201 189 202 195 200 203 205 212 212 204 221 196 225 190 226 184 226 176 223 172 214 184 208 189 208 195 208 207 212 195 216 190 217 184 216
125 168 128 185 132 203 138 219 146 233 159 245 173 254 190 256 208 252 222 242 234 230 242 214 247 197 249 179 251 161 251 143 137 127 145 120 155 119 166 122 176 127 199 127 208 121 219 117 229 116 238 122 187 141 187 150 187 160 187 169 177 183 182 185 188 186 194 185 200 182 149 146 156 142 165 142 173 147 165 149 156 150 203 145 211 140 219 140 226 143 220 148 211 148 169 214 176 206 184 201 189 203 194 201 203 205 211 212 204 221 196 225 190 227 184 226 176 223 173 214 184 209 189 209 195 208 207 212 195 216 190 216 185 216
125 168 128 185 132 203 138 219 147 233 159 245 174 253 191 256 208 252 223 242 235 229 242 213 247 196 249 179 251 161 251 144 137 127 145 121 155 120 166 123 176 127 199 126 209 121 219 117 230 117 238 123 187 141 188 151 188 160 188 170 177 184 182 186 188 186 194 185 200 183 149 146 156 142 164 142 172 147 165 149 156 150 203 145 211 140 219 140 226 143 220 148 211 148 169 214 176 207 184 202 189 203 194 201 203 205 211 212 204 221 195 225 190 226 184 226 176 223 173 214 184 209 189 209 194 209 207 212 195 216 190 216 185 216
126 167 128 184 132 201 138 218 146 232 158 244 173 253 190 256 207 251 222 241 235 229 243 213 247 196 249 178 251 160 251 143 137 128 144 121 155 120 166 123 176 128 199 127 208 121 219 117 230 117 238 123 187 142 187 151 187 160 187 170 177 184 182 186 188 187 194 186 200 183 150 147 156 143 165 142 173 147 165 150 156 150 203 146 210 141 219 140 226 144 220 148 211 148 168 214 176 208 184 203 189 204 194 202 203 206 211 211 204 220 196 224 190 225 184 225 176 222 173 214 185 210 190 210 195 210 207 211 195 214 190 215 185 215
125 166 128 184 132 201 137 218 146 232 158 244 173 252 190 255 207 251 222 241 235 228 243 213 247 196 249 178 251 160 251 143 137 127 145 121 155 120 166 124 176 128 198 127 208 122 218 118 229 118 238 123 187 142 187 152 187 161 188 172 177 185 182 187 188 188 194 186 200 184 149 147 156 143 164 143 172 147 164 150 156 150 203 146 210 141 218 141 225 144 219 148 211 148 168 214 176 209 184 204 189 206 194 204 202 207 212 211 203 218 195 221 190 222 184 222 176 220 172 214 184 212 189 212 194 211 207 211 194 212 189 213 184 213
125 167 128 184 132 201 137 218 146 232 159 244 173 252 190 255 207 250 222 241 234 228 242 213 247 196 249 179 250 161 251 143 136 129 144 122 155 121 166 124 176 129 198 128 208 122 219 118 230 118 238 125 187 143 187 153 187 162 187 173 177 186 182 188 188 189 194 187 200 185 149 148 156 144 164 143 172 148 164 151 156 151 203 147 210 142 219 141 226 144 219 149 211 149 167 214 176 209 184 205 189 206 194 204 202 207 212 211 203 217 195 220 190 221 184 221 176 219 171 214 184 212 189 212 194 211 208 211 194 212 189 213 184 213
126 167 128 185 132 202 137 218 146 232 158 244 173 252 190 255 207 251 222 241 234 229 242 214 246 197 248 179 250 161 251 143 136 130 144 123 155 122 165 125 175 130 198 129 208 123 218 119 229 119 238 126 187 144 187 154 187 164 187 174 176 187 182 189 188 190 194 188 200 186 149 149 156 145 164 144 172 149 164 152 156 152 202 148 210 143 218 142 225 145 219 150 210 150 167 214 175 210 183 206 189 207 194 205 202 208 212 212 203 217 195 220 190 221 184 221 176 219 171 214 184 213 189 213 194 212 208 212 194 212 189 213 184 213
125 168 128 186 132 203 137 219 146 233 158 244 173 252 190 255 207 251 222 241 235 229 243 214 247 197 249 179 250 162 250 145 136 131 144 124 154 123 165 126 175 131 198 130 208 124 218 120 229 120 238 126 187 145 187 155 187 165 187 175 176 188 182 190 188 190 194 189 199 187 149 149 156 145 164 145 172 150 164 152 156 153 202 148 210 143 218 143 225 146 219 150 210 151 166 215 175 210 183 206 188 208 194 206 202 209 212 212 203 219 195 222 189 223 183 222 175 220 170 215 183 214 189 214 194 213 208 213 194 213 189 214 184 214
125 168 128 186 132 203 138 219 147 234 159 246 174 255 191 258 208 253 223 243 235 230 243 214 247 197 249 179 250 162 250 144 136 131 144 124 155 124 165 127 175 132 198 131 207 125 218 121 229 120 238 126 187 145 187 155 187 165 187 175 176 188 182 190 188 191 194 189 200 187 149 150 156 146 164 145 172 150 164 153 156 153 202 149 210 144 218 143 225 146 219 151 210 151 167 216 175 211 184 207 189 208 194 206 203 209 213 213 204 221 195 225 190 226 184 226 175 223 171 216 184 215 189 215 194 214 208 214 195 215 189 216 184 216
125 168 128 186 132 204 138 221 148 236 160 248 174 258 191 261 208 256 223 246 235 232 243 215 247 198 249 179 251 161 251 143 137 131 144 125 155 124 165 127 175 132 197 131 207 125 218 121 229 120 237 126 187 146 187 156 187 165 187 175 176 188 181 190 187 191 194 190 199 187 149 150 156 146 164 146 172 151 164 153 155 154 202 149 210 144 218 143 225 147 219 151 210 152 167 217 174 210 183 205 189 207 194 205 204 208 213 214 205 225 196 230 190 231 183 231 175 227 171 217 183 213 189 213 195 213 209 215 195 220 189 221 184 221
125 170 128 188 133 206 139 222 148 237 160 250 174 259 191 262 208 257 222 247 234 233 242 217 247 199 249 181 251 162 251 144 137 131 145 125 155 124 165 128 175 133 198 132 208 126 218 121 229 121 238 126 187 146 187 156 187 166 187 176 176 188 181 190 187 191 194 190 200 187 149 150 156 146 164 146 172 151 164 154 156 154 203 150 210 144 218 144 225 147 219 151 211 152 166 217 174 209 183 204 188 206 194 204 204 207 213 214 205 226 196 231 189 232 183 232 174 228 170 217 183 211 189 211 194 211 209 214 195 221 189 222 183 222
125 170 128 188 132 206 138 222 147 237 160 249 174 257 191 260 208 255 222 245 234 232 242 216 247 199 249 181 251 163 251 145 136 131 144 125 155 124 165 127 175 133 198 132 207 126 218 122 229 121 237 127 187 146 187 156 187 166 187 176 176 188 181 190 188 191 194 189 200 187 149 151 156 146 164 146 172 151 164 154 156 154 202 150 210 144 218 144 225 147 219 152 210 152 165 216 173 208 182 204 189 205 194 203 204 207 213 213 205 224 196 229 189 230 183 229 173 226 169 216 183 210 189 210 195 210 209 213 195 219 189 220 183 220
125 169 127 187 131 205 137 221 146 235 158 246 173 254 189 257 206 253 221 243 234 231 242 215 247 198 248 180 250 162 251 144 136 132 144 125 154 125 165 128 175 133 198 132 207 126 217 122 228 121 237 127 186 146 187 156 187 166 187 176 176 187 181 189 187 190 194 189 200 187 148 151 155 147 164 146 172 151 164 154 155 154 202 150 209 145 218 144 225 147 219 152 210 152 165 214 173 207 182 203 188 204 194 202 203 206 213 212 204 222 195 226 188 227 182 227 173 223 169 214 182 209 188 209 194 209 209 212 194 217 188 218 182 218
125 170 127 187 130 204 136 220 145 233 158 244 172 253 189 256 206 251 221 241 234 229 243 214 247 197 249 180 250 162 250 145 136 132 144 125 154 125 165 128 175 133 197 132 207 126 217 122 228 121 237 127 186 146 187 156 187 166 187 177 175 187 181 189 187 191 194 189 200 187 148 150 155 146 164 146 172 151 164 153 155 154 202 150 209 144 217 144 225 147 218 151 210 152 166 214 173 207 182 202 188 204 193 202 203 206 212 212 203 221 194 225 188 226 182 225 173 222 170 214 182 209 188 210 193 209 207 212 193 216 188 217 182 216
124 168 127 185 130 202 135 218 144 231 157 243 172 252 189 255 206 251 221 241 234 229 243 214 247 197 249 179 250 161 250 143 136 131 144 125 154 125 164 128 174 133 197 132 206 126 217 122 228 121 237 126 186 146 186 156 186 167 186 177 175 188 181 190 187 191 193 190 199 187 148 151 155 147 163 146 171 151 163 154 155 154 202 149 209 144 217 144 225 147 218 151 210 151 166 215 174 209 182 205 187 206 192 204 201 208 211 213 202 221 193 224 187 225 182 225 174 221 171 215 182 212 187 213 193 212 206 213 192 214 187 215 182 215
124 168 127 185 130 202 136 219 145 233 158 244 173 253 189 256 205 252 220 242 233 230 242 214 246 197 248 179 250 162 250 144 135 132 143 126 154 125 164 128 174 133 198 132 207 126 217 122 228 121 237 127 186 146 186 157 186 167 186 177 175 189 181 191 187 192 193 191 199 188 148 151 155 147 163 146 171 151 164 154 155 154 201 150 209 145 217 144 224 147 218 151 209 152 167 216 175 210 182 206 187 208 192 206 200 210 209 214 201 222 193 225 187 226 182 226 175 223 172 216 182 214 187 214 192 214 205 214 192 215 187 215 182 215
125 169 127 186 131 204 137 220 147 235 159 247 173 256 189 259 206 255 221 244 233 231 241 215 246 198 248 180 250 162 250 144 135 132 143 126 154 125 164 129 174 133 197 132 206 126 217 122 228 121 236 127 186 146 186 157 186 167 186 178 175 190 181 192 187 193 193 191 198 189 148 151 155 147 163 146 171 151 163 154 155 155 201 149 208 144 217 144 224 147 218 152 209 152 169 218 175 212 183 208 187 209 192 207 200 211 208 216 201 225 193 229 188 230 183 229 175 226 173 218 183 216 188 216 192 215 204 217 192 217 188 218 183 218
124 170 127 187 132 205 138 222 147 237 159 249 173 259 189 262 206 258 221 247 233 233 241 217 246 199 248 181 250 163 250 144 135 132 143 125 154 125 164 128 174 133 196 132 206 126 217 122 228 121 236 127 185 147 186 157 186 167 186 177 175 189 180 191 187 192 193 191 198 188 148 151 154 147 163 146 171 151 163 154 154 154 201 150 208 144 217 144 224 147 218 152 209 152 169 220 175 211 182 206 187 208 192 206 201 210 209 217 202 228 194 232 188 233 183 233 175 229 174 219 183 215 187 215 192 214 204 218 193 220 188 221 183 221
124 170 127 188 131 206 137 222 146 237 159 249 173 258 190 261 206 257 221 246 233 233 241 217 246 199 248 181 250 163 250 145 135 132 143 126 154 125 164 129 174 133 196 132 206 127 216 122 227 122 236 128 186 147 186 157 186 167 186 177 175 189 180 191 187 192 193 190 198 188 148 151 154 147 163 147 171 152 163 154 154 155 201 150 208 145 217 144 224 147 218 152 209 152 168 219 173 210 182 204 187 206 193 204 202 209 210 217 203 228 194 232 188 233 182 233 174 229 172 219 182 213 187 213 193 212 205 217 193 221 188 222 182 222
124 171 127 188 131 206 137 222 147 236 159 248 173 256 189 259 206 255 220 245 233 232 242 217 246 200 248 182 250 163 250 145 135 133 143 127 153 126 164 129 174 134 197 133 206 127 217 122 228 122 236 128 186 147 186 157 186 167 186 177 175 188 180 190 187 191 193 190 199 188 148 152 155 148 163 147 171 152 163 155 154 155 201 150 208 145 217 145 224 148 218 152 209 153 167 217 173 208 182 203 187 205 193 203 202 207 211 214 203 225 194 230 188 231 182 230 173 226 171 217 182 210 187 210 193 210 207 215 193 220 188 221 182 220
124 171 127 188 130 205 136 221 146 235 158 246 173 255 189 258 205 254 220 244 233 232 242 216 246 200 248 181 250 163 250 145 135 133 143 127 153 126 164 130 174 135 197 134 206 128 216 123 227 122 236 127 186 148 186 158 186 168 186 178 175 189 181 191 187 192 193 190 199 188 148 152 155 148 163 148 171 152 163 155 155 155 201 151 208 146 217 145 224 148 218 152 209 153 166 216 173 208 182 204 188 205 193 203 203 207 211 213 203 224 194 228 188 229 182 229 173 225 170 216 182 210 188 210 194 209 207 214 194 219 188 220 182 219
124 170 127 187 131 204 136 220 145 234 158 246 173 254 190 257 206 252 221 242 234 230 243 215 247 198 248 180 250 162 250 144 135 134 143 127 153 127 164 130 174 135 197 134 207 128 217 123 228 123 236 128 186 148 186 158 186 168 187 179 175 189 181 191 187 192 194 191 200 188 148 152 155 149 163 148 171 153 163 155 155 156 201 151 208 146 216 145 224 148 217 152 209 153 166 216 174 209 182 205 188 206 193 204 202 208 211 213 203 222 194 226 188 227 182 227 174 223 171 216 183 211 188 211 193 211 207 213 194 217 188 218 182 218
124 169 126 186 130 204 135 220 144 234 157 245 172 254 189 257 206 252 221 241 234 229 243 214 246 197 248 179 249 161 249 144 135 134 143 128 153 127 164 131 174 136 197 135 206 128 217 124 228 123 236 129 186 148 186 158 186 169 187 180 175 190 181 192 187 193 194 192 200 189 148 152 155 149 163 148 171 153 163 155 155 156 201 151 208 146 216 145 224 148 217 152 209 153 166 216 174 211 183 207 188 209 194 207 202 209 212 213 203 219 195 223 189 224 183 224 175 222 170 216 183 215 189 215 194 214 207 213 194 214 189 215 183 215
124 169 127 187 130 204 136 221 145 235 158 247 173 255 190 258 207 253 222 243 234 230 243 215 246 197 248 180 249 162 249 144 135 134 143 127 154 127 164 130 174 135 197 134 206 128 217 123 228 123 236 128 186 148 186 158 186 169 187 179 175 190 181 193 187 194 194 192 199 189 148 152 155 148 163 148 171 152 163 155 155 156 201 151 208 146 217 145 224 148 218 153 209 153 166 217 174 212 183 208 188 210 193 208 202 211 211 214 203 221 195 225 189 226 183 226 175 223 170 217 183 216 188 216 194 215 207 215 194 215 189 216 183 216
124 170 127 188 131 205 137 222 146 236 159 248 173 257 190 260 207 255 221 245 233 231 241 216 246 199 248 181 249 163 249 145 135 134 143 127 154 127 164 130 174 135 197 134 206 128 217 124 228 123 236 128 186 148 186 158 186 169 186 179 175 190 181 192 187 194 193 192 199 189 148 152 155 148 163 148 171 153 163 155 154 156 201 151 208 146 217 145 224 148 217 152 209 153 167 219 174 212 182 208 188 209 193 207 202 210 210 216 203 225 195 229 189 230 183 230 174 227 172 219 183 215 188 216 193 215 206 216 194 219 188 220 183 220
124 170 127 188 131 205 137 222 147 236 159 249 173 257 190 260 207 255 221 245 233 232 241 216 245 199 248 181 249 163 250 146 135 134 143 127 154 127 164 130 174 135 197 134 206 128 217 123 228 123 236 128 185 148 186 158 186 169 186 179 175 189 180 192 186 193 193 191 199 188 148 152 154 148 163 148 171 152 163 155 154 156 201 151 208 146 217 145 224 148 218 152 209 153 167 218 173 210 182 205 188 206 193 204 202 208 211 215 203 226 195 230 188 231 182 231 174 227 171 218 182 212 188 212 193 211 206 215 194 220 188 221 182 221
124 171 127 189 132 206 138 222 148 236 160 248 174 256 190 259 206 254 221 244 233 231 241 216 246 199 248 181 249 163 250 145 135 134 143 127 154 127 164 130 174 135 197 134 206 128 216 123 227 123 236 128 186 148 186 158 186 169 186 179 175 189 180 191 187 192 194 191 200 188 148 152 155 148 163 148 171 152 163 155 155 155 201 151 208 146 217 145 224 148 218 152 209 153 167 217 173 208 182 203 188 204 193 203 203 207 211 214 204 224 195 229 188 230 182 229 174 225 172 216 182 210 188 210 194 209 207 214 194 218 188 219 182 219
124 170 127 188 131 205 137 221 147 235 159 247 173 256 190 258 206 254 221 244 233 231 241 216 246 199 248 181 250 163 250 146 136 134 143 127 154 127 164 130 174 135 197 134 206 128 216 123 227 123 236 128 186 148 186 158 186 169 186 179 174 189 180 191 187 192 194 190 200 188 148 152 155 148 163 148 171 152 163 155 155 155 201 151 208 146 217 145 224 148 218 152 209 152 167 216 173 207 181 202 187 204 193 202 203 206 211 213 204 223 195 228 188 229 181 228 173 224 172 215 182 209 187 209 193 209 207 213 194 217 188 218 182 218
124 170 127 188 131 205 137 221 147 235 159 247 174 256 190 258 206 254 221 244 233 231 241 216 246 199 248 181 249 163 249 145 135 134 143 127 154 127 164 130 174 135 197 134 207 128 217 123 228 123 236 128 186 148 186 159 186 169 186 180 175 189 181 191 187 193 194 191 200 188 148 152 155 148 163 148 171 152 163 155 155 155 202 150 209 145 217 145 224 148 218 152 209 152 168 216 174 207 182 202 188 204 193 202 203 206 211 213 204 223 195 228 188 229 182 229 174 224 172 215 182 209 188 209 194 209 207 213 194 217 188 218 182 218
124 170 127 187 131 205 137 221 146 235 159 247 173 256 190 259 207 254 221 244 233 231 242 215 246 198 248 180 250 162 250 144 136 133 144 127 154 127 164 130 174 135 198 133 207 127 217 123 228 122 236 127 186 148 186 158 187 169 187 180 175 190 181 192 188 193 194 191 200 188 148 152 155 148 163 148 171 152 163 155 155 156 202 151 209 145 217 145 224 147 218 152 210 152 168 217 175 208 183 203 188 205 194 203 203 207 211 214 204 224 195 229 189 230 183 230 175 226 173 216 183 211 189 211 194 211 207 214 194 218 189 219 183 218
125 170 128 187 131 204 137 221 146 235 159 247 174 256 190 259 207 254 221 243 234 230 242 215 246 197 248 179 250 162 250 144 136 133 143 127 154 126 164 130 174 134 198 133 207 127 217 123 228 122 237 128 186 148 186 158 187 169 187 180 176 190 181 192 188 193 194 191 200 188 148 152 155 148 163 148 171 152 163 155 155 156 202 151 209 145 217 145 225 147 218 152 210 153 169 217 175 209 183 205 189 206 194 204 203 208 211 214 204 224 196 229 189 230 183 229 175 226 173 217 184 213 189 213 194 213 206 214 194 217 189 218 184 218
125 169 127 186 131 203 136 220 146 234 159 245 174 255 190 257 207 252 222 242 234 229 243 214 247 196 249 178 250 161 250 143 136 133 144 127 154 126 165 130 175 134 198 133 207 127 217 123 228 122 237 127 187 147 187 158 187 169 187 180 176 190 182 192 188 193 194 191 200 189 148 152 155 148 164 147 172 152 164 155 155 155 202 150 209 145 217 144 225 147 219 152 210 152 169 217 175 210 183 205 189 207 194 205 203 209 211 214 203 223 195 227 189 228 184 228 176 224 173 217 184 214 189 214 194 213 207 214 194 216 189 217 184 216
125 169 127 186 131 204 136 219 146 233 159 245 174 254 190 257 207 252 222 242 234 229 243 214 247 197 249 179 250 161 250 143 136 132 144 126 155 126 165 130 175 134 198 133 207 127 217 123 228 122 237 127 187 147 187 158 187 169 187 180 176 190 182 192 188 193 195 191 201 189 149 151 156 148 164 147 172 152 164 155 155 155 202 150 209 145 218 144 225 147 219 152 210 152 167 216 175 210 183 206 189 208 194 205 203 209 212 213 204 222 195 226 189 227 183 227 175 223 172 216 183 214 189 215 194 214 208 214 194 215 189 216 184 215
125 169 128 187 131 204 137 220 146 234 159 245 174 254 191 257 208 252 222 242 235 229 244 214 247 197 249 179 250 161 250 143 136 133 144 127 155 127 165 130 175 135 198 134 208 128 218 123 229 122 238 127 187 148 187 158 187 169 188 180 176 190 182 192 188 193 195 191 201 189 149 152 156 148 164 148 172 152 164 155 156 156 202 151 209 146 218 145 225 148 219 152 210 153 167 215 175 209 183 205 189 207 194 205 204 208 213 213 205 222 196 226 189 227 183 226 175 223 172 215 183 213 189 213 195 212 208 213 195 216 189 217 183 216
125 170 128 187 131 205 136 221 146 235 158 247 173 255 190 258 207 253 222 243 235 231 244 215 248 198 249 180 251 163 251 145 136 134 144 128 155 127 165 131 175 136 198 135 208 128 218 124 229 123 238 129 187 148 187 159 187 170 188 180 176 190 182 192 188 193 195 192 201 189 149 152 156 149 164 148 172 153 164 156 156 156 202 152 210 146 218 146 225 148 219 153 211 153 167 216 174 208 182 204 188 206 194 204 204 208 213 213 205 223 195 227 189 228 182 228 174 224 171 216 183 211 188 211 194 211 209 214 194 218 189 219 183 218
126 171 128 189 132 207 137 223 147 237 159 248 173 256 190 259 207 255 222 245 234 232 243 217 247 200 249 182 251 164 251 146 137 134 144 128 155 128 165 131 175 136 198 135 208 129 218 125 229 124 238 130 187 149 187 160 187 170 187 181 176 190 181 192 188 194 195 192 201 190 149 153 156 149 164 149 172 154 164 156 156 157 203 152 210 147 218 146 225 149 219 154 210 154 166 217 173 209 182 205 189 206 194 205 204 208 213 214 205 224 196 229 189 230 182 229 174 225 171 216 183 211 189 211 195 211 209 215 195 219 189 220 183 220
126 171 129 189 133 207 138 223 147 238 159 250 174 258 190 261 207 256 222 246 234 233 243 218 247 201 250 183 251 164 252 146 137 135 144 129 155 128 165 132 175 137 198 136 208 130 218 125 229 125 238 130 187 150 187 160 187 171 187 181 175 191 181 193 188 194 195 193 201 190 149 154 156 150 164 149 172 154 164 157 156 157 203 153 210 147 218 147 226 150 219 154 211 155 166 218 173 209 182 205 188 207 195 205 204 208 213 216 205 226 196 231 189 232 182 231 173 227 170 217 182 211 189 212 195 211 209 216 195 222 189 223 182 222
126 171 129 189 133 207 138 224 147 238 159 251 174 259 190 262 207 257 221 247 234 234 242 219 247 202 250 184 251 165 252 147 136 135 144 129 155 129 165 132 175 138 198 137 208 131 218 126 229 125 238 130 187 150 187 161 187 171 187 182 176 191 181 194 188 195 194 193 200 191 149 154 156 150 164 150 172 155 164 157 156 158 203 154 210 148 218 147 226 150 220 155 211 155 166 218 173 210 182 206 188 207 195 205 205 209 214 216 205 228 196 232 189 234 182 233 173 229 170 218 182 212 189 212 195 212 210 216 195 223 189 224 182 224
126 173 129 191 133 208 139 225 148 239 160 251 175 260 191 262 207 258 222 247 234 235 242 219 247 202 249 184 251 166 252 147 137 136 145 129 155 129 165 133 175 138 199 137 208 131 218 127 229 126 238 131 187 151 187 161 187 172 188 183 176 192 182 194 188 195 195 194 201 191 149 154 156 150 164 150 172 155 164 157 156 158 203 154 210 148 218 147 226 151 220 155 211 156 166 218 173 210 182 206 189 208 195 206 205 210 214 216 206 228 196 233 189 234 182 233 173 229 170 218 183 212 189 212 195 212 210 217 195 224 189 225 182 224
126 172 129 190 133 208 138 224 148 238 160 250 174 259 190 261 207 257 221 247 234 234 243 219 247 202 250 184 251 165 252 147 137 136 145 130 155 129 165 133 175 138 199 137 209 132 219 127 230 126 238 131 187 152 188 162 188 173 188 183 176 192 182 194 188 196 195 194 201 192 149 154 156 150 165 150 172 156 164 158 156 158 203 154 210 149 219 148 226 151 220 156 211 156 166 218 173 210 183 207 189 208 195 206 205 210 214 216 206 228 196 233 189 233 182 233 173 229 170 218 183 213 189 213 195 213 210 217 195 224 189 224 183 224
126 172 129 190 133 208 138 224 148 238 160 250 174 258 190 260 206 256 221 246 233 234 242 219 247 202 250 184 251 165 252 147 137 136 145 130 156 129 166 133 175 138 199 138 209 132 219 128 230 127 238 132 188 152 188 162 188 173 188 183 176 192 182 194 188 196 195 194 201 192 150 154 157 150 165 150 173 155 165 158 156 158 203 155 210 149 219 148 226 151 220 156 211 157 166 217 173 210 183 207 189 208 195 207 204 210 213 216 205 227 196 231 189 232 182 232 173 227 170 218 183 213 189 213 195 212 210 216 195 222 189 223 183 223
126 172 128 190 132 208 138 224 148 238 160 249 175 257 191 260 207 255 221 246 234 234 243 218 247 202 250 184 251 166 252 148 137 135 146 130 156 129 167 133 176 139 199 138 209 132 219 128 230 127 239 132 188 152 188 162 188 172 188 183 176 192 182 194 189 196 195 194 201 192 150 154 157 150 165 150 173 155 165 157 157 158 204 154 211 149 219 148 226 151 220 156 212 156 166 217 174 210 183 207 189 208 195 207 205 210 214 216 205 226 196 231 189 231 182 231 173 227 169 217 183 213 189 213 195 212 210 216 195 222 189 223 183 222
126 171 129 189 132 207 138 223 148 237 160 248 175 257 190 259 207 255 221 245 234 233 243 218 248 201 250 183 251 165 252 147 137 135 146 129 157 129 167 133 176 138 200 138 209 132 219 128 230 127 239 132 188 151 189 162 189 172 189 183 177 192 182 194 189 196 195 194 201 192 150 154 157 150 165 150 173 155 165 157 157 158 204 154 211 149 219 148 226 151 220 156 212 156 166 217 174 210 183 206 189 208 195 206 205 210 214 215 205 226 196 230 189 231 183 230 174 226 170 217 183 212 189 213 195 212 210 216 195 221 189 222 183 222
127 172 129 191 133 208 139 224 149 238 162 250 176 258 192 260 208 256 222 246 234 234 243 218 247 202 250 184 251 166 252 148 138 134 146 129 156 129 167 133 176 138 200 137 209 132 219 128 230 127 239 132 189 151 189 162 189 172 189 183 177 192 183 194 189 195 196 194 201 191 150 154 157 150 165 150 173 155 165 157 157 157 204 154 211 149 219 148 227 151 220 156 212 156 166 217 174 210 183 206 189 208 195 206 205 209 214 215 206 226 197 231 190 232 183 231 174 227 170 217 183 212 189 213 196 212 210 216 196 222 190 223 183 222
126 172 129 190 133 208 140 225 149 239 162 251 176 260 192 263 208 258 222 248 234 235 243 219 247 202 250 184 251 165 252 147 138 134 146 129 156 128 167 132 177 137 200 137 209 131 219 127 230 126 239 131 188 150 188 161 189 171 189 182 177 191 183 194 189 195 196 193 201 191 150 153 157 150 165 149 173 155 165 157 157 157 204 154 211 148 219 148 227 151 221 155 212 155 167 218 174 209 183 205 190 207 196 205 206 209 214 216 207 229 197 234 190 235 183 234 174 229 171 218 183 212 190 212 196 211 210 216 196 224 190 225 183 225
126 171 129 190 134 209 140 225 149 241 161 253 175 263 191 265 207 261 222 250 233 236 242 220 247 203 250 185 252 166 252 147 138 134 146 128 156 128 167 132 176 137 200 137 209 131 220 126 231 126 239 131 189 150 189 160 189 171 189 181 177 191 182 193 189 194 196 193 201 190 150 153 157 149 165 149 173 154 165 157 157 157 204 153 211 148 220 147 227 150 221 155 212 155 167 219 174 209 183 205 190 206 196 205 206 209 214 217 206 230 197 236 190 237 183 236 174 231 171 219 184 212 190 212 196 212 210 217 196 225 190 226 184 225
127 172 130 191 134 210 141 226 150 242 162 254 176 264 192 266 208 261 222 250 234 236 242 220 247 203 250 185 251 166 252 148 138 134 146 128 156 128 166 131 176 136 200 136 209 130 219 126 230 125 239 131 188 150 189 160 189 170 189 181 177 190 183 193 189 194 196 193 201 190 150 153 157 149 165 149 173 154 165 156 156 157 204 153 211 147 219 147 227 150 221 155 212 155 167 220 174 210 183 205 190 206 196 205 206 209 214 217 207 231 198 237 191 238 184 237 174 232 171 220 184 212 190 212 196 211 210 217 197 227 190 228 184 227
126 173 130 191 134 210 141 227 150 242 162 254 176 263 193 265 209 261 223 250 235 236 243 220 247 203 250 184 251 166 252 147 138 134 145 128 156 128 166 131 176 137 199 136 208 130 219 126 229 125 238 130 188 150 188 160 188 170 188 181 177 191 183 193 189 194 195 193 201 190 150 153 156 149 165 149 173 154 165 157 156 157 203 153 210 147 219 147 226 150 220 155 211 155 168 220 174 210 183 205 190 207 196 205 206 209 214 218 207 231 197 237 190 238 184 237 174 232 171 220 184 212 190 212 196 211 210 218 196 227 190 228 184 228
126 170 129 188 134 207 139 224 149 239 161 252 176 261 192 264 209 259 223 248 235 234 243 217 247 200 250 182 251 163 252 145 137 134 146 128 156 128 167 132 176 137 199 136 209 130 219 126 230 125 239 131 188 150 188 160 188 171 188 181 177 192 182 194 189 195 195 194 201 191 150 153 156 149 165 149 173 154 165 157 156 157 203 153 211 147 219 147 226 150 220 154 211 155 168 220 175 211 184 207 190 208 195 206 205 210 213 217 206 230 197 235 190 236 184 236 175 231 173 220 184 213 190 213 195 213 209 218 196 225 190 226 184 225
126 171 129 189 133 207 139 223 149 238 161 250 175 260 192 262 208 257 223 246 235 233 243 217 247 200 250 182 251 164 251 146 137 134 145 128 156 128 167 132 177 137 198 136 208 131 218 126 229 125 238 131 188 150 188 161 188 171 188 182 177 192 182 195 189 196 195 194 201 192 149 153 156 149 165 149 173 154 165 157 156 157 203 153 210 147 219 147 226 150 220 155 211 155 169 221 176 213 184 208 190 210 195 208 204 212 213 218 205 228 196 233 190 234 184 234 176 230 174 221 184 216 190 216 195 216 208 218 196 222 190 223 184 223
126 170 128 188 133 206 138 222 148 237 160 249 175 258 192 260 208 256 223 245 235 232 243 216 248 199 250 182 251 164 252 146 137 134 145 129 156 129 166 132 176 137 199 137 208 131 219 126 229 126 238 131 188 150 188 161 188 172 188 183 177 193 182 195 189 197 195 195 201 192 149 154 156 150 165 149 173 155 165 157 156 158 203 153 210 148 219 147 226 150 220 155 211 156 169 221 176 214 185 209 190 211 195 209 204 212 213 217 205 227 197 231 191 232 185 232 177 229 174 221 185 217 190 217 195 217 208 218 196 220 190 221 185 221
126 169 128 187 132 205 139 222 148 236 161 248 175 257 192 259 208 255 222 244 234 231 243 216 248 199 250 181 251 163 252 145 137 135 145 129 156 129 166 132 176 137 199 137 208 131 219 127 230 126 238 131 188 151 188 161 188 172 188 183 177 193 182 196 189 197 195 195 201 192 149 154 156 150 165 150 173 155 165 157 156 158 203 154 210 148 219 147 226 150 220 155 211 156 169 220 176 214 185 210 190 211 195 209 204 213 214 216 205 226 197 230 191 231 185 231 177 228 173 220 185 218 190 218 196 217 209 217 196 219 191 220 185 220
126 169 128 187 132 205 138 221 148 236 160 247 175 257 192 259 208 254 222 244 234 231 243 216 248 199 250 181 251 163 251 145 137 135 145 129 156 129 166 133 176 138 199 137 208 131 219 127 230 126 239 131 188 151 188 161 188 172 188 183 177 193 183 196 189 197 195 195 201 192 149 154 156 150 165 150 173 155 165 158 156 158 203 154 210 148 219 148 226 150 220 155 211 156 168 220 176 214 185 210 190 212 195 210 205 212 214 216 206 225 197 229 191 230 185 230 177 227 173 220 185 218 190 218 196 217 210 217 196 218 191 219 186 219
126 171 128 188 132 206 138 222 148 236 161 247 176 256 192 258 208 254 223 243 235 231 243 215 248 198 250 181 251 163 251 145 137 136 145 130 156 129 166 133 176 138 199 138 209 131 219 127 230 126 239 132 188 151 188 162 189 172 189 183 177 193 183 196 189 197 196 195 202 192 150 155 157 152 165 151 173 156 165 159 157 159 203 155 210 149 219 149 226 151 220 156 211 157 168 219 177 214 185 211 191 212 196 210 205 212 214 215 206 223 197 227 192 229 186 228 177 226 173 219 185 218 191 218 196 217 210 216 196 217 191 218 186 218
126 170 128 188 132 206 138 222 148 236 161 247 176 255 193 257 209 252 223 242 235 230 244 215 248 198 250 181 251 163 251 145 137 136 145 130 156 130 166 133 176 138 199 138 208 132 219 127 230 126 239 132 188 151 188 162 189 172 189 183 177 194 183 196 190 197 196 195 202 192 149 155 157 152 165 151 173 156 165 158 156 159 203 154 211 150 219 149 226 151 220 156 211 157 168 218 177 214 185 210 191 212 196 210 205 212 215 215 206 223 198 226 192 228 186 227 177 225 172 218 185 217 191 218 196 217 211 215 197 217 191 218 186 218
126 171 128 188 132 206 138 222 148 236 161 247 176 255 193 257 209 252 223 242 236 229 244 214 248 198 250 180 251 163 251 145 137 136 145 130 156 130 166 133 176 138 199 138 208 132 219 127 230 126 239 131 188 151 188 161 189 172 189 183 177 193 183 195 190 197 196 195 202 192 149 155 157 152 165 152 173 156 165 159 156 159 203 154 210 150 219 149 226 151 220 156 211 156 168 218 177 214 186 210 191 212 196 209 205 212 215 214 206 222 198 226 192 227 186 227 177 225 173 218 186 217 191 217 197 216 211 215 197 216 192 217 186 217
125 170 128 188 132 205 138 222 148 235 161 247 176 255 193 257 209 252 223 242 235 230 244 215 248 199 250 181 251 164 251 146 137 136 145 130 156 130 166 133 176 138 199 138 209 132 219 127 230 126 239 132 188 151 188 161 189 172 189 183 177 194 183 195 190 196 196 195 202 192 150 155 157 152 165 151 173 156 165 158 157 159 203 154 210 149 219 149 226 151 220 156 211 156 168 218 177 214 185 210 191 211 196 209 205 211 214 214 206 222 197 225 192 227 186 227 177 224 173 218 186 217 191 217 196 216 210 215 196 216 191 217 186 217
125 170 128 188 132 205 138 221 148 235 161 247 176 255 192 257 209 252 223 242 235 229 244 214 248 198 249 180 251 163 251 145 137 136 145 130 156 129 166 133 176 138 199 138 209 132 219 127 230 126 239 132 188 151 189 161 189 172 189 183 177 193 183 195 190 196 196 194 202 192 149 155 157 152 165 151 173 156 165 158 156 159 203 154 210 149 219 149 226 151 220 156 211 156 168 218 177 214 185 210 191 211 196 209 205 211 214 214 206 222 197 225 192 226 186 226 177 224 173 218 186 217 191 217 196 216 210 215 197 216 191 217 186 217
126 171 128 189 132 206 138 222 148 235 161 246 175 254 192 257 208 252 223 242 235 230 244 215 248 198 250 181 251 163 251 146 137 136 145 130 156 130 166 133 176 138 199 138 209 132 219 127 230 126 239 132 188 151 188 161 189 172 189 183 177 193 183 195 190 196 196 195 202 192 150 155 157 152 165 151 173 156 165 158 157 159 203 154 210 149 219 149 226 151 220 156 211 156 168 218 177 213 185 210 191 211 196 209 205 211 214 214 205 221 197 225 191 226 186 226 177 224 172 218 185 216 191 217 196 216 210 215 196 216 191 217 186 217
125 171 128 189 132 206 138 222 148 236 161 247 176 254 193 256 209 252 223 242 235 230 244 215 248 198 250 181 251 164 251 146 137 136 145 130 156 129 166 133 176 138 199 137 209 132 219 127 230 126 239 132 188 151 188 161 188 171 189 182 177 193 183 195 189 196 196 195 202 192 150 155 157 152 165 151 173 156 165 158 157 159 203 154 210 150 219 149 226 151 220 156 211 156 168 218 177 213 185 210 191 211 196 209 205 211 214 214 205 221 197 225 192 226 186 226 177 224 172 218 185 216 191 217 196 215 210 215 197 216 191 217 186 217
126 170 128 188 132 205 138 221 148 235 161 246 176 254 192 256 209 252 223 242 236 230 244 215 248 198 250 181 251 163 251 146 137 136 145 130 156 130 166 133 176 138 199 137 209 132 219 127 230 126 239 132 188 151 188 161 189 172 189 183 177 193 183 195 190 196 196 194 202 192 150 155 157 152 165 151 173 156 165 158 157 159 203 154 210 150 219 149 226 151 220 156 211 156 168 218 177 213 185 210 191 211 196 209 205 211 214 214 206 221 198 225 192 226 186 226 177 224 173 218 186 216 191 216 197 215 210 215 197 215 191 217 186 217
125 170 128 188 132 205 138 222 148 235 162 246 176 254 193 256 209 251 223 242 236 229 244 214 248 198 250 181 251 163 251 146 137 136 146 130 156 130 167 133 177 138 199 138 209 132 219 127 230 126 239 132 189 151 189 161 189 171 190 182 178 193 184 195 190 196 197 194 202 192 150 155 157 152 165 151 173 156 165 158 157 159 203 154 211 149 219 149 226 151 220 156 212 156 169 218 177 213 186 209 191 211 196 209 205 211 215 214 206 221 198 225 192 226 186 226 178 224 173 218 186 216 191 216 197 215 211 215 197 215 192 216 186 216
126 171 129 189 133 206 139 222 148 235 162 246 176 254 193 256 209 251 224 242 236 230 244 215 248 198 250 181 251 164 251 146 138 136 146 130 156 130 167 133 177 138 200 138 209 132 220 127 231 126 239 132 189 151 189 161 189 171 190 182 178 193 184 195 190 196 197 194 203 192 150 155 158 152 166 151 174 156 166 158 157 158 204 154 211 150 219 149 227 151 220 156 212 156 169 218 178 213 186 209 192 211 197 209 205 211 215 214 206 221 198 225 192 226 186 226 178 223 173 218 186 216 192 216 197 215 211 215 197 215 192 216 186 216
126 170 129 188 133 206 138 222 148 236 161 246 176 254 193 256 209 252 224 242 236 229 244 214 248 198 250 180 251 163 251 146 138 136 146 130 156 130 167 133 177 138 200 138 209 132 220 127 231 126 239 132 189 151 189 161 190 172 190 182 178 193 184 195 190 196 197 194 203 192 151 155 158 152 166 151 174 156 166 158 158 159 204 154 211 150 219 149 227 151 220 156 212 156 169 218 178 213 186 210 192 211 197 209 205 211 215 214 206 221 198 224 192 226 186 226 178 223 174 218 186 216 192 216 197 215 210 215 198 215 192 216 187 216
126 171 129 189 133 206 139 222 149 236 162 246 177 254 194 256 210 251 224 241 236 229 245 214 249 198 250 181 252 163 252 146 138 136 146 130 157 130 167 133 177 138 200 138 209 132 220 128 230 126 239 131 189 151 190 162 190 172 191 183 178 193 184 195 191 196 197 194 203 192 151 155 158 152 166 152 174 156 166 159 157 159 204 155 211 150 219 149 227 152 220 156 212 157 169 218 178 213 187 209 192 211 197 209 206 211 216 214 207 221 198 225 193 226 187 226 178 224 174 218 187 216 192 216 197 215 212 215 198 216 192 216 187 216
126 171 129 189 133 206 139 222 149 236 162 246 177 254 193 256 210 252 224 242 236 230 245 215 248 198 250 181 252 163 252 146 138 136 146 130 157 130 167 133 177 138 200 138 210 132 220 127 231 126 239 132 189 151 190 162 190 172 190 182 178 193 184 195 191 196 197 195 203 192 151 155 158 152 166 152 174 156 166 159 158 159 204 154 211 150 220 149 227 152 221 156 212 156 169 218 178 213 186 209 192 211 197 209 206 211 216 215 207 221 199 225 193 226 187 226 178 223 174 218 187 216 192 216 198 215 211 215 198 215 193 216 187 216
126 171 129 189 133 206 139 222 149 235 162 246 177 254 193 256 210 252 224 242 236 230 245 215 249 198 250 181 252 164 252 147 138 136 146 130 157 130 167 134 177 139 200 138 210 132 220 128 231 126 240 132 189 151 190 161 190 172 191 183 178 193 184 195 191 196 198 194 204 192 151 155 158 152 166 151 174 156 166 158 158 159 204 154 211 150 220 149 227 152 221 156 212 156 170 218 178 213 187 209 192 211 198 209 206 211 215 215 207 222 199 225 193 226 187 226 179 224 174 218 187 216 192 216 198 215 211 215 198 216 193 217 187 216
127 171 129 189 133 206 139 222 150 236 163 246 178 254 194 256 210 252 224 241 236 229 245 215 249 198 250 181 252 164 252 146 138 136 147 130 157 130 168 134 178 139 200 138 210 132 220 128 231 127 240 132 190 152 190 162 190 172 191 182 179 193 185 195 191 196 198 195 203 192 151 155 158 151 166 151 174 156 166 158 158 158 205 154 212 149 220 149 228 151 221 156 213 156 170 218 178 213 186 210 192 211 197 209 206 211 215 215 207 222 199 225 193 226 187 226 179 224 174 218 187 216 192 216 198 215 211 215 198 216 193 217 187 217
127 171 129 189 133 206 139 222 149 235 162 246 177 254 193 256 210 252 224 242 237 229 245 214 249 198 251 180 252 163 253 146 138 137 146 130 157 130 167 134 177 139 200 138 210 132 220 127 231 126 240 131 190 151 190 162 190 172 191 183 179 193 185 195 191 196 198 195 203 192 151 155 158 151 166 151 174 156 166 158 158 159 204 155 212 149 220 149 227 151 221 156 213 157 170 218 179 213 187 210 192 211 198 209 206 211 216 215 207 222 199 225 193 226 187 226 179 224 174 218 187 216 193 216 198 215 212 215 198 216 193 217 187 217
127 172 130 190 134 207 139 223 149 236 163 246 178 254 194 256 210 252 224 242 237 230 245 215 249 199 250 181 252 164 252 147 139 136 147 130 158 130 168 134 178 139 200 138 210 132 220 128 231 126 240 132 190 151 190 162 191 172 191 183 179 193 185 195 191 196 198 195 204 192 151 155 159 151 167 151 175 156 167 158 158 158 205 154 212 149 220 148 227 151 221 156 213 156 170 218 179 213 187 209 193 211 198 209 207 211 216 215 207 222 199 225 193 226 188 226 179 224 175 218 187 216 193 216 198 215 212 215 198 216 193 217 188 217
