133 174 136 192 140 210 146 226 156 239 169 250 184 258 200 260 217 256 231 246 243 234 251 218 254 201 256 184 258 166 259 149 146 139 155 133 166 132 176 135 186 140 210 140 219 134 229 130 239 129 248 134 198 154 199 165 199 176 200 187 188 198 194 200 200 201 206 199 212 197 159 157 166 153 175 153 183 158 175 161 166 161 213 157 220 151 229 150 236 154 230 159 221 159 178 222 187 218 195 214 201 216 206 213 214 216 223 220 214 227 207 230 201 231 195 230 187 228 182 222 195 221 201 221 206 220 219 221 206 221 201 221 195 221
133 174 136 192 140 209 146 225 155 238 169 249 184 258 201 260 217 256 232 246 243 233 251 218 255 201 256 184 258 166 259 149 146 139 155 133 166 132 177 135 187 141 209 140 219 134 229 129 240 129 248 134 198 154 199 165 199 176 200 187 188 197 194 199 200 201 206 199 212 196 159 157 166 153 175 153 183 159 175 161 166 161 213 157 221 151 229 150 236 153 230 159 221 159 178 222 187 218 195 214 200 215 205 213 214 216 223 220 214 227 206 229 201 230 195 230 187 228 182 222 195 221 201 221 206 220 219 220 206 220 201 221 195 221
134 174 137 192 141 210 147 226 157 239 170 250 185 258 201 260 217 256 231 246 243 233 251 218 254 201 256 184 259 166 259 149 147 139 155 133 167 132 177 136 187 141 209 140 219 134 229 130 240 129 248 134 199 154 199 165 200 176 200 187 188 197 194 199 201 201 207 199 212 196 159 157 166 153 175 153 183 158 175 161 166 161 213 157 221 151 229 150 236 153 230 158 221 159 178 222 187 218 195 214 201 215 206 213 214 216 223 220 215 227 207 230 201 231 195 230 187 228 183 222 195 220 201 221 206 220 219 220 206 220 201 221 196 221
134 174 137 192 140 210 146 226 156 239 169 250 184 258 201 260 217 256 231 246 243 234 251 218 255 202 256 184 259 166 259 149 146 139 155 133 166 132 177 136 187 141 209 140 219 134 229 129 240 129 248 134 199 154 200 165 200 176 201 187 188 197 194 199 201 200 207 199 212 196 159 157 166 153 175 153 183 159 175 161 166 161 213 157 221 151 229 150 237 153 231 159 222 159 178 222 187 218 195 214 201 215 206 213 214 216 224 220 215 227 207 230 201 231 195 230 187 228 183 222 196 221 201 221 206 220 219 220 206 220 201 221 196 221
134 174 137 192 140 209 146 225 156 239 169 250 184 258 201 260 217 256 231 246 243 233 251 218 255 201 256 184 259 166 259 148 146 139 155 133 167 132 177 135 188 141 209 140 219 134 229 129 240 129 249 134 199 154 200 165 200 176 201 187 188 197 194 199 201 201 207 199 213 196 159 157 166 153 175 153 183 158 175 161 166 161 213 157 221 151 229 150 237 153 231 158 222 159 178 222 187 218 195 214 201 215 206 213 214 216 223 220 215 227 207 230 202 231 196 230 187 228 183 222 196 221 201 221 206 220 219 220 206 220 201 221 196 221
134 174 137 192 140 209 146 225 156 239 169 251 184 259 201 262 217 257 231 247 243 234 251 218 255 201 257 183 259 166 259 148 147 138 155 132 167 132 178 135 188 140 209 140 219 134 229 129 240 128 249 134 199 154 200 165 200 175 201 186 188 197 194 199 201 200 207 199 213 196 159 157 166 153 175 152 183 158 175 161 166 161 213 157 221 151 229 150 237 153 231 158 222 159 178 223 187 218 195 214 201 215 206 213 215 216 223 221 215 228 207 231 202 232 196 232 187 229 183 223 196 221 201 221 207 220 219 221 207 222 202 222 196 222
134 175 138 194 141 211 148 227 158 241 171 253 186 261 201 263 217 259 231 249 242 235 250 219 254 202 256 184 258 167 259 149 147 138 156 132 167 131 177 135 187 140 210 139 219 133 229 129 240 128 248 133 199 153 200 164 200 175 201 186 188 196 194 198 200 200 207 198 212 195 160 156 167 152 175 152 183 157 176 160 167 161 213 156 221 150 229 149 236 153 231 158 222 159 179 223 187 216 195 212 201 214 206 212 214 215 222 221 215 230 207 234 201 235 195 235 187 232 184 223 195 218 201 218 206 218 218 221 206 225 201 226 195 226
134 175 138 194 141 212 148 228 158 243 171 254 186 262 201 264 217 260 230 249 242 236 250 220 254 203 257 185 259 167 259 149 147 137 156 131 166 131 177 134 187 139 210 138 219 132 229 128 240 127 248 133 200 153 200 163 201 174 201 185 188 195 194 197 200 199 207 197 212 195 159 156 167 151 175 151 183 157 175 160 166 160 213 156 221 150 229 149 236 153 231 158 222 158 178 222 186 215 195 211 200 213 206 211 215 215 222 221 215 231 207 235 201 236 194 236 186 232 182 222 195 217 200 217 206 216 219 221 206 227 200 227 195 227
134 174 137 192 140 210 147 226 156 241 169 252 184 261 200 263 216 259 230 249 241 235 250 219 254 202 257 185 259 166 260 148 147 136 156 130 167 130 177 134 187 139 210 138 219 132 229 127 240 127 248 132 200 152 200 163 200 174 201 185 187 194 194 197 200 198 207 197 212 194 159 155 166 151 175 151 183 157 175 159 166 160 213 156 221 149 229 148 236 152 231 157 222 158 177 221 185 214 194 210 200 211 206 210 215 214 223 219 215 230 206 234 200 235 194 234 185 231 181 221 194 216 200 216 206 216 219 220 206 225 200 226 194 226
134 174 137 192 140 210 146 226 156 240 169 252 184 260 200 262 216 258 230 248 242 235 250 219 255 202 257 184 258 166 259 148 147 136 156 130 167 129 177 133 187 138 209 137 219 131 229 127 239 126 247 132 200 152 200 162 200 173 201 184 188 194 194 196 200 197 206 196 212 194 159 155 166 150 175 150 183 156 175 159 166 159 213 155 221 149 229 148 236 151 231 157 222 157 176 220 185 213 194 209 200 211 205 209 214 213 223 218 215 228 206 232 200 233 194 232 185 229 180 220 194 215 200 215 205 215 219 219 206 223 200 224 194 224
134 174 137 193 140 210 146 226 156 240 169 251 183 258 200 260 216 256 231 246 243 234 251 218 254 202 256 184 258 166 259 149 146 136 155 130 166 129 177 132 186 137 209 137 218 131 228 127 239 126 248 132 198 151 199 162 199 172 200 183 187 193 193 196 200 197 206 195 212 193 159 155 166 150 175 150 183 156 175 158 166 159 213 155 220 149 229 148 236 152 230 156 221 157 175 219 184 213 194 209 200 211 206 209 214 212 223 217 215 226 206 230 200 231 193 231 184 228 179 219 194 215 200 215 206 215 219 218 206 222 200 223 193 222
134 173 136 192 140 209 145 225 155 239 169 249 184 258 200 260 216 255 230 245 242 233 251 218 255 201 257 183 258 165 259 147 147 135 155 129 166 129 176 132 186 137 210 136 220 130 229 126 240 126 248 131 199 151 200 162 200 172 201 183 187 193 193 195 200 197 206 195 211 193 159 155 166 150 175 150 183 156 175 159 166 159 213 155 220 148 229 147 236 151 230 156 221 157 175 219 185 212 194 209 200 210 205 209 214 212 222 217 214 226 206 229 200 230 194 230 185 227 179 218 194 215 200 215 205 214 218 217 205 221 200 222 194 221
133 173 136 191 140 208 145 225 155 238 169 249 184 257 200 259 216 255 230 245 243 233 251 218 255 200 257 182 258 165 259 146 147 135 155 129 166 129 177 132 187 137 209 137 219 130 229 126 239 125 247 131 199 151 200 162 200 172 200 183 187 193 193 195 200 196 206 195 211 192 159 154 166 150 175 150 183 156 175 158 166 159 213 154 220 148 229 147 236 151 230 156 221 157 176 218 185 212 194 208 200 210 205 208 214 211 223 216 215 225 206 229 200 230 194 229 185 226 180 218 194 214 200 214 205 214 218 216 205 220 199 221 194 221
134 173 136 191 140 208 145 224 155 238 168 249 184 257 200 259 216 255 231 245 243 232 251 217 255 200 257 182 258 164 259 146 147 135 156 129 166 128 177 132 187 137 209 136 219 130 228 126 239 125 247 130 199 151 200 161 200 171 201 182 187 192 193 194 200 196 206 194 212 192 159 154 166 150 175 149 183 155 175 158 166 158 213 154 220 148 229 147 236 151 231 156 222 157 175 217 184 211 194 208 200 209 205 208 214 211 223 215 215 225 206 228 200 229 194 229 184 226 179 217 194 214 200 214 206 213 219 216 205 220 200 221 194 221
133 173 136 191 140 209 146 225 156 238 169 249 184 257 200 259 217 255 231 245 243 232 251 217 255 200 257 183 258 165 259 148 147 134 155 129 166 128 177 131 187 136 209 136 219 130 229 125 240 125 248 131 199 150 199 161 200 171 200 182 188 192 193 194 200 195 206 194 212 191 159 154 166 149 175 149 183 155 175 158 166 158 213 154 220 148 229 147 236 150 230 156 221 156 176 217 185 211 194 207 200 209 206 207 214 210 223 215 215 225 206 228 200 229 194 229 185 226 180 217 194 213 200 213 206 213 219 216 206 220 200 221 194 221
134 174 137 192 141 210 147 226 158 240 171 251 185 259 201 261 217 257 231 246 242 233 251 217 255 201 257 183 259 165 259 147 147 134 155 128 166 127 177 131 187 136 210 135 219 129 229 125 240 125 248 131 199 150 200 160 200 171 200 182 188 192 194 194 200 195 207 193 212 191 159 153 166 149 175 148 183 154 175 157 166 157 213 153 220 147 229 146 236 150 230 155 221 156 176 218 185 211 194 207 200 208 206 206 215 210 224 216 216 226 207 231 201 232 194 231 184 228 180 218 194 213 201 213 207 213 220 216 207 221 201 222 194 222
134 173 137 192 141 210 148 227 158 241 171 252 186 260 201 263 217 258 230 247 242 234 250 218 255 201 257 182 259 164 259 145 147 134 156 128 166 127 177 131 187 136 209 135 219 129 229 125 240 124 248 130 199 150 200 161 200 171 201 182 188 191 194 194 200 195 207 194 212 191 159 153 166 149 175 149 183 154 175 157 166 157 213 153 221 147 229 146 236 150 231 155 222 155 176 219 185 211 194 207 200 208 206 207 216 210 223 217 216 228 207 233 200 234 194 234 185 230 180 219 195 212 200 212 206 212 219 217 206 224 200 225 194 225
134 172 137 191 141 208 147 224 157 238 170 250 185 258 201 261 216 256 230 246 242 233 250 218 255 201 257 183 259 165 259 147 147 134 155 128 166 127 177 131 187 136 210 136 219 129 229 125 240 125 248 131 199 150 200 161 200 171 201 182 188 192 194 194 200 195 207 194 213 191 159 153 166 149 175 149 183 154 175 157 166 157 213 153 221 147 229 146 236 150 230 155 221 156 177 218 186 211 194 208 200 209 206 207 215 210 223 216 215 227 207 231 201 232 194 232 185 228 181 218 195 213 200 213 206 212 219 217 206 222 200 223 194 223
134 172 136 190 140 208 146 224 157 237 170 248 185 257 201 259 217 255 231 244 243 231 252 216 255 199 257 181 259 164 259 147 147 135 156 128 167 128 177 131 187 136 210 136 219 130 229 126 240 125 248 131 199 150 200 161 200 171 201 183 188 192 194 194 200 196 207 194 212 191 159 153 166 149 175 149 183 154 175 157 166 157 214 153 221 147 229 147 237 150 231 155 222 156 178 218 187 212 195 209 201 210 206 208 214 211 223 216 215 225 207 229 201 230 195 229 187 226 182 218 195 213 201 214 206 213 219 216 206 220 201 221 195 220
134 172 137 190 140 207 146 223 156 237 170 247 185 256 201 258 217 254 232 243 244 231 252 215 255 198 257 180 259 163 259 145 147 134 156 128 167 128 177 131 186 137 210 136 220 130 230 125 241 125 248 130 199 150 200 161 200 172 201 183 187 192 194 195 200 197 207 195 212 192 159 153 167 149 175 149 183 155 176 157 166 157 214 153 221 147 230 147 236 150 231 155 222 156 178 218 187 214 196 211 201 212 206 210 215 213 223 215 215 221 207 225 201 226 196 225 188 223 182 218 196 216 201 217 206 216 219 216 206 216 201 217 196 217
134 172 137 190 141 207 146 223 156 237 170 248 185 256 201 258 218 254 232 243 243 231 251 216 255 199 257 181 258 163 259 146 147 135 155 129 166 128 177 131 186 137 210 136 220 130 230 126 240 125 248 131 200 150 200 161 200 172 201 184 188 193 194 196 200 197 207 195 212 192 159 154 166 149 175 149 183 155 175 157 166 158 214 154 221 148 229 147 236 150 231 155 222 156 178 218 187 214 196 211 201 213 206 211 214 213 223 216 214 222 207 225 201 226 196 225 188 223 182 218 196 217 201 217 206 216 219 216 206 217 201 218 196 217
134 171 137 189 141 207 147 223 157 238 171 249 186 258 203 260 219 255 234 243 245 230 252 214 255 197 257 180 259 162 259 145 147 134 156 128 166 128 177 131 186 137 210 136 220 130 230 126 240 125 248 131 199 150 200 161 200 172 201 184 188 193 194 196 201 197 207 195 213 193 159 154 166 149 175 149 183 155 175 158 166 158 213 154 221 148 230 147 237 150 231 155 222 156 179 219 187 215 196 212 201 213 206 211 215 214 223 217 215 224 208 228 202 229 196 228 188 226 183 220 196 219 201 219 207 218 219 218 207 218 201 219 196 219
134 170 137 189 141 206 147 223 157 237 170 249 185 258 202 261 218 256 232 244 244 231 252 215 255 197 257 180 259 162 259 144 148 134 157 128 167 128 177 132 187 137 210 136 220 130 229 126 240 125 248 130 199 150 200 162 200 173 201 184 188 193 194 196 201 197 207 195 212 192 160 153 167 149 176 149 183 155 176 157 167 158 214 154 221 147 229 147 236 150 231 155 222 156 180 221 188 215 196 211 201 212 206 211 215 214 223 218 216 227 208 231 202 232 196 231 188 228 185 221 197 218 201 219 207 218 218 218 207 220 201 221 196 221
134 171 137 189 142 207 148 223 158 237 171 249 186 258 202 261 218 256 232 245 244 232 252 216 255 199 257 181 259 163 259 146 147 135 156 129 167 128 177 131 187 136 210 136 220 130 230 126 240 125 248 131 200 150 200 161 200 172 201 184 188 193 194 196 201 197 207 195 213 192 160 154 167 149 175 149 184 154 175 157 166 158 214 154 221 147 229 147 237 150 231 155 222 156 181 221 188 215 196 211 202 212 206 210 215 214 224 218 216 228 208 232 202 233 197 232 189 229 186 221 197 218 202 218 207 217 219 219 207 221 202 222 197 222
134 171 137 189 142 207 148 223 158 238 171 250 186 259 202 261 218 256 232 245 244 231 252 215 255 198 257 180 259 163 259 146 148 134 156 128 167 128 178 131 188 136 211 135 220 130 229 126 240 125 248 130 200 150 200 161 200 172 201 184 188 193 194 196 201 197 207 195 213 192 159 154 166 149 175 149 183 154 175 157 166 157 214 153 221 147 230 146 237 150 231 155 222 155 181 221 188 215 196 210 201 212 206 210 215 213 223 218 216 229 208 233 202 234 197 234 189 230 186 221 197 218 202 218 206 217 218 219 207 222 202 223 197 222
134 170 137 188 141 206 147 223 158 237 171 249 186 258 202 260 218 256 232 245 244 231 252 215 255 198 257 180 259 162 259 145 148 135 156 129 167 128 178 131 188 136 211 136 220 130 230 126 240 125 249 130 200 150 200 162 200 173 201 184 188 194 194 196 201 198 207 195 213 192 160 154 167 149 175 149 184 154 175 157 166 157 214 153 221 147 230 147 237 150 231 155 222 156 181 221 189 215 197 211 202 212 206 210 214 214 223 218 215 228 207 232 202 233 197 233 189 229 186 221 197 218 202 218 206 218 218 219 206 221 202 221 197 221
134 171 137 189 141 206 147 223 158 237 171 249 186 258 202 260 218 255 232 245 244 231 252 215 255 198 257 181 259 163 259 146 148 134 156 128 167 128 177 131 187 136 210 136 220 130 230 126 240 125 248 131 200 150 200 161 201 172 201 183 188 194 194 196 201 197 207 195 213 192 160 153 167 149 175 149 184 154 175 157 166 158 214 153 221 147 230 147 237 150 231 155 222 156 180 221 188 215 196 211 201 213 206 211 214 214 223 217 216 227 208 230 202 232 197 231 189 228 185 221 197 219 202 219 207 218 219 218 207 220 202 221 197 220
134 171 137 189 141 207 147 223 158 238 171 249 185 258 202 261 218 256 232 245 244 232 252 216 255 199 257 181 259 164 259 146 148 135 156 129 167 128 178 132 188 137 210 137 219 130 230 126 240 125 248 131 200 151 200 162 200 172 201 183 188 193 194 196 201 197 207 195 213 192 160 154 167 149 175 149 184 155 175 158 166 158 214 154 221 148 230 147 237 150 231 155 222 156 180 220 187 214 196 210 201 212 206 210 215 213 224 217 216 226 208 230 202 231 196 231 188 228 184 220 196 218 202 218 206 217 219 218 207 220 202 221 196 221
134 172 137 190 141 208 147 224 158 238 171 250 186 258 202 260 218 255 232 244 244 232 252 216 256 199 257 182 259 164 259 147 148 135 156 129 167 128 178 132 188 137 211 136 220 130 230 126 240 125 248 131 200 151 200 162 201 172 201 183 188 193 194 195 201 196 207 195 213 192 160 154 167 149 176 149 184 155 175 158 167 158 214 154 221 148 230 147 237 151 231 156 222 156 178 219 186 212 195 208 201 209 207 208 216 211 224 216 216 226 208 230 202 231 196 231 187 227 183 219 195 215 201 215 207 214 220 217 207 220 202 221 196 221
134 172 137 190 141 208 146 224 157 238 170 249 185 257 201 260 217 255 232 245 244 232 252 217 255 200 257 182 259 164 259 147 148 135 156 129 167 128 177 132 187 137 210 136 220 130 230 126 241 126 249 131 200 151 200 161 201 172 201 183 188 192 194 195 201 196 207 194 213 192 160 154 167 149 176 149 184 155 175 158 166 158 214 154 221 148 230 147 237 151 231 156 222 156 178 218 186 211 195 207 201 209 207 207 216 210 224 216 216 226 208 230 201 231 195 230 186 227 182 218 195 213 201 214 207 213 220 216 207 220 201 221 195 221
135 173 137 191 141 209 147 225 157 238 170 249 185 257 202 259 218 255 232 245 244 232 252 217 256 200 257 183 259 165 260 147 148 135 156 129 167 128 178 132 188 137 210 136 220 130 230 126 241 125 249 131 200 151 200 162 201 172 201 183 188 192 194 194 201 196 208 194 214 191 160 154 167 150 176 150 184 155 176 158 167 158 214 154 221 148 230 147 237 151 231 156 222 156 177 217 186 210 195 207 201 208 207 206 216 209 224 215 217 225 208 229 202 230 195 230 186 226 181 217 195 213 201 213 207 213 221 215 207 220 201 221 195 221
135 173 137 191 141 209 147 225 157 238 170 249 185 257 202 259 218 255 232 245 244 232 252 217 256 200 258 183 259 165 260 147 148 135 156 129 167 128 178 132 188 137 210 137 220 130 230 126 241 125 249 131 200 151 200 162 201 172 201 183 188 192 194 194 201 196 208 194 214 191 160 154 167 150 176 149 184 155 175 158 167 158 214 154 221 148 230 147 237 151 231 156 222 156 177 217 186 210 195 206 201 208 207 206 216 209 224 215 217 225 208 229 202 230 195 230 186 227 181 217 195 212 201 213 207 212 221 215 207 220 201 221 195 221
135 173 138 192 141 210 148 226 158 240 171 251 186 259 202 261 218 257 232 246 243 234 251 218 255 201 257 183 259 165 260 147 148 135 157 129 167 128 178 132 188 137 211 137 220 130 230 126 241 125 249 132 200 151 201 161 201 172 202 183 189 192 195 194 201 195 208 193 214 191 160 154 167 150 176 149 184 155 176 158 167 158 215 154 222 148 230 147 238 150 232 155 223 156 177 218 186 210 195 206 201 207 207 206 216 209 224 216 217 227 208 231 202 232 195 232 186 228 181 218 195 213 202 213 207 212 220 216 208 221 202 222 195 222
135 175 138 193 142 211 149 228 159 242 172 254 187 262 203 264 218 259 232 248 244 234 251 219 255 202 258 184 259 166 260 148 148 135 156 129 167 128 178 132 188 137 211 136 221 130 231 126 242 126 250 132 200 151 201 162 201 172 202 183 189 192 195 194 202 196 208 194 214 191 160 154 167 150 176 149 184 155 176 158 167 158 215 154 222 148 231 147 238 151 232 156 223 156 177 220 186 211 195 206 202 208 207 206 216 210 224 217 217 229 209 234 202 235 195 235 186 231 181 220 195 213 202 213 208 213 220 217 208 223 202 224 195 224
135 174 138 193 142 211 148 227 159 241 172 252 187 260 203 262 219 257 233 246 244 233 252 217 256 200 258 183 260 165 260 147 148 136 156 129 167 128 178 132 188 137 211 136 220 130 231 126 242 126 249 132 200 151 201 162 201 172 202 183 189 192 195 194 202 196 208 194 214 191 160 154 167 150 176 149 184 155 176 158 167 158 215 154 222 148 231 147 238 151 232 156 223 156 177 218 185 211 195 207 202 208 208 206 217 209 225 216 217 227 209 232 202 233 195 233 185 229 181 218 195 213 202 213 208 212 221 216 208 222 202 223 195 223
135 173 138 191 141 209 148 225 158 239 171 250 186 258 203 260 218 256 232 245 244 233 252 218 256 201 258 183 260 165 260 148 148 135 157 129 168 128 178 132 188 137 211 137 220 130 231 126 242 126 250 132 201 151 201 162 202 173 202 184 189 192 195 195 202 196 208 194 214 191 160 154 167 150 176 150 185 155 176 158 167 158 215 154 222 148 230 147 238 151 232 156 223 156 177 218 186 210 195 207 202 208 208 206 217 209 225 215 217 226 209 230 202 232 195 231 186 228 181 218 195 213 202 213 208 212 221 216 208 221 202 222 195 222
135 173 138 192 142 209 148 225 158 239 171 250 186 258 202 260 218 256 232 246 244 234 252 219 256 202 258 185 260 167 260 150 148 135 157 129 168 128 179 132 189 137 211 137 220 131 231 127 241 126 250 132 201 151 201 162 201 172 202 183 189 192 195 195 202 196 208 194 214 192 160 154 168 150 176 150 185 155 176 158 167 158 215 155 222 148 231 147 238 151 232 156 223 156 177 218 185 211 195 207 201 208 207 206 217 210 225 216 217 226 209 230 202 231 195 231 185 227 181 218 195 213 202 213 208 213 221 216 208 221 202 222 195 222
135 173 138 191 141 209 148 225 158 239 171 250 186 258 202 260 218 255 232 245 244 233 253 218 256 201 258 183 260 166 260 149 148 136 157 130 168 129 179 132 189 137 211 137 220 131 231 127 241 126 249 132 201 151 201 162 202 173 202 184 189 193 195 195 202 196 209 194 215 192 160 154 167 150 176 150 184 156 176 158 167 158 215 155 222 148 231 147 238 151 232 156 223 157 177 218 186 211 196 207 202 208 208 207 217 210 225 216 217 225 209 230 202 231 195 230 186 227 181 218 196 213 202 213 208 213 221 216 208 221 202 222 196 221
135 173 138 192 142 209 148 225 158 239 171 250 186 259 202 261 218 256 232 246 244 234 252 218 256 202 258 184 260 166 260 149 148 136 157 129 168 129 178 132 188 137 211 137 221 131 231 127 242 126 250 132 201 151 201 162 201 173 202 184 189 193 195 195 202 196 208 194 214 192 160 154 167 150 176 150 185 156 176 158 167 158 215 155 222 148 231 147 238 151 232 156 223 157 178 218 186 211 196 207 202 208 208 207 216 210 225 216 217 226 209 230 202 231 195 231 186 228 182 218 196 213 202 213 208 213 221 216 208 221 202 222 196 222
135 173 138 192 141 210 147 226 158 240 171 251 186 260 202 262 218 257 232 247 244 234 252 219 256 202 258 184 260 166 261 148 148 136 157 130 168 129 178 132 188 138 212 137 221 131 231 127 242 126 250 132 201 152 201 162 202 173 202 184 189 193 195 195 202 197 208 195 214 192 160 155 167 150 176 150 185 156 176 158 167 159 215 155 222 149 231 148 238 151 232 156 223 157 178 219 186 211 196 207 202 209 208 207 217 210 225 217 217 228 209 232 202 233 195 233 186 229 182 219 196 213 202 213 208 213 221 217 208 223 202 224 195 224
135 174 138 192 142 209 148 226 158 240 171 251 186 260 202 262 218 258 232 247 244 235 252 219 255 202 258 184 260 166 261 148 148 136 157 130 168 129 179 133 188 138 211 137 220 131 231 127 242 127 250 133 200 152 201 163 201 173 202 185 189 193 195 196 202 197 208 195 214 193 160 155 167 150 176 150 184 156 176 158 167 158 215 155 222 149 231 148 238 151 232 156 223 157 178 220 186 212 195 208 202 209 208 208 217 211 225 218 217 229 209 234 202 235 195 234 186 230 182 220 195 214 202 214 208 213 220 219 208 225 202 225 195 225
135 173 138 191 142 209 148 226 158 240 171 251 186 260 202 262 219 257 233 246 245 233 252 217 256 200 258 183 260 165 260 147 148 136 157 130 168 129 179 133 189 138 211 137 220 131 231 127 241 127 250 132 201 151 201 162 201 174 202 185 189 194 195 197 202 198 208 196 214 193 160 155 167 150 176 150 184 156 176 158 167 159 215 155 222 149 231 148 238 151 232 156 223 157 179 221 187 214 196 209 202 211 208 209 217 213 225 218 217 228 209 232 203 234 196 233 187 230 184 221 196 216 202 216 208 216 220 219 208 223 202 224 196 224
135 172 138 190 141 208 147 225 157 239 170 251 186 259 202 261 219 257 233 246 244 233 252 217 256 199 258 182 260 164 260 146 148 137 157 130 168 130 178 133 188 138 211 137 220 132 230 128 241 127 250 133 200 151 201 163 201 174 202 185 189 195 195 197 201 199 208 197 214 194 160 155 167 150 176 150 184 156 176 158 167 159 215 155 222 149 230 148 238 151 232 156 223 157 179 221 188 215 196 211 202 212 208 210 216 214 225 219 217 226 209 230 203 231 196 231 188 228 183 221 196 218 202 218 208 218 221 219 208 220 202 221 196 221
135 173 138 191 142 209 147 225 157 240 170 252 185 261 202 263 219 259 233 247 244 233 252 217 256 200 258 182 260 165 260 147 148 136 157 130 168 130 178 133 188 138 211 137 220 132 230 128 241 127 249 133 200 152 200 163 201 174 201 186 189 195 195 198 201 199 208 197 214 194 160 155 167 151 176 151 184 156 176 159 167 159 215 155 222 149 230 148 238 152 232 157 223 157 180 223 188 216 197 212 202 213 207 211 216 215 224 220 217 229 209 233 203 234 196 233 188 230 184 223 197 219 202 220 208 219 220 220 208 222 202 223 197 223
135 172 138 191 142 209 148 226 158 241 171 254 186 263 202 265 219 260 233 249 244 234 251 218 255 200 257 182 259 164 259 146 148 137 156 130 168 130 178 133 189 138 210 138 219 132 230 128 240 127 249 132 200 152 201 163 201 175 202 186 189 196 195 198 201 200 208 198 213 195 160 155 167 151 176 151 184 156 176 159 167 159 214 155 221 149 230 148 237 152 231 157 222 157 180 224 188 217 197 213 202 214 207 212 216 216 224 221 217 231 209 236 203 237 197 237 188 233 185 224 197 220 202 221 208 220 219 222 208 225 203 226 197 226
135 171 138 190 142 208 148 225 157 241 171 253 185 262 202 264 218 260 232 249 244 234 251 218 255 200 257 182 259 164 259 146 148 137 157 130 168 130 179 134 189 139 210 138 220 132 230 128 241 127 249 133 200 152 201 164 201 175 201 187 189 196 195 199 201 200 208 198 213 195 160 155 167 151 176 151 184 157 176 159 167 159 214 155 221 149 230 148 237 152 231 157 222 157 180 224 188 218 197 213 202 214 207 213 216 216 224 221 216 231 208 236 203 237 197 236 188 233 185 224 197 221 202 221 207 220 219 222 208 225 202 226 197 226
135 171 137 190 142 208 148 225 158 240 171 253 186 261 203 264 219 259 233 247 244 233 252 217 255 200 257 182 259 164 259 146 148 137 157 131 168 130 179 134 189 139 210 138 220 132 230 128 241 127 249 133 200 153 201 164 201 175 201 187 189 197 195 199 201 200 208 199 214 196 160 156 167 151 176 151 184 157 176 160 167 160 214 156 222 150 230 149 238 152 231 157 222 158 180 224 188 218 197 214 202 216 207 214 215 217 224 221 216 229 208 233 203 234 197 234 189 231 184 224 197 221 202 221 207 221 220 221 207 223 202 224 197 224
135 172 138 191 142 209 147 226 157 240 170 252 186 261 202 263 219 258 233 247 244 234 252 218 255 200 257 183 259 165 259 147 148 137 157 131 168 130 178 134 188 140 211 139 220 133 230 128 241 128 249 133 200 153 201 164 201 175 201 187 189 197 195 199 201 201 208 199 213 196 160 156 167 151 175 152 184 157 175 160 167 160 214 156 221 150 230 149 237 152 231 157 222 158 179 222 188 219 196 215 202 217 207 215 215 217 224 220 215 227 208 231 202 232 196 232 188 229 183 223 196 222 202 222 207 222 220 221 207 222 202 223 197 222
134 172 137 191 141 209 147 225 157 240 170 252 185 261 202 263 219 259 233 248 245 234 252 218 256 200 257 183 259 165 259 147 147 137 156 131 167 131 178 134 188 140 211 139 220 133 230 129 241 128 249 134 200 153 200 164 200 176 201 188 188 197 194 200 201 201 207 199 213 196 160 156 167 152 175 152 184 158 175 160 167 160 214 156 221 150 230 149 237 152 231 157 222 158 178 223 187 219 195 216 201 217 206 215 215 217 224 220 216 228 208 232 202 233 196 233 187 230 182 223 196 222 201 223 207 221 220 221 207 223 201 224 196 223
134 173 138 191 141 209 147 225 157 240 170 253 185 262 202 265 218 260 233 249 244 235 252 219 256 201 257 183 259 166 259 148 147 139 155 132 167 132 177 135 188 141 210 140 219 134 230 130 241 129 249 135 199 154 200 166 200 177 200 188 188 198 194 200 200 201 207 200 213 197 159 157 166 153 175 153 183 158 175 161 166 161 214 157 221 151 229 150 237 153 231 159 222 159 178 223 186 219 195 215 201 216 206 214 215 217 224 220 216 231 208 235 202 236 195 236 187 233 182 224 195 222 201 222 206 221 219 221 207 225 201 226 195 226
134 173 138 192 142 210 148 227 157 242 170 255 185 264 201 266 218 261 232 250 244 236 252 219 256 202 258 184 259 166 259 148 147 139 156 133 167 133 177 136 187 142 210 141 219 135 229 131 240 130 248 135 200 155 200 166 201 177 201 189 187 197 194 200 200 201 207 200 212 197 159 157 166 153 175 153 183 159 175 161 166 162 213 158 220 152 229 151 236 154 230 159 222 160 176 224 185 218 195 214 200 215 206 214 216 216 224 221 216 232 208 237 201 238 195 237 185 234 181 224 195 220 200 220 207 220 220 222 207 228 201 229 195 229
134 175 138 194 142 212 148 229 158 244 171 256 185 265 201 267 217 262 231 251 243 237 251 221 255 204 258 186 259 168 260 150 147 139 155 134 166 133 177 137 186 143 210 142 219 136 229 131 240 130 248 136 199 156 200 167 200 178 200 189 187 198 193 201 200 202 206 200 212 198 159 158 166 153 175 154 183 160 175 162 166 162 213 159 220 152 229 151 236 154 231 160 222 161 176 224 185 218 194 214 200 216 206 214 215 217 224 221 216 232 207 237 201 238 194 238 185 235 180 224 195 220 200 220 206 219 220 222 206 229 200 230 195 229
135 174 138 193 142 211 148 228 157 243 170 255 184 265 200 267 217 262 231 251 242 237 251 221 255 204 257 186 259 167 260 149 146 140 155 134 166 134 177 137 186 143 210 142 220 136 229 132 240 131 248 136 199 156 200 168 200 179 201 190 187 199 193 201 200 202 206 201 212 198 159 158 166 154 175 154 183 160 175 162 166 163 213 159 220 153 229 152 236 155 231 161 222 161 175 224 184 218 194 214 200 216 206 214 215 217 224 221 216 233 207 238 200 239 194 238 184 235 179 224 194 220 200 220 206 220 220 222 206 229 200 230 194 230
134 176 138 195 142 213 148 230 158 244 170 256 185 265 201 267 217 262 231 251 242 237 251 221 255 204 257 186 259 168 259 150 147 139 156 134 167 134 177 138 186 144 209 144 219 137 228 133 239 131 248 136 199 157 199 168 200 179 200 191 187 199 193 202 200 203 206 201 212 199 159 159 166 154 175 155 183 161 175 163 166 163 213 160 220 153 229 152 236 156 230 161 222 162 175 224 184 218 194 214 200 216 206 214 215 217 224 221 216 233 207 237 200 239 194 238 184 235 179 224 194 220 200 220 206 220 220 222 206 229 200 230 194 230
134 177 138 196 142 214 148 231 158 245 171 256 185 265 201 267 216 262 231 251 243 238 251 222 255 205 257 187 259 169 260 151 147 140 156 135 167 135 177 139 187 144 210 144 219 137 229 133 240 131 248 136 199 157 200 169 200 180 200 191 187 200 193 202 200 203 206 202 212 199 159 159 166 155 175 155 183 161 175 163 166 163 213 160 220 154 229 153 236 156 230 161 222 162 175 224 184 218 194 215 200 216 206 215 215 217 223 221 216 232 207 237 200 238 194 238 184 234 179 224 194 220 200 221 206 220 220 222 206 229 200 230 194 229
135 177 138 195 141 214 148 230 157 244 170 256 185 264 201 266 217 261 231 250 243 237 251 221 255 204 257 186 259 168 260 150 147 141 156 135 167 135 178 139 187 145 210 144 219 138 229 133 239 131 248 137 200 157 200 169 201 180 201 191 187 200 193 202 200 204 206 202 212 199 159 159 166 155 175 155 183 161 175 164 166 164 213 160 220 154 229 153 236 156 230 162 222 163 175 224 184 218 194 215 200 216 206 215 215 217 224 221 216 232 207 236 200 237 193 237 184 234 179 224 194 220 200 221 206 220 220 222 206 228 200 229 194 229
134 176 138 195 141 213 147 230 156 244 169 255 184 264 200 266 216 261 230 251 243 238 251 222 255 205 257 186 259 168 259 150 147 141 156 135 167 135 177 139 187 145 210 144 219 138 228 133 239 131 248 136 200 158 200 169 201 180 201 191 187 199 193 202 200 204 207 202 213 199 159 159 167 155 175 155 183 161 175 163 166 164 213 160 220 154 229 153 236 156 230 161 222 162 175 223 185 218 194 215 200 216 206 215 215 217 223 221 215 231 207 235 200 236 194 236 184 233 179 224 194 220 200 220 206 220 219 222 206 227 200 228 194 228
134 176 137 194 140 212 146 229 156 243 169 254 184 263 200 265 217 260 231 250 243 237 251 221 255 204 257 186 259 168 259 149 147 141 155 135 166 135 177 138 187 144 210 144 219 137 229 133 240 132 249 137 199 157 199 168 200 180 200 191 187 199 193 202 200 203 207 201 213 199 159 159 166 155 175 155 183 161 174 163 166 163 213 160 220 154 229 152 236 156 230 161 221 162 175 223 184 218 194 215 200 216 206 215 215 217 224 221 215 231 207 234 200 236 194 235 184 232 179 224 194 220 200 221 206 220 220 222 206 226 200 227 194 227
134 175 137 194 141 212 146 228 156 242 169 254 184 263 200 265 217 260 231 250 244 237 252 220 256 203 257 185 259 167 260 149 147 140 156 135 167 135 177 139 187 144 209 144 219 137 228 133 239 131 248 136 199 157 200 168 201 180 201 191 187 199 193 202 200 203 207 201 213 199 159 159 166 155 175 155 183 161 175 163 166 163 213 160 220 154 229 153 236 156 230 161 221 162 175 223 184 218 194 215 200 216 206 214 215 217 223 221 215 230 206 234 200 235 194 235 184 232 179 223 194 220 200 221 206 220 219 221 206 226 200 227 194 227
134 174 137 193 140 211 146 228 156 242 169 254 184 262 200 264 216 260 231 250 243 237 251 221 255 203 257 185 259 167 260 149 147 140 156 134 167 134 177 138 187 144 209 144 219 137 228 132 239 131 248 136 199 157 200 168 200 179 201 190 187 199 193 201 200 203 207 201 212 199 159 159 167 156 175 156 183 161 175 163 166 163 213 160 220 154 228 154 235 156 229 161 221 162 175 223 185 218 194 214 200 216 206 214 215 217 223 220 215 230 206 234 200 235 193 234 184 231 179 223 194 220 200 220 206 220 219 221 206 225 200 226 194 226
134 176 137 194 141 212 146 228 156 243 169 254 184 262 200 264 216 260 230 250 242 238 251 222 255 205 257 187 259 169 260 151 147 140 156 135 167 134 177 138 187 144 209 143 219 137 229 132 239 131 248 136 199 156 200 167 201 179 201 190 187 199 194 201 200 203 207 201 212 198 160 160 168 158 175 157 183 160 176 162 168 163 213 159 220 156 227 155 234 157 228 161 221 161 175 223 185 218 194 215 200 216 206 214 215 217 223 221 215 229 206 233 200 234 194 234 185 231 180 223 194 220 200 221 206 220 219 221 206 225 200 226 194 226
134 175 137 193 140 212 146 228 156 242 169 253 184 260 200 263 216 258 231 249 242 236 251 221 255 204 257 187 259 169 260 151 147 140 156 134 167 134 177 138 187 143 209 143 218 137 228 132 239 131 248 136 199 156 200 167 200 179 201 190 187 199 193 201 200 203 206 201 212 198 161 161 168 159 175 159 183 160 176 162 168 163 213 159 221 157 228 157 235 158 228 161 221 161 176 223 185 218 194 215 200 216 206 215 215 217 223 220 215 228 206 232 200 233 194 232 185 230 180 223 194 221 200 222 206 221 219 221 206 223 200 224 194 224
134 174 137 192 140 211 146 227 155 241 168 253 184 260 200 263 216 258 231 248 243 236 251 221 255 204 257 186 259 169 260 151 147 139 156 134 167 134 177 138 186 143 210 143 219 137 228 132 239 131 247 135 199 156 199 167 200 179 200 190 186 199 193 201 200 203 206 201 212 198 161 161 168 160 175 159 183 160 176 163 168 163 213 160 220 158 227 157 234 158 228 161 221 161 176 222 185 218 194 215 200 217 206 215 215 217 223 220 215 227 206 231 200 232 194 232 185 230 180 223 194 222 200 223 206 222 219 221 206 222 200 223 194 223
134 174 137 193 140 211 146 227 155 241 168 252 183 260 200 262 216 257 231 248 243 235 251 220 255 203 257 186 259 168 259 151 147 139 155 134 166 134 176 137 186 143 210 142 219 136 229 132 239 130 248 135 199 156 199 167 200 179 200 190 186 199 193 201 200 203 206 201 212 198 160 161 167 160 175 159 183 160 175 163 168 163 213 159 221 157 228 157 235 157 228 161 221 161 176 222 185 218 194 215 200 217 205 215 214 217 223 219 214 227 206 230 200 231 194 231 185 229 180 222 194 222 200 222 206 221 219 220 205 221 200 223 194 222
134 173 136 192 140 210 145 226 155 241 168 252 183 260 200 262 217 257 231 247 243 235 252 219 256 202 257 184 259 167 259 149 147 139 155 134 166 134 177 137 186 143 210 142 219 136 229 132 239 130 248 135 199 156 199 167 200 178 200 190 187 199 193 201 200 202 207 201 213 198 160 160 167 158 175 158 182 160 175 162 168 163 213 159 221 156 228 156 235 157 229 160 221 161 176 222 186 218 195 215 200 217 206 215 214 217 223 219 214 227 206 230 200 231 194 231 186 228 180 222 195 222 200 222 206 221 219 220 206 221 200 222 195 222
134 174 136 192 140 209 145 226 155 240 168 251 183 259 200 262 216 257 231 248 243 235 251 220 255 203 257 186 259 168 260 150 147 140 155 134 166 133 177 137 187 142 210 142 219 136 229 132 240 131 248 136 199 155 199 167 199 178 200 190 187 199 193 201 199 203 206 201 212 198 160 159 167 157 175 156 183 160 175 162 167 162 213 159 220 155 228 154 235 156 229 160 221 160 176 221 186 218 194 215 200 217 205 215 214 217 223 219 214 226 206 229 200 230 194 230 186 228 181 222 194 221 200 222 205 221 219 220 205 221 200 222 194 222
134 173 136 191 140 209 145 225 155 239 168 250 184 258 200 261 217 257 231 247 243 234 252 219 255 202 257 185 259 167 260 149 146 140 155 134 166 133 177 137 187 142 210 142 219 136 229 131 240 130 249 136 199 155 199 167 199 178 200 190 187 198 193 201 200 202 206 200 212 197 160 159 167 156 175 156 183 160 175 162 166 162 213 159 220 154 228 154 236 156 229 160 221 160 176 221 186 218 194 215 200 216 206 214 214 216 223 219 214 226 206 230 200 231 194 230 186 228 181 222 194 221 200 222 206 221 219 220 206 221 200 222 194 222
134 173 136 191 139 208 145 225 155 238 168 250 183 258 200 260 216 256 231 247 243 234 252 219 255 203 257 185 259 167 259 149 147 139 155 133 167 133 177 137 187 142 210 142 219 136 229 131 240 130 249 136 199 155 199 166 200 178 200 189 187 198 193 200 200 202 206 200 212 197 160 158 167 155 175 155 183 160 175 162 167 162 213 158 220 154 228 153 236 155 229 160 221 160 176 221 186 218 194 215 200 216 206 214 214 216 223 219 214 226 206 229 200 230 194 230 186 227 181 222 194 221 200 221 206 220 219 220 206 221 200 221 194 221
134 174 136 192 140 209 146 225 156 239 169 250 184 258 200 260 217 256 232 246 244 234 252 218 256 201 257 184 259 167 259 149 147 139 155 133 167 133 177 137 187 142 210 142 219 136 229 131 240 130 249 136 199 155 199 166 200 178 200 189 187 198 193 200 200 202 206 200 213 197 160 158 167 155 175 155 183 159 175 162 167 162 214 158 221 153 229 153 236 155 230 160 221 160 176 221 186 217 194 214 200 216 206 214 214 216 224 219 215 226 206 229 200 230 194 230 186 227 180 221 194 221 200 221 206 220 220 220 206 221 200 221 194 221
134 174 137 192 140 209 146 225 156 239 169 250 184 258 200 260 216 256 231 246 243 233 252 218 256 202 257 184 259 167 259 150 147 139 156 133 167 133 177 137 187 142 210 141 219 135 229 131 240 130 249 136 199 155 199 166 200 177 200 189 187 198 193 200 200 202 207 200 213 197 160 158 167 154 175 154 183 160 175 162 166 162 213 158 220 153 229 152 236 155 230 160 221 160 176 221 186 217 194 214 200 216 206 214 214 216 224 219 215 226 207 229 201 230 194 230 186 227 181 221 195 220 201 221 206 220 220 219 206 220 200 221 195 221
134 174 137 192 140 209 146 225 156 239 169 249 184 258 200 260 216 256 231 246 243 234 251 219 255 203 257 185 259 167 259 150 147 139 155 133 166 133 177 137 187 142 209 142 219 136 229 131 240 130 249 136 199 155 199 166 200 178 200 189 187 198 193 200 200 202 206 200 212 197 159 158 167 154 175 154 183 159 175 162 166 162 214 158 221 153 229 152 236 155 230 160 221 160 177 221 186 217 194 214 200 216 206 214 214 216 223 219 215 226 206 229 200 230 194 230 186 227 181 221 194 220 200 221 206 220 219 219 206 220 200 221 194 221
134 174 137 192 140 209 146 225 156 239 169 249 184 257 200 260 216 256 231 246 243 234 252 219 255 202 257 185 259 168 260 150 147 139 156 133 167 133 177 137 187 142 210 142 219 136 229 131 240 130 249 136 199 155 199 166 199 178 200 189 187 198 193 200 200 202 206 200 212 197 159 158 167 154 175 154 183 160 175 162 166 162 214 158 221 153 229 152 237 155 230 160 222 160 177 221 186 217 194 214 200 216 206 214 214 216 224 219 215 226 207 229 201 230 194 230 186 228 181 222 194 221 200 221 206 220 219 220 206 220 200 221 195 221
134 174 137 192 140 209 146 225 156 239 169 250 184 258 200 260 216 256 231 246 243 234 252 219 256 203 257 185 259 168 260 150 147 140 155 134 167 133 177 137 187 142 210 142 219 136 230 131 241 131 249 136 199 155 199 166 200 177 200 189 187 198 193 200 200 202 207 200 213 197 159 158 167 154 175 154 183 160 175 162 166 162 213 159 221 153 229 152 237 155 230 160 222 160 177 222 186 218 195 214 201 216 206 214 214 216 224 219 215 226 207 230 201 231 195 230 186 228 181 222 195 221 201 221 206 220 219 220 206 221 201 221 195 221
134 175 136 192 140 209 146 225 156 239 169 250 184 258 200 260 216 256 231 246 243 234 252 219 255 202 257 185 259 168 259 150 147 140 155 134 167 133 177 137 187 143 209 142 219 136 229 131 240 131 249 136 199 155 199 167 200 178 200 189 187 198 193 201 200 202 207 200 213 198 159 158 166 154 175 154 183 160 175 162 166 162 214 159 221 153 229 152 237 155 231 160 222 160 177 222 186 218 194 214 200 216 206 214 214 216 224 219 215 226 207 230 201 231 194 230 186 228 181 222 194 221 201 221 206 220 220 220 206 221 201 222 194 221
